0.00009447445869445802,0.0006540761947631835,0.73,-0.0008377580409568708,0.0014171168804168702,0.009811142921447753,0,0,1,0,-0.00009447445869445802,-0.0006540761947631835,0.27,0.0008377580409568708,-0.00004723722934722901,-0.00032703809738159176,0.21600000000000003,0.016571906698415212,0,0,0,0,0,0,0,0
0.0012574824179544658,-0.000662853557841888,0.728,-0.0013439035240354613,0.01746166229248047,-0.01973932456970215,0,0,1,0,-0.0012574824179544658,0.000662853557841888,0.272,0.0013439035240354613,-0.0070978186774326105,0.007651879159696855,0.23042471111111115,0.02270939013807373,0,0,0,0,0,0,0,0
0.0006101585035998831,-0.001317209198966928,0.733,-0.0004886921905580266,-0.009696659088134765,-0.009828374862670899,0,0,1,0,-0.0006101585035998831,0.001317209198966928,0.267,0.0004886921905580266,0.0033374635298592057,0.004364890409314753,0.1887431935483871,0.01156956442582766,0,0,0,0,0,0,0,0
0.003059008933269223,-0.002324925879584849,0.73,-0.0015184364492348834,0.03674013900756836,-0.015097797393798828,0,0,1,0,-0.003059008933269223,0.002324925879584849,0.27,0.0015184364492348834,-0.015165205954143751,0.006787878650714701,0.2377366666666667,0.02463529816645648,0,0,0,0,0,0,0,0
0.00418418184509657,-0.0006190521038233071,0.727,-0.002373647782712318,0.016838720321655273,0.025613704681396485,0,0,1,0,-0.00418418184509657,0.0006190521038233071,0.273,0.002373647782712318,-0.008500792294990196,-0.009289578722660735,0.2420980838709678,0.03318212997824132,0,0,0,0,0,0,0,0
0.005592613450496333,0.0022792886130282514,0.732,-0.0036302848441480684,0.02102322006225586,0.0435251350402832,0,0,1,0,-0.005592613450496333,-0.0022792886130282514,0.268,0.0036302848441480684,-0.009216733324681751,-0.014131969938676062,0.20081710256410257,0.04404742700918326,0,0,0,0,0,0,0,0
0.008887039981587106,0.007168444523594511,0.733,-0.0033510321638292595,0.04914983749389648,0.07351625061035157,0,0,1,0,-0.008887039981587106,-0.007168444523594511,0.267,0.0033510321638292595,-0.022902419150437014,-0.030778311363868098,0.21857954444444444,0.0417585881724691,0,0,0,0,0,0,0,0
0.014371991448386396,0.01190326675646305,0.737,-0.0013439035240354613,0.08203581237792969,0.07129763793945312,0,0,1,0,-0.014371991448386396,-0.01190326675646305,0.263,0.0013439035240354613,-0.0383950673133191,-0.032786380638816975,0.1999850548387097,0.02270939013807373,0,0,0,0,0,0,0,0
0.020560944126077788,0.016925213134626027,0.743,-0.0005759586531577376,0.09273297119140625,0.07545388793945312,0,0,1,0,-0.020560944126077788,-0.016925213134626027,0.257,0.0005759586531577376,-0.045038712332104526,-0.036574849586003835,0.18605146666666664,0.012908851787971477,0,0,0,0,0,0,0,0
0.026963326826553263,0.025345960414112564,0.752,-0.0007504915783576038,0.09596297454833984,0.1263665008544922,0,0,1,0,-0.026963326826553263,-0.025345960414112564,0.248,0.0007504915783576038,-0.050166488863603136,-0.060579142657155756,0.16291594838709678,0.015400114800702587,0,0,0,0,0,0,0,0
0.03327242038296629,0.032527239274799065,0.762,-0.002303834612632283,0.09455553436279297,0.10779017639160156,0,0,1,0,-0.03327242038296629,-0.032527239274799065,0.238,0.002303834612632283,-0.05243868866151738,-0.056734220787664214,0.15166624444444443,0.03252826819528921,0,0,0,0,0,0,0,0
0.039562803305978056,0.03904409799503534,0.772,-0.0032463124087094286,0.09413028717041015,0.09797000122070312,0,0,1,0,-0.039562803305978056,-0.03904409799503534,0.22799999999999998,0.0032463124087094286,-0.0490680274496023,-0.04964351521195404,0.1561284051282051,0.040884022385185674,0,0,0,0,0,0,0,0
0.048549600675746256,0.04486085928554795,0.781,-0.0037000980142276596,0.13451800537109376,0.08768856811523437,0,0,1,0,-0.048549600675746256,-0.04486085928554795,0.21899999999999997,0.0037000980142276596,-0.07556786345436883,-0.055907545003266154,0.14517989999999995,0.04461034294046597,0,0,0,0,0,0,0,0
0.058013615515588556,0.05087307868190732,0.79,-0.0018151424220738122,0.14162556457519532,0.09070793914794922,0,0,1,0,-0.058013615515588556,-0.05087307868190732,0.20999999999999996,0.0018151424220738122,-0.08415879346113506,-0.06085367549168033,0.13847544838709672,0.02774814024128672,0,0,0,0,0,0,0,0
0.06593791652041026,0.05636919239199778,0.8,-0.0000349065850397956,0.11871467590332031,0.0826573257446289,0,0,1,0,-0.06593791652041026,-0.05636919239199778,0.19999999999999996,0.0000349065850397956,-0.07913435708393995,-0.06055087510959878,0.1269863444444444,0.001991735442910835,0,0,0,0,0,0,0,0
0.07430372122628973,0.06175037772955988,0.809,-0.0006283185307176531,0.1254842529296875,0.08072216033935548,0,0,1,0,-0.07430372122628973,-0.06175037772955988,0.19099999999999995,0.0006283185307176531,-0.08698036492528029,-0.06346801422790199,0.1257196483870967,0.013679807573409145,0,0,0,0,0,0,0,0
0.08259936711281081,0.06512296963576808,0.818,-0.0014486232791552922,0.12440287780761719,0.05066705322265625,0,0,1,0,-0.08259936711281081,-0.06512296963576808,0.18200000000000005,0.0014486232791552922,-0.08177019809889378,-0.050418035400673064,0.13036108461538512,0.023874285488081567,0,0,0,0,0,0,0,0
0.08780770368145664,0.06759535336070338,0.83,-0.001466076571675412,0.07807124328613281,0.03719889068603516,0,0,1,0,-0.08780770368145664,-0.06759535336070338,0.17000000000000004,0.001466076571675412,-0.07663870602065109,-0.05068211790767759,0.09555003333333333,0.024065663801935484,0,0,0,0,0,0,0,0
0.09171836180048608,0.06817765923598304,0.84,-0.0009075712110369061,0.05864700317382812,0.008820578575134278,0,0,1,0,-0.09171836180048608,-0.06817765923598304,0.16000000000000003,0.0009075712110369061,-0.072303781597416,-0.04094771778030721,0.0987570870967742,0.01748023299271607,0,0,0,0,0,0,0,0
0.09446346545103973,0.06762825276942502,0.845,-0.0016755160819141857,0.041184017181396484,-0.008203722953796387,0,0,1,0,-0.09446346545103973,-0.06762825276942502,0.15500000000000003,0.0016755160819141857,-0.06744573325821288,-0.03475960380567491,0.12440742222222223,0.026306262126187807,0,0,0,0,0,0,0,0
0.0953374347894958,0.06645823323500846,0.85,-0.0016231562043542702,0.013138927459716798,-0.017528303146362306,0,0,1,0,-0.0953374347894958,-0.06645823323500846,0.15000000000000002,0.0016231562043542702,-0.05815693206510764,-0.031033944247458596,0.12088939354838711,0.025755320203729618,0,0,0,0,0,0,0,0
0.0939876782353165,0.06410731685654625,0.858,-0.0025830872929510917,-0.020189083099365235,-0.035296562194824216,0,0,1,0,-0.0939876782353165,-0.06410731685654625,0.14200000000000002,0.0025830872929510917,-0.04564183075930107,-0.02380666459202105,0.09916535555555553,0.03510638663605411,0,0,0,0,0,0,0,0
0.09179031224617472,0.06076336849272753,0.866,-0.0021293016874328607,-0.032830814361572265,-0.050244197845458985,0,0,1,0,-0.09179031224617472,-0.06076336849272753,0.134,0.0021293016874328607,-0.04289778413116588,-0.020664394727052508,0.10235756410256408,0.030863952485295137,0,0,0,0,0,0,0,0
0.088025250277548,0.05716592277573636,0.872,-0.002565634000431416,-0.05636090087890625,-0.054081817626953126,0,0,1,0,-0.088025250277548,-0.05716592277573636,0.128,0.002565634000431416,-0.030166603209918867,-0.013916835788485914,0.10037763225806448,0.034948071140350784,0,0,0,0,0,0,0,0
0.08277465129724827,0.05253952014947321,0.878,-0.002844886680750669,-0.07858068084716797,-0.06959787750244141,0,0,1,0,-0.08277465129724827,-0.05253952014947321,0.122,0.002844886680750669,-0.020147171768900483,-0.006540557945318316,0.09688386666666665,0.03744007621976412,0,0,0,0,0,0,0,0
0.07548521136138134,0.046752907064962004,0.884,-0.0016231562043542702,-0.10909422302246094,-0.08710990905761719,0,0,1,0,-0.07548521136138134,-0.046752907064962004,0.11599999999999999,0.0016231562043542702,-0.004990390292318528,0.003027007947318302,0.09226543225806447,0.025755320203729618,0,0,0,0,0,0,0,0
0.06813636946610162,0.04134561489635824,0.892,-0.0017104226669539813,-0.110100830078125,-0.08128820037841797,0,0,1,0,-0.06813636946610162,-0.04134561489635824,0.10799999999999998,0.0017104226669539813,-0.0020683932081819664,0.002844324518815,0.07597235555555551,0.026670369856081327,0,0,0,0,0,0,0,0
0.06104605321141316,0.035614247921447725,0.895,-0.000174532925198978,-0.10620754241943359,-0.08615229034423828,0,0,1,0,-0.06104605321141316,-0.035614247921447725,0.10499999999999998,0.000174532925198978,0.0002973588281430864,0.0078031786087566606,0.10173231612903223,0.00582386976489854,0,0,0,0,0,0,0,0
0.053654573676922744,0.030010616933165042,0.898,0.0009599310885972656,-0.1108575210571289,-0.08407381439208984,0,0,1,0,-0.053654573676922744,-0.030010616933165042,0.10199999999999998,-0.0009599310885972656,0.0046928711157248545,0.009192719497058122,0.10024373333333332,-0.018146245449203114,0,0,0,0,0,0,0,0
0.04646475033313809,0.02373253361615807,0.902,0.002007128639793798,-0.10793769836425782,-0.09406768035888671,0,0,1,0,-0.04646475033313809,-0.02373253361615807,0.09799999999999998,-0.002007128639793798,-0.0008763896319200076,0.009186250803995894,0.09652608205128202,-0.029671776439396832,1430810498352,0,0,0,0,0,0,0
0.041082029618614894,0.017110478373674624,0.911,-0.0010122909661562929,-0.08094001770019531,-0.09916857147216797,0,0,1,0,-0.041082029618614894,-0.017110478373674624,0.08899999999999997,0.0010122909661562929,-0.00031543906872467595,0.02160287669768864,0.0570201483870967,0.018800251120456815,1430810498352,0,0,0,0,0,0,0
0.035085111039658355,0.009537219252156925,0.921,-0.004014257279586708,-0.08983873748779297,-0.11368988800048828,0,0,1,0,-0.035085111039658355,-0.009537219252156925,0.07899999999999996,0.004014257279586708,0.005391871734496213,0.030020513646123088,0.04476874444444437,0.04710100913365682,1430810498352,0,0,0,0,0,0,0
0.028406759309710847,0.0017290080220204417,0.922,-0.005235987755982219,-0.09970430755615234,-0.11752435302734375,0,0,1,0,-0.028406759309710847,-0.0017290080220204417,0.07799999999999996,0.005235987755982219,0.012939084033271937,0.03591884940827389,0.09436273870967739,0.05622884435344445,1430810498352,0,0,0,0,0,0,0
0.019390549694740324,-0.00545032786767592,0.926,-0.00331612557878902,-0.13467742919921874,-0.10839669036865235,0,0,1,0,-0.019390549694740324,0.00545032786767592,0.07399999999999995,0.00331612557878902,0.029714709125124736,0.035349442022861916,0.07505187777777773,0.041468092176550134,1430810498352,0,0,0,0,0,0,0
0.011545082231519925,-0.012951046835736996,0.931,0.0006806784082780126,-0.11730826568603515,-0.1129004135131836,0,0,1,-0.00331612557878902,-0.011545082231519925,0.012951046835736996,0.06899999999999995,-0.0039968039870670324,-0.005772541115759962,0.006475523417868498,0.055199999999999964,-0.04696438534693021,1430810498352,0,0,0,0,0,0,0
0.006472935339256196,-0.017384200578992343,0.937,0.00019198621771954194,-0.07612744903564453,-0.06644550323486328,0,0,1,-0.00331612557878902,-0.006472935339256196,0.017384200578992343,0.06299999999999994,-0.0035081117965085618,0.024901346683644188,0.03343025266011797,0.017463566666666597,-0.043053555848081626,1430810498743,0,0,0,0,0,0,0
0.002086214724718592,-0.023380840100266222,0.946,-0.002373647782712318,-0.06581807708740234,-0.08993695831298829,0,0,1,-0.00331612557878902,-0.002086214724718592,0.023380840100266222,0.05400000000000005,-0.0009424777960767017,0.023666924018357897,0.04579689901991625,-0.006874751612902595,-0.017925618986225664,1430810498805,0,0,0,0,0,0,0
-0.0012978418169985275,-0.02902930844715724,0.95,-0.005375614096142289,-0.050559593200683595,-0.08484727478027344,0,0,1,-0.00331612557878902,0.0012978418169985275,0.02902930844715724,0.050000000000000044,0.0020594885173532695,0.019403697408666445,0.046332400244015096,0.018824477777777793,0.030185589345214453,1430810498868,0,0,0,0,0,0,0
-0.0029489364195530504,-0.03377542441109226,0.95,-0.006667157742618279,-0.024383363723754884,-0.07132384490966796,0,0,1,-0.00331612557878902,0.0029489364195530504,0.03377542441109226,0.050000000000000044,0.0033510321638292595,0.010767909332095614,0.04432707627136934,0.04135670000000004,0.0417585881724691,1430810498930,0,0,0,0,0,0,0
-0.00559203336223684,-0.04015737477742798,0.952,-0.004555309347705094,-0.0390073356628418,-0.095991455078125,0,0,1,-0.00331612557878902,0.00559203336223684,0.04015737477742798,0.04800000000000004,0.0012391837689160745,0.017487864180417093,0.05643373260962315,0.02894798888888892,0.02151380462949027,1430810498993,0,0,0,0,0,0,0
-0.007055457096457395,-0.046549522535824873,0.958,-0.0016231562043542702,-0.021514356613159178,-0.09598121643066407,0,0,1,-0.00331612557878902,0.007055457096457395,0.046549522535824873,0.04200000000000004,-0.0016929693744347496,0.010157381670326988,0.053220327252123716,0.008663623076923085,-0.026488628804626473,1430810499071,0,0,0,0,0,0,0
-0.009667039416427766,-0.05198437862238786,0.96,0.0010297442586768568,-0.03904135894775391,-0.08158631896972657,0,0,1,-0.00331612557878902,0.009667039416427766,0.05198437862238786,0.040000000000000036,-0.004345869837465877,0.019466220883891647,0.057776187505577295,0.02312758888888891,-0.04966051503068129,1430810499134,0,0,0,0,0,0,0
-0.012573969544565987,-0.05785397414781789,0.962,-0.0008726646259966664,-0.043694591522216795,-0.08799898529052734,0,0,1,-0.00331612557878902,0.012573969544565987,0.05785397414781789,0.038000000000000034,-0.0024434609527923534,0.02289894332567335,0.06401084843266709,0.02158397741935486,-0.033829611604537124,1430810499196,0,0,0,0,0,0,0
-0.015497879079347939,-0.06282059355494242,0.967,-0.0040840704496667435,-0.04379361343383789,-0.07453753662109375,0,0,1,-0.00331612557878902,0.015497879079347939,0.06282059355494242,0.03300000000000003,0.0007679448708777237,0.02429238715812561,0.061347444465197964,0.0013044222222222297,0.015637960275837352,1430810499259,0,0,0,0,0,0,0
-0.016668513766932905,-0.06825069880140511,0.967,-0.005794493116620725,-0.017226720809936525,-0.08152261352539063,0,0,1,-0.00331612557878902,0.016668513766932905,0.06825069880140511,0.03300000000000003,0.002478367537831705,0.015345529050836863,0.06754714132112603,0.029286800000000026,0.03415103610068709,1430810499321,0,0,0,0,0,0,0
-0.016462634946706408,-0.07294822763942581,0.971,-0.0048171087355046716,0.003496425151824951,-0.07044385528564454,0,0,1,-0.00331612557878902,0.016462634946706408,0.07294822763942581,0.029000000000000026,0.0015009831567156517,0.0075941113939438035,0.06579904206800438,0.004047277777777785,0.02444615843507115,1430810499384,0,0,0,0,0,0,0
-0.016394673250717064,-0.0792398903232129,0.967,-0.0012391837689156304,0.0014740262031555176,-0.09436893463134766,0,0,1,-0.00331612557878902,0.016394673250717064,0.0792398903232129,0.03300000000000003,-0.0020769418098733894,0.008526823892627952,0.0716973818559127,0.047675617948717997,-0.0303558894250268,1430810499462,0,0,0,0,0,0,0
-0.013771615481794824,-0.08381378790050001,0.967,0.00010471975511983089,0.03943085479736328,-0.06855965423583985,0,0,1,-0.00331612557878902,0.013771615481794824,0.08381378790050001,0.03300000000000003,-0.0034208453339088507,-0.007201948827088467,0.07209254594379876,0.029931500000000028,-0.042336573165931785,1430810499524,0,0,0,0,0,0,0
-0.010540515122156782,-0.08712511337697795,0.968,-0.000733038285837484,0.0484613037109375,-0.049674957275390626,0,0,1,-0.00331612557878902,0.010540515122156782,0.08712511337697795,0.03200000000000003,-0.002583087292951536,-0.011894067135782838,0.06687295999421093,0.02377754444444447,-0.03510638663605813,1430810499587,0,0,0,0,0,0,0
-0.006238011812746821,-0.09219485138177251,0.968,-0.0027750735106706337,0.06459327697753907,-0.07599874114990235,0,0,1,-0.00331612557878902,0.006238011812746821,0.09219485138177251,0.03200000000000003,-0.0005410520681183861,-0.020344410697470013,0.08020267316481898,0.02953150000000003,-0.012381866498990767,1430810499649,0,0,0,0,0,0,0
-0.0029758236258452635,-0.09411397296297669,0.965,-0.0035953782591078287,0.04901251983642578,-0.028650920867919923,0,0,1,-0.00331612557878902,0.0029758236258452635,0.09411397296297669,0.03500000000000003,0.0002792526803188089,-0.015791699673320718,0.06379744981058978,0.048818666666666705,0.007966941771651786,1430810499712,0,0,0,0,0,0,0
0.001140213049329579,-0.0978864620384697,0.964,-0.0027925268031907535,0.061943603515625,-0.056364990234375,0,0,1,-0.00331612557878902,-0.001140213049329579,0.0978864620384697,0.03600000000000003,-0.0005235987755982663,-0.022969210535050404,0.07692511314786729,0.03882036129032261,-0.012114137285547099,1430810499774,0,0,0,0,0,0,0
0.00735958821682457,-0.09823881794369616,0.964,-0.003281218993749224,0.09330502319335937,-0.005024801731109619,0,0,1,-0.00331612557878902,-0.00735958821682457,0.09823881794369616,0.03600000000000003,-0.0000349065850397956,-0.030808064673301064,0.05815232877342216,0.03345600000000003,-0.001991735442910835,1430810499852,0,0,0,0,0,0,0
0.01358497115446635,-0.09801699658018492,0.961,-0.0024434609527914652,0.09336932373046875,0.003633704662322998,0,0,1,-0.00331612557878902,-0.01358497115446635,0.09801699658018492,0.039000000000000035,-0.0008726646259975546,-0.04068434955041464,0.05584550007160724,0.05276836666666672,-0.01702909849763959,1430810499915,0,0,0,0,0,0,0
0.020143737755749166,-0.09731189253071791,0.958,-0.0004886921905580266,0.09835536193847656,0.010816920280456542,0,0,1,-0.00331612557878902,-0.020143737755749166,0.09731189253071791,0.04200000000000004,-0.002827433388230993,-0.04652845859028748,0.05334819660325905,0.05569758387096779,-0.03728679007144789,1430810499977,0,0,0,0,0,0,0
0.025935808458428383,-0.09566847628188066,0.96,-0.002216568150033016,0.08686900329589843,0.024693698883056642,0,0,1,-0.00331612557878902,-0.025935808458428383,0.09566847628188066,0.040000000000000036,-0.001099557428756004,-0.04474076477553293,0.04797953569379908,0.026302988888888913,-0.019865767767580273,1430810500040,0,0,0,0,0,0,0
0.03198311973903658,-0.09226491128034918,0.962,-0.00459021593274489,0.09059628295898438,0.05125441360473633,0,0,1,-0.00331612557878902,-0.03198311973903658,0.09226491128034918,0.038000000000000034,0.0012740903539558701,-0.049922592739599425,0.036766212518547337,0.024759377419354862,0.02191594631923215,1430810500102,0,0,0,0,0,0,0
0.03731626310872978,-0.08780979894607843,0.964,-0.003839724354387286,0.07968955993652344,0.06719318389892578,0,0,1,-0.00331612557878902,-0.03731626310872978,0.08780979894607843,0.03600000000000003,0.0005235987755982663,-0.048314783606283884,0.02955490740123256,0.023565388888888913,0.012114137285547099,1430810500165,0,0,0,0,0,0,0
0.04234436581679657,-0.08217974904346913,0.968,-0.0037000980142276596,0.07509671783447265,0.0847397232055664,0,0,1,-0.00331612557878902,-0.04234436581679657,0.08217974904346913,0.03200000000000003,0.0003839724354386398,-0.04409254606868391,0.02686846413696355,0.01377738205128207,0.009851297664469861,1430810500243,0,0,0,0,0,0,0
0.04704865943767929,-0.0766000763442225,0.966,0.00045378560551911917,0.07025424194335937,0.08395561218261718,0,0,1,-0.00331612557878902,-0.04704865943767929,0.0766000763442225,0.03400000000000003,-0.003769911184308139,-0.05073089148348851,0.018318440361002997,0.0448272225806452,-0.04516972938629247,1430810500305,0,0,0,0,0,0,0
0.051798630604297256,-0.07107466998133397,0.967,-0.0014486232791552922,0.07128717041015625,0.0828487548828125,0,0,1,-0.00331612557878902,-0.051798630604297256,0.07107466998133397,0.03300000000000003,-0.0018675022996337276,-0.05326444089611916,0.01680495791885048,0.02738924444444447,-0.028279225198943395,1430810500368,0,0,0,0,0,0,0
0.056054707151730075,-0.06511555716476966,0.97,-0.00459021593274489,0.06371159362792969,0.08947908020019531,0,0,1,-0.00331612557878902,-0.056054707151730075,0.06511555716476966,0.030000000000000027,0.0012740903539558701,-0.05337752822496066,0.01128566698430334,0.013795316129032273,0.02191594631923215,1430810500430,0,0,0,0,0,0,0
0.059499634310322416,-0.060393014143983646,0.974,-0.004520402762664855,0.05134820175170898,0.07107459259033203,0,0,1,-0.00331612557878902,-0.059499634310322416,0.060393014143983646,0.026000000000000023,0.0012042771838758348,-0.05058708514059623,0.016708674344273547,0.005472377777777784,0.02110786858991813,1430810500493,0,0,0,0,0,0,0
0.06285519097774234,-0.05627968848738102,0.976,-0.0031415926535895977,0.05005392837524414,0.061926780700683595,0,0,1,-0.00331612557878902,-0.06285519097774234,0.05627968848738102,0.02400000000000002,-0.0001745329251994221,-0.04867363479564572,0.02287011269125526,0.017307441025641045,-0.005823869764908419,1430810500571,0,0,0,0,0,0,0
0.06406029351460878,-0.0517003087170189,0.975,-0.0010821041362363282,0.01786065101623535,0.0687471466064453,0,0,1,-0.00331612557878902,-0.06406029351460878,0.0517003087170189,0.025000000000000022,-0.0022340214425526916,-0.04131779496080839,0.013922366537153851,0.032794855555555585,-0.03186776708662826,1430810500634,0,0,0,0,0,0,0
0.06484502656603819,-0.04846133334138762,0.976,0.001553343034275123,0.01171841526031494,0.048597339630126954,0,0,1,-0.00331612557878902,-0.06484502656603819,0.04846133334138762,0.02400000000000002,-0.004869468613064143,-0.039847131202696125,0.01975979942946704,0.02094293870967744,-0.05357322491330962,1430810500696,0,0,0,0,0,0,0
0.0635188965994489,-0.045066040393697784,0.978,0.0003490658503992883,-0.019812814712524413,0.05096023178100586,0,0,1,-0.00331612557878902,-0.0635188965994489,0.045066040393697784,0.02200000000000002,-0.003665191429188308,-0.02778690191953814,0.017767868822647293,0.014015588888888902,-0.044329331741008254,1430810500759,0,0,0,0,0,0,0
0.06225691121293716,-0.041736073500600344,0.978,-0.0040840704496667435,-0.018912343978881835,0.04995610809326172,0,0,1,-0.00331612557878902,-0.06225691121293716,0.041736073500600344,0.02200000000000002,0.0007679448708777237,-0.02778517972618746,0.01642618742710975,0.02526310000000002,0.015637960275837352,1430810500821,0,0,0,0,0,0,0
0.0604438040109188,-0.03952211511461794,0.98,-0.007470009198535799,-0.027332010269165038,0.03309802627563477,0,0,1,-0.00331612557878902,-0.0604438040109188,0.03952211511461794,0.020000000000000018,0.004153883619746779,-0.024310715354345022,0.022066628951296678,0.012677988888888901,0.04818697080671788,1430810500884,0,0,0,0,0,0,0
0.05641543747503652,-0.03652013387613208,0.981,-0.0060039326268603865,-0.06076018142700195,0.04457708740234375,0,0,1,-0.00331612557878902,-0.05641543747503652,0.03652013387613208,0.019000000000000017,0.0026878070480713667,-0.014733386601048833,0.019679835553069548,0.01865012051282053,0.036048909794738467,1430810500962,0,0,0,0,0,0,0
0.052182380932184136,-0.03425582732023342,0.985,-0.004485496177625503,-0.06369862365722656,0.033582763671875,0,0,1,-0.00331612557878902,-0.052182380932184136,0.03425582732023342,0.015000000000000013,0.0011693705988364833,-0.0071201058425963935,0.01944812131995432,-0.002550345161290324,0.02069799080737074,1430810501024,0,0,0,0,0,0,0
0.04828242298969445,-0.03143471993718386,0.988,-0.0032463124087094286,-0.058688591003417966,0.04205378723144531,0,0,1,-0.00331612557878902,-0.04828242298969445,0.03143471993718386,0.01200000000000001,-0.0000698131700795912,-0.007704160057812059,0.01534516328809677,0.0010392333333333371,-0.003161682937319007,1430810501087,0,0,0,0,0,0,0
0.039708397048652436,-0.028973316683508117,0.99,-0.0028623399732703447,-0.12872956848144532,0.03650334548950195,0,0,1,-0.00331612557878902,-0.039708397048652436,0.028973316683508117,0.010000000000000009,-0.0004537856055186751,0.023071987181767725,0.01607189665189209,0.0048775774193548435,-0.01101185675229851,1430810501149,0,0,0,0,0,0,0
0.03041154267586531,-0.025604652672495988,0.992,-0.002827433388230549,-0.1395968780517578,0.050130592346191404,0,0,1,-0.00331612557878902,-0.03041154267586531,0.025604652672495988,0.008000000000000007,-0.0004886921905584707,0.030776253264639793,0.009729092264568601,0.0035071888888888927,-0.01156956442583467,1430810501212,0,0,0,0,0,0,0
0.019571157416473143,-0.020570873401194862,0.994,-0.004223696789825926,-0.16281861877441406,0.075046630859375,0,0,1,-0.00331612557878902,-0.019571157416473143,0.020570873401194862,0.006000000000000005,0.0009075712110369061,0.04562163699692944,-0.0023619537811933843,0.0017651774193548422,0.01748023299271607,1430810501274,0,0,0,0,0,0,0
0.0072482666795086696,-0.01574228493605292,0.998,-0.006021385919380506,-0.18514762878417967,0.0716474609375,0,0,1,-0.00331612557878902,-0.0072482666795086696,0.01574228493605292,0.0020000000000000018,0.0027052603405914866,0.04512518336365288,0.002372131381839695,-0.007850218987341777,0.03620479727522868,1430810501353,0,0,0,0,0,0,0
-0.0015697561585360743,-0.011063300085869313,1,-0.007888888219014234,-0.1326905517578125,0.06938705444335938,0,0,1,-0.00331612557878902,0.0015697561585360743,0.011063300085869313,0,0.004572762640225214,0.04472800290985534,-0.00491991219521393,-0.003019022580645162,0.051374291879869576,1430810501415,0,0,0,0,0,0,0
-0.0109329054910557,-0.006383862851695554,1.005,-0.007470009198535799,-0.14099659729003905,0.06908141326904296,0,0,1,-0.00331612557878902,0.0109329054910557,0.006383862851695554,-0.004999999999999893,0.004153883619746779,0.05171678998997384,-0.006802661845260374,-0.02353797777777709,0.04818697080671788,1430810501478,0,0,0,0,0,0,0
-0.02046128355851188,-0.0013364296903864686,1.011,-0.005427973973702205,-0.14348724365234375,0.07464173889160156,0,0,1,-0.00331612557878902,0.02046128355851188,0.0013364296903864686,-0.010999999999999899,0.002111848394913185,0.058379573715951316,-0.011814793336359548,-0.03449936774193542,0.030695065760184465,1430810501540,0,0,0,0,0,0,0
-0.02671972286414977,0.00325014538320209,1.014,-0.001745329251994221,-0.09424864196777344,0.06828805541992188,0,0,1,-0.00331612557878902,0.02671972286414977,-0.00325014538320209,-0.014000000000000012,-0.0015707963267947989,0.04265700385039593,-0.01111595512240297,-0.0197832666666673,-0.025198420997896424,1430810501603,0,0,0,0,0,0,0
-0.03200190718913555,0.008979160852781977,1.019,-0.0017104226669539813,-0.07938262939453125,0.08579681396484375,0,2.586206896551724,1,0,0.03200190718913555,2.5772277356989424,-0.018999999999999906,0.0017104226669539813,0.016000953594567775,1.2886138678494712,-0.015199999999999925,0.026670369856081327,0,0,0,0,0,0,0,0
-0.0349017927424411,0.012826921817175346,1.022,-0.0012391837689156304,-0.04359693908691406,0.05764192962646485,0,2.586206896551724,1,0,0.0349017927424411,2.5733799747345487,-0.02200000000000002,0.0012391837689156304,0.0307354373245724,1.2894967570992066,-0.031233138461538988,0.02151380462948513,0,0,0,0,0,0,0,0
-0.03772275305046131,0.016155741512158244,1.026,0.00006981317008003529,-0.04237624740600586,0.04987982177734375,0,2.586206896551724,1,0,0.03772275305046131,2.570051155039566,-0.026000000000000023,-0.00006981317008003529,0.035043265564062995,1.3027958208495574,-0.04335762222222226,-0.003161682937332415,0,0,0,0,0,0,0,0
-0.042218356400440256,0.020307132585318487,1.031,0.0033335788713091397,-0.06742970275878907,0.06227557373046875,0,2.586206896551724,1,0,0.042218356400440256,2.5658997639664056,-0.030999999999999917,-0.0033335788713091397,0.04725922534545744,1.311686874412278,-0.05355340645161223,-0.04161346691860672,0,0,0,0,0,0,0,0
-0.044805163347256205,0.027065702285957352,1.033,0.004031710572106828,-0.03846393585205078,0.10150733184814453,0,2.586206896551724,1,0,0.044805163347256205,2.559141194265767,-0.03299999999999992,-0.004031710572106828,0.037827645044540545,1.3103178418250354,-0.03824661111111106,-0.047237435057585084,0,0,0,0,0,0,0,0
-0.0491204365878215,0.037578910474582596,1.033,0.0018151424220742562,-0.06409278106689453,0.1579578094482422,0,2.586206896551724,1,0,0.0491204365878215,2.5486279860771415,-0.03299999999999992,-0.0018151424220742562,0.050279092121938734,1.299061584788863,-0.027340099999999937,-0.027748140241291245,0,0,0,0,0,0,0,0
-0.05185556563813191,0.054963934184912744,1.038,-0.0035430183815483574,-0.04055352401733398,0.26084939575195315,0,2.586206896551724,1,0,0.05185556563813191,2.5312429623668113,-0.038000000000000034,0.0035430183815483574,0.04280809464642343,1.26908119444275,-0.05935727777777844,0.04333868003279415,0,0,0,0,0,0,0,0
-0.05387260207127768,0.07853080896923662,1.037,-0.006457718232379062,-0.03150782203674316,0.3533937072753906,0,2.586206896551724,1,0,0.05387260207127768,2.5076760875824875,-0.03699999999999992,0.006457718232379062,0.03809246227624429,1.2676922984819756,-0.02658092051281995,0.0646665170853445,0,0,0,0,0,0,0,0
-0.054079805161300426,0.10815058078278189,1.039,-0.004310963252425637,-0.005977103710174561,0.4442672424316406,0,2.586206896551724,1,0,0.054079805161300426,2.478056315768942,-0.038999999999999924,0.004310963252425637,0.030650248968582004,1.206786769572102,-0.044200222580645106,0.04939423801107575,0,0,0,0,0,0,0,0
-0.05405699795802252,0.1421502979055429,1.039,0.00033161255787916843,-0.0018564612865447998,0.5099924926757813,0,2.586206896551724,1,0,0.05405699795802252,2.4440565986461813,-0.038999999999999924,-0.00033161255787916843,0.029683002906169677,1.183505539503535,-0.03315559999999994,-0.008934029631464722,0,0,0,0,0,0,0,0
-0.05457598586556381,0.18329392282397128,1.042,0.00588175957922088,-0.007580162048339844,0.6171569213867187,0,2.586206896551724,1,0,0.05457598586556381,2.402912973727753,-0.04200000000000004,-0.00588175957922088,0.03333734510298169,1.13445670609704,-0.05275148387096841,-0.060761933982760856,0,0,0,0,0,0,0,0
-0.053571102402827954,0.23320111158138587,1.044,0.008988445647771126,0.019476097106933595,0.7485062255859375,0,2.586206896551724,1,0,0.053571102402827954,2.3530057849703385,-0.04400000000000004,-0.008988445647771126,0.024659944966865893,1.0793272871332977,-0.04880431111111115,-0.08061511427565456,0,0,0,0,0,0,0,0
-0.05273427596328478,0.2896183382124018,1.041,0.006248278722139844,0.020158334732055663,0.8461113891601563,0,2.586206896551724,1,0,0.05273427596328478,2.296588558339322,-0.040999999999999925,-0.006248278722139844,0.02542714993892717,1.0241353387581362,-0.018611916129031552,-0.06326065326261981,0,0,0,0,0,0,0,0
-0.05149937392387523,0.34940657103848016,1.034,0.0008377580409573149,0.02412673568725586,0.8966902465820312,0,2.586206896551724,1,0,0.05149937392387523,2.236800325513244,-0.03400000000000003,-0.0008377580409573149,0.024394187159141534,1.061892076856981,0.0011976564102559144,-0.01657190669842107,0,0,0,0,0,0,0,0
-0.050527623825387655,0.41374793912122865,1.033,-0.0034557519189486463,0.015384783744812012,0.9651079711914062,0,2.586206896551724,1,0,0.050527623825387655,2.1724589574304956,-0.03299999999999992,0.0034557519189486463,0.024369251581648068,0.9542363712551498,-0.024064944444443757,0.042624089470663394,0,0,0,0,0,0,0,0
-0.051024098386982956,0.4840268892323493,1.026,-0.003403392041388731,-0.011090065956115723,1.0541522216796875,0,2.586206896551724,1,0,0.051024098386982956,2.102180007319375,-0.026000000000000023,0.003403392041388731,0.03313512890745698,0.8928464484573186,0.015334429032257454,0.04219244848725391,0,0,0,0,0,0,0,0
-0.05092623832319455,0.5587292593258918,1.018,-0.0019024088846739673,-0.002345721960067749,1.1205340576171876,0,2.586206896551724,1,0,0.05092623832319455,2.0274776372258323,-0.018000000000000016,0.0019024088846739673,0.030060688179204542,0.8499912140305306,0.02654934444444447,0.028630525534142595,0,0,0,0,0,0,0,0
-0.0512237079411942,0.6440630769834285,1.012,0.001204277183876723,-0.00689713191986084,1.2799964599609375,0,2.586206896551724,1,0,0.0512237079411942,1.9421438195682956,-0.01200000000000001,-0.001204277183876723,0.0327499409710651,0.7526555998736628,0.0207014677419355,-0.021107868589928507,0,0,0,0,0,0,0,0
-0.050632293185977215,0.7401370278230909,1.028,0.0022340214425531357,0.010606709480285645,1.4410975341796874,0,2.586206896551724,1,0,0.050632293185977215,1.8460698687286334,-0.028000000000000025,-0.0022340214425531357,0.02780831553896637,0.6642278574911371,-0.11503478888888899,-0.03186776708663248,0,0,0,0,0,0,0,0
-0.05016091005337074,0.8401387617641584,1.029,0.0007679448708781678,0.010421816825866698,1.5000064697265625,0,2.586206896551724,1,0,0.05016091005337074,1.7460681347875657,-0.028999999999999915,-0.0007679448708781678,0.0291343358768285,0.712864764080663,-0.03165927948717892,-0.01563796027584338,0,0,0,0,0,0,0,0
-0.05045464221543873,0.9412576171177254,1.018,-0.003106686068549802,-0.003241175651550293,1.5167857666015625,0,2.586206896551724,1,0,0.05045464221543873,1.6449492794339988,-0.018000000000000016,0.003106686068549802,0.03336736689386136,0.5503975031954259,0.0436130741935478,0.039703152279550326,0,0,0,0,0,0,0,0
-0.05194355810397931,1.043938047458927,1.016,-0.004363323129985552,-0.027118560791015624,1.540129638671875,0,2.586206896551724,1,0,0.05194355810397931,1.5422688490927972,-0.016000000000000014,0.004363323129985552,0.041052658759494313,0.5091589945088959,-0.00587338888888889,0.04979338607285533,0,0,0,0,0,0,0,0
-0.054047559597466606,1.1494226867585227,1.005,-0.005811946409140845,-0.038463653564453124,1.5821168212890624,0,2.586206896551724,1,0,0.054047559597466606,1.4367842097932015,-0.004999999999999893,0.005811946409140845,0.04604542722522106,0.4402937696909969,0.053881274193549156,0.06028017118031877,0,0,0,0,0,0,0,0
-0.05724264668319288,1.2543040709976903,0.996,-0.004729842272904516,-0.057068920135498045,1.5729156494140626,0,2.586206896551724,1,0,0.05724264668319288,1.331902825554034,0.0040000000000000036,0.004729842272904516,0.05387665546596335,0.4090475109858561,0.04900969999999943,0.052544167455032265,0,0,0,0,0,0,0,0
-0.058354117688780925,1.360287067914834,0.984,-0.0043458698374654325,-0.02419109344482422,1.5896483154296874,0,2.586206896551724,1,0,0.058354117688780925,1.2259198286368902,0.016000000000000014,0.0043458698374654325,0.0421244391740089,0.4727278143185023,0.06258065384615391,0.049660515030677914,0,0,0,0,0,0,0,0
-0.06146528894344121,1.463309854133573,0.979,-0.0036302848441480684,-0.053382961273193356,1.5451243896484375,0,2.586206896551724,1,0,0.06146528894344121,1.1228970424181512,0.02100000000000002,0.0036302848441480684,0.05636417097292595,0.3315065900064539,0.040644577777777816,0.04404742700918326,0,0,0,0,0,0,0,0
-0.06902274523028881,1.5681558354901979,0.969,-0.004485496177625503,-0.11907039642333984,1.572267822265625,0,2.586206896551724,1,0,0.06902274523028881,1.0180510610615263,0.031000000000000028,0.004485496177625503,0.085949615072482,0.2658718528327484,0.07751061290322588,0.0507185781686702,0,0,0,0,0,0,0,0
-0.07498642438806052,1.6745145310610574,0.965,-0.004206243497305806,-0.09661033630371094,1.594963134765625,0,2.586206896551724,1,0,0.07498642438806052,0.9116923654906668,0.03500000000000003,0.004206243497305806,0.079872360317705,0.21942700028988105,0.04670172222222227,0.04859105736697889,0,0,0,0,0,0,0,0
-0.07945253552573793,1.782084642495407,0.959,-0.005393067388662409,-0.07377804565429688,1.613255615234375,0,2.586206896551724,1,0,0.07945253552573793,0.8041222540563171,0.041000000000000036,0.005393067388662409,0.07467838844298882,0.15425851554330883,0.06340466774193554,0.05734787204155351,0,0,0,0,0,0,0,0
-0.08235522474878774,1.8903102365799302,0.953,-0.007470009198535799,-0.05229468154907226,1.62312548828125,0,2.586206896551724,1,0,0.08235522474878774,0.695896659971794,0.04700000000000004,0.007470009198535799,0.06756270449690169,0.11052719605417383,0.0679631333333334,0.07125918220573828,0,0,0,0,0,0,0,0
-0.08316275849579588,1.998891702244829,0.949,-0.007487462491055474,-0.024279123306274415,1.6285860595703125,0,2.586206896551724,1,0,0.08316275849579588,0.5873151943068953,0.051000000000000045,0.007487462491055474,0.05611263851228743,0.17484629678747404,0.05617631794871801,0.07137013463888121,0,0,0,0,0,0,0,0
-0.08192843429471519,2.1069075991621973,0.949,-0.004852015320544023,0.006382982730865478,1.6203316650390625,0,2.586206896551724,1,0,0.08192843429471519,0.4792992973895269,0.051000000000000045,0.004852015320544023,0.0455307200103532,0.01099414311415925,0.038548900000000046,0.05344513583535838,0,0,0,0,0,0,0,0
-0.07881705862827267,2.2137166848338103,0.945,-0.003036872898470211,0.03889652633666992,1.6023438720703125,0,2.586206896551724,1,0,0.07881705862827267,0.37249021171791385,0.05500000000000005,0.003036872898470211,0.03375683714144476,-0.04296716008953261,0.06467054516129038,0.03910609822498708,0,0,0,0,0,0,0,0
-0.07375512032883078,2.3184955292843195,0.948,-0.00291469985083026,0.07115573120117187,1.571906005859375,0,2.586206896551724,1,0,0.07375512032883078,0.26771136726740474,0.052000000000000046,0.00291469985083026,0.02113286328030458,-0.07282017620458159,0.023350833333333366,0.038050114562020954,0,0,0,0,0,0,0,0
-0.06726049393714781,2.42052053052103,0.956,-0.004258603374866166,0.09295840454101563,1.5306524658203124,0,2.586206896551724,1,0,0.06726049393714781,0.1656863660306942,0.04400000000000004,0.004258603374866166,0.00976123108678114,-0.11664831758842098,-0.011270990322580644,0.04899347064305743,0,0,0,0,0,0,0,0
-0.05950333637391547,2.518553440248554,0.961,-0.0045378560551849745,0.11009407806396485,1.470975830078125,0,2.586206896551724,1,0,0.05950333637391547,0.06765345630317032,0.039000000000000035,0.0045378560551849745,-0.00017458296997845818,-0.13391824431490268,0.0023582222222222407,0.0511125113387989,1430810503948,0,0,0,0,0,0,0
-0.05137405094205072,2.6120570968998007,0.964,-0.005951572749300471,0.11557345581054687,1.40309375,0,2.586206896551724,1,0,0.05137405094205072,-0.025850200348076502,0.03600000000000003,0.005951572749300471,0.002779248871881815,-0.05581211804096825,0.014555261538461558,0.0612417944146278,1430810503948,0,0,0,0,0,0,0
-0.04318856672129848,2.7000805369574374,0.967,-0.008639379797371838,0.11492196655273437,1.3210589599609375,0,2.586206896551724,1,0,0.04318856672129848,-0.11387364040571324,0.03300000000000003,0.008639379797371838,-0.010776539955068568,-0.17786868099295433,0.008885916129032275,0.07851424410539634,0,0,0,0,0,0,0,0
-0.03519395708769,2.7824867940330087,0.965,-0.009634217471008455,0.1092357177734375,1.237083740234375,0,2.586206896551724,1,0,0.03519395708769,-0.1962798974812845,0.03500000000000003,0.009634217471008455,-0.01275824214117504,-0.18121439573920034,0.03875301111111115,0.0844314743596829,0,0,0,0,0,0,0,0
-0.027338809767007997,2.8595024434820755,0.968,-0.00921533845053002,0.10669213104248047,1.1563162841796875,0,2.586206896551724,1,0,0.027338809767007997,-0.2732955469303513,0.03200000000000003,0.00921533845053002,-0.016445390800964216,-0.19836987656489824,0.00850481612903228,0.08196609963174684,0,0,0,0,0,0,0,0
-0.019817566997654593,2.9306840727702985,0.967,-0.009930923443847384,0.10297454833984375,1.06871875,0,2.586206896551724,1,0,0.019817566997654593,-0.3444771762185743,0.03300000000000003,0.009930923443847384,-0.017522269981023884,-0.19681863044594472,0.032003755555555596,0.0861561926814655,0,0,0,0,0,0,0,0
-0.01264540592741681,2.9953122667496563,0.969,-0.009564404300928864,0.09795000457763672,0.9704434814453125,0,2.586206896551724,1,0,0.01264540592741681,-0.40910537019793214,0.031000000000000028,0.009564404300928864,-0.011407808331063817,-0.12686855959511528,0.016115641025641052,0.0840230986372622,0,0,0,0,0,0,0,0
-0.005251184189262191,3.0540695432200637,0.971,-0.007609635538695425,0.10247870635986328,0.882379638671875,0,2.586206896551724,1,0,0.005251184189262191,-0.46786264666833954,0.029000000000000026,0.007609635538695425,-0.024631162153341657,-0.20084394257755717,0.01237947741935486,0.07214440358003502,0,0,0,0,0,0,0,0
0.0013043253972952974,3.107120856936862,0.985,-0.006318091892219435,0.09227433776855469,0.7964949340820312,0,2.586206896551724,1,0,-0.0013043253972952974,-0.5209139603851378,0.015000000000000013,0.006318091892219435,-0.022595057571428316,-0.19368657537973627,-0.06521347777777782,0.06373099539037756,0,0,0,0,0,0,0,0
0.007280960636449816,3.1550777464665054,0.993,-0.004852015320544023,0.08510282897949219,0.7199053955078125,0,2.586206896551724,1,0,-0.007280960636449816,-0.5688708499147812,0.007000000000000006,0.004852015320544023,-0.022948089342307333,-0.19718687514216943,-0.03895359032258067,0.05344513583535838,0,0,0,0,0,0,0,0
0.012523910619837774,3.1985314446745785,0.985,-0.0030019663134299712,0.07548076629638673,0.6521793823242188,0,2.586206896551724,1,0,-0.012523910619837774,-0.6123245481228543,0.015000000000000013,0.0030019663134299712,-0.021036894980164235,-0.19345642701165588,0.0571466444444445,0.038805857616401734,0,0,0,0,0,0,0,0
0.017058657284463326,3.2371474733116017,0.987,-0.0025307274153916204,0.06628203582763671,0.5794420166015625,0,2.586206896551724,1,0,-0.017058657284463326,-0.6509405767598775,0.013000000000000012,0.0025307274153916204,-0.019881908412493408,-0.19338454846449524,-0.00010752258064515227,0.03463035865506416,0,0,0,0,0,0,0,0
0.02124653118096876,3.2714774023704525,0.982,0.000645771823238217,0.061514713287353515,0.5151062622070313,0,2.586206896551724,1,0,-0.02124653118096876,-0.6852705058187283,0.018000000000000016,-0.000645771823238217,-0.015333933814687697,-0.15194546636079748,0.037759097435897476,-0.013931978769225044,0,0,0,0,0,0,0,0
0.02508694543986061,3.301587070483169,0.977,0.001553343034275123,0.05789786148071289,0.4516077270507812,0,2.586206896551724,1,0,-0.02508694543986061,-0.7153801739314449,0.02300000000000002,-0.001553343034275123,-0.01995608162873251,-0.18473857600325852,0.04724587777777782,-0.025011418652095916,0,0,0,0,0,0,0,0
0.028232346951769547,3.3279585755052574,0.973,-0.0016231562043542702,0.04779542541503906,0.3954988098144531,0,2.586206896551724,1,0,-0.028232346951769547,-0.7417516789535332,0.027000000000000024,0.0016231562043542702,-0.018124487021717026,-0.18411865428251806,0.04541614516129037,0.025755320203729618,0,0,0,0,0,0,0,0
0.030954090889595012,3.350590833013325,0.979,-0.005393067388662409,0.04027507019042969,0.3395496826171875,0,2.586206896551724,1,0,-0.030954090889595012,-0.7643839364616007,0.02100000000000002,0.005393067388662409,-0.017044870560269668,-0.17711376645172797,-0.015165533333333335,0.05734787204155351,0,0,0,0,0,0,0,0
0.03408440957409216,3.369575045025545,0.988,-0.006981317007977328,0.04541835784912109,0.2850122680664062,0,2.586206896551724,1,0,-0.03408440957409216,-0.7833681484738206,0.01200000000000001,0.006981317007977328,-0.021371707451388486,-0.17289692982332783,-0.03976425161290325,0.06811639399053813,0,0,0,0,0,0,0,0
0.03766136701191127,3.384847697939091,0.995,-0.005759586531580929,0.05205371856689453,0.22945878601074218,0,2.586206896551724,1,0,-0.03766136701191127,-0.7986408013873669,0.0050000000000000044,0.005759586531580929,-0.02559828468403803,-0.16324382629210454,-0.033415188888888905,0.0599175823138354,0,0,0,0,0,0,0,0
0.0413852566018813,3.3967702028307176,0.997,-0.0032637657012291044,0.054827392578125,0.17915632629394532,0,2.586206896551724,1,0,-0.0413852566018813,-0.8105633062789934,0.0030000000000000027,0.0032637657012291044,-0.024620809695490707,-0.1441778201704736,-0.005077258974358971,0.04103042910640362,0,0,0,0,0,0,0,0
0.04495145530470899,3.405507421998445,1.005,-0.002216568150033016,0.053064952850341796,0.131232177734375,0,2.586206896551724,1,0,-0.04495145530470899,-0.8193005254467209,-0.004999999999999893,0.002216568150033016,-0.02978955725039889,-0.1487497101665233,-0.04697884444444377,0.03170157226208313,0,0,0,0,0,0,0,0
0.04860478297573438,3.411072960976145,1.015,-0.0016231562043542702,0.0546147346496582,0.08360434722900391,0,2.586206896551724,1,0,-0.04860478297573438,-0.824866064424421,-0.014999999999999902,0.0016231562043542702,-0.032728979673988634,-0.13952490796412365,-0.06707901290322577,0.025755320203729618,0,0,0,0,0,0,0,0
0.05208929175168459,3.413974325398446,1.022,-0.00291469985083026,0.052196922302246096,0.04360524749755859,0,2.586206896551724,1,0,-0.05208929175168459,-0.8277674288467218,-0.02200000000000002,0.00291469985083026,-0.03353415473927474,-0.13089085101531903,-0.05525488888888954,0.038050114562020954,0,0,0,0,0,0,0,0
0.055395488786344614,3.41405568872539,1.031,-0.004694935687864721,0.04958918762207031,0.0013649930953979492,0,2.586206896551724,1,0,-0.055395488786344614,-0.8278487921736657,-0.030999999999999917,0.004694935687864721,-0.034836338716709866,-0.12040481305897845,-0.07456465161290257,0.05228532853580605,0,0,0,0,0,0,0,0
0.058369700115434534,3.4117005794505904,1.026,-0.005044001538263121,0.04477853393554688,-0.03511679458618164,0,2.586206896551724,1,0,-0.058369700115434534,-0.8254936828988662,-0.026000000000000023,0.005044001538263121,-0.03455055424646178,-0.1108846191045732,0.007855777777777174,0.054845821990042634,0,0,0,0,0,0,0,0
0.06107561687705179,3.407080335729665,1.03,-0.004241150082346046,0.040937801361083985,-0.06909804534912109,0,2.586206896551724,1,0,-0.06107561687705179,-0.8208734391779409,-0.030000000000000027,0.004241150082346046,-0.03199844035293374,-0.10732938763494569,-0.04130471794871798,0.04885951709870698,0,0,0,0,0,0,0,0
0.06319247671769629,3.400890474326592,1.028,-0.0035430183815483574,0.032146392822265626,-0.09271241760253907,0,2.586206896551724,1,0,-0.06319247671769629,-0.814683577774868,-0.028000000000000025,0.0035430183815483574,-0.033256744671606345,-0.09507459198083044,-0.010639277419354842,0.04333868003279415,0,0,0,0,0,0,0,0
0.06506800105775087,3.3931435656527413,1.028,-0.003036872898470211,0.02854439926147461,-0.11610322570800781,0,2.586206896551724,1,0,-0.06506800105775087,-0.8069366691010171,-0.028000000000000025,0.003036872898470211,-0.032917700553632016,-0.0889423915011184,-0.022108800000000012,0.03910609822498708,0,0,0,0,0,0,0,0
0.06641772840622259,3.3839236160872614,1.026,-0.0020594885173532695,0.02066581344604492,-0.13823712158203125,0,2.586206896551724,1,0,-0.06641772840622259,-0.7977167195355372,-0.026000000000000023,0.0020594885173532695,-0.03136700898939523,-0.07959606480384712,-0.009379677419354842,0.030185589345214453,0,0,0,0,0,0,0,0
0.06698660063119259,3.373515309798695,1.024,-0.0035255650890286816,0.008854601860046387,-0.156106689453125,0,2.586206896551724,1,0,-0.06698660063119259,-0.7873084132469708,-0.02400000000000002,0.0035255650890286816,-0.02761443335560778,-0.07357613322342398,-0.008110088888888891,0.04319623556646228,0,0,0,0,0,0,0,0
0.06682103312030238,3.3627024606348805,1.017,-0.005969026041820147,-0.001911677360534668,-0.16220048522949218,0,2.586206896551724,1,0,-0.06682103312030238,-0.7764955640831563,-0.016999999999999904,0.005969026041820147,-0.023850883452262744,-0.06976762742653966,0.025789529032258812,0.061361465775153494,0,0,0,0,0,0,0,0
0.06564468313830821,3.351526258051678,1.015,-0.0072954762733363765,-0.016644275665283204,-0.16774537658691407,0,2.586206896551724,1,0,-0.06564468313830821,-0.7653193614999538,-0.014999999999999902,0.0072954762733363765,-0.019430898784208724,-0.08103966771639137,-0.0032692410256409295,0.07014485833293287,0,0,0,0,0,0,0,0
0.06342900411377478,3.3397919951218302,1.013,-0.008848819307611056,-0.0319502067565918,-0.17625172424316407,0,2.586206896551724,1,0,-0.06342900411377478,-0.753585098570106,-0.0129999999999999,0.008848819307611056,-0.011691827592732403,-0.06487939973810224,0.00038561111111120976,0.07977808871513654,0,0,0,0,0,0,0,0
0.06034788185081311,3.3275427846238674,1.009,-0.009913470151327264,-0.04458917999267578,-0.18413992309570312,0,2.586206896551724,1,0,-0.06034788185081311,-0.7413358880721432,-0.008999999999999897,0.009913470151327264,-0.005441319113178914,-0.05939265766532116,0.014999345161290431,0.08605521851795338,0,0,0,0,0,0,0,0
0.05662734975419502,3.3144627872920904,1.009,-0.011117747335203987,-0.05386024856567383,-0.19674356079101563,0,2.586206896551724,1,0,-0.05662734975419502,-0.7282558907403662,-0.008999999999999897,0.011117747335203987,-0.0006616147389541874,-0.053922788208003905,-0.007637999999999906,0.09289049478013328,0,0,0,0,0,0,0,0
0.05226575462978365,3.300902401023205,1.008,-0.009791297103688201,-0.06315851593017578,-0.20412057495117186,0,2.586206896551724,1,0,-0.05226575462978365,-0.7146955044714809,-0.008000000000000007,0.009791297103688201,0.005147420345944172,-0.04768979139755662,-0.0012424387096780362,0.08534673183711332,0,0,0,0,0,0,0,0
0.047993335388573664,3.286751334506447,1.008,-0.00966912405604825,-0.06200489044189453,-0.21288330078125,0,2.586206896551724,1,0,-0.047993335388573664,-0.700544437954723,-0.008000000000000007,0.00966912405604825,0.006095026444381011,-0.042961219541015214,-0.0069379999999999945,0.08463529216426811,0,0,0,0,0,0,0,0
0.04373264643362703,3.272063874042598,1.01,-0.009110618695410189,-0.061777156829833986,-0.2209195556640625,0,2.586206896551724,1,0,-0.04373264643362703,-0.6858569774908738,-0.010000000000000009,0.009110618695410189,0.0032670699083941733,-0.05367893862558634,-0.017590358974358976,0.08134396230047178,0,0,0,0,0,0,0,0
0.03942365750276193,3.2570175639847503,1.016,-0.008342673824532909,-0.06257596206665039,-0.2262741394042969,0,2.586206896551724,1,0,-0.03942365750276193,-0.6708106674330261,-0.016000000000000014,0.008342673824532909,0.010383599130369004,-0.03128123394613758,-0.047386167741935506,0.07670616182502121,0,0,0,0,0,0,0,0
0.03114738004341238,3.2066458062419656,1.02,-0.007784168463894403,-0.11783638763427734,-0.7565857543945312,0,2.586206896551724,1,0,-0.03114738004341238,-0.6204389096902414,-0.020000000000000018,0.007784168463894403,0.03597989107143074,0.1849001312644789,-0.03906342222222224,0.07324335459534484,0,0,0,0,0,0,0,0
0.02211301121939469,3.1563732948374383,1.014,-0.006161012259540133,-0.12964154052734375,-0.7551196899414062,0,2.586206896551724,1,0,-0.02211301121939469,-0.5701663982857141,-0.014000000000000012,0.006161012259540133,0.04538112476311255,0.21045469207448286,0.021742967741935508,0.0626702544766115,0,0,0,0,0,0,0,0
0.013911142816395487,3.105208174278361,1.011,-0.006998770300497448,-0.11829728698730468,-0.76822021484375,0,2.586206896551724,1,0,-0.013911142816395487,-0.5190012777266366,-0.010999999999999899,0.006998770300497448,0.043959885169244824,0.2332217787288589,0.006869366666667388,0.06822987406328788,0,0,0,0,0,0,0,0
0.004671848264102378,3.0555196673899956,1.01,-0.007260569688296137,-0.13336968994140624,-0.746279296875,0,2.586206896551724,1,0,-0.004671848264102378,-0.4693127708382714,-0.010000000000000009,0.007260569688296137,0.05514193937042952,0.2514052588813177,-0.0034141387096780374,0.06992093197086997,0,0,0,0,0,0,0,0
-0.0024687502314214614,3.0088176562725466,1.01,-0.006667157742618279,-0.10201995086669922,-0.7012893676757812,0,2.586206896551724,1,0,0.0024687502314214614,-0.4226107597208224,-0.010000000000000009,0.006667157742618279,0.038209996743378764,0.19782564796935106,-0.009138299999999995,0.06605726116264019,0,0,0,0,0,0,0,0
-0.009508804732973246,2.96837975878281,1.007,-0.007243116395776017,-0.10155441284179688,-0.607259033203125,0,2.586206896551724,1,0,0.009508804732973246,-0.3821728622310858,-0.006999999999999895,0.007243116395776017,0.049895658782568,0.23704593434825055,0.010153783870968481,0.06980883425430565,0,0,0,0,0,0,0,0
-0.017457719037033862,2.9303370310832837,1.005,-0.008185594191853163,-0.11509740447998047,-0.5714895629882812,0,2.586206896551724,1,0,0.017457719037033862,-0.3441301345315595,-0.004999999999999893,0.008185594191853163,0.05839849143316924,0.23696931199896198,0.005897911111111218,0.07574027594740101,0,0,0,0,0,0,0,0
-0.02356312000832525,2.899239124610998,1.008,-0.009162978572970104,-0.08775966644287109,-0.4672026062011719,0,2.586206896551724,1,0,0.02356312000832525,-0.3130322280592739,-0.008000000000000007,0.009162978572970104,0.0519026214653396,0.2147816760289653,-0.02459828387096838,0.08165532722377279,0,0,0,0,0,0,0,0
-0.026584459352685243,2.87418111320642,1.011,-0.00869173967493131,-0.0418741455078125,-0.3762696533203125,0,2.586206896551724,1,0,0.026584459352685243,-0.2879742166546957,-0.010999999999999899,0.00869173967493131,0.03590001858618723,0.18915492080878996,-0.026798766666665967,0.07883115380098339,0,0,0,0,0,0,0,0
-0.03018617593250923,2.8560248364273986,1.017,-0.008639379797371838,-0.05165659332275391,-0.2728034362792969,0,2.586206896551724,1,0,0.03018617593250923,-0.2698179398756744,-0.016999999999999904,0.008639379797371838,0.04143508360223844,0.1598441243505065,-0.04890846774193542,0.07851424410539634,0,0,0,0,0,0,0,0
-0.032568421803743176,2.8435928995151607,1.022,-0.00792379480405403,-0.03412131118774414,-0.1867808074951172,0,2.586206896551724,1,0,0.032568421803743176,-0.2573860029634365,-0.02200000000000002,0.00792379480405403,0.0332375340196082,0.11734170343269998,-0.04164499743589795,0.07411661161723063,0,0,0,0,0,0,0,0
-0.03298808284058456,2.838584140769696,1.026,-0.007260569688296137,-0.005699398517608642,-0.07517890167236328,0,2.586206896551724,1,0,0.03298808284058456,-0.2523772442179717,-0.026000000000000023,0.007260569688296137,0.025297074857779947,0.09029821134316035,-0.04479512222222225,0.06992093197086997,0,0,0,0,0,0,0,0
-0.032189046228586676,2.8380145764325557,1.029,-0.007941248096573705,0.012047263145446777,-0.008456218719482421,0,2.586206896551724,1,0,0.032189046228586676,-0.2518076798808315,-0.028999999999999915,0.007941248096573705,0.01825498788212291,0.06441063097003676,-0.04208818387096705,0.07422540666785703,0,0,0,0,0,0,0,0
-0.030944650492578205,2.8421588196522065,1.029,-0.008639379797371838,0.018171695709228514,0.06230991744995117,0,2.586206896551724,1,0,0.030944650492578205,-0.2559519231004823,-0.028999999999999915,0.008639379797371838,0.015425122219331374,0.034487156253802,-0.025335399999999918,0.07851424410539634,0,0,0,0,0,0,0,0
-0.027598071203271866,2.850151640457744,1.03,-0.008377580409572705,0.049161033630371095,0.12032151794433593,0,2.586206896551724,1,0,0.027598071203271866,-0.26394474390601985,-0.030000000000000027,0.008377580409572705,0.0019442704016426095,0.00675709926941484,-0.031966561290323214,0.07691997708306132,0,0,0,0,0,0,0,0
-0.02343271857108032,2.860396626491339,1.032,-0.007888888219014234,0.061190689086914066,0.15419282531738282,0,2.586206896551724,1,0,0.02343271857108032,-0.27418972993961477,-0.03200000000000003,0.007888888219014234,0.00024566426134966374,-0.0013544022053936094,-0.03714535897435899,0.0738987815557953,0,0,0,0,0,0,0,0
-0.018606127071822468,2.8716076165436246,1.033,-0.007400196028455763,0.07106999969482422,0.1687307586669922,0,2.586206896551724,1,0,0.018606127071822468,-0.2854007199919004,-0.03299999999999992,0.007400196028455763,-0.010174125217786965,-0.02507010865935158,-0.03473445555555486,0.07081450531236065,0,0,0,0,0,0,0,0
-0.012752579889478753,2.8842245550857495,1.032,-0.008185594191853163,0.08640029907226562,0.18989865112304688,0,2.586206896551724,1,0,0.012752579889478753,-0.2980176585340253,-0.03200000000000003,0.008185594191853163,-0.01925165356038843,-0.042167662405453665,-0.02293213870967805,0.07574027594740101,0,0,0,0,0,0,0,0
-0.00699876817979186,2.897236581524656,1.033,-0.00712094334813651,0.08470663452148437,0.1958803253173828,0,2.586206896551724,1,0,0.00699876817979186,-0.3110296849729317,-0.03299999999999992,0.00712094334813651,-0.021005869820227258,-0.051697545351556365,-0.03514075555555486,0.06902161178214253,0,0,0,0,0,0,0,0
0.001132303097339442,2.909045983906691,1.033,-0.006702064327657631,0.12070157623291015,0.17800505065917968,0,2.586206896551724,1,0,-0.001132303097339442,-0.3228390873549669,-0.03299999999999992,0.006702064327657631,-0.0390140139511402,-0.05398079430138085,-0.029789799999999922,0.06628762679367842,0,0,0,0,0,0,0,0
0.007385080871154755,2.9207868049680585,1.031,-0.007696902001294692,0.0926092529296875,0.17673695373535156,0,2.586206896551724,1,0,-0.007385080871154755,-0.33457990841633434,-0.030999999999999917,0.007696902001294692,-0.031023374323994685,-0.06051986074044252,-0.017273988888888796,0.07269491742591358,0,0,0,0,0,0,0,0
0.013642069957284937,2.931373945982312,1.03,-0.009005898940290358,0.09262974548339843,0.15952479553222657,0,2.586206896551724,1,0,-0.013642069957284937,-0.3451670494305876,-0.030000000000000027,0.009005898940290358,-0.027596855792541914,-0.05078535254589827,-0.023331920512821014,0.08071943666753541,0,0,0,0,0,0,0,0
0.0188697890348441,2.939429999604765,1.027,-0.009477137838329153,0.0773243408203125,0.12154209899902343,0,2.586206896551724,1,0,-0.0188697890348441,-0.3532231030530406,-0.026999999999999913,0.009477137838329153,-0.03129624568766931,-0.05428813637739706,-0.008922533333332622,0.08351122885684942,0,0,0,0,0,0,0,0
0.02332734523784516,2.94564174423821,1.025,-0.009459684545809033,0.06597731018066406,0.09380564880371094,0,2.586206896551724,1,0,-0.02332734523784516,-0.3594348476864857,-0.02499999999999991,0.009459684545809033,-0.029790393292045782,-0.04993295164179693,-0.012853877419354745,0.08340866669291144,0,0,0,0,0,0,0,0
0.026896133328965007,2.9492493183172486,1.026,-0.008953539062730886,0.053017536163330076,0.054617576599121094,0,2.586206896551724,1,0,-0.026896133328965007,-0.36304242176552437,-0.026000000000000023,0.008953539062730886,-0.026407209757180684,-0.03899968380522729,-0.03066355555555618,0.0804062666831426,0,0,0,0,0,0,0,0
0.028591129021690687,2.951176136961327,1.024,-0.00792379480405403,0.02516514205932617,0.029128761291503907,0,2.586206896551724,1,0,-0.028591129021690687,-0.36496924040960277,-0.02400000000000002,0.00792379480405403,-0.01717389616909515,-0.03306102622394779,-0.012366477419354833,0.07411661161723063,0,0,0,0,0,0,0,0
0.029769822905874675,2.950308040080065,1.023,-0.007801621756414523,0.017783031463623047,-0.01288094997406006,0,2.586206896551724,1,0,-0.029769822905874675,-0.364101143528341,-0.02299999999999991,0.007801621756414523,-0.013715934676788753,-0.020694458161332443,-0.01854902051281992,0.07335279556899821,0,0,0,0,0,0,0,0
0.030922482241143433,2.948035940541164,1.021,-0.00792379480405403,0.017555252075195312,-0.0339455680847168,0,2.586206896551724,1,0,-0.030922482241143433,-0.3618290439894398,-0.020999999999999908,0.00792379480405403,-0.015601727937483347,-0.013110462671379995,-0.010457388888888787,0.07411661161723063,0,0,0,0,0,0,0,0
0.02956205631082291,2.9433296926394905,1.019,-0.006981317007977328,-0.019846384048461913,-0.0707531967163086,0,2.586206896551724,1,0,-0.02956205631082291,-0.3571227960877663,-0.018999999999999906,0.006981317007977328,-0.0010213129475383654,0.0009732532047841518,-0.008795977419354735,0.06811639399053813,0,0,0,0,0,0,0,0
0.029571661678074016,2.93761392131051,1.02,-0.006597344572538244,0.0007426263093948364,-0.08573347473144531,0,2.586206896551724,1,0,-0.029571661678074016,-0.3514070247587857,-0.020000000000000018,0.006597344572538244,-0.008945604051327332,0.006804031297108264,-0.026567855555556172,0.0655953199120006,0,0,0,0,0,0,0,0
0.028065280477836834,2.9283433770467036,1.016,-0.007452555906015679,-0.021677818298339844,-0.13920420837402345,0,2.586206896551724,1,0,-0.028065280477836834,-0.34213648049497936,-0.016000000000000014,0.007452555906015679,0.00019070980127232004,0.029897489707200908,0.004669145161290345,0.07114814332729033,0,0,0,0,0,0,0,0
0.025960409216573627,2.9184026677254287,1.015,-0.008517206749731887,-0.030460947036743163,-0.149341796875,0,2.586206896551724,1,0,-0.025960409216573627,-0.33219577117370447,-0.014999999999999902,0.008517206749731887,0.001981824546659917,0.024548746688860347,-0.012741320512819915,0.07777228683835977,0,0,0,0,0,0,0,0
0.02250136800451415,2.907568792258738,1.016,-0.009372418083209322,-0.050499637603759764,-0.16294415283203126,0,2.586206896551724,1,0,-0.02250136800451415,-0.3213618957070139,-0.016000000000000014,0.009372418083209322,0.01991947111298769,0.06452733258649085,-0.025550508510639124,0.08289490631501929,0,0,0,0,0,0,0,0
0.019540879805155568,2.895958925599663,1.012,-0.009250245035569815,-0.04277320861816406,-0.17455654907226562,0,2.586206896551724,1,0,-0.019540879805155568,-0.30975202904793875,-0.01200000000000001,0.009250245035569815,0.008772720733772405,0.0393339595823988,0.0029514179487179753,0.08217295427891717,0,0,0,0,0,0,0,0
0.01696703021603367,2.8845801485867613,1.008,-0.009634217471008455,-0.03702726745605469,-0.17103147888183592,0,2.586206896551724,1,0,-0.01696703021603367,-0.29837325203503706,-0.008000000000000007,0.009634217471008455,0.010967675701784113,0.05426346892899164,0.010374522222222255,0.0844314743596829,0,0,0,0,0,0,0,0
0.012537364593591595,2.874081012167292,1.005,-0.008569566627291803,-0.06492465972900391,-0.158119873046875,0,2.586206896551724,1,0,-0.012537364593591595,-0.28787411561556775,-0.004999999999999893,0.008569566627291803,0.023413612190066522,0.052812538024612804,0.0071874666666674,0.07809070003122295,0,0,0,0,0,0,0,0
0.009497860049489316,2.8631118493884067,1,-0.008604473212331598,-0.0441808967590332,-0.16492210388183592,0,2.586206896551724,1,0,-0.009497860049489316,-0.2769049528366825,0,0.008604473212331598,0.017423717665925063,0.06017446614935999,0.02274660645161232,0.0783026152547062,0,0,0,0,0,0,0,0
0.007669284446112155,2.852621770808805,0.995,-0.008185594191853163,-0.026073711395263672,-0.15758135986328126,0,2.586206896551724,1,0,-0.007669284446112155,-0.26641487425708066,0.0050000000000000044,0.008185594191853163,0.011289948933572703,0.060096612955852176,0.02633007777777782,0.07574027594740101,0,0,0,0,0,0,0,0
0.0060845401401397655,2.8437437918264763,0.991,-0.008255407361932754,-0.022680307388305666,-0.13335980224609376,0,2.586206896551724,1,0,-0.0060845401401397655,-0.2575368952747521,0.009000000000000008,0.008255407361932754,0.010831980796729153,0.054778282652530395,0.024388745161290366,0.07617031444033806,0,0,0,0,0,0,0,0
0.004614911322322537,2.838481304239311,0.988,-0.008587019919811922,-0.02139202880859375,-0.07911660766601562,0,2.586206896551724,1,0,-0.004614911322322537,-0.2522744076875867,0.01200000000000001,0.008587019919811922,0.009179149971266502,0.028937889131476584,0.017763238461538506,0.0781966935364933,0,0,0,0,0,0,0,0
0.003858541815374536,2.833076599287953,0.988,-0.009878563566287912,-0.010648978233337403,-0.08116500854492187,0,2.586206896551724,1,0,-0.003858541815374536,-0.246869702736229,0.01200000000000001,0.009878563566287912,0.007140590442604117,0.03649737474590574,0.004377300000000031,0.08585309222781054,0,0,0,0,0,0,0,0
0.0036430859201902047,2.829362661018676,0.986,-0.009023352232810478,-0.0026813640594482422,-0.05573828125,0,2.586206896551724,1,0,-0.0036430859201902047,-0.24315576446695175,0.014000000000000012,0.009023352232810478,0.0042399617203797094,0.027786420074566897,0.0173544225806452,0.08082369168940905,0,0,0,0,0,0,0,0
0.004860854044583117,2.827607307126172,0.984,-0.006859143960337821,0.01850336265563965,-0.026164413452148438,0,2.586206896551724,1,0,-0.004860854044583117,-0.24140041057444783,0.016000000000000014,0.006859143960337821,-0.0043812074704135204,0.01592945995129453,0.018876011111111153,0.06731936666387209,0,0,0,0,0,0,0,0
0.007020148041568586,2.825506600207041,0.985,-0.006038839211900182,0.032604782104492185,-0.03128770065307617,0,2.586206896551724,1,0,-0.007020148041568586,-0.2392997036553166,0.015000000000000013,0.006038839211900182,-0.010928563804122757,0.017603018560923347,0.001412738709677448,0.06183898991037631,0,0,0,0,0,0,0,0
0.010092073487139168,2.82363968561675,0.988,-0.006684611035138399,0.04624715042114258,-0.027724946975708008,0,2.586206896551724,1,0,-0.010092073487139168,-0.23743278906502585,0.01200000000000001,0.006684611035138399,-0.017404796179060853,0.015553567626604215,-0.01193316666666665,0.06617249410129579,0,0,0,0,0,0,0,0
0.012418802836738702,2.822831181941565,0.99,-0.007051130178056919,0.03498122787475586,-0.011893986701965332,0,2.586206896551724,1,0,-0.012418802836738702,-0.2366242853898406,0.010000000000000009,0.007051130178056919,-0.012039227250336564,0.00736830342091906,-0.005762858974358953,0.0685697497792655,0,0,0,0,0,0,0,0
0.015513187688812656,2.822673526840011,0.992,-0.006143558967020013,0.046431293487548826,-0.0020374867916107178,0,2.586206896551724,1,0,-0.015513187688812656,-0.23646663028828696,0.008000000000000007,0.006143558967020013,-0.020710450814591125,0.0032431252338204174,-0.00962922258064514,0.06255184110333735,0,0,0,0,0,0,0,0
0.019091157707412543,2.8212201809792807,0.994,-0.006405358354818702,0.05380246734619141,-0.021470056533813477,0,2.586206896551724,1,0,-0.019091157707412543,-0.23501328442755653,0.006000000000000005,0.006405358354818702,-0.025029019747603135,0.009673369666504169,-0.011012211111111093,0.06431649427087123,0,0,0,0,0,0,0,0
0.024307941016989337,2.820242278617213,0.994,-0.006510078109938533,0.07834410095214844,-0.014167007446289062,0,2.586206896551724,1,0,-0.024307941016989337,-0.23403538206548902,0.006000000000000005,0.006510078109938533,-0.03736009262147688,0.00615757436806588,0.00013610000000002787,0.06501559515738234,0,0,0,0,0,0,0,0
0.028532931005930275,2.8194048303355905,0.996,-0.006928957130416968,0.06345528411865234,-0.012148885726928712,0,2.586206896551724,1,0,-0.028532931005930275,-0.23319793378386633,0.0040000000000000036,0.006928957130416968,-0.033674928487288314,0.0042392254194396775,-0.012549811111111094,0.06777538486778827,0,0,0,0,0,0,0,0
0.03148499383175711,2.818964197282071,0.997,-0.00626573201465952,0.044325675964355465,-0.006302518844604492,0,2.586206896551724,1,0,-0.03148499383175711,-0.23275730073034673,0.0030000000000000027,0.00626573201465952,-0.02517081200377729,-0.0000312558538301793,-0.006702479487179466,0.06337840231068055,0,0,0,0,0,0,0,0
0.035397432261724836,2.8183760298673444,0.995,-0.0050963614158234805,0.05874070358276367,-0.008454626083374023,0,2.586206896551724,1,0,-0.035397432261724836,-0.23216913331562017,0.0050000000000000044,0.0050963614158234805,-0.03583936834047098,0.00009055946299915511,0.010527311111111146,0.055224724191933305,0,0,0,0,0,0,0,0
0.03783350093686941,2.8162844936128506,0.995,-0.0033510321638292595,0.036700443267822264,-0.031186410903930664,0,2.586206896551724,1,0,-0.03783350093686941,-0.2300775970611264,0.0050000000000000044,0.0033510321638292595,-0.02930820191396916,0.008249309241160647,-0.000552799999999974,0.0417585881724691,0,0,0,0,0,0,0,0
0.041297520532588894,2.815848333247072,0.998,-0.004433136300065588,0.05198192596435547,-0.006368248462677002,0,2.586206896551724,1,0,-0.041297520532588894,-0.22964143669534787,0.0020000000000000018,0.004433136300065588,-0.03679293881524336,-0.0023632979850911635,-0.019606866666666656,0.0503231091578733,0,0,0,0,0,0,0,0
0.04359696455207379,2.815546295088612,0.997,-0.0060039326268603865,0.03451140594482422,-0.004377622127532959,0,2.586206896551724,1,0,-0.04359696455207379,-0.2293393985368879,0.0030000000000000027,0.0060039326268603865,-0.03194914106371587,-0.004352242199665421,0.00352356129032261,0.06160045920280731,0,0,0,0,0,0,0,0
0.04435393212433762,2.8147940786186525,0.998,-0.007190756518216546,0.011422052383422851,-0.011214872360229493,0,2.586206896551724,1,0,-0.04435393212433762,-0.2285871820669283,0.0020000000000000018,0.007190756518216546,-0.02383169765563694,-0.0029423069433813726,-0.008464555555555536,0.0694719994945396,0,0,0,0,0,0,0,0
0.04583910058218469,2.813602159100875,0.996,-0.006318091892219435,0.022405511856079103,-0.0177181396484375,0,2.586206896551724,1,0,-0.04583910058218469,-0.22739526254915088,0.0040000000000000036,0.006318091892219435,-0.027390668906693144,-0.002950653810500784,0.0076965589743590085,0.06373099539037756,0,0,0,0,0,0,0,0
0.04386726902995971,2.8132271768535166,0.996,-0.005148721293382952,-0.029541345596313478,-0.005811493396759033,0,2.586206896551724,1,0,-0.04386726902995971,-0.22702028030179244,0.0040000000000000036,0.005148721293382952,-0.008881205609851894,-0.0074022099678863595,-0.0012529999999999738,0.05560233097639525,0,0,0,0,0,0,0,0
0.042407346810354386,2.8123616680123162,0.994,-0.004293509959905961,-0.02183169937133789,-0.013095211029052735,0,2.586206896551724,1,0,-0.042407346810354386,-0.22615477146059204,0.006000000000000005,0.004293509959905961,-0.011439038936804272,-0.005702683423720556,0.011495911111111149,0.04926083010940314,0,0,0,0,0,0,0,0
0.04051951874133487,2.8117640687301835,0.991,-0.005305800926062698,-0.02827867317199707,-0.009085487365722657,0,2.586206896551724,1,0,-0.04051951874133487,-0.22555717217845928,0.009000000000000008,0.005305800926062698,-0.008199930978284753,-0.008237176366653495,0.019776083870967784,0.05672755214118017,0,0,0,0,0,0,0,0
0.03910740541962963,2.8106094085023217,0.989,-0.005288347633542578,-0.021089506149291993,-0.017432044982910157,0,2.586206896551724,1,0,-0.03910740541962963,-0.22440251195059746,0.01100000000000001,0.005288347633542578,-0.010552270900115597,-0.00603234736895506,0.015621011111111152,0.05660308131150997,0,0,0,0,0,0,0,0
0.03583415027021285,2.809234047424891,0.986,-0.005689773361501338,-0.04898904037475586,-0.02088977813720703,0,2.586206896551724,1,0,-0.03583415027021285,-0.22302715087316693,0.014000000000000012,0.005689773361501338,-0.002352540344220848,-0.007327565636615911,0.020480638461538508,0.05943241637702313,0,0,0,0,0,0,0,0
0.031755628783831674,2.8073917600851703,0.985,-0.006806784082777462,-0.06101959991455078,-0.027981948852539063,0,2.586206896551724,1,0,-0.031755628783831674,-0.22118486353344613,0.015000000000000013,0.006806784082777462,0.007457429276981623,-0.003736448956011976,0.013469155555555595,0.06697633711378093,0,0,0,0,0,0,0,0
0.026724716738517548,2.80710344387076,0.982,-0.0065624379874988925,-0.0754324951171875,-0.004838304042816162,0,2.586206896551724,1,0,-0.026724716738517548,-0.22089654731903563,0.018000000000000016,0.0065624379874988925,0.015549049286967155,-0.013569187574337829,0.02736068387096779,0.06536373860493272,0,0,0,0,0,0,0,0
0.02113162975227838,2.8058604235828417,0.982,-0.007033676885536799,-0.08377214050292969,-0.01919546318054199,0,2.586206896551724,1,0,-0.02113162975227838,-0.2196535270311175,0.018000000000000016,0.007033676885536799,0.020884859058528965,-0.009053417917425534,0.010538600000000037,0.06845655164593994,0,0,0,0,0,0,0,0
0.01710555361993088,2.803622139724788,0.981,-0.007539822368614946,-0.06015349960327149,-0.03399819564819336,0,2.586206896551724,1,0,-0.01710555361993088,-0.21741524317306382,0.019000000000000017,0.007539822368614946,0.014446986347372424,-0.0035524453700448762,0.01710156129032262,0.07170247594491111,0,0,0,0,0,0,0,0
0.012929176336890237,2.8012161395260624,0.985,-0.00802851455917386,-0.062371768951416016,-0.03656130981445312,0,2.586206896551724,1,0,-0.012929176336890237,-0.2150092429743382,0.015000000000000013,0.00802851455917386,0.016927968060643034,-0.002972809122961148,-0.013871322222222206,0.07476819144753336,0,0,0,0,0,0,0,0
0.00640433816908777,2.7972117517529007,0.985,-0.00712094334813651,-0.09738718414306641,-0.06084964370727539,0,2.586206896551724,1,0,-0.00640433816908777,-0.2110048552011765,0.015000000000000013,0.00712094334813651,0.03378234808150126,0.006959901739168026,0.008443900000000035,0.06902161178214253,0,0,0,0,0,0,0,0
0.002536671094500578,2.793371557451808,0.984,-0.006510078109938533,-0.05760335159301758,-0.05801457214355469,0,2.586206896551724,1,0,-0.002536671094500578,-0.20716466090008367,0.016000000000000014,0.006510078109938533,0.016217548094087094,0.001890340780847672,0.013855879487179527,0.06501559515738234,0,0,0,0,0,0,0,0
-0.000022596341652691773,2.7893662508612582,0.984,-0.006981317007977328,-0.03799707794189453,-0.06032823944091797,0,2.586206896551724,1,0,0.000022596341652691773,-0.20315935430953402,0.016000000000000014,0.006981317007977328,0.01436056023186272,0.007633152330156483,0.009469500000000037,0.06811639399053813,0,0,0,0,0,0,0,0
-0.003913417424040351,2.7852652556420052,0.983,-0.009756390518647962,-0.057931442260742184,-0.06192087173461914,0,2.586206896551724,1,0,0.003913417424040351,-0.19905835909028102,0.017000000000000015,0.009756390518647962,0.024076394099877694,0.009348564296116853,0.016020061290322622,0.08514376683788251,0,0,0,0,0,0,0,0
-0.006300889383047348,2.7781068122209023,0.983,-0.012409290981679089,-0.03476278305053711,-0.10772093200683594,0,2.586206896551724,1,0,0.006300889383047348,-0.19189991566917808,0.017000000000000015,0.012409290981679089,0.016609246226223003,0.02833716719166607,0.010482000000000036,0.0999519769415471,0,0,0,0,0,0,0,0
-0.009678219257187964,2.7702027784782435,0.986,-0.016057029118347277,-0.04918483352661133,-0.11918001556396485,0,2.586206896551724,1,0,0.009678219257187964,-0.18399588192651928,0.014000000000000012,0.016057029118347277,0.024159754887242087,0.03599882479927344,-0.008766683870967719,0.118687105757572,0,0,0,0,0,0,0,0
-0.012264372752764987,2.7612308993549206,0.988,-0.017767451785302146,-0.036626468658447264,-0.13518370056152343,0,2.586206896551724,1,0,0.012264372752764987,-0.1750240028031964,0.01200000000000001,0.017767451785302146,0.01808745678840427,0.03475846378123724,-0.002311958974358949,0.12697264695159338,0,0,0,0,0,0,0,0
-0.013664459955624476,2.7491168726469364,0.987,-0.0176103721526224,-0.01776963233947754,-0.18205484008789063,0,2.586206896551724,1,0,0.013664459955624476,-0.16290997609521218,0.013000000000000012,0.0176103721526224,0.015047313809611978,0.0668308606998914,0.013099855555555595,0.126223174590739,0,0,0,0,0,0,0,0
-0.01215641811478297,2.735752327398977,0.989,-0.015969762655747566,0.026147256851196288,-0.20003875732421875,0,2.586206896551724,1,0,0.01215641811478297,-0.1495454308472528,0.01100000000000001,0.015969762655747566,-0.001786394141691166,0.07951832233161758,-0.005097511111111088,0.11825668955214602,0,0,0,0,0,0,0,0
-0.009811603012967803,2.7226279879594535,0.99,-0.013351768777756234,0.038311496734619144,-0.1962783203125,0,2.586206896551724,1,0,0.009811603012967803,-0.1364210914077293,0.010000000000000009,0.013351768777756234,-0.007756818972751879,0.08507622064992919,-0.00036956129032255335,0.10495084622976139,0,0,0,0,0,0,0,0
-0.009101578556400685,2.7082187791941865,0.994,-0.011623892818282133,0.013535158157348633,-0.21597666931152343,0,2.586206896551724,1,0,0.009101578556400685,-0.12201188264246232,0.006000000000000005,0.011623892818282133,0.0011732554543500114,0.09877764594098923,-0.02046784516129031,0.09568880714446358,0,0,0,0,0,0,0,0
-0.006845095768634214,2.6947737967099346,0.996,-0.010663961729684868,0.03618914794921875,-0.20126768493652344,0,2.586206896551724,1,0,0.006845095768634214,-0.10856690015821036,0.0040000000000000036,0.010663961729684868,-0.008439674746387314,0.09816820530098971,-0.010573111111111092,0.09034534793170565,0,0,0,0,0,0,0,0
-0.007735289448882612,2.6819686667747304,0.998,-0.01043706892692553,-0.01130388355255127,-0.1922084197998047,0,2.586206896551724,1,0,0.007735289448882612,-0.09576177022300625,0.0020000000000000018,0.01043706892692553,0.008596231660657098,0.08658839770203502,-0.010020758974358956,0.08905926581559749,1430810511590,0,0,0,0,0,0,0
-0.00731067388705783,2.6692886909738007,1.001,-0.009581857593448984,0.008353977203369141,-0.190122802734375,0,2.586206896551724,1,0,0.00731067388705783,-0.08308179442207653,-0.0009999999999998899,0.009581857593448984,0.0020765469601347363,0.10539036392689007,-0.02011936666666595,0.08412528545584023,1430810511590,0,0,0,0,0,0,0
-0.008339124353032853,2.6601929356850986,1.003,-0.009267698328089935,-0.014118755340576172,-0.136577880859375,0,2.586206896551724,1,0,0.008339124353032853,-0.07398603913337443,-0.0029999999999998916,0.009267698328089935,0.010807218867118478,0.09038222378547706,-0.01636162258064506,0.08227628400894672,1430810511590,0,0,0,0,0,0,0
-0.010237533743286443,2.651565218617568,1.004,-0.007766715171374727,-0.027275548934936524,-0.12967410278320313,0,2.586206896551724,1,0,0.010237533743286443,-0.06535832206584402,-0.0040000000000000036,0.007766715171374727,0.016561870100033727,0.09086908071447948,-0.011452055555556156,0.07313383179659101,1430810511590,0,0,0,0,0,0,0
-0.013068121043696456,2.6475405680085724,1.008,-0.006405358354818702,-0.0419886589050293,-0.06069770050048828,0,2.586206896551724,1,0,0.013068121043696456,-0.061333671456848204,-0.008000000000000007,0.006405358354818702,0.023490589123120787,0.0672891775946413,-0.031726745161290315,0.06431649427087123,1430810511590,0,0,0,0,0,0,0
-0.015521109681363172,2.6474126859225064,1.008,-0.007801621756414523,-0.03678178787231445,-0.0021538743972778322,0,2.586206896551724,1,-0.006405358354818703,0.015521109681363172,-0.06120578937078225,-0.008000000000000007,0.00139626340159582,0.007760554840681586,-0.030602894685391124,-0.006400000000000006,0.023295479059638607,1430810511590,0,0,0,0,0,0,0
-0.01832926667311424,2.6498377161304134,1.007,-0.012863076587198208,-0.04240485763549805,0.03604572677612305,0,2.586206896551724,1,-0.006405358354818703,0.01832926667311424,-0.06363081957868921,-0.006999999999999895,0.006457718232379505,0.021908306066772448,-0.043193275986769114,-0.0011674205128199269,0.06466651708534747,1430810511981,0,0,0,0,0,0,0
-0.022851185312336937,2.654666021570645,1.005,-0.016022122533307925,-0.06875474548339844,0.07154612731933593,0,2.586206896551724,1,-0.006405358354818703,0.022851185312336937,-0.06845912501892082,-0.004999999999999893,0.009616764178489223,0.037237198345283384,-0.06240689244634088,0.007204722580645256,0.08432947316705208,1430810512043,0,0,0,0,0,0,0
-0.029656706771285637,2.6605069766622567,1.006,-0.01811651763570099,-0.10347342681884765,0.08596756744384766,0,2.586206896551724,1,-0.006405358354818703,0.029656706771285637,-0.07430008011053246,-0.006000000000000005,0.011711159280882288,0.053108288817003704,-0.07098864803674725,-0.010478955555556179,0.09616713284099201,1430810512106,0,0,0,0,0,0,0
-0.03546269878719555,2.6660199274108107,1.003,-0.017907078125461773,-0.08857363891601562,0.08110301208496094,0,2.586206896551724,1,-0.006405358354818703,0.03546269878719555,-0.07981303085908653,-0.0029999999999998916,0.01150171977064307,0.05119846238786088,-0.07291170985458936,0.014393483870968473,0.09501713494599805,1430810512168,0,0,0,0,0,0,0
-0.03983763391181564,2.672784719475238,0.999,-0.016336281798666974,-0.06743047332763671,0.10028054046630859,0,2.586206896551724,1,-0.006405358354818703,0.03983763391181564,-0.0865778229235139,0.0010000000000000009,0.009930923443848272,0.04516634080045702,-0.08330022814573648,0.022886522222221626,0.08615619268147064,1430810512231,0,0,0,0,0,0,0
-0.0480291439879909,2.679514077482667,0.997,-0.016022122533307925,-0.12450517272949219,0.09891970825195312,0,2.586206896551724,1,-0.006405358354818703,0.0480291439879909,-0.09330718093094292,0.0030000000000000027,0.009616764178489223,0.07149707698580388,-0.08764954486777582,0.013573222580645174,0.08432947316705208,1430810512293,0,0,0,0,0,0,0
-0.054389568786082025,2.684780810165051,0.993,-0.015969762655747566,-0.09665983581542968,0.07746230316162109,0,2.586206896551724,1,-0.006405358354818703,0.054389568786082025,-0.09857391361332679,0.007000000000000006,0.009564404300928864,0.05704366859368036,-0.07640695960228222,0.023259718987341794,0.0840230986372622,1430810512372,0,0,0,0,0,0,0
-0.058979540229006845,2.689122939989483,0.989,-0.01589994948566842,-0.06988088989257812,0.06402417755126953,0,2.586206896551724,1,-0.006405358354818703,0.058979540229006845,-0.10291604343775873,0.01100000000000001,0.009494591130849717,0.05743635937111506,-0.08039450137822088,0.031387045161290344,0.0836137280798705,0,0,0,0,0,0,0,0
-0.06534920625228371,2.6937251284727903,0.987,-0.013665928043114839,-0.09663048553466796,0.0675050048828125,0,2.586206896551724,1,-0.006405358354818703,0.06534920625228371,-0.10751823192106613,0.013000000000000012,0.007260569688296136,0.07050879673150688,-0.08442865107469116,0.021599411111111133,0.06992093197086997,0,0,0,0,0,0,0,0
-0.0728470911662768,2.696816410989044,0.984,-0.012479104151759124,-0.1130914306640625,0.044827972412109375,0,2.586206896551724,1,-0.006405358354818703,0.0728470911662768,-0.11060951443731959,0.016000000000000014,0.006073745796940421,0.08164912736685248,-0.07854314592438204,0.02992298387096777,0.06207706146071623,0,0,0,0,0,0,0,0
-0.07563124280563303,2.698537058832433,0.984,-0.011292280260402965,-0.042081096649169925,0.025286565780639647,0,2.586206896551724,1,-0.006405358354818703,0.07563124280563303,-0.11233016228070891,0.016000000000000014,0.004886921905584262,0.0566584194479733,-0.0722195161557364,0.013088300000000015,0.05370116104871458,0,0,0,0,0,0,0,0
-0.07854860122626464,2.698650821532189,0.983,-0.012479104151759124,-0.04377685546875,0.0012121877670288085,0,2.586206896551724,1,-0.006405358354818703,0.07854860122626464,-0.11244392498046496,0.017000000000000015,0.006073745796940421,0.05635297950212784,-0.06410477908771732,0.01850807948717951,0.06207706146071623,0,0,0,0,0,0,0,0
-0.08103953706408037,2.697581468487676,0.985,-0.013212142437597052,-0.03716096496582031,-0.01650530433654785,0,2.586206896551724,1,-0.006405358354818703,0.08103953706408037,-0.11137457193595202,0.015000000000000013,0.006806784082778349,0.059071916257339124,-0.057713480846139184,0.0012235774193548443,0.06697633711378674,0,0,0,0,0,0,0,0
-0.0818678022704067,2.694659295717438,0.986,-0.014835298641951322,-0.011843788146972655,-0.043992908477783206,0,2.586206896551724,1,-0.006405358354818703,0.0818678022704067,-0.10845239916571359,0.014000000000000012,0.00842994028713262,0.05054155481497082,-0.046738021820345754,0.006246544444444453,0.07724014405751278,0,0,0,0,0,0,0,0
-0.080157718505082,2.6902352712751534,0.985,-0.014660765716752344,0.02663287353515625,-0.0659725341796875,0,2.586206896551724,1,-0.006405358354818703,0.080157718505082,-0.10402837472342918,0.015000000000000013,0.008255407361933642,0.035928318743340355,-0.036430947161455236,0.018340261290322596,0.07617031444034354,0,0,0,0,0,0,0,0
-0.0779434547721082,2.6854010689067676,0.988,-0.014625859131712549,0.03427344512939453,-0.07201831817626952,0,2.586206896551724,1,-0.006405358354818703,0.0779434547721082,-0.09919417235504335,0.01200000000000001,0.008220500776893847,0.032664464133949994,-0.032756420967758215,-0.006295966666666668,0.07595544736653208,1430810512950,0,0,0,0,0,0,0
-0.07567706709398954,2.677492256889314,0.987,-0.014329153158873176,0.03572721481323242,-0.1181222915649414,0,2.586206896551724,1,-0.006405358354818703,0.07567706709398954,-0.0912853603375896,0.013000000000000012,0.007923794804054474,0.03150780930468161,-0.011578144564122199,0.016896461290322597,0.07411661161723339,1430810512950,0,0,0,0,0,0,0
-0.07092734414657197,2.671129525920055,0.994,-0.013473941825396185,0.07260607147216797,-0.09441030883789063,0,2.586206896551724,1,-0.006405358354818703,0.07092734414657197,-0.08492262936833095,0.006000000000000005,0.007068583470577482,0.021444321489791945,-0.025524872884104415,-0.02531395822784812,0.06868285455320282,1430810512950,0,0,0,0,0,0,0
-0.06456736155881868,2.6642292936386727,0.993,-0.013665928043114839,0.09678563690185547,-0.1022087173461914,0,2.586206896551724,1,-0.006405358354818703,0.06456736155881868,-0.07802239708694847,0.007000000000000006,0.007260569688296136,0.0038045966753878294,-0.011794885857023811,0.012187261290322594,0.06992093197086997,1430810512950,0,0,0,0,0,0,0
-0.05852138652721686,2.6563918842194743,0.997,-0.01221730476395999,0.09228768920898438,-0.11631084442138671,0,2.586206896551724,1,-0.006405358354818703,0.05852138652721686,-0.07018498766775005,0.0030000000000000027,0.005811946409141288,0.00346467123065327,-0.003730107298834877,-0.018861222222222234,0.060280171180321834,1430810513216,0,0,0,0,0,0,0
-0.05347237426991312,2.6486706560956743,1.014,-0.011972958668680977,0.07714448547363281,-0.114884521484375,0,2.586206896551724,1,-0.006405358354818703,0.05347237426991312,-0.062463759543950115,-0.014000000000000012,0.0055676003138622745,0.006357955448745189,-0.00021035386787313093,-0.10629354193548396,0.05857857148421887,1430810513278,0,0,0,0,0,0,0
-0.05064069743476539,2.6406901984871083,1.005,-0.013299408900196763,0.043905319213867186,-0.11918974304199219,0,2.586206896551724,1,-0.006405358354818703,0.05064069743476539,-0.05448330193538409,-0.004999999999999893,0.00689405054537806,0.01803210400126268,0.0041849276191361015,0.04684270000000074,0.0675475681794923,1430810513341,0,0,0,0,0,0,0
-0.04398048180013195,2.631916691984096,1.004,-0.01382300767579503,0.10164458465576172,-0.13026234436035156,0,2.586206896551724,1,-0.006405358354818703,0.04398048180013195,-0.04570979543237197,-0.0040000000000000036,0.007417649320976326,-0.006891778341684189,0.013480263827014297,0.003263061290321959,0.07092580515286762,1430810513403,0,0,0,0,0,0,0
-0.03744260742791224,2.6235423658999935,1.004,-0.01382300767579503,0.0997950668334961,-0.12424733734130859,0,2.586206896551724,1,-0.006405358354818703,0.03744260742791224,-0.03733546934826926,-0.0040000000000000036,0.007417649320976326,-0.0016072874768031237,0.005425455140489525,-0.0024132999999999993,0.07092580515286762,1430810513481,0,0,0,0,0,0,0
-0.03257408534887368,2.6153286726214655,1.005,-0.013316862192716439,0.07472386932373047,-0.12218419647216797,0,2.586206896551724,1,-0.006405358354818703,0.03257408534887368,-0.029121776069741312,-0.004999999999999893,0.006911503837897736,-0.0015470608893913274,0.017403359692131568,-0.008800355555554853,0.06766152446492062,1430810513544,0,0,0,0,0,0,0
-0.026082010644762083,2.608528784520535,1.006,-0.012182398178920195,0.09873074340820312,-0.1006925048828125,0,2.586206896551724,1,-0.006405358354818703,0.026082010644762083,-0.02232188796881074,-0.006000000000000005,0.005777039824101492,-0.014232853705435262,0.01341974379793337,-0.009727161290323211,0.060038566882714105,1430810513606,0,0,0,0,0,0,0
-0.019717596947224466,2.6017958635788516,1.001,-0.013299408900196763,0.09668943786621094,-0.0998233413696289,0,2.586206896551724,1,-0.006405358354818703,0.019717596947224466,-0.01558896702712742,-0.0009999999999998899,0.00689405054537806,-0.015999884755112326,0.015706645033290834,0.02768947777777851,0.0675475681794923,1430810513669,0,0,0,0,0,0,0
-0.013850520784071363,2.596854135742939,1.001,-0.014451326206513126,0.08898416137695313,-0.07294896697998046,0,2.586206896551724,1,-0.006405358354818703,0.013850520784071363,-0.010647239191214908,-0.0009999999999998899,0.008045967851694424,-0.016610286976224874,0.00860323041217935,-0.00009449999999990607,0.07487651192241228,1430810513731,0,0,0,0,0,0,0
-0.008061952888730295,2.5928548079982123,0.996,-0.015969762655747566,0.08768635559082032,-0.05872890853881836,0,2.586206896551724,1,-0.006405358354818703,0.008061952888730295,-0.006647911446488131,0.0040000000000000036,0.009564404300928864,-0.01849189990676279,0.004882649226531286,0.03170847777777719,0.0840230986372622,1430810513794,0,0,0,0,0,0,0
-0.0030485756702941114,2.5909908998579327,1.002,-0.012723450247038137,0.07563754272460937,-0.02675417137145996,0,2.586206896551724,1,-0.006405358354818703,0.0030485756702941114,-0.00478400330620854,-0.0020000000000000018,0.006318091892219434,-0.011312022512139776,-0.008077509026772213,-0.027807976923076946,0.06373099539037756,1430810513872,0,0,0,0,0,0,0
0.0038947896185888282,2.5876723108682955,0.994,-0.008360127117052585,0.104775390625,-0.04844968795776367,0,2.586206896551724,1,-0.006405358354818703,-0.0038947896185888282,-0.001465414316571323,0.006000000000000005,0.001954768762233882,-0.03088657052002378,0.003645468482787087,0.049997344444444494,0.029153475516447973,1430810513935,0,0,0,0,0,0,0
0.007586011254090373,2.5781945816335337,0.976,-0.004450589592585263,0.056554901123046876,-0.14169808959960936,0,2.586206896551724,1,-0.006405358354818703,-0.007586011254090373,0.008012314918190544,0.02400000000000002,-0.0019547687622334395,-0.01504250449337922,0.04350071415091261,0.12171460322580656,-0.029153475516443574,1430810513997,0,0,0,0,0,0,0
0.008563796685768217,2.566747364479431,0.956,-0.0027227136331111623,0.01543083667755127,-0.1716412811279297,0,2.586206896551724,1,-0.006405358354818703,-0.008563796685768217,0.01945953207229323,0.04400000000000004,-0.0036826447217075406,-0.0001799489247030859,0.059439258439909076,0.1474900111111112,-0.04446994832508123,1430810514060,0,0,0,0,0,0,0
0.007975249936257707,2.5533930173576165,0.92,-0.0060911990894596535,-0.008282768249511718,-0.2003385009765625,0,2.586206896551724,1,-0.006405358354818703,-0.007975249936257707,0.03281387919410772,0.07999999999999996,-0.00031415926535904946,0.008819460515428411,0.0781116706252917,0.26890070645161246,-0.00861773876012882,1430810514122,0,0,0,0,0,0,0
0.005454120651933021,2.5387186974385303,0.89,-0.01043706892692553,-0.03647548294067383,-0.220341064453125,0,2.586206896551724,1,-0.006405358354818703,-0.005454120651933021,0.04748819911319391,0.10999999999999999,0.004031710572106827,0.020729496671405473,0.09188456236012879,0.2570345666666668,0.04723743505758508,0,0,0,0,0,0,0,0
-0.0001583438333723394,2.5218516137581997,0.846,-0.012287117934040026,-0.08154178619384765,-0.25387112426757813,0,2.586206896551724,1,-0.006405358354818703,0.0001583438333723394,0.06435528279352454,0.15400000000000003,0.005881759579221323,0.03471482570514024,0.09498170775452427,0.32420499743589765,0.06076193398276391,0,0,0,0,0,0,0,0
-0.0074658627271510574,2.503656764269089,0.803,-0.011815879036001231,-0.10625115966796875,-0.2742489318847656,0,2.586206896551724,1,-0.006405358354818703,0.0074658627271510574,0.08255013228263541,0.19699999999999995,0.005410520681182528,0.05448286077741285,0.13161817143948684,0.4051324354838705,0.05747153328099026,0,0,0,0,0,0,0,0
-0.01362878386325665,2.4852491719556964,0.758,-0.009372418083209322,-0.08917491149902344,-0.2771868896484375,0,2.586206896551724,1,-0.006405358354818703,0.01362878386325665,0.10095772459602781,0.242,0.002967059728390619,0.05063651065248584,0.1410095429830326,0.44991510000000023,0.0385044509956251,0,0,0,0,0,0,0,0
-0.021505794093456758,2.4679851542977636,0.708,-0.007627088831214657,-0.11572291564941406,-0.2600562744140625,0,2.586206896551724,1,-0.006405358354818703,0.021505794093456758,0.11822174225396065,0.29200000000000004,0.0012217304763959538,0.06493689416982375,0.14556828907091268,0.5239835645161293,0.021311319885159507,0,0,0,0,0,0,0,0
-0.02888040908003839,2.453268876813079,0.657,-0.00881391272257126,-0.10893238830566407,-0.22158143615722656,0,2.586206896551724,1,-0.006405358354818703,0.02888040908003839,0.13293801973864516,0.34299999999999997,0.002408554367752557,0.06530923826410504,0.13806287027673664,0.568019733333333,0.03350665280445078,0,0,0,0,0,0,0,0
-0.03536257004180405,2.4414952419009346,0.604,-0.011292280260402965,-0.09567208099365235,-0.17745465087890624,0,2.586206896551724,1,-0.006405358354818703,0.03536257004180405,0.1447116546507896,0.396,0.004886921905584262,0.06439232755945992,0.1295538709069359,0.6287351483870971,0.05370116104871458,0,0,0,0,0,0,0,0
-0.04023866211924784,2.432910429617716,0.551,-0.010925761117484445,-0.0716826171875,-0.12958988952636719,0,2.586206896551724,1,-0.006405358354818703,0.04023866211924784,0.153296466934008,0.44899999999999995,0.004520402762665742,0.05215835447353591,0.10662722955485031,0.6102988265822781,0.050981369462130645,0,0,0,0,0,0,0,0
-0.04321324488469994,2.4274165554199807,0.497,-0.010716321607244783,-0.04371572494506836,-0.08289067840576173,0,2.586206896551724,1,-0.006405358354818703,0.04321324488469994,0.1587903411317435,0.503,0.00431096325242608,0.049102627873326254,0.10333849425373846,0.7266460096774197,0.04939423801107914,0,0,0,0,0,0,0,0
-0.04423786536792047,2.424734956368624,0.445,-0.011292280260402965,-0.014937379837036132,-0.040386375427246095,0,2.586206896551724,1,-0.006405358354818703,0.04423786536792047,0.1614719401831004,0.5549999999999999,0.004886921905584262,0.03879397320225536,0.08958053355515028,0.7557926888888885,0.05370116104871458,0,0,0,0,0,0,0,0
-0.042845493949724006,2.4247023706150084,0.395,-0.01055924197456548,0.020889759063720703,-0.0002529144287109375,0,2.586206896551724,1,-0.006405358354818703,0.042845493949724006,0.16150452593671583,0.605,0.004153883619746778,0.024810932305999334,0.07588433382015307,0.7929128645161292,0.048186970806717876,0,0,0,0,0,0,0,0
-0.03897265609346722,2.426836894702567,0.343,-0.009826203688727997,0.057751251220703126,0.03262947845458984,0,2.586206896551724,1,-0.006405358354818703,0.03897265609346722,0.15937000184915728,0.657,0.003420845333909294,0.009464436474920786,0.06377868379999471,0.8452827888888892,0.04233657316593544,0,0,0,0,0,0,0,0
-0.03306985301700402,2.4302671714792767,0.291,-0.008552113334772127,0.08803218078613281,0.05232168579101563,0,2.586206896551724,1,-0.006405358354818703,0.03306985301700402,0.15593972507244747,0.7090000000000001,0.002146754979953424,0.0017998087767494182,0.05974607483250745,0.8368574333333335,0.031032378395070365,0,0,0,0,0,0,0,0
-0.025327865539456512,2.4350716454397996,0.244,-0.007539822368614946,0.11550924682617188,0.0730576171875,0,2.586206896551724,1,-0.006405358354818703,0.025327865539456512,0.1511352511119246,0.756,0.0011344640137962428,-0.019131983332527403,0.04655111357463396,0.9111338806451609,0.020284013566986465,0,0,0,0,0,0,0,0
-0.015752664215222596,2.4415342943338754,0.206,-0.007766715171374727,0.1428930358886719,0.0980198974609375,0,2.586206896551724,1,-0.006405358354818703,0.015752664215222596,0.14467260221784883,0.794,0.0013613568165560244,-0.03331113710408576,0.035449651976787344,0.8923246111111114,0.022905585092220997,0,0,0,0,0,0,0,0
-0.004465168514172064,2.4490741436599834,0.167,-0.007347836150895848,0.16842893981933593,0.11440931701660156,0,2.586206896551724,1,-0.006405358354818703,0.004465168514172064,0.13713275289174076,0.833,0.0009424777960771449,-0.04945137179366552,0.025869889798139645,0.9377393903225801,0.01792561898623129,0,0,0,0,0,0,0,0
0.00874648608157411,2.457343709664738,0.151,-0.006300638599699315,0.19725802612304688,0.12549628448486327,0,2.586206896551724,1,-0.006405358354818703,-0.00874648608157411,0.12886318688698628,0.849,-0.00010471975511938767,-0.06579064924507826,0.019168577064013384,0.8246156888888889,-0.00414297667459797,0,0,0,0,0,0,0,0
0.022117684634246116,2.4658976903744474,0.099,-0.004433136300065588,0.19975556945800782,0.12957086181640626,0,2.586206896551724,1,-0.006405358354818703,-0.022117684634246116,0.1203092061772768,0.901,-0.0019722220547531153,-0.07469786955342918,0.013290936366586889,1.0764613870967745,-0.029326750895205013,0,0,0,0,0,0,0,0
0.034601179630425034,2.4735261489476255,0.047,0.0016231562043547143,0.18674331665039062,0.11525586700439452,0,2.586206896551724,1,-0.006405358354818703,-0.034601179630425034,0.11268074760409874,0.953,-0.008028514559173416,-0.06174261645303643,0.024413954863564707,1.065279733333333,-0.07476819144753061,0,0,0,0,0,0,0,0
0.05185590396615517,2.492075683169365,0.073,0.019826940302655416,0.25927215576171875,0.27782254028320313,0,2.586206896551724,1,-0.006405358354818703,-0.05185590396615517,0.0941312133823593,0.927,-0.026232298657474118,-0.11054056778367166,-0.05309049067318547,0.6725420555555561,-0.16463328413167458,0,0,0,0,0,0,0,0
