-0.0029354642232259113,-0.00027003803253173827,0.756,-0.0031415926535898198,-0.04403196334838867,-0.004050570487976074,0,0,1.5,0,0.0029354642232259113,0.00027003803253173827,0.744,0.0031415926535898198,0.0014677321116129557,0.00013501901626586913,0.5952000000000001,0.04000000000000024,0,0
-0.004185114727174633,-0.0010910768428474815,0.756,-0.004502949470145401,-0.01870597457885742,-0.012374409675598145,0,0,1.5,0,0.004185114727174633,0.0010910768428474815,0.744,0.004502949470145401,0.009061426386083638,0.005113738929510031,0.5998872000000001,0.05085005869654364,0,0
-0.004306976015668535,-0.0024458048547228318,0.764,-0.0015184364492348834,-0.0017363970279693603,-0.02032894515991211,0,0,1.5,0,0.004306976015668535,0.0024458048547228318,0.736,0.0015184364492348834,0.0028944841105072176,0.008892598333125033,0.5528891096774193,0.02463529816645648,0,0
-0.005537777029019964,-0.0035134180890872566,0.773,0.0029146998508304822,-0.018437677383422852,-0.016042213439941406,0,0,1.5,0,0.005537777029019964,0.0035134180890872566,0.727,-0.0029146998508304822,0.009694629391379094,0.007732065988072013,0.5454304999999999,-0.03805011456202289,0,0
-0.007427352720019469,-0.004250925741313417,0.786,0.0019024088846739673,-0.02837575912475586,-0.010979954719543456,0,0,1.5,0,0.007427352720019469,0.004250925741313417,0.714,-0.0019024088846739673,0.014514642962199974,0.00635934056808713,0.5160702032258064,-0.028630525534142595,0,0
-0.010028692206839817,-0.005070439783876406,0.798,0.0012391837689160745,-0.03904340744018555,-0.012218456268310546,0,0,1.5,0,0.010028692206839817,0.005070439783876406,0.702,-0.0012391837689160745,0.016752501605131406,0.006276562830415746,0.5322385430379746,-0.02151380462949027,0,0
-0.011850337413828177,-0.0062811898364978315,0.814,0.0009773843811169414,-0.027347162246704103,-0.018127376556396485,0,0,1.5,0,0.011850337413828177,0.0062811898364978315,0.686,-0.0009773843811169414,0.016495355530731507,0.010125002146608938,0.48653371935483936,-0.018365538740383814,0,0
-0.011985327453186484,-0.006530997961575133,0.835,-0.003490658503988442,-0.0020285120010375976,-0.00374514102935791,0,0,1.5,0,0.011985327453186484,0.006530997961575133,0.665,0.003490658503988442,0.007104821769275079,0.004843995084087133,0.44757913333333327,0.042910639315803994,0,0
-0.011097337545037002,-0.005970129046157913,0.855,-0.0025307274153916204,0.013290400505065919,0.008459477424621583,0,0,1.5,0,0.011097337545037002,0.005970129046157913,0.645,0.0025307274153916204,0.0009668393891953102,0.00004655701911008073,0.4393415741935483,0.03463035865506416,0,0
-0.013930715267908666,-0.006064576726267893,0.881,0.0011693705988362613,-0.04249694442749023,-0.0015242681503295898,0,0,1.5,0,0.013930715267908666,0.006064576726267893,0.619,-0.0011693705988362613,0.02322512536178854,0.0038228925167433972,0.3909000555555554,-0.02069799080736812,0,0
-0.013356313199630017,-0.005037053443885371,0.904,0.0018849555921538474,0.008634048461914063,0.01540276336669922,0,0,1.5,0,0.013356313199630017,0.005037053443885371,0.596,-0.0018849555921538474,0.004037153799272051,-0.0029848833856511254,0.39080099032258053,-0.02845514643592022,0,0
-0.014097999813579398,-0.0038463393124052517,0.935,0.00256563400043186,-0.011091612815856933,0.017881650924682618,0,0,1.5,0,0.014097999813579398,0.0038463393124052517,0.565,-0.00256563400043186,0.011088634785749788,-0.00309265237201574,0.3611441358974357,-0.034948071140354815,0,0
-0.013800105691466325,-0.003310616076382298,0.963,0.00010471975511960885,0.004489014148712158,0.008024357795715331,0,0,1.5,0,0.013800105691466325,0.003310616076382298,0.537,-0.00010471975511960885,0.006043580085447588,-0.0009729492830012,0.325674244444445,-0.004142976674603803,0,0
-0.012110549164201605,-0.0032913284031263162,0.985,-0.0019024088846737452,0.0253433780670166,0.0002866611480712891,0,0,1.5,0,0.012110549164201605,0.0032913284031263162,0.515,0.0019024088846737452,-0.0026089645338207386,0.0019051712901526567,0.34262925161290314,0.028630525534140368,0,0
-0.009834507170740211,-0.0030278338721826184,1.008,-0.0049043751981039385,0.03413304901123047,0.004017360210418701,0,0,1.5,0,0.009834507170740211,0.0030278338721826184,0.492,0.0049043751981039385,-0.0067918867713013175,0.00043752289927784997,0.3237446222222221,0.05382894496943763,0,0
-0.009477757801495516,-0.0033140979981966783,1.026,-0.0025132741228717226,0.005372235298156738,-0.004267665863037109,0,0,1.5,0,0.009477757801495516,0.0033140979981966783,0.474,0.0025132741228717226,0.0037192706542906444,0.0036810680380990612,0.33844829677419347,0.03447095504050912,0,0
-0.008485062930523035,-0.0039503448811948425,1.044,0.0002967059728391508,0.014914361953735352,-0.00950624942779541,0,0,1.5,0,0.008485062930523035,0.0039503448811948425,0.45599999999999996,-0.0002967059728391508,0.0008486143772136346,0.005268950968860117,0.3484487692307692,-0.0082955324945624,0,0
-0.007794626450524839,-0.004117989064033744,1.063,0.004537856055185419,0.010355800628662109,-0.002517735481262207,0,0,1.5,0,0.007794626450524839,0.004117989064033744,0.43700000000000006,-0.004537856055185419,0.0011711441236966409,0.003455119000538962,0.31121554444444505,-0.05111251133880223,0,0
-0.004520559531623466,-0.004045101118850638,1.083,0.005480333851262342,0.04911545944213867,0.0008704500198364257,0,0,1.5,0,0.004520559531623466,0.004045101118850638,0.41700000000000004,-0.005480333851262342,-0.014790912249055793,0.002107869564873903,0.2922870888888889,-0.05796485493331793,0,0
-0.0034502987142209893,-0.00516084128723319,1.1,0.0020594885173534916,0.015961952209472656,-0.016823831558227538,0,0,1.5,0,0.0034502987142209893,0.00516084128723319,0.3999999999999999,-0.0020594885173534916,-0.003157185082115148,0.009401203102452236,0.2963104580645154,-0.030185589345216625,0,0
-0.0005794355583066198,-0.005979208331486076,1.119,-0.0005759586531579597,0.043037574768066404,-0.012364167213439942,0,0,1.5,0,0.0005794355583066198,0.005979208331486076,0.381,0.0005759586531579597,-0.014496411034185364,0.008096006007638566,0.27392294444444504,0.012908851787974794,0,0
0.0015595040890821871,-0.007319071806504227,1.138,-0.001291543646475768,0.03209566497802734,-0.02007946968078613,0,0,1.5,0,-0.0015595040890821871,0.007319071806504227,0.3620000000000001,0.001291543646475768,-0.011700969327927772,0.011828577834654826,0.2592648354838716,0.02211563775425885,0,0
0.005500521602706328,-0.00901748775186869,1.152,-0.0011170107212763458,0.05914811706542969,-0.02539986801147461,0,0,1.5,0,-0.005500521602706328,0.00901748775186869,0.3480000000000001,0.0011170107212763458,-0.023526013813417707,0.014606494697597953,0.27973752222222226,0.020075435282794978,0,0
0.008730129449608638,-0.010627393564305164,1.169,0.0001745329251994221,0.048471061706542966,-0.024094459533691406,0,0,1.5,0,-0.008730129449608638,0.010627393564305164,0.33099999999999996,-0.0001745329251994221,-0.017806201086473426,0.013282633470560058,0.27021504871794816,-0.005823869764908419,0,0
0.010347387063836679,-0.012522512075132101,1.186,0.0027925268031909756,0.024253902435302736,-0.028431011199951173,0,0,1.5,0,-0.010347387063836679,0.012522512075132101,0.31400000000000006,-0.0027925268031909756,-0.01331683369144886,0.017782145620877376,0.23887615806451673,-0.03697926796536762,0,0
0.011892304899694409,-0.014379044684517901,1.206,0.004258603374866166,0.023095911026000976,-0.027912593841552733,0,0,1.5,0,-0.011892304899694409,0.014379044684517901,0.29400000000000004,-0.004258603374866166,-0.013617410915802496,0.018416820301332067,0.20958498888888885,-0.04899347064305743,0,0
0.01529324135845363,-0.015346712457580578,1.22,0.0024958208303518248,0.0509517707824707,-0.01473213291168213,0,0,1.5,0,-0.01529324135845363,0.015346712457580578,0.28,-0.0024958208303518248,-0.026028655223562555,0.014144374407343153,0.23219984193548387,-0.034311182005236106,0,0
0.016083281344110353,-0.017113528334840897,1.233,-0.0005410520681181641,0.011784418106079102,-0.026531732559204102,0,0,1.5,0,-0.016083281344110353,0.017113528334840897,0.2669999999999999,0.0005410520681181641,-0.011715276072450733,0.01948860068265406,0.23029197777777705,0.012381866498987381,0,0
0.018652291603492525,-0.017848707981820502,1.245,-0.0030892327760299043,0.03854111480712891,-0.011006843566894532,0,0,1.5,0,-0.018652291603492525,0.017848707981820502,0.2549999999999999,0.0030892327760299043,-0.023228791649363048,0.014301416417636104,0.22675326451612893,0.03955431175279727,0,0
0.01832836285699067,-0.018287432241447115,1.26,-0.001919862177193865,-0.004838578224182129,-0.006595842838287354,0,0,1.5,0,-0.01832836285699067,0.018287432241447115,0.24,0.001919862177193865,-0.007274016714056929,0.012458756651889683,0.2179355037974688,0.028805369115331513,0,0
0.015828927497678395,-0.019035674348413783,1.271,0.0018675022996339496,-0.03746991348266602,-0.011295589447021484,0,0,1.5,0,-0.015828927497678395,0.019035674348413783,0.2290000000000001,-0.0018675022996339496,0.006552149995247162,0.0152311311900757,0.2149142258064523,-0.028279225198945636,0,0
0.015121780602174891,-0.019415422827689103,1.285,0.004886921905584041,-0.010617822647094726,-0.005676408290863037,0,0,1.5,0,-0.015121780602174891,0.019415422827689103,0.21500000000000008,-0.004886921905584041,-0.0033706656489396036,0.01342908898924194,0.18938772222222228,-0.05370116104871296,0,0
0.016086056173646918,-0.019272940854964494,1.295,0.002286381320112607,0.014474405288696288,0.0020665192604064943,0,0,1.5,0,-0.016086056173646918,0.019272940854964494,0.20500000000000007,-0.002286381320112607,-0.013324621976138148,0.010563292745434875,0.20398488709677423,-0.03236377588144547,0,0
0.0165150297749455,-0.019403085340265736,1.303,-0.0019024088846737452,0.006430123805999756,-0.001966874122619629,0,0,1.5,0,-0.0165150297749455,0.019403085340265736,0.19700000000000006,0.0019024088846737452,-0.010582849008973043,0.012277963061063166,0.21083315555555562,0.028630525534140368,0,0
0.016161284718413438,-0.02043186961027125,1.311,-0.0029496064358705,-0.005276808738708496,-0.015441830635070802,0,0,1.5,0,-0.016161284718413438,0.02043186961027125,0.18900000000000006,0.0029496064358705,-0.0065615302662678015,0.016845038533787462,0.21445436410256413,0.03835330472311861,0,0
0.015044920169852323,-0.02153292917916609,1.319,-0.0014137166941152746,-0.016696680068969728,-0.01656521415710449,0,0,1.5,0,-0.015044920169852323,0.02153292917916609,0.18100000000000005,0.0014137166941152746,-0.0013818861229765002,0.019128391662708487,0.1999127096774194,0.02348920584701172,0,0
0.015779509566925403,-0.022497380165798997,1.328,0.000645771823237995,0.011039281845092773,-0.014451172828674317,0,0,1.5,0,-0.015779509566925403,0.022497380165798997,0.17199999999999993,-0.000645771823237995,-0.012231701873171873,0.018894752831254517,0.18895759999999934,-0.01393197876922185,0,0
0.013380200402385776,-0.02423820682091217,1.336,0.001919862177193643,-0.036006492614746095,-0.02608915328979492,0,0,1.5,0,-0.013380200402385776,0.02423820682091217,0.16399999999999992,-0.001919862177193643,0.006510534891740018,0.024384629250857905,0.1884131096774193,-0.028805369115329296,0,0
0.011820874525605742,-0.02515909377293915,1.342,0.000366519142918742,-0.023416364669799804,-0.013768373489379883,0,0,1.5,0,-0.011820874525605742,0.02515909377293915,0.15799999999999992,-0.000366519142918742,0.0023341606391102604,0.020292366393406404,0.19643646666666661,-0.009550465008874425,0,0
0.008744219171758055,-0.026489013705877258,1.348,-0.00020943951023943974,-0.04615713882446289,-0.019931882858276368,0,0,1.5,0,-0.008744219171758055,0.026489013705877258,0.1519999999999999,0.00020943951023943974,0.012523568326707028,0.02351313214713039,0.19204123225806444,0.006576565531550439,0,0
0.009326551115067031,-0.02602963159519384,1.355,-0.00293215314335038,0.008733535766601562,0.0068925609588623045,0,0,1.5,0,-0.009326551115067031,0.02602963159519384,0.14500000000000002,0.00293215314335038,-0.007821588401595069,0.013917529709744735,0.19003294358974412,0.03820186003550155,0,0
0.007084971578412814,-0.025834353000122115,1.36,-0.005532693728822036,-0.03363213729858398,0.0028305766582489016,0,0,1.5,0,-0.007084971578412814,0.025834353000122115,0.1399999999999999,0.005532693728822036,0.00832081364461243,0.014959095736213691,0.19054742222222154,0.0583334724108552,0,0
0.007384289462394961,-0.02526937999709239,1.367,-0.0025481807079117402,0.004442812442779541,0.008499305725097656,0,0,1.5,0,-0.007384289462394961,0.02526937999709239,0.133,0.0025481807079117402,-0.0060175452722817605,0.012728796747631894,0.17403367096774258,0.03478939624202771,0,0
0.004126426708161775,-0.024432442484592722,1.374,0.002024581932313252,-0.048899772644042966,0.012429497718811034,0,0,1.5,0,-0.004126426708161775,0.024432442484592722,0.1259999999999999,-0.002024581932313252,0.015374324872248398,0.011003963258595333,0.16985471111111042,-0.02984353840588601,0,0
0.0044969726034674315,-0.022597351416284536,1.381,0.004886921905584041,0.005613906383514404,0.027515056610107422,0,0,1.5,0,-0.0044969726034674315,0.022597351416284536,0.119,-0.004886921905584041,-0.005029858173531047,0.004516789087412492,0.16436527096774256,-0.05370116104871296,0,0
0.0031571584591043823,-0.020602086420349112,1.386,0.003316125578789242,-0.019950712203979492,0.030026830673217774,0,0,1.5,0,-0.0031571584591043823,0.020602086420349112,0.1140000000000001,-0.003316125578789242,0.005155362057953588,0.002923529263948484,0.17282182222222295,-0.041468092176551986,0,0
0.0037010434761229013,-0.01806983296584542,1.393,-0.00036651914291896404,0.008284189224243165,0.03795653915405273,0,0,1.5,0,-0.0037010434761229013,0.01806983296584542,0.10699999999999998,0.00036651914291896404,-0.0050293701945472455,0.0015204770094164426,0.1644239435897431,0.009550465008878281,0,0
0.0035237324192486912,-0.01712958160498089,1.397,-0.003944444109507339,-0.002664834976196289,0.014102794647216798,0,0,1.5,0,-0.0035237324192486912,0.01712958160498089,0.10299999999999998,0.003944444109507339,-0.0015211026007472415,0.007211359906797862,0.1706921548387097,0.04655331522186649,0,0
0.0036051462677699386,-0.016377184506481002,1.405,-0.005410520681182307,0.0011766815185546874,0.011290685653686523,0,0,1.5,0,-0.0036051462677699386,0.016377184506481002,0.09499999999999997,0.005410520681182307,-0.003037770619558667,0.008066224324909384,0.14302685555555553,0.05747153328098869,1430811170944,0
0.0030602999959262064,-0.014306818416479548,1.412,-0.0013962634015955988,-0.00834060001373291,0.031010818481445313,0,0,1.5,0,-0.0030602999959262064,0.014306818416479548,0.08800000000000008,0.0013962634015955988,0.0006945955173054178,-0.00020087571685400638,0.14353681111111177,0.023295479059636144,1430811170944,0
0.0041026496373046065,-0.013279726921213889,1.424,0.0014311699866353944,0.015613718032836914,0.01542818832397461,0,0,1.5,0,-0.0041026496373046065,0.013279726921213889,0.07600000000000007,-0.0014311699866353944,-0.008763171310091218,0.005071849525072868,0.10555496451612907,-0.023682137019425127,1430811170944,0
0.0035185783028949744,-0.013044841855913175,1.426,0.0020594885173534916,-0.00875601863861084,0.003535810947418213,0,1,1.5,0,-0.0035185783028949744,0.013044841855913175,0.07400000000000007,-0.0020594885173534916,-0.0017592891514474872,0.006522420927956588,0.05920000000000006,-0.030185589345216625,1430811170944,0
0.00632221517132763,-0.013813203177385833,1.43,0.0016929693744347496,0.042030727386474606,-0.011612006187438965,0,1,1.5,0,-0.00632221517132763,1.0138132031773859,0.07000000000000006,-0.0016929693744347496,-0.018776697921424598,6.073117854332446,0.034218777777777806,-0.026488628804626473,0,0
0.009223126825026785,-0.01456840879446086,1.436,0.0011519173063161414,0.043494434356689454,-0.011401735305786132,0,1,1.5,0,-0.009223126825026785,1.0145684087944609,0.06400000000000006,-0.0011519173063161414,-0.021084690928516052,0.5242248092275195,0.018166832258064543,-0.020491524907935394,0,0
0.014951084280349181,-0.016089594493493488,1.44,-0.0020769418098731673,0.08589302062988281,-0.0229167423248291,0,1,1.5,0,-0.014951084280349181,1.0160895944934936,0.06000000000000005,0.0020769418098731673,-0.03948873317593752,0.5355745406678918,0.026993577777777805,0.030355889425024634,0,0
0.01923194548331737,-0.018269271232760405,1.441,-0.0013439035240356834,0.06428068542480468,-0.03256171417236328,0,1,1.5,0,-0.01923194548331737,1.0182692712327603,0.05899999999999994,0.0013439035240356834,-0.03409256792875575,0.5468312436118009,0.04313643870967675,0.02270939013807623,0,0
0.020920578280888343,-0.015859774652349556,1.448,0.0017802358370342386,0.02528089714050293,0.03617645645141602,0,1,1.5,0,-0.020920578280888343,1.0158597746523497,0.052000000000000046,-0.0017802358370342386,-0.02028382533830981,0.5263356930345874,0.004620311111111733,-0.027391244787879566,0,0
0.025060667836740186,-0.009104901652839538,1.45,0.004852015320544245,0.062281623840332034,0.10121237945556641,0,1,1.5,0,-0.025060667836740186,1.0091049016528395,0.050000000000000044,-0.004852015320544245,-0.03649942623614841,0.5044684514605925,0.03092887741935487,-0.05344513583536001,0,0
0.027423443382144447,0.004798253482468009,1.456,0.0029496064358705,0.036453086853027346,0.20837290954589843,0,1,1.5,0,-0.027423443382144447,0.995201746517532,0.04400000000000004,-0.0029496064358705,-0.025125441528214956,0.48102584256342956,0.01083932307692308,-0.03835330472311861,0,0
0.031181241833226733,0.023732008967682936,1.455,0.0006632251157581148,0.05720443725585937,0.2838388366699219,0,1,1.5,0,-0.031181241833226733,0.9762679910323171,0.04499999999999993,-0.0006632251157581148,-0.03747524267872636,0.4349078752211354,0.044401455555554886,-0.014181888035299002,0,0
0.03552114447840603,0.0498664400855105,1.457,-0.002094395102393065,0.0653585205078125,0.39197320556640625,0,1,1.5,0,-0.03552114447840603,0.9501335599144896,0.04299999999999993,0.002094395102393065,-0.043488217451848596,0.38538593931614573,0.02622217741935478,0.030525713134754256,0,0
0.03855919580008962,0.0842797734554408,1.473,-0.0005934119456780795,0.04448954391479492,0.5162943115234375,0,1,1.5,0,-0.03855919580008962,0.9157202265445592,0.026999999999999913,0.0005934119456780795,-0.037628778528138396,0.3302962035608713,-0.06400628888888903,0.013168337008501448,0,0
0.03809105814820677,0.12408174690111048,1.472,-0.00026179938779913314,-0.00737634801864624,0.5970253295898438,0,1,1.5,0,-0.03809105814820677,0.8759182530988895,0.028000000000000025,0.00026179938779913314,-0.018110098813522133,0.28232253562180964,0.03150136129032323,0.007631428283688564,0,0
0.03882339458381283,0.17160912028118208,1.475,0.003106686068550024,0.010798406600952149,0.7129134521484375,0,1,1.5,0,-0.03882339458381283,0.828390879718818,0.02499999999999991,-0.003106686068550024,-0.02467021291166758,0.27922738421213955,0.010362560759493098,-0.03970315227955221,0,0
0.038673950201892786,0.22653351822427262,1.477,0.004433136300065588,0.0003178339004516602,0.8238689575195313,0,1,1.5,0,-0.038673950201892786,0.7734664817757274,0.02299999999999991,-0.004433136300065588,-0.02074710305990934,0.15706790470835058,0.010905977419354757,-0.0503231091578733,0,0
0.03800818539197212,0.2872562733530653,1.47,0.003490658503988664,-0.005948503494262695,0.9108766479492187,0,1,1.5,0,-0.03800818539197212,0.7127437266469347,0.030000000000000027,-0.003490658503988664,-0.01779861647434151,0.10390525818003432,0.06687418888888956,-0.04291063931580581,0,0
0.03639948765182984,0.355506530296912,1.473,0.0014311699866353944,-0.020556751251220702,1.0238318481445312,0,1,1.5,0,-0.03639948765182984,0.644493469703088,0.026999999999999913,-0.0014311699866353944,-0.011837279605679235,0.025840920270699896,0.008817216129031545,-0.023682137019425127,0,0
0.030753199897869832,0.425547577222373,1.469,-0.0007155849933175862,-0.08319062042236328,1.05073583984375,0,1,1.5,0,-0.030753199897869832,0.574452422777627,0.030999999999999917,0.0007155849933175862,0.007000537689898858,0.06629808523510439,0.0471432179487179,0.01491881146863263,0,0
0.03129994598764817,0.4924605331890207,1.466,-0.0016755160819144077,0.00748296070098877,1.003699951171875,0,1,1.5,0,-0.03129994598764817,0.5075394668109793,0.03400000000000003,0.0016755160819144077,-0.02282736512393386,-0.14877417819410127,0.05409472553191577,0.02630626212619013,0,0
0.027871515006231796,0.5632463329926464,1.469,-0.0005585053606380619,-0.053205432891845705,1.0616993408203126,0,1,1.5,0,-0.027871515006231796,0.43675366700735363,0.030999999999999917,0.0005585053606380619,-0.0018750488427325858,-0.00010101839128173751,0.01613456153846096,0.012646731749296139,0,0
0.02457850577954658,0.6352287253747141,1.466,0.0025132741228719446,-0.0499981689453125,1.0797081298828124,0,1,1.5,0,-0.02457850577954658,0.3647712746252859,0.03400000000000003,-0.0025132741228719446,0.0025271217149834477,-0.1160677465901297,0.04887696666666732,-0.034470955040511154,0,0
0.02056410940606505,0.7052013033882899,1.469,0.005009094953223769,-0.05757785415649414,1.0497366943359374,0,1,1.5,0,-0.02056410940606505,0.2947986966117101,0.030999999999999917,-0.005009094953223769,0.008774241731189143,-0.14433059256386388,0.013067016129031547,-0.05459249199392842,0,0
0.013981868871994176,0.7722722826205798,1.463,0.003036872898470211,-0.09369291687011719,1.006546630859375,0,1,1.5,0,-0.013981868871994176,0.2277277173794202,0.03699999999999992,-0.003036872898470211,0.025883364179802144,-0.15404146006470276,0.0683689333333333,-0.03910609822498708,0,0
0.011776509967101218,0.836353987018377,1.461,0.00034906585039906624,-0.030161115646362306,0.9613215942382812,0,1,1.5,0,-0.011776509967101218,0.16364601298162296,0.038999999999999924,-0.00034906585039906624,0.0027946330245621105,-0.17420271277695537,0.048167722580645105,-0.009244816991345335,0,0
0.00646713831655908,0.8959304006740413,1.451,-0.002303834612632505,-0.07932862854003907,0.8936739501953125,0,1,1.5,0,-0.00646713831655908,0.10406959932595872,0.04899999999999993,0.002303834612632505,0.02245547832694747,-0.17256379990949589,0.10074165555555553,0.032528268195291296,0,0
-0.0009449611273528312,0.9484252000438536,1.447,-0.0008552113334769906,-0.11299528503417969,0.7871637573242187,0,1,1.5,0,0.0009449611273528312,0.051574799956146444,0.052999999999999936,0.0008552113334769906,0.029931810157674245,-0.10298242720576706,0.06674821794871791,0.01680128019507928,1430811172710,0
-0.0071115417442229045,0.9940883314546122,1.447,0.003316125578789242,-0.0930844497680664,0.6848676147460937,0,1,1.5,0,0.0071115417442229045,0.005911668545387827,0.052999999999999936,-0.003316125578789242,0.03461111363527594,-0.1479994954852683,0.049128099999999945,-0.041468092176551986,1430811172710,0
-0.013697580234303348,1.0338556707930082,1.453,0.006457718232379062,-0.0968119354248047,0.5968344116210937,0,1,1.5,0,0.013697580234303348,-0.03385567079300822,0.04699999999999993,-0.006457718232379062,0.039768188166452924,-0.13125037703662376,0.01129086666666658,-0.0646665170853445,1430811172710,0
-0.017238128436700785,1.0656219561827631,1.451,0.005009094953223769,-0.050030071258544924,0.4768273010253906,0,1,1.5,0,0.017238128436700785,-0.06562195618276312,0.04899999999999993,-0.005009094953223769,0.025043201599985264,-0.10593651748832933,0.057818322580645114,-0.05459249199392842,1430811172710,0
-0.022760517976053524,1.090752985463887,1.449,0.0017104226669544254,-0.08094655609130859,0.3773756408691406,1,1,1.5,0,0.022760517976053524,-0.0907529854638871,0.050999999999999934,-0.0017104226669544254,0.011380258988026762,-0.04537649273194355,0.04079999999999995,-0.02667036985608594,1430811172710,0
-0.03072624196896442,1.1094449178428551,1.447,-0.0037000980142278816,-0.11900611877441407,0.28058294677734374,1,1,1.5,0,1.0307262419689645,-0.10944491784285515,0.052999999999999936,0.0037000980142278816,6.12166627404728,-0.15925603067588226,0.05384501111111107,0.04461034294046776,0,0
-0.0388565784687185,1.1205088442528475,1.446,-0.002827433388230771,-0.12256827545166016,0.1655065155029297,1,1,1.5,0,1.0388565784687185,-0.12050884425284747,0.05400000000000005,0.002827433388230771,0.5705072250363827,-0.11152971772858686,0.04844227948718004,0.03728679007144594,0,0
-0.04795588165349944,1.1274597044531094,1.448,0.0010297442586768568,-0.13678379821777345,0.10387657165527343,1,1,1.5,0,1.0479558816534995,-0.1274597044531094,0.052000000000000046,-0.0010297442586768568,0.5964389580370968,-0.10538830129870863,0.03138717741935487,-0.019015729709761783,0,0
-0.05263751864302626,1.1311316011084573,1.445,0.0037873644768278147,-0.07016780090332031,0.055150733947753904,1,1,1.5,0,1.0526375186430263,-0.13113160110845734,0.05499999999999994,-0.0037873644768278147,0.5800534531779367,-0.08921107763944759,0.06209066666666602,-0.045309034780491975,0,0
-0.05479824229363231,1.1275430249178129,1.444,0.004310963252425859,-0.0326144905090332,-0.05370550537109375,1,1,1.5,0,1.0547982422936324,-0.12754302491781289,0.05600000000000005,-0.004310963252425859,0.5738621032306856,-0.0475500390367723,0.052216361290323254,-0.04939423801107745,0,0
-0.050496623290693335,1.1204655330626307,1.443,0.0011519173063161414,0.06406602478027344,-0.10643955230712891,1,1,1.5,0,1.0504966232906934,-0.12046553306263075,0.05699999999999994,-0.0011519173063161414,0.5422339055948006,-0.02570891817081883,0.0532858555555549,-0.020491524907935394,0,0
-0.04198797831635324,1.1089788413026875,1.444,-0.0025481807079117402,0.12743111419677736,-0.17244728088378905,1,1,1.5,0,1.0419879783163533,-0.10897884130268753,0.05600000000000005,0.0025481807079117402,0.5318251554956075,-0.008592158807693678,0.04287992051282105,0.03478939624202771,0,0
-0.024241737818109736,1.0961178105365725,1.448,-0.004345869837465877,0.266684326171875,-0.19223652648925782,1,1,1.5,0,1.0242417378181097,-0.09611781053657253,0.052000000000000046,0.004345869837465877,0.4673017613040702,0.018302171543786404,0.021908854838709704,0.04966051503068129,0,0
-0.0029551135655363717,1.0797634002571808,1.462,-0.0012217304763959547,0.32036245727539064,-0.24392620849609375,1,1,1.5,0,1.0029551135655363,-0.07976340025718076,0.038000000000000034,0.0012217304763959547,0.44489843267727863,0.044232109112851754,-0.044248877777777806,0.021311319885159517,0,0
0.023134987376421078,1.0631721001730148,1.467,0.0010297442586768568,0.3916552734375,-0.24839118957519532,1,1,1.5,0,0.9768650126235789,-0.06317210017301478,0.03299999999999992,-0.0010297442586768568,0.40888614101182685,0.05493882223961176,0.0015076935483863858,-0.019015729709761783,0,0
0.05904561378469547,1.045762416458536,1.462,0.0022514747350725894,0.5383901977539063,-0.2616997985839844,1,1,1.5,0,0.9409543862153045,-0.04576241645853596,0.038000000000000034,-0.0022514747350725894,0.3446381882930234,0.06641526096234071,0.06175067777777844,-0.032033529670081544,0,0
0.10385863714714601,1.0292716419551367,1.46,-0.00020943951023943974,0.67163671875,-0.24887442016601563,1,1,1.5,0,0.896141362852854,-0.02927164195513665,0.040000000000000036,0.00020943951023943974,0.27431448831942795,0.07085178082750898,0.0471112225806452,0.006576565531550439,0,0
0.15498889424630607,1.0159577459147944,1.462,-0.0002268928027591155,0.7669956665039063,-0.19954780578613282,1,1,1.5,0,0.845011105753694,-0.015957745914794375,0.038000000000000034,0.0002268928027591155,0.28187523679072185,0.04327519614952992,0.025660340506329135,0.006937035060319417,0,0
0.2110729899541465,1.0057894948593598,1.458,-0.0021467549799529806,0.8412960205078125,-0.1523328857421875,1,1,1.5,0,0.7889270100458535,-0.005789494859359756,0.04200000000000004,0.0021467549799529806,0.16864722580904568,0.0467392286889354,0.060562145161290375,0.031032378395066094,0,0
0.27472233004125063,0.9934422689102942,1.46,-0.0029496064358705,0.955135498046875,-0.1831583709716797,1,1,1.5,0,0.7252776699587493,0.006557731089705809,0.040000000000000036,0.0029496064358705,0.10438812625052468,0.06414843783794302,0.025522388888888907,0.03835330472311861,0,0
0.3416065381570808,0.9822647515114528,1.46,0.0007853981633973994,1.0037532958984374,-0.16470280456542968,1,1,1.5,0,0.6583934618429192,0.01773524848854724,0.040000000000000036,-0.0007853981633973994,0.051063363995029254,0.0643503439028086,0.03688150000000003,-0.01587401051968134,0,0
0.4128726358515694,0.9719923789248777,1.468,0.003944444109507117,1.0688701171875,-0.15492512512207032,1,1,1.5,0,0.5871273641484306,0.028007621075122335,0.03200000000000003,-0.003944444109507117,0.0007785951619018738,0.06363282625910649,-0.013761344444444455,-0.04655331522186475,0,0
0.48754852743096777,0.9642592768548878,1.472,0.0041713369122664545,1.119672119140625,-0.1204139404296875,1,1,1.5,0,0.5124514725690322,0.03574072314511223,0.028000000000000025,-0.0041713369122664545,-0.05901683899283344,0.054306841645137646,0.005076054838709685,-0.04832185396999338,0,0
0.5617599758192591,0.9593264289847129,1.477,0.002303834612632505,1.1128533935546876,-0.0786354751586914,1,1,1.5,0,0.43824002418074093,0.040673571015287124,0.02299999999999991,-0.002303834612632505,-0.004146927455843719,0.035570484750949774,0.0014002025641019766,-0.032528268195291296,0,0
0.6344011307727413,0.956728600029533,1.483,-0.001291543646475768,1.089524658203125,-0.04147762680053711,1,1,1.5,0,0.3655988692272587,0.04327139997046703,0.016999999999999904,0.001291543646475768,-0.10872611509842334,0.029439818356260656,-0.014190133333333434,0.02211563775425885,0,0
0.7042397232707487,0.9557272984785495,1.487,-0.0010646508437164304,1.047597412109375,-0.01366651725769043,1,1,1.5,0,0.2957602767292513,0.044272701521450464,0.0129999999999999,0.0010646508437164304,-0.13249984460827985,0.02143508555240422,-0.006556845161290417,0.019443071709589265,0,0
0.7704494344352661,0.9562447634629299,1.49,-0.0003839724354386398,0.9931368408203125,0.008819323539733886,1,1,1.5,0,0.22955056556473385,0.04375523653707014,0.010000000000000009,0.0003839724354386398,-0.13774014137888008,0.012924696826066381,-0.002979866666666057,0.009851297664469861,0,0
0.8322908861509054,0.9582269935386087,1.495,-0.0007679448708775016,0.9276102905273438,0.030089630126953124,1,1,1.5,0,0.1677091138490946,0.04177300646139126,0.004999999999999893,0.0007679448708775016,-0.1488943114015514,0.003877371405331514,-0.018508006451613636,0.015637960275834337,0,0
0.8891265800732747,0.9612790747936706,1.5,0.0004537856055186751,0.8525,0.04643590545654297,1,1,1.5,0,0.11087341992672528,0.038720925206329415,0,-0.0004537856055186751,-0.0823743362328953,0.00014812608522704607,-0.01671809743589696,-0.01101185675229851,0,0
0.9406370726604877,0.9655082287061053,1.505,-0.0015184364492348834,0.7726860961914063,0.06308668136596679,1,1,1.5,0,0.05936292733951232,0.03449177129389469,-0.004999999999999893,0.0015184364492348834,-0.13889303943848966,-0.011549215824446492,-0.026091477777777098,0.02463529816645648,1430811174601,0
1.0080454656109132,0.9684574237713994,1.51,-0.0035430183815483574,1.0110575561523438,0.0457732048034668,1,1,1.5,0,-0.008045465610913238,0.03154257622860057,-0.010000000000000009,0.0035430183815483574,-0.26700896506479177,-0.005981631691158718,-0.03060150645161356,0.04333868003279415,1430811174601,0
1.070603316760893,0.9710230889480889,1.513,-0.005410520681182307,0.9382255249023438,0.04180938339233398,1,1,1.5,0,-0.07060331676089304,0.028976911051911136,-0.0129999999999999,0.005410520681182307,-0.26574505850866714,-0.004686923345720078,-0.021524266666665987,0.05747153328098869,1430811174601,0
1.1353217134034355,0.97325020403841,1.515,-0.00626573201465952,0.9705809936523437,0.03865861511230469,1,1,1.5,0,-0.13532171340343546,0.026749795961589995,-0.014999999999999902,0.00626573201465952,-0.31674542145137524,-0.003953360626840556,-0.01784092258064509,0.06337840231068055,0,0
1.19329675724964,0.9755797031159794,1.519,-0.003647738136667966,0.8693896484375,0.040390605926513674,1,1,1.5,0,-0.19329675724964002,0.024420296884020587,-0.018999999999999906,0.003647738136667966,-0.3036885023702855,-0.005333499940334012,-0.03209252222222217,0.044188491777776166,0,0
1.2446692652484763,0.9776863858786127,1.52,-0.002565634000431638,0.7704672241210937,0.03441092681884766,1,1,1.5,0,-0.24466926524847632,0.022313614121387326,-0.020000000000000018,0.002565634000431638,-0.23971726381262554,-0.0027241972679341343,-0.015313479487180003,0.0349480711403528,0,0
1.2859009989785017,0.9791130138028002,1.52,-0.0000174532925198978,0.6184190673828125,0.02298612976074219,1,1,1.5,0,-0.28590099897850174,0.020886986197199753,-0.020000000000000018,0.0000174532925198978,-0.26068183026289055,-0.0017785702284339455,-0.010952300000000014,0.0012547147051725248,0,0
1.3194275705533245,0.9780007104121963,1.519,0.0013962634015955988,0.5028988647460938,-0.016675773620605468,1,1,1.5,0,-0.3194275705533245,0.021999289587803728,-0.018999999999999906,-0.0013962634015955988,-0.2396232836501212,0.013118819795975503,-0.004624938709676713,-0.023295479059636144,0,0
1.3437809165374281,0.9774223117514973,1.516,0.0001570796326795243,0.3652877197265625,-0.009186026573181152,1,1,1.5,0,-0.34378091653742815,0.022577688248502703,-0.016000000000000014,-0.0001570796326795243,-0.19999923894329372,0.010484452411330527,0.008695766666666051,-0.0054288352331906126,0,0
1.3554590523265302,0.975152692771974,1.513,-0.002495820830352047,0.17516668701171875,-0.0340718002319336,1,1,1.5,0,-0.3554590523265302,0.024847307228025972,-0.0129999999999999,0.002495820830352047,-0.13867074648368516,0.021372354520120034,0.011283983870968465,0.034311182005238146,0,0
1.3569042208654796,0.9708514432046734,1.513,-0.003752457891787797,0.02183848762512207,-0.06446443939208985,1,1,1.5,0,-0.35690422086547957,0.029148556795326575,-0.0129999999999999,0.003752457891787797,-0.08374558135011712,0.03479008093404248,-0.005733399999999919,0.04503020884776708,0,0
1.3508535556374002,0.9664178779933067,1.508,-0.003316125578789242,-0.0905097885131836,-0.06684358215332031,1,1,1.5,0,-0.35085355563740017,0.033582122006693305,-0.008000000000000007,0.003316125578789242,-0.048277771469546746,0.03326717603344765,0.020640097435896954,0.041468092176551986,0,0
1.3397355310918433,0.9616377129620568,1.502,-0.001745329251994221,-0.16653167724609375,-0.07225511169433593,1,1,1.5,0,-0.3397355310918433,0.0383622870379432,-0.0020000000000000018,0.001745329251994221,-0.009212498595331783,0.04298570445295599,0.03686276774193551,0.027032008869213996,0,0
1.3260404904285341,0.9583252589923472,1.493,-0.0025481807079117402,-0.2053385772705078,-0.05004526901245117,1,1,1.5,0,-0.3260404904285341,0.04167474100765278,0.006999999999999895,0.0025481807079117402,0.00890148409779555,0.03632220176433559,0.060235899999999336,0.03478939624202771,0,0
1.3045705079213281,0.954349515662373,1.489,-0.0019373154697135408,-0.321896728515625,-0.06045659637451172,1,1,1.5,0,-0.3045705079213281,0.04565048433762697,0.010999999999999899,0.0019373154697135408,0.06286609311526202,0.04263429672490234,0.03608474516129026,0.028979683660956518,0,0
1.279869156882138,0.9505654681569671,1.485,-0.002495820830352047,-0.37040960693359376,-0.05747842025756836,1,1,1.5,0,-0.2798691568821381,0.049434531843032925,0.014999999999999902,0.002495820830352047,0.08948180678841747,0.04341653182273211,0.03902082222222216,0.034311182005238146,0,0
1.2564327653019256,0.9472760209944062,1.479,-0.0023561944901921983,-0.351421630859375,-0.05021894836425781,1,1,1.5,0,-0.2564327653019256,0.05272397900559378,0.020999999999999908,0.0023561944901921983,0.09468260197160923,0.04293511772135303,0.05559976774193544,0.03301927248894491,0,0
1.2307016112626417,0.944625399271179,1.475,-0.0019896753472734563,-0.38587255859375,-0.040668628692626954,1,1,1.5,0,-0.23070161126264166,0.055374600728821055,0.02499999999999991,0.0019896753472734563,0.0874222094471653,0.03787168893918255,0.04284781898734172,0.029499515882550023,0,0
1.2046074884020468,0.9423790182844447,1.476,-0.004293509959905961,-0.3913440246582031,-0.03447443008422851,1,1,1.5,0,-0.2046074884020468,0.0576209817155553,0.02400000000000002,0.004293509959905961,0.1325074530085752,0.04029005170970672,0.018829938709678064,0.04926083010940314,0,0
1.1819766529257623,0.9410025919915073,1.474,-0.005009094953223547,-0.33937075805664063,-0.02210368537902832,1,1,1.5,0,-0.18197665292576226,0.058997408008492735,0.026000000000000023,0.005009094953223547,0.1210977493128697,0.03631557827554148,0.03735001111111114,0.0545924919939268,0,0
1.1653682346162617,0.940930963351759,1.475,-0.003769911184307695,-0.24911776733398439,-0.00232230806350708,1,1,1.5,0,-0.1653682346162617,0.059069036648241036,0.02499999999999991,0.003769911184307695,0.0964070117901402,0.029475163108478964,0.019948738709676717,0.04516972938628892,0,0
1.1499052849797038,0.9417965968129189,1.479,-0.0019896753472734563,-0.23199154663085939,0.012110002517700195,1,1,1.5,0,-0.1499052849797038,0.05820340318708106,0.020999999999999908,0.0019896753472734563,0.09534215893742484,0.024195597809369935,0.00030397777777768295,0.029499515882550023,0,0
1.1382718159527796,0.942520674444825,1.48,-0.0010297442586766348,-0.17452330017089843,0.010513940811157226,1,1,1.5,0,-0.1382718159527796,0.05747932555517499,0.020000000000000018,0.0010297442586766348,0.08006914145628374,0.024911470577256466,0.016205038709678057,0.01901572970975905,0,0
1.1317847543366324,0.9438175788395484,1.479,-0.00024434609527923534,-0.0973259048461914,0.019353355407714844,1,1,1.5,0,-0.1317847543366324,0.05618242116045158,0.020999999999999908,0.00024434609527923534,0.04572055197361761,0.02296933348693508,0.027301179487178917,0.007288368879111997,0,0
1.125472460367974,0.9449217424625264,1.481,0.00024434609527923534,-0.0946884536743164,0.016539318084716797,1,1,1.5,0,-0.125472460367974,0.05507825753747364,0.018999999999999906,-0.00024434609527923534,0.054045912467463424,0.02244944514489057,0.0102225888888888,-0.007288368879111997,0,0
1.1236100236136106,0.9477553883183968,1.488,0.0006981317007976884,-0.027926164627075194,0.04251151275634766,1,1,1.5,0,-0.12361002361361062,0.052244611681603215,0.01200000000000001,-0.0006981317007976884,0.029656204743766852,0.011494393263216007,-0.023708029032257466,-0.014675232217308848,0,0
1.127250279325729,0.9495008523321543,1.489,-0.0019024088846737452,0.054622100830078124,0.02614383316040039,1,1,1.5,0,-0.12725027932572908,0.05049914766784569,0.010999999999999899,0.0019024088846737452,-0.0037029985885531254,0.017239171484034477,0.00952184444444374,0.028630525534140368,0,0
1.1304317914594697,0.9528965973255608,1.495,-0.0013613568165553591,0.04762569427490235,0.051026870727539066,1,1,1.5,0,-0.1304317914594697,0.04710340267443924,0.004999999999999893,0.0013613568165553591,-0.003838938059453817,0.006360834193980917,-0.023562567741935596,0.022905585092213535,0,0
1.1366112206618928,0.9564866516867432,1.499,-0.0024260076602722336,0.0926180419921875,0.053976951599121095,1,1,1.5,0,-0.1366112206618928,0.04351334831325682,0.0009999999999998899,0.0024260076602722336,-0.024159316444434947,0.004064722845334521,-0.015107522222222333,0.033668325826731474,0,0
1.146058400028251,0.9580024114040421,1.504,-0.0013089969389954437,0.14165211486816406,0.02308011245727539,1,1,1.5,0,-0.146058400028251,0.041997588595957924,-0.0040000000000000036,0.0013089969389954437,-0.03808318887657835,0.01677768471779046,-0.019352397435896965,0.022314431669402206,0,0
1.155210616217062,0.9606670872658332,1.506,-0.00027925268031903094,0.1372308044433594,0.04014980697631836,1,1,1.5,0,-0.1552106162170619,0.039332912734166836,-0.006000000000000005,0.00027925268031903094,-0.052896149876840756,0.0074481717305633025,-0.009844022580645179,0.007966941771656008,0,0
1.1645502224543662,0.9623105493187494,1.507,0.0012217304763961767,0.14008720397949218,0.024691051483154296,1,1,1.5,0,-0.16455022245436624,0.037689450681250625,-0.006999999999999895,-0.0012217304763961767,-0.05882358416557392,0.012776064531213693,-0.004953355555554863,-0.0213113198851621,0,0
1.1738310505444205,0.9638971837923632,1.51,0.0014835298641953099,0.13924139404296876,0.023629419326782225,1,1,1.5,0,-0.1738310505444205,0.03610281620763678,-0.010000000000000009,-0.0014835298641953099,-0.06504682088173178,0.012380121980981285,-0.018795283870968398,-0.024256284162016837,0,0
1.184278169062391,0.9668847092054379,1.51,-0.0009948376736366171,0.15677308654785158,0.044580352783203124,1,1,1.5,0,-0.18427816906239092,0.0331152907945621,-0.010000000000000009,0.0009948376736366171,-0.07707910845175518,0.003454429712815496,-0.001922800000000011,0.018583530511065073,0,0
1.1933230335314122,0.9695383496772536,1.511,-0.002373647782712318,0.13563330078125,0.039939559936523435,1,1,1.5,0,-0.19332303353141223,0.030461650322746392,-0.010999999999999899,0.002373647782712318,-0.06565584333546395,0.007055212663914736,-0.007295779487178914,0.03318212997824132,0,0
1.1995922932154637,0.9706012580532383,1.511,-0.0018151424220742562,0.09400078582763671,0.01616679573059082,1,1,1.5,0,-0.19959229321546368,0.02939874194676173,-0.010999999999999899,0.0018151424220742562,-0.0648329971731018,0.012613102548204825,-0.0028767999999999216,0.027748140241291245,0,0
1.2043560756226843,0.9727815637825556,1.51,-0.001012290966156515,0.07139725494384766,0.032834236145019534,1,1,1.5,0,-0.20435607562268432,0.027218436217444353,-0.010000000000000009,0.001012290966156515,-0.05957680738364024,0.005581905443665521,0.003415755555554933,0.018800251120459563,0,0
1.20920561387639,0.9747231766305409,1.512,0.002583087292951758,0.07271355438232421,0.02919781494140625,1,1,1.5,0,-0.20920561387639003,0.025276823369459134,-0.01200000000000001,-0.002583087292951758,-0.06379599324727583,0.006096414569856944,-0.014926511111111132,-0.03510638663606014,0,0
1.2113476745051326,0.9763436171477521,1.508,0.0007853981633973994,0.03219358825683594,0.024223529815673828,1,1,1.5,0,-0.2113476745051326,0.023656382852247915,-0.008000000000000007,-0.0007853981633973994,-0.05132777769922654,0.007071953848266524,0.02191564516129033,-0.01587401051968134,0,0
1.2104973592043764,0.9772915566038287,1.507,-0.00012217304763950665,-0.012743557929992676,0.01422910499572754,1,1,1.5,0,-0.2104973592043764,0.022708443396171285,-0.006999999999999895,0.00012217304763950665,-0.03541250177584455,0.01062236508311833,0.005646455555556259,0.004591384685093172,0,0
1.2065583968645872,0.9778639115079886,1.505,-0.002303834612632505,-0.05908548355102539,0.008578104972839356,1,1,1.5,0,-0.2065583968645872,0.02213608849201143,-0.004999999999999893,0.002303834612632505,-0.02210331898270911,0.013206920247480242,0.010626258974359065,0.032528268195291296,0,0
1.2005048530489928,0.9792060319432309,1.505,-0.0038048177693474905,-0.09084929656982423,0.019922557830810546,1,1,1.5,0,-0.2005048530489928,0.02079396805676914,-0.004999999999999893,0.0038048177693474905,-0.003821276958624935,0.007656555489163085,0.0016209000000000848,0.045448126351296816,0,0
1.1929404528155403,0.9804208662702392,1.505,-0.0033335788713089176,-0.11353451538085937,0.017790666580200197,1,1,1.5,0,-0.1929404528155403,0.019579133729760834,-0.004999999999999893,0.0033335788713089176,0.0065966128297009485,0.00799989360164649,0.0015894000000000854,0.04161346691860487,0,0
1.1883496870676102,0.9783878440857826,1.501,0.0010297442586768568,-0.06875944519042969,-0.03072471809387207,1,1,1.5,0,-0.18834968706761024,0.02161215591421739,-0.0009999999999998899,-0.0010297442586768568,-0.008384605004402523,0.027376217793094723,0.027363845161290427,-0.019015729709761783,0,0
1.1807093054932005,0.9783460777425798,1.498,0.002932153143350602,-0.11460630798339844,-0.0005084802508354187,1,1,1.5,0,-0.18070930549320052,0.021653922257420244,0.0020000000000000018,-0.002932153143350602,0.010828068367317874,0.01628881777687254,0.023862466666666065,-0.03820186003550348,0,0
1.1734978964121976,0.9792531658576615,1.498,-0.000052359877559915446,-0.10813077545166015,0.013923437118530273,1,1,1.5,0,-0.1734978964121976,0.020746834142338466,0.0020000000000000018,0.000052359877559915446,0.0029928119154642163,0.01169479660256678,0.007211400000000003,0.0026099117607820865,0,0
1.165064410010287,0.98071102727647,1.496,-0.003682644721707984,-0.1265034408569336,0.021861297607421875,1,1,1.5,0,-0.16506441001028693,0.01928897272353003,0.0040000000000000036,0.003682644721707984,0.021435659850947475,0.006925861858995561,0.02012652258064517,0.044469948325084795,0,0
1.1563376080381451,0.9818285857265718,1.494,-0.004712388980384619,-0.13096287536621093,0.016281198501586915,1,1,1.5,0,-0.15633760803814511,0.018171414273428166,0.006000000000000005,0.004712388980384619,0.025687976106415794,0.008502767335857912,0.021585111111111128,0.05241482788417741,0,0
1.1492834165986818,0.9830424453471259,1.495,-0.00274016692563106,-0.10589749908447266,0.017709062576293944,1,1,1.5,0,-0.14928341659868183,0.016957554652874074,0.004999999999999893,0.00274016692563106,0.019629329913253023,0.0073571990787125304,0.004059838709676703,0.03651557044229399,0,0
1.1378085253798471,0.9830314141138895,1.497,-0.00013962634015940445,-0.1721222686767578,-0.0006371140480041504,1,1,1.5,0,-0.1378085253798471,0.0169685858861105,0.0029999999999998916,0.00013962634015940445,0.04842592902438714,0.014383334757342103,-0.002987211111111207,0.00501885882069542,0,0
1.1316196567623642,0.9840998638806144,1.498,0.0026005405854714336,-0.09283526611328125,0.016013784408569334,1,1,1.5,0,-0.1316196567623642,0.015900136119385566,0.0020000000000000018,-0.0026005405854714336,0.021892087351315835,0.007854834825058797,0.001691138709678043,-0.03526434596341095,0,0
1.1231194784085392,0.9857388955484293,1.501,0.0025132741228719446,-0.12743830871582032,0.024916967391967772,1,1,1.5,0,-0.1231194784085392,0.014261104451570694,-0.0009999999999998899,-0.0025132741228719446,0.027891389121769403,0.005918020274579623,-0.008362739240505759,-0.034470955040511154,0,0
1.1157675756790957,0.9876449285844366,1.502,-0.0005759586531579597,-0.11020633697509766,0.028867565155029296,1,1,1.5,0,-0.11576757567909568,0.012355071415563357,-0.0020000000000000018,0.0005759586531579597,0.034693240192477014,0.0015432739919167288,-0.0015291612903232119,0.012908851787974794,0,0
1.1082432814399161,0.989448240735437,1.503,-0.0028797932657906866,-0.11287997436523438,0.02698467254638672,1,1,1.5,0,-0.10824328143991613,0.010551759264562977,-0.0029999999999998916,0.0028797932657906866,0.03807241260263241,0.001449557073836932,-0.002258455555554854,0.03774571160800693,0,0
1.1026643324155934,0.9910926341913621,1.509,-0.002111848394913185,-0.08375492095947265,0.024424806594848632,1,1,1.5,0,-0.10266433241559336,0.008907365808637935,-0.008999999999999897,0.002111848394913185,0.029917800664498298,0.00141812056933115,-0.03542966774193543,0.030695065760184465,0,0
1.0968043687995848,0.9921098222020297,1.507,0.0007155849933178082,-0.08793148040771484,0.015072155952453613,1,1,1.5,0,-0.09680436879958476,0.0078901777979703,-0.006999999999999895,-0.0007155849933178082,0.03329920129854541,0.004591056463863275,0.011108311111111206,-0.014918811468635716,1430811178180,0
1.092315308445686,0.9938843092507196,1.508,0.0013089969389956657,-0.06731684112548827,0.026665483474731445,1,1,1.5,0,-0.09231530844568603,0.0061156907492804224,-0.008000000000000007,-0.0013089969389956657,0.022411538184073505,0.001440117945924928,-0.0053523794871799925,-0.022314431669404732,1430811178180,0
1.0889090241300718,0.9956698408016329,1.508,0.002583087292951758,-0.051059162139892575,0.02684983253479004,1,1,1.5,0,-0.08890902413007185,0.004330159198367101,-0.008000000000000007,-0.002583087292951758,0.022649249217887205,-0.0015429725512205016,-0.0009148000000000038,-0.03510638663606014,1430811178180,0
1.0850480622381549,0.9963663252925808,1.51,-0.0014311699866351724,-0.05788724899291992,0.010596830368041993,1,0,1.5,0,-0.08504806223815486,0.0036336747074191544,-0.010000000000000009,0.0014311699866351724,-0.04252403111907743,0.0018168373537095772,-0.008000000000000007,0.023682137019422678,1430811178180,0
1.082236938106376,0.997369855575715,1.512,-0.0023387411976725225,-0.04218836212158203,0.014992590904235839,1,0,1.5,0,-0.08223693810637589,-0.997369855575715,-0.01200000000000001,0.0023387411976725225,-0.025759088938437133,-6.155695001523023,-0.02096472258064518,0.032856012381244276,0,0
1.0813080208005879,0.9998167119884503,1.514,-0.0028623399732705668,-0.014019559860229493,0.036670158386230466,1,0,1.5,0,-0.08130802080058785,-0.9998167119884503,-0.014000000000000012,0.0028623399732705668,-0.03651546824877474,-0.5259845411217404,-0.02247371111111113,0.03759304921748854,0,0
1.08079712873381,1.005122288474718,1.511,-0.0007853981633971774,-0.007891144752502442,0.07956138610839844,1,0,1.5,0,-0.08079712873381006,-1.005122288474718,-0.010999999999999899,0.0007853981633971774,-0.03903754799345101,-0.5512262758191225,0.007904683870968467,0.015874010519678346,0,0
1.0799833725896606,1.0079938831236117,1.509,0.0003316125578789464,-0.012240168571472167,0.0430643196105957,1,0,1.5,0,-0.0799833725896606,-1.0079938831236117,-0.008999999999999897,-0.0003316125578789464,-0.03749776582010096,-0.5450149032090899,0.0036236111111112032,-0.008934029631460734,0,0
1.0803251334224742,1.0065358539043128,1.509,0.0013264502315157856,0.0051191596984863285,-0.02187213706970215,1,0,1.5,0,-0.08032513342247416,-1.0065358539043128,-0.008999999999999897,-0.0013264502315157856,-0.0443495919432225,-0.5296411258503821,-0.007557699999999916,-0.02251234398612383,0,0
1.0779017363294203,0.9991896799443495,1.511,0.0019024088846739673,-0.03649708938598633,-0.11014429473876954,1,0,1.5,0,-0.07790173632942032,-0.9991896799443495,-0.010999999999999899,-0.0019024088846739673,-0.0284068745026278,-0.49723511681984156,-0.020516222580645088,-0.028630525534142595,0,0
1.0756848566751733,0.9845285980329483,1.516,-0.00043633231299855524,-0.03367150497436523,-0.21985256958007812,1,0,1.5,0,-0.07568485667517333,-0.9845285980329483,-0.016000000000000014,0.00043633231299855524,-0.029139718654195707,-0.4561269878391694,-0.041104477777778425,0.010727659828950999,0,0
1.0717788219965791,0.9615407758410794,1.517,-0.0027750735106708557,-0.05844005966186523,-0.34484286499023437,1,0,1.5,0,-0.07177882199657915,-0.9615407758410794,-0.016999999999999904,0.0027750735106708557,-0.01789753232416989,-0.4022751206304326,-0.019877261290321878,0.03682502673441565,0,0
1.0672204161309924,0.9316764410328853,1.512,-0.0040840704496667435,-0.0671326904296875,-0.44815304565429687,1,0,1.5,0,-0.06722041613099239,-0.9316764410328853,-0.01200000000000001,0.0040840704496667435,-0.012767536748221717,-0.35706950763456513,0.017470077777777177,0.04764553700785741,0,0
1.0625380357004883,0.8953960265536823,1.505,-0.0012566370614357503,-0.0680125503540039,-0.544488525390625,1,0,1.5,0,-0.06253803570048833,-0.8953960265536823,-0.004999999999999893,0.0012566370614357503,-0.009705766632504737,-0.30558493550137544,0.03477742903225882,0.021715340932757333,0,0
1.05321404767732,0.8485346839583432,1.496,0.002652900463031349,-0.13897639465332032,-0.7030953369140625,1,0,1.5,0,-0.053214047677319964,-0.8485346839583432,0.0040000000000000036,-0.002652900463031349,0.009411851347164456,-0.2860529364779245,0.04236631772151853,-0.035736118525840944,0,0
1.0444702465830902,0.7921449520427664,1.491,0.0029670597283901756,-0.13340049743652344,-0.8454950561523438,1,0,1.5,0,-0.04447024658309018,-0.7921449520427664,0.008999999999999897,-0.0029670597283901756,0.02155939613530905,-0.15205378058522667,0.03477450645161222,-0.03850445099562126,0,0
1.0350844092047102,0.7268469066519416,1.483,0.0013439035240356834,-0.14369308471679687,-0.9790486450195313,1,0,1.5,0,-0.03508440920471023,-0.7268469066519416,0.016999999999999904,-0.0013439035240356834,0.029659189865696857,-0.07362234231852793,0.05821539032258061,-0.02270939013807623,0,0
1.0252257596023144,0.6552466544476612,1.479,0.000034906585040017646,-0.14932296752929688,-1.0738040771484374,1,0,1.5,0,-0.025225759602314435,-0.6552466544476612,0.020999999999999908,-0.000034906585040017646,0.03621530210457247,-0.012789089400749354,0.038608622222222166,-0.0019917354429192812,0,0
1.018700607458955,0.5815041903038316,1.478,-0.0031415926535898198,-0.0979158935546875,-1.106133544921875,1,0,1.5,0,-0.018700607458955076,-0.5815041903038316,0.02200000000000002,0.0031415926535898198,0.02084063402128051,0.03231984371419083,0.022880555555556195,0.04000000000000024,0,0
1.0145355170768542,0.5063331315591942,1.48,-0.004118977034706539,-0.05893370056152344,-1.127756591796875,1,0,1.5,0,-0.014535517076854187,-0.5063331315591942,0.020000000000000018,0.004118977034706539,0.005248465063057848,-0.006418348865759926,0.006906641025641034,0.0479166362808735,0,0
1.006410306366938,0.43064969723465174,1.476,-0.003316125578789242,-0.11720106506347656,-1.135743896484375,1,0,1.5,0,-0.006410306366938068,-0.43064969723465174,0.02400000000000002,0.003316125578789242,0.03644994336906214,0.11869250111273416,0.04181044516129036,0.041468092176551986,0,0
0.998505934310012,0.3578387899878941,1.478,-0.0028623399732705668,-0.11494318389892579,-1.09255078125,1,0,1.5,0,0.001494065689988,-0.3578387899878941,0.02200000000000002,0.0028623399732705668,0.03845659513007288,0.13010341685137533,0.006657288888888897,0.03759304921748854,0,0
0.9926784454721039,0.28491238176335293,1.475,-0.0027750735106708557,-0.08428087615966796,-1.094141845703125,1,0,1.5,0,0.007321554527896068,-0.28491238176335293,0.02499999999999991,0.0027750735106708557,0.030399669500611706,0.17197646068839043,0.03725888387096706,0.03682502673441565,0,0
0.9887000549673115,0.21767140941949098,1.473,-0.0014137166941152746,-0.056876651763916014,-1.0087763061523438,1,0,1.5,0,0.011299945032688496,-0.21767140941949098,0.026999999999999913,0.0014137166941152746,0.021665109470237358,0.16610523769543625,0.03320461111111105,0.02348920584701172,0,0
0.9845528792735695,0.1513368455467776,1.478,-0.0020594885173532695,-0.060800899505615236,-0.9951054077148438,1,0,1.5,0,0.015447120726430508,-0.1513368455467776,0.02200000000000002,0.0020594885173532695,0.02514377568502228,0.19924258590817556,-0.009995906451612281,0.030185589345214453,0,0
0.9802678489079553,0.08948257546700711,1.477,-0.0022340214425526916,-0.06236449813842773,-0.9279444580078124,1,0,1.5,0,0.019732151092044736,-0.08948257546700711,0.02299999999999991,0.0022340214425526916,0.027804851982642563,0.198771502314449,0.024730355555554872,0.03186776708662826,1430811179805,0
0.9770223175892464,0.03281329303203551,1.477,-0.0013264502315155635,-0.04678384399414062,-0.8501458740234376,1,0,1.5,0,0.022977682410753597,-0.03281329303203551,0.02299999999999991,0.0013264502315155635,0.020364400869697482,0.13750060776516765,0.019354199999999926,0.022512343986121317,1430811179805,0
0.9759844404796745,-0.016973195526774315,1.476,-0.001553343034275123,-0.014577553749084473,-0.7468173217773437,1,0,1.5,0,0.024015559520325525,0.016973195526774315,0.02400000000000002,0.001553343034275123,0.012327938018267807,0.18926660215473445,0.02594816129032323,0.025011418652095916,1430811179805,0
0.976884137778789,-0.05673451652255683,1.48,-0.004101523742186863,0.014421887397766113,-0.5963981323242188,0,0,1.5,0,0.02311586222121098,0.05673451652255683,0.020000000000000018,0.004101523742186863,0.01155793111060549,0.028367258261278415,0.016000000000000014,0.04778118277918353,1430811179805,0
0.9784081756934515,-0.09187774104059802,1.485,-0.003560471674068255,0.02502248191833496,-0.5270501708984375,0,0,1.5,0,-0.9784081756934515,0.09187774104059802,0.014999999999999902,0.003560471674068255,-6.149034948699441,0.24489768318111227,-0.016132806451613628,0.04348089079099668,0,0
0.9813530243175573,-0.11809482535029413,1.492,-0.002129301687433305,0.04557262420654297,-0.3930964965820313,0,0,1.5,0,-0.9813530243175573,0.11809482535029413,0.008000000000000007,0.002129301687433305,-0.5192854370351999,0.20601152045650617,-0.0323454888888883,0.03086395248529943,0,0
0.9877779739901095,-0.1419318205317444,1.497,0.0018151424220740342,0.09713536834716797,-0.35734890747070314,0,0,1.5,0,-0.9877779739901095,0.1419318205317444,0.0029999999999998916,-0.0018151424220740342,-0.5426722123115141,0.18034749367437836,-0.019869097435898042,-0.027748140241288983,0,0
0.9944204296014105,-0.15997098750714817,1.499,0.00844739357965274,0.09914551544189452,-0.27076791381835935,0,0,1.5,0,-0.9944204296014105,0.15997098750714817,0.0009999999999998899,-0.00844739357965274,-0.5608266776934596,0.18523202858963927,-0.01031732258064526,-0.07734671895832756,0,0
0.9952489164726788,-0.17189538881116587,1.505,0.010698868314725107,0.010915925979614258,-0.17896461486816406,0,0,1.5,0,-0.9952489164726788,0.17189538881116587,-0.004999999999999893,-0.010698868314725107,-0.534615960853648,0.1566898369831532,-0.03719183333333204,-0.09054239349910083,0,0
0.9895978821889102,-0.17548466552473854,1.515,0.008395033702092825,-0.085336669921875,-0.05292919158935547,0,0,1.5,0,-0.9895978821889102,0.17548466552473854,-0.014999999999999902,-0.008395033702092825,-0.5014222457519397,0.1135878523187002,-0.06840311290322577,-0.07702677332397574,0,0
0.9804323173669813,-0.1734768825714228,1.517,0.00129154364647599,-0.13722579956054687,0.031269847869873045,0,0,1.5,0,-0.9804323173669813,0.1734768825714228,-0.016999999999999904,-0.00129154364647599,-0.4839973823631319,0.08226046949788254,-0.024769711111111044,-0.022115637754261386,0,0
0.9589771784814163,-0.16592974419155126,1.519,-0.005759586531581373,-0.32168060302734375,0.1136226348876953,0,0,1.5,0,-0.9589771784814163,0.16592974419155126,-0.018999999999999906,0.005759586531581373,-0.4090175564779191,0.048065201027818784,-0.026666722580645095,0.05991758231383847,0,0
0.9330686059318979,-0.15295395214927332,1.527,-0.010960667702524463,-0.3897431640625,0.19239532470703125,0,0,1.5,0,-0.9330686059318979,0.15295395214927332,-0.026999999999999913,0.010960667702524463,-0.40820250955841475,0.027150451386186374,-0.05788443589743586,0.09201347169833171,0,0
0.9006929445636231,-0.13551754562131585,1.527,-0.010210176124166859,-0.488472412109375,0.2562076110839844,0,0,1.5,0,-0.9006929445636231,0.13551754562131585,-0.026999999999999913,0.010210176124166859,-0.3340806743320245,-0.01935820861368094,-0.02215709999999993,0.08776382955329147,0,0
0.8621553192061742,-0.1150298750835922,1.524,-0.00479965544298433,-0.5811719360351563,0.3013970031738281,0,0,1.5,0,-0.8621553192061742,0.1150298750835922,-0.02400000000000002,0.00479965544298433,-0.28247089912285755,-0.047676138150145125,-0.0029704161290328886,0.053059943575419675,0,0
0.8157284661412769,-0.09162195896804443,1.517,0.0005410520681183861,-0.6980800170898438,0.347772216796875,0,0,1.5,0,-0.8157284661412769,0.09162195896804443,-0.016999999999999904,-0.0005410520681183861,-0.2240207113442726,-0.07319065163769031,0.024475888888889612,-0.012381866498990767,0,0
0.7644563900878322,-0.06710821674924514,1.515,0.0025132741228719446,-0.768882080078125,0.3681221923828125,0,0,1.5,0,-0.7644563900878322,0.06710821674924514,-0.014999999999999902,-0.0025132741228719446,-0.1716121253963645,-0.09337150203804685,-0.00161567741935475,-0.034470955040511154,0,0
0.7059187603202348,-0.041713314141093055,1.514,0.0011170107212765679,-0.8771043090820313,0.383129150390625,0,0,1.5,0,-0.7059187603202348,0.041713314141093055,-0.014000000000000012,-0.0011170107212765679,-0.11102068344953514,-0.10850492307603346,-0.006638644444445065,-0.02007543528279764,0,0
0.6417315233924924,-0.016026310630264558,1.509,0.00026179938779913314,-0.9623775634765624,0.3863802795410156,0,0,1.5,0,-0.6417315233924924,0.016026310630264558,-0.008999999999999897,-0.00026179938779913314,-0.12112197225165966,-0.09540282258191718,0.014171497435898038,-0.007631428283688564,0,0
0.5759503112321422,0.007445103947118843,1.505,-0.002757620218150736,-0.9866259765625,0.35232952880859375,0,0,1.5,0,-0.5759503112321422,-0.007445103947118843,-0.004999999999999893,0.002757620218150736,-0.01442832734453059,-0.12231998643670863,0.01712632222222233,0.036670461804907566,0,0
0.5087396991614713,0.028145318683834068,1.505,-0.001832595714593932,-1.0090115966796875,0.307721923828125,0,0,1.5,0,-0.5087396991614713,-0.028145318683834068,-0.004999999999999893,0.001832595714593932,0.029986359447630784,-0.11930389806184583,-0.00512689999999991,0.02792572909413237,0,0
0.4369839846157432,0.04648812588887127,1.502,0.002094395102393065,-1.076838134765625,0.2731691589355469,0,0,1.5,0,-0.4369839846157432,-0.04648812588887127,-0.0020000000000000018,-0.002094395102393065,0.08233933064455501,-0.11381661039682343,0.013927166666666066,-0.030525713134754256,0,0
0.36516802081757094,0.06071834719917635,1.501,0.002391101075232216,-1.0767900390625,0.21570901489257813,0,0,1.5,0,-0.36516802081757094,-0.06071834719917635,-0.0009999999999998899,-0.002391101075232216,0.12275311108784381,-0.09973558482583961,0.0036994612903233056,-0.03334458879160446,0,0
0.2926762335736431,0.07223687045977628,1.5,0.001658062789394732,-1.0869605712890624,0.17537738037109374,0,0,1.5,0,-0.2926762335736431,-0.07223687045977628,0,-0.001658062789394732,0.15447459693279852,-0.08960984013860035,0.004409855555554948,-0.026123261116110543,0,0
0.22175782272768152,0.07902654313647127,1.501,0.0008028514559175193,-1.0636058349609374,0.10360875701904297,0,0,1.5,0,-0.22175782272768152,-0.07902654313647127,-0.0009999999999998899,-0.0008028514559175193,0.10369557839471466,-0.06009576758071926,-0.006440679487178898,-0.016108318536552892,0,0
0.1515416160424167,0.08383825826080779,1.502,0.0016755160819146298,-1.053184814453125,0.07302130126953126,0,0,1.5,0,-0.1515416160424167,-0.08383825826080779,-0.0020000000000000018,-0.0016755160819146298,0.21602229723946467,-0.05971785034453997,-0.008411061290323207,-0.026306262126192456,0,0
0.08427296034732189,0.08559557415745546,1.501,0.0007853981633973994,-1.0089842529296875,0.028050346374511717,0,0,1.5,0,-0.08427296034732189,-0.08559557415745546,-0.0009999999999998899,-0.0007853981633973994,0.22645864736551513,-0.043735718542578586,0.003583355555556272,-0.01587401051968134,1430811181509,0
0.020888707947635435,0.08610363342692158,1.507,-0.0023212879051524027,-0.9507575073242187,0.00836761474609375,0,0,1.5,0,-0.020888707947635435,-0.08610363342692158,-0.006999999999999895,0.0023212879051524027,0.2421208377771913,-0.03762880113325123,-0.040686567741935416,0.0326923456439166,1430811181509,0
-0.03917357665690924,0.08381205863631529,1.509,-0.0038048177693474905,-0.90085205078125,-0.036464855194091796,0,0,1.5,0,0.03917357665690924,-0.08381205863631529,-0.008999999999999897,0.0038048177693474905,0.24826380446379315,-0.0214119821272533,-0.019583411111111032,0.045448126351296816,1430811181509,0
-0.09170695156363115,0.07966074683004858,1.51,-0.002478367537831927,-0.7877579956054688,-0.06526741790771484,0,0,1.5,0,0.09170695156363115,-0.07966074683004858,-0.010000000000000009,0.002478367537831927,0.17729312949896556,-0.014060969926352172,-0.013837479487179987,0.03415103610068913,1430811181509,0
-0.14101382916030017,0.07144672158346507,1.507,0.0004712388980385729,-0.7392955322265625,-0.12504300689697265,0,0,1.5,0,0.14101382916030017,-0.07144672158346507,-0.006999999999999895,-0.0004712388980385729,0.24543944851973137,0.017344889200901666,0.009941783870968477,-0.011292432346574005,0,0
-0.18355761482089444,0.06183286322942695,1.496,0.0030019663134304153,-0.6382246704101563,-0.14390713500976562,0,0,1.5,0,0.18355761482089444,-0.06183286322942695,0.0040000000000000036,-0.0030019663134304153,0.22587684234908983,0.028803098168930435,0.06294261111111055,-0.03880585761640556,0,0
-0.22102346104761236,0.04479739978061209,1.479,0.002740166925631282,-0.5627522583007812,-0.2538437347412109,0,0,1.5,0,0.22102346104761236,-0.04479739978061209,0.020999999999999908,-0.002740166925631282,0.22112649096811104,0.07980070064955225,0.11152944193548328,-0.03651557044229596,0,0
-0.2515165533025923,0.022735796623345104,1.442,0.0009599310885970436,-0.45830145263671873,-0.32966946411132814,0,0,1.5,0,0.2515165533025923,-0.022735796623345104,0.05800000000000005,-0.0009599310885970436,0.19586291463638295,0.1170847898703204,0.25108265555555637,-0.018146245449200318,0,0
-0.27516541091152663,-0.0012664445140349034,1.415,0.0014835298641953099,-0.35507830810546875,-0.35969293212890624,0,0,1.5,0,0.27516541091152663,0.0012664445140349034,0.08499999999999996,-0.0014835298641953099,0.17139735971822806,0.13987521115118784,0.21766259999999948,-0.024256284162016837,0,0
-0.28892331376351177,-0.02612919983435865,1.378,0.0014486232791555143,-0.20692158508300781,-0.372634765625,0,0,1.5,0,0.28892331376351177,0.02612919983435865,0.12200000000000011,-0.0014486232791555143,0.1108815501837546,0.13072825814162148,0.26423984102564174,-0.02387428548808401,0,0
-0.297713051504964,-0.05613246725936663,1.332,0.0011868238913563811,-0.1324978790283203,-0.4498575439453125,0,0,1.5,0,0.297713051504964,0.05613246725936663,0.16799999999999993,-0.0011868238913563811,0.10500754775990931,0.20388755133386569,0.39573321935483763,-0.02090343201996958,0,0
-0.3001436772379388,-0.08734701744032711,1.288,0.0028972465583108065,-0.037015052795410154,-0.4681746520996094,0,0,1.5,0,0.3001436772379388,0.08734701744032711,0.21199999999999997,-0.0028972465583108065,0.07199775483716622,0.22408599645537108,0.41703584444444464,-0.03789806589877173,0,0
-0.2989217591410521,-0.12112976608804793,1.24,0.005899212871741,0.016860542297363282,-0.5067922058105468,0,0,1.5,0,0.2989217591410521,0.12112976608804793,0.26,-0.005899212871741,0.05283870966060405,0.2590232726037858,0.4835711419354841,-0.060882076263935395,0,0
-0.29346447561584543,-0.15516050808597415,1.191,0.009250245035569815,0.07884652709960938,-0.5109351501464844,0,0,1.5,0,0.29346447561584543,0.15516050808597415,0.30899999999999994,-0.009250245035569815,0.028538577028165868,0.2753667676231363,0.5259723222222218,-0.08217295427891717,0,0
-0.28892287003480666,-0.1892319711949917,1.142,0.00912807198793053,0.06339369583129882,-0.5116802368164063,0,0,1.5,0,0.28892287003480666,0.1892319711949917,0.3580000000000001,-0.00912807198793053,0.03846061502852473,0.25770360114768537,0.5156142948717957,-0.08144781672256615,0,0
-0.2841856189582609,-0.2204739262407451,1.09,0.010821041362364836,0.06677818298339844,-0.4692584228515625,0,0,1.5,0,0.2841856189582609,0.2204739262407451,0.4099999999999999,-0.010821041362364836,0.03149039333003499,0.298172621910564,0.6334328870967731,-0.09123037238846808,0,0
-0.2777195581295873,-0.24610223996556987,1.04,0.01195550537616108,0.092825439453125,-0.38545172119140625,0,0,1.5,0,0.2777195581295873,0.24610223996556987,0.45999999999999996,-0.01195550537616108,0.020826982372472144,0.27855086831994497,0.660560277777778,-0.09750016910006534,0,0
-0.2707251590773047,-0.2656539898394427,0.986,0.011885692206081488,0.10140230560302735,-0.29450958251953124,0,0,1.5,0,0.2707251590773047,0.2656539898394427,0.514,-0.011885692206081488,0.015446328212893011,0.25796705884647136,0.7340080096774196,-0.09712023603189257,0,0
-0.2638760802461664,-0.2788305171566067,0.934,0.012269664641520128,0.10037979888916015,-0.19885501098632813,0,0,1.5,0,0.2638760802461664,0.2788305171566067,0.566,-0.012269664641520128,0.015118280931120893,0.22914210275688368,0.7632239888888885,-0.09920080687327325,0,0
-0.25772488654541703,-0.2853265005042913,0.883,0.01178097245096188,0.09106543731689454,-0.09856448364257812,0,0,1.5,0,0.25772488654541703,0.2853265005042913,0.617,-0.01178097245096188,0.01696653575935001,0.19762706293098165,0.8068637258064519,-0.09654893846056384,0,0
-0.25285214279858104,-0.28544299443382914,0.832,0.012775810124598497,0.07306549835205078,-0.0026083526611328125,0,0,1.5,0,0.25285214279858104,0.28544299443382914,0.668,-0.012775810124598497,0.023776814360776097,0.16345991552118697,0.8473022333333337,-0.10191052571979213,0,0
-0.24924151267362327,-0.27966954236069486,0.781,0.012287117934040026,0.055261409759521485,0.08590280151367187,0,0,1.5,0,0.24924151267362327,0.27966954236069486,0.719,-0.012287117934040026,0.03478483625818196,0.13620090770481877,0.8392232538461535,-0.09929485836998536,0,0
-0.24689871871946475,-0.2682965624240454,0.732,0.011152653920244004,0.037235321044921874,0.17015003967285156,0,0,1.5,0,0.24689871871946475,0.2682965624240454,0.768,-0.011152653920244004,0.03812030702844878,0.0938820660423165,0.9309516032258067,-0.09308482644767592,0,0
-0.24631048976488135,-0.2523492562481522,0.683,0.008412486994612722,0.011490652084350586,0.2390963134765625,0,0,1.5,0,0.24631048976488135,0.2523492562481522,0.817,-0.008412486994612722,0.04933545974131875,0.06310437394109283,0.9709080222222218,-0.07713349558059619,0,0
-0.24728964481063437,-0.23243399398695347,0.631,0.007051130178057141,-0.012173782348632813,0.2988419189453125,0,0,1.5,0,0.24728964481063437,0.23243399398695347,0.869,-0.007051130178057141,0.06015365986010467,0.030759111391300553,1.0392219870967745,-0.06856974977926693,0,0
-0.2496269379430295,-0.20960702975312634,0.579,0.0038048177693477125,-0.03264420700073242,0.34264315795898437,0,0,1.5,0,0.2496269379430295,0.20960702975312634,0.921,-0.0038048177693477125,0.070352429820474,0.006274553199666577,1.0819647888888893,-0.04544812635129858,0,0
-0.252689587742206,-0.18484364571969242,0.527,0.0013962634015955988,-0.04452611541748047,0.37162286376953124,0,0,1.5,0,0.252689587742206,0.18484364571969242,0.973,-0.0013962634015955988,0.07775462040954968,-0.01793793721081545,1.1342568870967737,-0.023295479059636144,0,0
-0.25629386761764883,-0.1589305662313971,0.475,0.0014486232791555143,-0.05352142333984375,0.38877130126953124,0,0,1.5,0,0.25629386761764883,0.1589305662313971,1.025,-0.0014486232791555143,0.08026065837141352,-0.004650411061882201,1.1207857468354427,-0.02387428548808401,0,0
-0.2602171219293202,-0.13234318372682696,0.423,0.0016755160819146298,-0.058271026611328124,0.39889556884765626,0,0,1.5,0,0.2602171219293202,0.13234318372682696,1.077,-0.0016755160819146298,0.0900147064934611,-0.052408854557779494,1.2322317870967745,-0.026306262126192456,0,0
-0.25713316306802114,-0.10118030267932984,0.371,0.0026878070480713667,0.047042526245117185,0.46736505126953126,0,0,1.5,0,0.25713316306802114,0.10118030267932984,1.129,-0.0026878070480713667,0.050812157832806654,-0.09038991357938872,1.2762849888888892,-0.036048909794738467,0,0
-0.25510763606152137,-0.06452900260003158,0.32,0.0038222710618676103,0.031860467910766604,0.5496858520507812,0,0,1.5,0,0.25510763606152137,0.06452900260003158,1.18,-0.0038222710618676103,0.057079739808537616,-0.14209086732002957,1.3234153258064514,-0.04558700540550872,0,0
-0.25338907053596754,-0.0288972101282626,0.27,0.003857177646907406,0.027821205139160157,0.5343744506835938,0,0,1.5,0,0.25338907053596754,0.0288972101282626,1.23,-0.003857177646907406,0.05970364858665597,-0.15077661330539333,1.3610388777777782,-0.045864131121978936,0,0
-0.2524049872595902,0.004166633851080074,0.228,0.005480333851262342,0.016674131393432618,0.49589703369140625,0,0,1.5,0,0.2524049872595902,-0.004166633851080074,1.272,-0.005480333851262342,0.06631219381073217,-0.11775003488957372,1.3152442384615388,-0.05796485493331793,0,0
-0.25154792357656186,0.034518653480697645,0.196,0.0049043751981041606,0.015350837707519532,0.4552030029296875,0,0,1.5,0,0.25154792357656186,-0.034518653480697645,1.304,-0.0049043751981041606,0.0670207546600565,-0.1561187041807816,1.3411126612903228,-0.05382894496943926,0,0
-0.25028552897118245,0.06185386404994951,0.16,0.0052708943410229026,0.02094661521911621,0.40993035888671875,0,0,1.5,0,0.25028552897118245,-0.06185386404994951,1.34,-0.0052708943410229026,0.06579131555343921,-0.15069622345298217,1.3977095000000002,-0.056478473474599264,0,0
-0.24820663973151613,0.08565993989572493,0.108,0.002844886680750891,0.033065086364746095,0.35692181396484374,0,0,1.5,0,0.24820663973151613,-0.08565993989572493,1.392,-0.002844886680750891,0.06156839040052799,-0.14565720990199,1.5414882870967732,-0.03744007621976606,0,0
-0.24291027968686124,0.10420680651263257,0,-0.010245082709206654,0.08023653411865235,0.2779758605957031,0,0,1.5,0,0.24291027968686124,-0.10420680651263257,1.5,0.010245082709206654,0.042761987732555254,-0.12423615612412779,1.9437899000000005,0.08796374726840751,0,0
-0.23771939987808674,0.121535283332604,0,-0.02909463863074535,0.07519618225097656,0.26071121215820314,0,0,1.5,0,0.23771939987808674,-0.121535283332604,1.5,0.02909463863074535,0.04176127681850619,-0.12843781198342127,1.3530899,0.17640141093192246,0,0
-0.23254962984932173,0.13769233927124797,0,-0.036704274169440554,0.07046347045898438,0.24450914001464844,0,0,1.5,0,0.23254962984932173,-0.13769233927124797,1.5,0.036704274169440554,0.04741284320790684,-0.1113639562676869,1.3649399000000002,0.20595444508882213,0,0
-0.22759104018336354,0.15279293500785074,0,-0.03775147172063731,0.06601676940917969,0.22908578491210937,0,0,1.5,0,0.22759104018336354,-0.15279293500785074,1.5,0.03775147172063731,0.041256618818441226,-0.13352497544706157,1.3742399,0.20985339561932512,0,0
-0.22293037143659075,0.16693504563427114,0,-0.037786378305677326,0.061853839874267576,0.2146190948486328,0,0,1.5,0,0.22293037143659075,-0.16693504563427114,1.5,0.037786378305677326,0.04243018007322839,-0.13496970429257862,1.3836899000000003,0.20998273515949237,0,0
-0.21856319833615823,0.1801841043982438,0,-0.037873644768276815,0.0579531135559082,0.2010687255859375,0,0,1.5,0,0.21856319833615823,-0.1801841043982438,1.5,0.037873644768276815,0.04284089296673428,-0.13893716753153063,1.3929899000000001,0.21030590989889963,0,0
-0.21447038214513567,0.1925966011648582,0,-0.03796091123087675,0.05429830551147461,0.18837852478027345,0,0,1.5,0,0.21447038214513567,-0.1925966011648582,1.5,0.03796091123087675,0.044061177085534003,-0.14052201620466864,1.4024399,0.21062883651926284,0,0
-0.21063469054194067,0.2042254343463595,0,-0.038170350741115966,0.050873897552490235,0.1764904022216797,0,0,1.5,0,0.21063469054194067,-0.2042254343463595,1.5,0.038170350741115966,0.04453403633322789,-0.14429095404611686,1.4117399000000002,0.21140285262311856,0,0
-0.20703866669854168,0.21511956777406252,0,-0.038344883666315166,0.047665088653564454,0.1653513946533203,0,0,1.5,0,0.20703866669854168,-0.21511956777406252,1.5,0.038344883666315166,0.049868019346240466,-0.13465324650816135,1.4234399000000002,0.21204678517452416,0,0
-0.2036676740310788,0.2253256174200278,0,-0.03862413634663442,0.04465891265869141,0.15491664123535157,0,0,1.5,0,0.2036676740310788,-0.2253256174200278,1.5,0.03862413634663442,0.046873896742952684,-0.14899216648442304,1.4328899000000002,0.21307504910941794,0,0
-0.2005066379997413,0.23488658447490948,0,-0.03881612256435374,0.04184229278564453,0.1451384735107422,0,0,1.5,0,0.2005066379997413,-0.23488658447490948,1.5,0.03881612256435374,0.04741969868292144,-0.15250187214095773,1.4421899000000002,0.2137805433414392,0,0
-0.19754332863190877,0.24384332303324477,0,-0.03892084231947335,0.03920248031616211,0.13597480773925782,0,0,1.5,0,0.19754332863190877,-0.24384332303324477,1.5,0.03892084231947335,0.04856429538951565,-0.15430291189638548,1.4516399000000002,0.21416486804300802,0,0
-0.19476609189803723,0.2522343387509016,0,-0.039060468659633196,0.036729457855224606,0.1273908920288086,0,0,1.5,0,0.19476609189803723,-0.2522343387509016,1.5,0.039060468659633196,0.04916810730952609,-0.15767125111385605,1.4609399,0.2146767652532696,0,0
-0.19216297692854437,0.2600953010286308,0,-0.03928736146239231,0.03441231918334961,0.11934928894042969,0,0,1.5,0,0.19216297692854437,-0.2600953010286308,1.5,0.03928736146239231,0.05029337605302707,-0.15954370818744731,1.4703899000000002,0.2155072993775228,0,0
-0.18972243396436816,0.2674596134739635,0,-0.039479347680111854,0.032241146087646486,0.11181731414794922,0,0,1.5,0,0.18972243396436816,-0.2674596134739635,1.5,0.039479347680111854,0.05406353505994529,-0.15468502848303697,1.4820899,0.2162088109275574,0,0
-0.1874345463194468,0.2743587186147598,0,-0.039671333897831174,0.03020705223083496,0.10476045227050781,0,0,1.5,0,0.1874345463194468,-0.2743587186147598,1.5,0.039671333897831174,0.05234109628949904,-0.1651464111321433,1.4915399000000003,0.21690918625425068,0,0
-0.1852897304701005,0.2808220287872157,0,-0.03988077340807039,0.028301811218261717,0.09814935302734375,0,0,1.5,0,0.1852897304701005,-0.2808220287872157,1.5,0.03988077340807039,0.05302014020237014,-0.1682772292964354,1.5008399000000001,0.21767194481306545,0,0
-0.18327894756398158,0.2868770379909457,0,-0.04007275962578971,0.026516544342041017,0.09195547485351563,0,0,1.5,0,0.18327894756398158,-0.2868770379909457,1.5,0.04007275962578971,0.05410622138145879,-0.17026457086546967,1.5102899,0.21836996797571204,0,0
-0.18139390396246718,0.29254958624085453,0,-0.04028219913602893,0.024844146728515624,0.08615269470214844,0,0,1.5,0,0.18139390396246718,-0.29254958624085453,1.5,0.04028219913602893,0.05481798276053466,-0.1732981622022673,1.5195899000000002,0.21913017769955906,0,0
-0.17962666507575412,0.2978637747381499,0,-0.04047418535374847,0.023276939392089843,0.0807156982421875,0,0,1.5,0,0.17962666507575412,-0.2978637747381499,1.5,0.04047418535374847,0.0558893926619221,-0.1753326178633117,1.5290399000000001,0.219825879981552,0,0
-0.17796995927740367,0.30284228324240425,0,-0.04066617157146801,0.021808544158935548,0.07562200164794922,0,0,1.5,0,0.17796995927740367,-0.30284228324240425,1.5,0.04066617157146801,0.058833262985533784,-0.17300023373234968,1.5407399000000002,0.22052048312430425,0,0
-0.1764168894057805,0.3075063192642682,0,-0.04085815778918711,0.020432544708251954,0.07084980010986328,0,0,1.5,0,0.1764168894057805,-0.3075063192642682,1.5,0.04085815778918711,0.05781711911823421,-0.18122856529297776,1.5500399000000002,0.2212139940411837,0,0
-0.17496096388919105,0.311875844499869,0,-0.04094542425178682,0.01914344024658203,0.0663802261352539,0,0,1.5,0,0.17496096388919105,-0.311875844499869,1.5,0.04094542425178682,0.05887026526073098,-0.18332405032161317,1.5594899000000002,0.22152886706188546,0,0
-0.17359652103801887,0.31596946381584357,0,-0.041311943394705564,0.017935966491699217,0.06219060516357422,0,0,1.5,0,0.17359652103801887,-0.31596946381584357,1.5,0.041311943394705564,0.059650317391449714,-0.1861638717573329,1.5687899,0.2228488992285808,0,0
-0.17231674052389218,0.3198043471734478,0,-0.04117231705454616,0.01680460739135742,0.05826699829101562,0,0,1.5,0,0.17231674052389218,-0.3198043471734478,1.5,0.04117231705454616,0.06068863082083317,-0.18829184706571706,1.5782399000000003,0.2223464919751556,0,0
-0.17111818561641232,0.3233972941437445,0,-0.04127703680966599,0.015744765281677245,0.05458853149414063,0,0,1.5,0,0.17111818561641232,-0.3233972941437445,1.5,0.04127703680966599,0.06315583596494762,-0.18742810984657995,1.5899399,0.2227233505488081,0,0
-0.16999488613402983,0.32676338007871536,0,-0.041102503884466346,0.014751601219177245,0.05114358139038086,0,0,1.5,0,0.16999488613402983,-0.32676338007871536,1.5,0.041102503884466346,0.06268507875750427,-0.194016985846911,1.5992399000000002,0.22209507541362314,0,0
-0.16894301480012805,0.3299170689673941,0,-0.04117231705454616,0.013820923805236817,0.04791371536254883,0,0,1.5,0,0.16894301480012805,-0.3299170689673941,1.5,0.04117231705454616,0.06372096120639156,-0.19619070363174118,1.6086899000000001,0.2223464919751556,0,0
-0.16795728863228865,0.3328716691315821,0,-0.04176572900022446,0.012949161529541016,0.04489004135131836,0,0,1.5,0,0.16795728863228865,-0.3328716691315821,1.5,0.04176572900022446,0.0645485797392347,-0.19889050871171307,1.6179899000000002,0.22447782908803937,0,0
-0.16703205495868784,0.33563945718226307,0,-0.04403465702781695,0.012132925987243652,0.04206009292602539,0,0,1.5,0,0.16703205495868784,-0.33563945718226307,1.5,0.04403465702781695,0.06556266097865897,-0.20108633712360766,1.6274399000000002,0.2325357986697259,0,0
-0.16615926564658923,0.33823041131201415,0,-0.06323327879975449,0.011368325233459473,0.039402946472167966,0,0,1.5,0,0.16615926564658923,-0.33823041131201415,1.5,0.06323327879975449,0.06636960440591223,-0.20372859641532906,1.6367399000000002,0.29597648663272924,0,0
-0.16529482681272725,0.3406424073274328,0,-0.09805259737704142,0.010654416084289551,0.03692700576782226,0,0,1.5,0,0.16529482681272725,-0.3406424073274328,1.5,0.09805259737704142,0.068340458258148,-0.20368537377881138,1.6485899000000002,0.39652095593099673,0,0
-0.16440586589767453,0.34287440834753014,0,-0.14119713648634136,0.009992819786071777,0.03462458038330078,0,0,1.5,0,0.16440586589767453,-0.34287440834753014,1.5,0.14119713648634136,0.06772675872484198,-0.20884114308307034,1.6578899000000002,0.5056430034741806,0,0
-0.1634817920484451,0.34493397230014644,0,-0.17283995582499845,0.009375576972961425,0.032536666870117185,0,0,1.5,0,0.1634817920484451,-0.34493397230014644,1.5,0.17283995582499845,0.06817924122956764,-0.21088602528523478,1.6673399000000002,0.5786147591127725,0,0
-0.1625517855539874,0.34684611289888123,0,-0.2025803662789818,0.008809476852416993,0.030653902053833008,0,0,1.5,0,0.1625517855539874,-0.34684611289888123,1.5,0.2025803662789818,0.06860576599734244,-0.21334486161522764,1.6766399,0.6432181800271396,0,0
-0.16162229282751592,0.3486223128301922,0,-0.25724407845144426,0.008296771049499512,0.028903343200683593,0,0,1.5,0,0.16162229282751592,-0.3486223128301922,1.5,0.25724407845144426,0.06924542826078427,-0.21550271745825342,1.6860899000000003,0.7542644988652012,0,0
-0.16065993753778293,0.35024603199186155,0,-0.2863212637896697,0.00776382303237915,0.027226938247680663,0,0,1.5,0,0.16065993753778293,-0.35024603199186155,1.5,0.2863212637896697,0.07086298569364101,-0.2164646380076357,1.6977899,0.8100823024361389,0,0
-0.15971473917059098,0.35174602543994377,0,-0.28961993607593906,0.007246242046356201,0.025588132858276366,0,0,1.5,0,0.15971473917059098,-0.35174602543994377,1.5,0.28961993607593906,0.07036308157422311,-0.22057724572307263,1.7070899000000002,0.8162923223639835,0,0
-0.15882968025180136,0.35313732905591794,0,-0.29581585492051876,0.006762881755828857,0.02379182243347168,0,0,1.5,0,0.15882968025180136,-0.35313732905591794,1.5,0.29581585492051876,0.07133998234128709,-0.22275942228845064,1.7165399000000003,0.8278933122958535,0,0
-0.15799530814624776,0.35442788983122725,0,-0.3019768671800588,0.006328591346740723,0.022166118621826172,0,0,1.5,0,0.15799530814624776,-0.35442788983122725,1.5,0.3019768671800588,0.0721091960802966,-0.2251581147914539,1.7258399000000002,0.8393489014977014,0,0
-0.1572074254262651,0.3556278435208191,0,-0.2968630524717154,0.005930329322814941,0.02069968605041504,0,0,1.5,0,0.1572074254262651,-0.3556278435208191,1.5,0.2968630524717154,0.07303870039036087,-0.22737953270546757,1.7352899000000002,0.829846007128072,0,0
-0.15647594756701752,0.3567517824539252,0,-0.2937738196956854,0.005560580730438232,0.019331247329711913,0,0,1.5,0,0.15647594756701752,-0.3567517824539252,1.5,0.2937738196956854,0.07389092806202616,-0.22983177039447045,1.7445899000000002,0.8240789160360823,0,0
-0.15579484264986843,0.3578026152255044,0,-0.29550169565515993,0.005214586257934571,0.018045570373535155,0,0,1.5,0,0.15579484264986843,-0.3578026152255044,1.5,0.29550169565515993,0.07583864585902449,-0.23151850587824815,1.7562899,0.8273070547562179,0,0
-0.15515552962249476,0.35878216685976094,0,-0.3081553327321187,0.004895068168640136,0.01684912109375,0,0,1.5,0,0.15515552962249476,-0.35878216685976094,1.5,0.3081553327321187,0.07600097015384309,-0.23499528761315436,1.7657399000000003,0.8507589659005722,0,0
-0.1545433941206437,0.3596929672079995,0,-0.32283355174139106,0.004605804920196533,0.015803375244140626,0,0,1.5,0,0.1545433941206437,-0.3596929672079995,1.5,0.32283355174139106,0.07674920684794845,-0.2373804455294042,1.7750399000000003,0.8775647812108591,0,0
-0.1539549023637052,0.3605419409959619,0,-0.31372293304598065,0.004331238746643066,0.014877269744873047,0,0,1.5,0,0.1539549023637052,-0.3605419409959619,1.5,0.31372293304598065,0.07761108184419421,-0.23965125282680697,1.7844899,0.8609757524165081,0,0
-0.15340927170413418,0.3613472591166572,0,-0.2681174796913688,0.004057145118713379,0.014015913963317871,0,0,1.5,0,0.15340927170413418,-0.3613472591166572,1.5,0.2681174796913688,0.078478629570409,-0.24212389453078706,1.7937899000000002,0.7753720855773081,0,0
-0.15293040227257723,0.36213470969655115,0,-0.18099064343181204,0.003797269344329834,0.013292647361755372,0,0,1.5,0,0.15293040227257723,-0.36213470969655115,1.5,0.18099064343181204,0.07962244373629936,-0.24462764325433284,1.8032399000000003,0.5966653604670017,0,0
-0.15254524855493348,0.3629220829974732,0,-0.06681120376634286,0.0035569818019866944,0.012657622337341308,0,0,1.5,0,0.15254524855493348,-0.3629220829974732,1.5,0.06681120376634286,0.08091154479844692,-0.24730730970005632,1.8126899,0.307038574204621,0,0
-0.15227001609139573,0.3637061891559937,0,0.06487388829662932,0.003334054470062256,0.01201097583770752,0,0,1.5,0,0.15227001609139573,-0.3637061891559937,1.5,-0.06487388829662932,0.08286636010339705,-0.24968040000878394,1.8243899000000003,-0.30107407587340973,0,0
-0.15211103638000328,0.36447191771212994,0,0.18339919779956415,0.003124293565750122,0.011307170867919922,0,0,1.5,0,0.15211103638000328,-0.36447191771212994,1.5,-0.18339919779956415,0.08406751002515002,-0.2531272263103781,1.8336899000000002,-0.601947151986485,0,0
-0.15204860921722152,0.36520484812949566,0,0.2726029758689943,0.002925702095031738,0.010638806343078613,0,0,1.5,0,0.15204860921722152,-0.36520484812949566,1.5,-0.2726029758689943,0.08554485122351714,-0.2555436565103135,1.8431399000000002,-0.7839959235308905,0,0
-0.15205193854423937,0.365894727039674,0,0.3242821750205467,0.0027380409240722655,0.00997950553894043,0,0,1.5,0,0.15205193854423937,-0.365894727039674,1.5,-0.3242821750205467,0.08685485006501416,-0.2579797853397657,1.8524399000000003,-0.8801880358648386,0,0
-0.15208778514915647,0.36653684061867503,0,0.3358362546687488,0.002559260845184326,0.00930102252960205,0,0,1.5,0,0.15208778514915647,-0.36653684061867503,1.5,-0.3358362546687488,0.08801127963100336,-0.2602828441675318,1.8618899000000002,-0.900973038152247,0,0
-0.15212681567929665,0.3671317310183328,0,0.30839967882739794,0.002388019323348999,0.008617795944213868,0,0,1.5,0,0.15212681567929665,-0.3671317310183328,1.5,-0.30839967882739794,0.08919337324749572,-0.2625459992066513,1.8735899000000003,-0.8512086355888827,0,0
-0.15214653661185956,0.36768341235711904,0,0.2505943740013459,0.002229954719543457,0.007974589347839355,0,0,1.5,0,0.15214653661185956,-0.36768341235711904,1.5,-0.2505943740013459,0.09008273309166522,-0.2655464271725037,1.8828899000000003,-0.7412094606385062,0,0
-0.1521344733646949,0.36819689528885036,0,0.17798867711838184,0.0020852978229522704,0.007416794300079346,0,0,1.5,0,0.1521344733646949,-0.36819689528885036,1.5,-0.17798867711838184,0.09085680276536358,-0.2678611618944424,1.8923399,-0.5900493365041586,0,0
-0.15208764900256586,0.36867170842203456,0,0.1137082007674306,0.0019522570371627807,0.006885324954986572,0,0,1.5,0,0.15208764900256586,-0.36867170842203456,1.5,-0.1137082007674306,0.09157902097138364,-0.2702120468187766,1.9016399000000002,-0.4376778831530434,0,0
-0.15201501526602784,0.369110355113737,0,0.05340707511102649,0.0018290249109268188,0.006413590908050537,0,0,1.5,0,0.15201501526602784,-0.369110355113737,1.5,-0.05340707511102649,0.09236120901728105,-0.27251329474726976,1.9110899000000003,-0.26445956073831783,0,0
-0.15192225063716525,0.3695152744178717,0,-0.011397000015523018,0.001713714599609375,0.0059908504486083985,0,0,1.5,0,0.15192225063716525,-0.3695152744178717,1.5,0.011397000015523018,0.09313659412337842,-0.2748556578171196,1.9203899000000002,0.0944395209531289,0,0
-0.1518109667182172,0.3698875854421122,0,-0.06890559886873615,0.0016055033206939697,0.005603326797485352,0,0,1.5,0,0.1518109667182172,-0.3698875854421122,1.5,0.06890559886873615,0.09428939807791616,-0.2773117281051058,1.9320899000000002,0.31342219701743224,0,0
-0.1516868162824141,0.3702294422742757,0,-0.10047860503731343,0.0015047791004180909,0.0052439022064208985,0,0,1.5,0,0.1516868162824141,-0.3702294422742757,1.5,0.10047860503731343,0.09499257607759985,-0.28004368023982307,1.9415399000000002,0.4030347325837629,0,0
-0.1515604399958018,0.3705456300593971,0,-0.10571459279329654,0.0014103330373764038,0.004909046649932861,0,0,1.5,0,0.1515604399958018,-0.3705456300593971,1.5,0.10571459279329654,0.09584537278441979,-0.282384883460662,1.9508399,0.4169174156473841,0,0
-0.1514404827344346,0.37084117791161353,0,-0.10491174133737902,0.0013215304613113403,0.004598333358764649,0,0,1.5,0,0.1514404827344346,-0.37084117791161353,1.5,0.10491174133737902,0.09678645448634392,-0.28472595827488645,1.9602899000000003,0.41480387667995755,0,0
-0.15132830249623033,0.37111815902421685,0,-0.11817624365253598,0.0012383723258972167,0.004308084964752198,0,0,1.5,0,0.15132830249623033,-0.37111815902421685,1.5,0.11817624365253598,0.09770175353428613,-0.28708705195984363,1.9695899000000003,0.4490694699101387,0,0
-0.15121974348137954,0.37137624402987696,0,-0.13624040141067728,0.0011605991125106811,0.004036262989044189,0,0,1.5,0,0.15121974348137954,-0.37137624402987696,1.5,0.13624040141067728,0.09863032831098341,-0.2894259673320436,1.9790399,0.49373890842525825,0,0
-0.15111364622310916,0.37161616305591827,0,-0.13920746113906768,0.001087927222251892,0.003781588554382324,0,0,1.5,0,0.15111364622310916,-0.37161616305591827,1.5,0.13920746113906768,0.09988299431949163,-0.29208728706213655,1.9907399000000003,0.5008816077495053,0,0
-0.15101354355088,0.3718406733122812,0,-0.1334304213149664,0.001019724726676941,0.003543427228927612,0,0,1.5,0,0.15101354355088,-0.3718406733122812,1.5,0.1334304213149664,0.1007042797918758,-0.29471285790196505,2.0001899,0.4869263919484888,0,0
-0.1509209390085022,0.3720515661859436,0,-0.12571606602115137,0.0009558796882629395,0.003320069313049316,0,0,1.5,0,0.1509209390085022,-0.3720515661859436,1.5,0.12571606602115137,0.10162704572142901,-0.2970682691339366,2.0094899,0.4679727854349034,0,0
-0.15083566807955634,0.37224990465253843,0,-0.11321950857687213,0.0008959391713142395,0.003111973762512207,0,0,1.5,0,0.15083566807955634,-0.37224990465253843,1.5,0.11321950857687213,0.10258371516076394,-0.2994239688497125,2.0189399000000003,0.4364229559872007,0,0
-0.15075805031521392,0.37243691368599635,0,-0.10951941056264403,0.0008398942947387695,0.0029187119007110596,0,0,1.5,0,0.15075805031521392,-0.37243691368599635,1.5,0.10951941056264403,0.1035151687748724,-0.3017803980179406,2.0282399,0.4268619801675938,0,0
-0.154535956268645,0.37003207026472673,0,-0.12913691135506045,-0.05238631057739258,-0.04205044174194336,0,0,1.5,0,0.154535956268645,-0.37003207026472673,1.5,0.12913691135506045,0.1239998091079198,-0.29161756622895385,2.0399399000000003,0.476424045780308,0,0
-0.16207188283604484,0.3660518416005073,0,-0.16303120542879035,-0.10440916442871094,-0.07376325988769532,0,0,1.5,0,0.16207188283604484,-0.3660518416005073,1.5,0.16303120542879035,0.15370294186253453,-0.28061216110084114,2.0493899,0.5565111917282698,0,0
-0.16925682362422712,0.36255024151257126,0,-0.2055474260073722,-0.09781983947753906,-0.0693203353881836,0,0,1.5,0,0.16925682362422712,-0.36255024151257126,1.5,0.2055474260073722,0.1570386954660253,-0.28345445675153014,2.0586899,0.649483473447324,0,0
-0.1761249745682086,0.35954446281569485,0,-0.23624776754995236,-0.09165125274658203,-0.06516474151611328,0,0,1.5,0,0.1761249745682086,-0.35954446281569485,1.5,0.23624776754995236,0.15917860280031992,-0.28728502425123525,2.0681399000000003,0.7126427726611064,0,0
-0.18265383441749575,0.3568934475610645,0,-0.2448696940548043,-0.08590531921386718,-0.06158248138427734,0,0,1.5,0,0.18265383441749575,-0.3568934475610645,1.5,0.2448696940548043,0.16227555925625853,-0.28990561784150704,2.0774399,0.7298777119634509,0,0
-0.18880269714748796,0.35443230103884943,0,-0.2328443755085634,-0.08053170013427734,-0.05817594146728516,0,0,1.5,0,0.18880269714748796,-0.35443230103884943,1.5,0.2328443755085634,0.16384332922210346,-0.29220034053790994,2.0868899,0.7057819988465526,0,0
-0.194543179539906,0.35203094448532135,0,-0.2199812989213652,-0.07547199249267578,-0.05491720962524414,0,0,1.5,0,0.194543179539906,-0.35203094448532135,1.5,0.2199812989213652,0.15982923355654022,-0.2966432219942644,2.0985899000000003,0.679543481586437,0,0
-0.19989011753656594,0.3497184901576476,0,-0.21231930350511008,-0.07070221710205078,-0.05135235595703125,0,0,1.5,0,0.19989011753656594,-0.3497184901576476,1.5,0.21231930350511008,0.16816777384632337,-0.2953763896815774,2.1078899,0.6636713399601727,0,0
-0.2048796114570719,0.3475240416270658,0,-0.2033483111498593,-0.066225341796875,-0.047948944091796876,0,0,1.5,0,0.2048796114570719,-0.3475240416270658,1.5,0.2033483111498593,0.1694883456277338,-0.29733136380930514,2.1173399,0.6448427025253478,0,0
-0.20952823516454216,0.3454482197661472,0,-0.1973618318155188,-0.06200446701049805,-0.044577598571777344,0,0,1.5,0,0.20952823516454216,-0.3454482197661472,1.5,0.1973618318155188,0.1712389619572517,-0.2991288137170572,2.1267899000000003,0.6321238663876355,0,0
-0.2138664554351416,0.34350067288156755,0,-0.2002590783738294,-0.05808184051513672,-0.041405868530273435,0,0,1.5,0,0.2138664554351416,-0.34350067288156755,1.5,0.2002590783738294,0.17339830999300626,-0.30082287183448564,2.1360899,0.6382951604488076,0,0
-0.21793516424294343,0.34169415213973003,0,-0.19114845967841876,-0.0544205551147461,-0.03869667434692383,0,0,1.5,0,0.21793516424294343,-0.34169415213973003,1.5,0.19114845967841876,0.1749196406122783,-0.3030302745624228,2.1455399,0.6187861882083693,0,0
