0.1310253793501058,-0.038605211709439854,0.713,0.0922755575529402,-0.032611660003662106,-0.014722939491271972,0,0,1,0,-0.1310253793501058,0.038605211709439854,0.28700000000000003,-0.0922755575529402,-0.0655126896750529,0.019302605854719927,0.22960000000000003,-0.38078911743486304,0,0,0,0,0,0,0,0
0.1305176083136055,-0.040706695465669566,0.711,0.09290387608365817,-0.01048876953125,-0.030686323165893554,0,0,1,0,-0.1305176083136055,0.040706695465669566,0.28900000000000003,-0.09290387608365817,-0.06326011488639906,0.03228470967110023,0.24413181111111118,-0.3825157296295769,0,0,0,0,0,0,0,0
0.12992047196558026,-0.04186479027826113,0.709,0.06843435997069766,-0.010529970169067383,-0.016465560913085937,0,0,1,0,-0.12992047196558026,0.04186479027826113,0.29100000000000004,-0.06843435997069766,-0.06411641862458922,0.026711971972004547,0.245864858974359,-0.3119915866920684,0,0,0,0,0,0,0,0
0.1293589661364201,-0.04392060471247415,0.709,0.04056145181634822,-0.010511550903320312,-0.030189090728759766,0,0,1,0,-0.1293589661364201,0.04392060471247415,0.29100000000000004,-0.04056145181634822,-0.06414735830089759,0.034421011715164346,0.23869470000000004,-0.2201417445224312,0,0,0,0,0,0,0,0
0.12871249035259566,-0.04626562172578939,0.714,0.014905111812031574,-0.01111552906036377,-0.03475310134887695,0,0,1,0,-0.12871249035259566,0.04626562172578939,0.28600000000000003,-0.014905111812031574,-0.06421326793691429,0.03730746187078442,0.20871872222222224,-0.112940637563326,0,0,0,0,0,0,0,0
0.12680504231077247,-0.04957850015074679,0.721,-0.0044156830075456534,-0.029349197387695314,-0.049261211395263675,0,0,1,0,-0.12680504231077247,0.04957850015074679,0.279,0.0044156830075456534,-0.056869415461685544,0.044945148532116355,0.19311017096774194,0.05019094068679135,0,0,0,0,0,0,0,0
0.12579302057746639,-0.05231934366169531,0.728,-0.013578661580515882,-0.014998638153076171,-0.041179283142089844,0,0,1,0,-0.12579302057746639,0.05231934366169531,0.272,0.013578661580515882,-0.06230140951086085,0.04317035750270337,0.1898510111111111,0.10613648953836913,0,0,0,0,0,0,0,0
0.12289445041687411,-0.05532047534212243,0.739,-0.01064650843716541,-0.042863292694091795,-0.04560318756103516,0,0,1,0,-0.12289445041687411,0.05532047534212243,0.261,0.01064650843716541,-0.050873516918101255,0.04672887428538759,0.15946132580645156,0.0902467445383683,0,0,0,0,0,0,0,0
0.1223977481995211,-0.058329013909776614,0.747,-0.0015358897417550098,-0.006969663619995117,-0.04520484161376953,0,0,1,0,-0.1223977481995211,0.058329013909776614,0.253,0.0015358897417550098,-0.06571397231229766,0.045246090035369224,0.1812340641025641,0.02482371459249641,0,0,0,0,0,0,0,0
0.12128593347235089,-0.05998005608657941,0.756,0.006998770300497261,-0.016639163970947266,-0.024791217803955077,0,0,1,0,-0.12128593347235089,0.05998005608657941,0.244,-0.006998770300497261,-0.061974209846252466,0.04212208946774314,0.16146869999999997,-0.06822987406328666,0,0,0,0,0,0,0,0
0.12020814903464923,-0.060284904261716295,0.764,0.012932889757277981,-0.016198373794555663,-0.004459464073181153,0,0,1,0,-0.12020814903464923,0.060284904261716295,0.236,-0.012932889757277981,-0.06227308964866984,0.03519674054164917,0.1613706096774193,-0.10274415543881979,0,0,0,0,0,0,0,0
0.11831383008754033,-0.05963924114092149,0.772,0.01202531854624093,-0.02828715705871582,0.01005161190032959,0,0,1,0,-0.11831383008754033,0.05963924114092149,0.22799999999999998,-0.01202531854624093,-0.057631580141087435,0.029941701744982438,0.15712385555555552,-0.09787936335352879,0,0,0,0,0,0,0,0
0.11520219402774691,-0.057908769888734626,0.779,0.007801621756414652,-0.046359031677246094,0.026516454696655273,0,0,1,0,-0.11520219402774691,0.057908769888734626,0.22099999999999997,-0.007801621756414652,-0.049748322430450034,0.023253728503086726,0.15782237096774188,-0.07335279556899903,0,0,0,0,0,0,0,0
0.11121747618301339,-0.05606897310675688,0.785,0.0010122909661567112,-0.05955364990234375,0.028062416076660157,0,0,1,0,-0.11121747618301339,0.05606897310675688,0.21499999999999997,-0.0010122909661567112,-0.0438849996827233,0.022234760736322065,0.16055966666666663,-0.01880025112046199,0,0,0,0,0,0,0,0
0.10854597509010579,-0.053121507577228985,0.795,-0.0006108652381980154,-0.04002774047851562,0.04425252532958984,0,0,1,0,-0.10854597509010579,0.053121507577228985,0.20499999999999996,0.0006108652381980154,-0.053545724197530405,0.01817066210060399,0.14262020512820509,0.013425290262178391,0,0,0,0,0,0,0,0
0.10360839476777788,-0.04977025187453668,0.804,-0.00034906585039886593,-0.07409439849853515,0.050223583221435546,0,0,1,0,-0.10360839476777788,0.04977025187453668,0.19599999999999995,0.00034906585039886593,-0.03628617003676542,0.011416306462154156,0.13152679999999992,0.0092448169913418,0,0,0,0,0,0,0,0
0.09800061594214071,-0.046385569676635444,0.815,0.001553343034274953,-0.0841343994140625,0.050740867614746096,0,0,1,0,-0.09800061594214071,0.046385569676635444,0.18500000000000005,-0.001553343034274953,-0.02986407028232118,0.009522566208742131,0.11177702580645224,-0.02501141865209409,0,0,0,0,0,0,0,0
0.09183705992576904,-0.042502593023479786,0.825,0.005654866776461627,-0.09236275482177735,0.05838819122314453,0,0,1,0,-0.09183705992576904,0.042502593023479786,0.17500000000000004,-0.005654866776461627,-0.02477570383411374,0.00538382862431681,0.11142074444444446,-0.059189089783931295,0,0,0,0,0,0,0,0
0.08565215931756134,-0.03874962615119399,0.836,0.004642575810304917,-0.09245368957519531,0.05681822204589844,0,0,1,0,-0.08565215931756134,0.03874962615119399,0.16400000000000003,-0.004642575810304917,-0.022104281067954805,0.004473744393314556,0.09809838888888886,-0.05189586386646203,0,0,0,0,0,0,0,0
0.07798353462440713,-0.033781952003239475,0.846,0.0016929693744344998,-0.11468218994140625,0.07504833984375,0,0,1,0,-0.07798353462440713,0.033781952003239475,0.15400000000000003,-0.0016929693744344998,-0.009823402302730197,-0.004994150424068346,0.09571268709677419,-0.026488628804623868,0,0,0,0,0,0,0,0
0.07148965166452982,-0.030937403434712834,0.856,0.0016057029118347831,-0.09733586883544922,0.04283307647705078,0,0,1,0,-0.07148965166452982,0.030937403434712834,0.14400000000000002,-0.0016057029118347831,-0.021285484963875046,0.00910420885444961,0.10041570512820511,-0.025570361790360194,0,0,0,0,0,0,0,0
0.06369125427951061,-0.028824481635863496,0.868,0.0002617993877991494,-0.11692491912841797,0.031881614685058596,0,0,1,0,-0.06369125427951061,0.028824481635863496,0.132,-0.0002617993877991494,-0.003602329666258841,0.009254887738257528,0.06985243333333328,-0.0076314282836888805,0,0,0,0,0,0,0,0
0.057994157670060234,-0.026026218194233675,0.876,-0.001064650843716541,-0.08544545745849609,0.04199632263183594,0,0,1,0,-0.057994157670060234,0.026026218194233675,0.124,0.001064650843716541,-0.012276745808964117,0.00395892454748523,0.08572660967741932,0.01944307170959061,0,0,0,0,0,0,0,0
0.05216795471011776,-0.023884807251566813,0.882,0.0007155849933176752,-0.08742719268798828,0.03202810287475586,0,0,1,0,-0.05216795471011776,0.023884807251566813,0.118,-0.0007155849933176752,-0.009485537468661286,0.006938614363389842,0.09349796666666663,-0.014918811468633868,0,0,0,0,0,0,0,0
0.04596582964503928,-0.023265767050213687,0.89,0.002844886680750757,-0.09302520751953125,0.0093521728515625,0,0,1,0,-0.04596582964503928,0.023265767050213687,0.10999999999999999,-0.002844886680750757,-0.00402526096670347,0.015175487695852776,0.07595200967741932,-0.03744007621976489,0,0,0,0,0,0,0,0
0.04041585739491545,-0.022304560464325586,0.898,0.0016057029118347831,-0.08320822906494141,0.014654875755310059,0,0,1,0,-0.04041585739491545,0.022304560464325586,0.10199999999999998,-0.0016057029118347831,-0.0056837119109953566,0.012989948327398913,0.0709114555555555,-0.025570361790360194,0,0,0,0,0,0,0,0
0.03376577866477919,-0.022710353932324484,0.904,0.0010122909661567112,-0.09976082611083985,-0.005926723480224609,0,0,1,0,-0.03376577866477919,0.022710353932324484,0.09599999999999997,-0.0010122909661567112,-0.0036151279208711112,0.020530890535973803,0.08438162307692303,-0.01880025112046199,1430808769729,0,0,0,0,0,0,0
0.029910851796307546,-0.023221479884771565,0.914,0.0030543261909900766,-0.057831634521484376,-0.00760835075378418,0,0,1,0,-0.029910851796307546,0.023221479884771565,0.08599999999999997,-0.0030543261909900766,-0.00995152469884782,0.021994947003080367,0.04738628709677412,-0.03925578686726607,1430808769729,0,0,0,0,0,0,0
0.025620897936862553,-0.024585310503603457,0.919,0.0029845130209103033,-0.06441149139404297,-0.020260820388793944,0,0,1,0,-0.025620897936862553,0.024585310503603457,0.08099999999999996,-0.0029845130209103033,-0.0058965663641315155,0.02752319809872378,0.07257042222222218,-0.03865530119126184,1430808769729,0,0,0,0,0,0,0
0.020170055274595554,-0.02626652265219323,0.927,0.0008028514559173916,-0.08183753967285157,-0.02497404861450195,0,0,1,0,-0.020170055274595554,0.02626652265219323,0.07299999999999995,-0.0008028514559173916,0.003641609624051405,0.030440533584213024,0.049239509677419274,-0.016108318536551185,1430808769729,0,0,0,0,0,0,0
0.0158286094292945,-0.028293107468801027,0.932,-0.0008377580409572782,-0.0651460723876953,-0.030346479415893555,0,0,1,0,-0.0158286094292945,0.028293107468801027,0.06799999999999995,0.0008377580409572782,-0.005849345719453364,0.03116516812622481,0.06878610126582273,0.016571906698420586,1430808769729,0,0,0,0,0,0,0
0.013333380375274545,-0.031311576042270986,0.936,0.00006981317007977319,-0.0373904914855957,-0.045308368682861325,0,0,1,-0.0008377580409572782,-0.013333380375274545,0.031311576042270986,0.06399999999999995,-0.0009075712110370514,-0.006666690187637272,0.015655788021135493,0.05119999999999996,-0.017480232992717937,1430808769729,0,0,0,0,0,0,0
0.011135744002434401,-0.033800246470588484,0.942,0.0009424777960769379,-0.0329671516418457,-0.03732775497436523,0,0,1,-0.0008377580409572782,-0.011135744002434401,0.033800246470588484,0.05800000000000005,-0.001780235837034216,0.004080519298303443,0.028192900244578017,0.02027592151898786,-0.027391244787879337,1430808770120,0,0,0,0,0,0,0
0.009830195267687265,-0.03676269853304472,0.944,0.001710422666954443,-0.019625102996826172,-0.044418304443359376,0,0,1,-0.0008377580409572782,-0.009830195267687265,0.03676269853304472,0.05600000000000005,-0.002548180707911721,0.002306015957901632,0.035599819651959144,0.03431507741935487,-0.03478939624202754,1430808770182,0,0,0,0,0,0,0
0.010037002091467864,-0.04037895827054532,0.948,0.0026354471705114374,0.0030093178749084474,-0.05424912261962891,0,0,1,-0.0008377580409572782,-0.010037002091467864,0.04037895827054532,0.052000000000000046,-0.003473205211468716,-0.0063795805459701815,0.04102914912540295,0.0205107777777778,-0.042767484389543794,1430808770245,0,0,0,0,0,0,0
0.01085986216350833,-0.044919321000493166,0.95,0.002129301687433082,0.01216337013244629,-0.06813773345947266,0,0,1,-0.0008377580409572782,-0.01085986216350833,0.044919321000493166,0.050000000000000044,-0.0029670597283903604,-0.010354592754657943,0.04911857833270153,0.030152677419354866,-0.038504450995622864,1430808770307,0,0,0,0,0,0,0
0.011137157246101991,-0.04811013819031084,0.951,0.001710422666954443,0.004057503700256347,-0.04787100601196289,0,0,1,-0.0008377580409572782,-0.011137157246101991,0.04811013819031084,0.049000000000000044,-0.002548180707911721,-0.007458754797201783,0.04311276303673814,0.035396144444444486,-0.03478939624202754,1430808770370,0,0,0,0,0,0,0
0.010941766346158345,-0.05157902554072314,0.956,0.0006108652381980154,-0.003019858121871948,-0.052028221130371095,0,0,1,-0.0008377580409572782,-0.010941766346158345,0.05157902554072314,0.04400000000000004,-0.0014486232791552935,-0.004785356917101528,0.047022663095680206,0.008998693548387105,-0.02387428548808158,1430808770432,0,0,0,0,0,0,0
0.013185321348321299,-0.055257010067051304,0.96,0.0003316125578789226,0.033619617462158205,-0.05519031524658203,0,0,1,-0.0008377580409572782,-0.013185321348321299,0.055257010067051304,0.040000000000000036,-0.0011693705988362008,-0.017180227053607604,0.04621400816703341,0.01638778205128207,-0.02069799080736741,1430808770510,0,0,0,0,0,0,0
0.016430316090378178,-0.05844947282736839,0.957,0.0017278759594743865,0.04865903854370117,-0.04790307998657226,0,0,1,-0.0008377580409572782,-0.016430316090378178,0.05844947282736839,0.04300000000000004,-0.002565634000431665,-0.02686674999892355,0.04941059872928489,0.053674066666666714,-0.03494807114035304,1430808770573,0,0,0,0,0,0,0
0.020621344742697976,-0.062065399747201565,0.957,0.0036302848441482054,0.0627716178894043,-0.05434744644165039,0,0,1,-0.0008377580409572782,-0.020621344742697976,0.062065399747201565,0.04300000000000004,-0.004468042885105484,-0.03472140081021406,0.0542799541201279,0.037274000000000036,-0.050586926997192014,1430808770635,0,0,0,0,0,0,0
0.022697540251193155,-0.06553942615461697,0.959,0.0028099800957108703,0.03095355224609375,-0.05222311019897461,0,0,1,-0.0008377580409572782,-0.022697540251193155,0.06553942615461697,0.041000000000000036,-0.0036477381366681483,-0.023777879844975515,0.05531752173999547,0.024821188888888915,-0.04418849177777764,1430808770698,0,0,0,0,0,0,0
0.026465781383454363,-0.06758141970546212,0.955,0.0024434609527920616,0.05643732452392578,-0.030788612365722657,0,0,1,-0.0008377580409572782,-0.026465781383454363,0.06758141970546212,0.04500000000000004,-0.0032812189937493396,-0.03556399773648595,0.04898475955804796,0.06199194516129038,-0.041176575084089555,1430808770760,0,0,0,0,0,0,0
0.03146854714736139,-0.06860063599907641,0.952,0.002408554367752175,0.07500390625,-0.015471559524536133,0,0,1,-0.0008377580409572782,-0.03146854714736139,0.06860063599907641,0.04800000000000004,-0.003246312408709453,-0.04478444662584237,0.044061481505631474,0.05878036666666672,-0.04088402238518587,1430808770823,0,0,0,0,0,0,0
0.03524964456591931,-0.06958660215576239,0.951,0.0013788101090755204,0.056680675506591796,-0.014926054000854493,0,0,1,-0.0008377580409572782,-0.03524964456591931,0.06958660215576239,0.049000000000000044,-0.0022165681500327986,-0.03612326220549905,0.0438591344518223,0.04778307948717954,-0.03170157226208106,1430808770901,0,0,0,0,0,0,0
0.03887056575904849,-0.06909431095592194,0.954,0.0006283185307179585,0.05432394790649414,0.007309472560882569,0,0,1,-0.0008377580409572782,-0.03887056575904849,0.06909431095592194,0.04600000000000004,-0.0014660765716752368,-0.04164894168895085,0.03683810324158858,0.024245616129032286,-0.02406566380193357,1430808770963,0,0,0,0,0,0,0
0.04202635028068662,-0.06847957978718003,0.961,0.0020245819323134223,0.047342552185058596,0.00919122314453125,0,0,1,-0.0008377580409572782,-0.04202635028068662,0.06847957978718003,0.039000000000000035,-0.0028623399732707003,-0.04058305203309969,0.03632604907510526,-0.0030620888888888836,-0.03759304921748971,1430808771026,0,0,0,0,0,0,0
0.04335352213119334,-0.06696781366766288,0.963,0.0019024088846738192,0.019953447341918944,0.022636140823364258,0,0,1,-0.0008377580409572782,-0.04335352213119334,0.06696781366766288,0.03700000000000003,-0.0027401669256310974,-0.03147539272032984,0.030866376041844154,0.023165877419354865,-0.036515570442294316,1430808771088,0,0,0,0,0,0,0
0.043280452653045844,-0.06367674875263143,0.965,0.002373647782712288,-0.0010021259784698485,0.04936796951293945,0,0,1,-0.0008377580409572782,-0.043280452653045844,0.06367674875263143,0.03500000000000003,-0.0032114058236695662,-0.023813484131620086,0.019872476706992426,0.021965588888888908,-0.04059041920522523,1430808771151,0,0,0,0,0,0,0
0.04327668076088582,-0.06087916707119817,0.964,0.0029321531433504737,0.00004302878677845001,0.04196374130249023,0,0,1,-0.0008377580409572782,-0.04327668076088582,0.06087916707119817,0.03600000000000003,-0.003769911184307752,-0.02446456221190838,0.02134203085997154,0.03974506129032261,-0.045169729386289374,1430808771213,0,0,0,0,0,0,0
0.04129000148343591,-0.05933890681685258,0.964,0.0023911010752322315,-0.029732316970825196,0.02319118309020996,0,0,1,-0.0008377580409572782,-0.04129000148343591,0.05933890681685258,0.03600000000000003,-0.00322885911618951,-0.015016962890243872,0.030009540075486205,0.034384300000000034,-0.04073735304960583,1430808771292,0,0,0,0,0,0,0
0.038892118172057184,-0.05689438010873317,0.964,0.0014486232791552935,-0.03588047027587891,0.036753799438476564,0,0,1,-0.0008377580409572782,-0.038892118172057184,0.05689438010873317,0.03600000000000003,-0.0022863813201125715,-0.009324457953387304,0.022164212167973554,0.034607500000000034,-0.032363775881445137,1430808771354,0,0,0,0,0,0,0
0.0355242804267778,-0.05547660160620086,0.963,0.0006108652381980154,-0.0504867057800293,0.021339836120605468,0,0,1,-0.0008377580409572782,-0.0355242804267778,0.05547660160620086,0.03700000000000003,-0.0014486232791552935,-0.0026905703995454312,0.027728025816371252,0.0411961555555556,-0.02387428548808158,1430808771417,0,0,0,0,0,0,0
0.03117995347102322,-0.05404551630169451,0.965,0.0004188790204786391,-0.06515177917480469,0.021506082534790038,0,0,1,-0.0008377580409572782,-0.03117995347102322,0.05404551630169451,0.03500000000000003,-0.0012566370614359172,0.005102494033945613,0.027145405237330444,0.022967277419354865,-0.021715340932759255,1430808771479,0,0,0,0,0,0,0
0.027476536862813712,-0.05255721950843542,0.966,0.002478367537831948,-0.055541893005371094,0.022347719192504882,0,0,1,-0.0008377580409572782,-0.027476536862813712,0.05255721950843542,0.03400000000000003,-0.0033161255787892262,0.002831210504958999,0.026542759169646726,0.02811624444444447,-0.041468092176551855,1430808771542,0,0,0,0,0,0,0
0.023341975450505537,-0.05254838727689108,0.966,0.002495820830351891,-0.062017902374267575,0.00028618735074996946,0,0,1,-0.0008377580409572782,-0.023341975450505537,0.05254838727689108,0.03400000000000003,-0.003333578871309169,0.007519500288268477,0.035082599201476064,0.033882600000000034,-0.04161346691860697,1430808771604,0,0,0,0,0,0,0
0.016932641211735162,-0.05166380770611103,0.967,0.0017278759594743865,-0.09610659790039063,0.013508600234985351,0,0,1,-0.0008377580409572782,-0.016932641211735162,0.05166380770611103,0.03300000000000003,-0.002565634000431665,0.016011659891666138,0.0311238791830327,0.028852820512820537,-0.03494807114035304,1430808771682,0,0,0,0,0,0,0
0.010221430570696612,-0.052162662446636594,0.966,0.0009250245035569946,-0.10068093872070312,-0.007308867931365967,0,0,1,-0.0008377580409572782,-0.010221430570696612,0.052162662446636594,0.03400000000000003,-0.0017627825445142727,0.02782754063822773,0.0384426138566336,0.03990975555555559,-0.02721192323320101,1430808771745,0,0,0,0,0,0,0
0.004642124935970856,-0.05264294190142119,0.968,-0.0002617993877991494,-0.08369621276855468,-0.007126773834228516,0,0,1,-0.0008377580409572782,-0.004642124935970856,0.05264294190142119,0.03200000000000003,-0.0005759586531581288,0.0247999889156948,0.038948979585359936,0.021662277419354864,-0.012908851787977323,1430808771807,0,0,0,0,0,0,0
-0.00025374110306326716,-0.05431953230973121,0.969,0.0010122909661567112,-0.07343140411376953,-0.025168081283569337,0,0,1,-0.0008377580409572782,0.00025374110306326716,0.05431953230973121,0.031000000000000028,-0.0018500490071139894,0.022952696080540458,0.04673262401365687,0.026792344444444473,-0.028102755056862733,1430808771870,0,0,0,0,0,0,0
-0.004413067883572913,-0.05650443616866853,0.97,0.0013439035240356337,-0.062423046112060544,-0.032710384368896485,0,0,1,-0.0008377580409572782,0.004413067883572913,0.05650443616866853,0.030000000000000027,-0.002181661564992912,0.016531171437854538,0.048755475165246115,0.027294720512820538,-0.03136786762936763,1430808771948,0,0,0,0,0,0,0
-0.007612863584140736,-0.0587153980791617,0.973,0.0008726646259971648,-0.04804146194458008,-0.03309989547729492,0,0,1,-0.0008377580409572782,0.007612863584140736,0.0587153980791617,0.027000000000000024,-0.0017104226669544431,0.017577986058167037,0.052902172402794365,0.012613816129032274,-0.02667036985608613,1430808772010,0,0,0,0,0,0,0
-0.009834453674041746,-0.06065003964674986,0.977,0.0016057029118347831,-0.03334916305541992,-0.02899053192138672,0,0,1,-0.0008377580409572782,0.009834453674041746,0.06065003964674986,0.02300000000000002,-0.002443460952792061,0.013029542501594632,0.052518360553692356,0.004271977777777783,-0.033829611604534425,1430808772073,0,0,0,0,0,0,0
-0.012457229770382378,-0.06374481594684299,0.977,0.002513274122871834,-0.039416130065917966,-0.04635841369628906,0,0,1,-0.0008377580409572782,0.012457229770382378,0.06374481594684299,0.02300000000000002,-0.003351032163829112,0.016648222244205146,0.060912534002565,0.026639100000000027,-0.04175858817246788,1430808772136,0,0,0,0,0,0,0
-0.013735079040619998,-0.06518002567340177,0.978,0.0007504915783575615,-0.019221784591674805,-0.02147990417480469,0,0,1,-0.0008377580409572782,0.013735079040619998,0.06518002567340177,0.02200000000000002,-0.0015882496193148398,0.010014991291584658,0.05294304374969949,0.02033033870967744,-0.02538473200686738,1430808772198,0,0,0,0,0,0,0
-0.01417897392267982,-0.0669588543393275,0.978,0.00005235987755982989,-0.0066784462928771975,-0.026677425384521485,0,0,1,-0.0008377580409572782,0.01417897392267982,0.0669588543393275,0.02200000000000002,-0.0008901179185171081,0.005578683711225212,0.0560346899505012,0.026114100000000022,-0.017255402945536204,1430808772261,0,0,0,0,0,0,0
-0.014208235250061213,-0.06876899572073009,0.976,0.0004537856055185257,-0.000440341591835022,-0.027152097702026368,0,0,1,-0.0008377580409572782,0.014208235250061213,0.06876899572073009,0.02400000000000002,-0.001291543646475804,0.003369356759749683,0.05571620660598349,0.03687565897435901,-0.02211563775425926,1430808772339,0,0,0,0,0,0,0
-0.012837248158455274,-0.07055145635063369,0.981,0.0006283185307179585,0.020552671432495118,-0.026746238708496094,0,0,1,-0.0008377580409572782,0.012837248158455274,0.07055145635063369,0.019000000000000017,-0.0014660765716752368,-0.0075965808894483235,0.06209024247890265,-0.0132434425531915,-0.02406566380193357,1430808772386,0,0,0,0,0,0,0
-0.011562031680283138,-0.07158286032159392,0.982,0.0010122909661567112,0.019118522644042967,-0.015483075141906739,0,0,1,-0.0008377580409572782,0.011562031680283138,0.07158286032159392,0.018000000000000016,-0.0018500490071139894,-0.00365665216224911,0.05451874252773557,0.018843820512820533,-0.028102755056862733,1430808772464,0,0,0,0,0,0,0
-0.011824089366008083,-0.0721765915822816,0.981,0.0009250245035569946,-0.003939878702163696,-0.00890198516845703,0,0,1,-0.0008377580409572782,0.011824089366008083,0.0721765915822816,0.019000000000000017,-0.0017627825445142727,0.0037268696979917424,0.05394073294738002,0.029806255555555584,-0.02721192323320101,1430808772527,0,0,0,0,0,0,0
-0.010600921090889151,-0.0718937772234138,0.98,0.000645771823237902,0.0183514404296875,0.004225241661071777,0,0,1,-0.0008377580409572782,0.010600921090889151,0.0718937772234138,0.020000000000000018,-0.0014835298641951802,-0.005179846958861492,0.04935002751188292,0.03081986129032261,-0.024256284162015425,1430808772589,0,0,0,0,0,0,0
-0.00860685965789111,-0.0709320744913945,0.982,0.00047123889803846896,0.029920230865478514,0.014406222343444824,0,0,1,-0.0008377580409572782,0.00860685965789111,0.0709320744913945,0.018000000000000016,-0.0013089969389957472,-0.010295791333475112,0.045569787930534275,0.012576988888888904,-0.022314431669405655,1430808772652,0,0,0,0,0,0,0
-0.0071266531970293505,-0.07054458702343092,0.983,-0.0010995574287564276,0.022205833435058595,0.005801848411560059,0,0,1,-0.0008377580409572782,0.0071266531970293505,0.07054458702343092,0.017000000000000015,0.0002617993877991494,-0.008269594456415251,0.048968784337127286,0.01734833870967744,0.0076314282836888805,1430808772714,0,0,0,0,0,0,0
-0.0036322578870552143,-0.06883904158154908,0.984,-0.0015184364492350666,0.052387767791748044,0.02564080047607422,0,0,1,-0.0008377580409572782,0.0036322578870552143,0.06883904158154908,0.016000000000000014,0.0006806784082777884,-0.021051211949805772,0.041261874377884186,0.016738744444444464,0.014429614408920554,1430808772777,0,0,0,0,0,0,0
-0.00009007580610004681,-0.06831136189166415,0.983,-0.00022689280275926284,0.05312065124511719,0.007995864868164063,0,0,1,-0.0008377580409572782,0.00009007580610004681,0.06831136189166415,0.017000000000000015,-0.0006108652381980154,-0.019302699894878463,0.04863832213034292,0.027714079487179515,-0.013425290262178391,1430808772855,0,0,0,0,0,0,0
0.002560455518165279,-0.0680647927599117,0.988,0.00005235987755982989,0.039757129669189456,0.003707557678222656,0,0,1,-0.0008377580409572782,-0.002560455518165279,0.0680647927599117,0.01200000000000001,-0.0008901179185171081,-0.019712110438237042,0.04991291024187369,-0.008924506451612902,-0.017255402945536204,1430808772917,0,0,0,0,0,0,0
0.008137695835492367,-0.06664292887561868,0.993,0.00013962634015954637,0.08365972137451172,0.021323577880859375,0,0,1,-0.0008377580409572782,-0.008137695835492367,0.06664292887561868,0.007000000000000006,-0.0009773843811168247,-0.038573989679729054,0.04311450746797303,-0.012432377777777781,-0.01836553874038235,1430808772980,0,0,0,0,0,0,0
0.011537316334827156,-0.06576613722985254,0.991,0.0021991148575128553,0.050996143341064455,0.013144754409790039,2.25,0,1,0,2.2384626836651726,0.06576613722985254,0.009000000000000008,-0.0021991148575128553,1.1192313418325863,0.03288306861492627,0.007200000000000007,-0.03153494065242098,0,0,0,0,0,0,0,0
0.01308998257237139,-0.06518199985504448,0.99,0.0022165681500327986,0.02330920600891113,0.008710822105407716,2.25,0,1,0,2.2369100174276286,0.06518199985504448,0.010000000000000009,-0.0022165681500327986,1.128935814758206,0.030478290280457995,0.012565179487179497,-0.03170157226208106,0,0,0,0,0,0,0,0
0.010989434139380777,-0.06278600503586723,0.99,-0.0013264502315156904,-0.03142848587036133,0.03600967407226562,2.25,0,1,0,2.239010565860619,0.06278600503586723,0.010000000000000009,0.0013264502315156904,1.1631189126735921,0.014354001729577112,0.008125000000000007,0.022512343986122754,0,0,0,0,0,0,0,0
0.010163542542516167,-0.059053757465334,0.99,-0.0004188790204786391,-0.01246262264251709,0.05596723175048828,2.25,0,1,0,2.239836457457484,0.059053757465334,0.010000000000000009,0.0004188790204786391,1.1690661247244756,0.014043747123862332,0.008203000000000007,0.010439647043116973,0,0,0,0,0,0,0,0
0.01382427177822391,-0.05542385566385422,0.988,0.0027401669256310974,0.05488812637329102,0.05447152328491211,2.25,0,1,0,2.236175728221776,0.05542385566385422,0.01200000000000001,-0.0027401669256310974,1.1572803587195128,0.009159110134044832,0.02098971111111113,-0.036515570442294316,0,0,0,0,0,0,0,0
0.022737037807948925,-0.05294310448686357,0.986,0.003926990816987242,0.13379295349121093,0.036844791412353514,2.25,0,1,0,2.227262962192051,0.05294310448686357,0.014000000000000012,-0.003926990816987242,1.1366563889323564,0.014408862397430324,0.02285572258064518,-0.046415888336127795,0,0,0,0,0,0,0,0
0.03639474123249712,-0.049268919038626145,0.986,0.001553343034274953,0.2050803985595703,0.054307853698730466,2.25,0,1,0,2.213605258767503,0.049268919038626145,0.014000000000000012,-0.001553343034274953,1.1182111219946445,0.00647426299942799,0.01165360000000001,-0.02501141865209409,0,0,0,0,0,0,0,0
0.05670444617147655,-0.04606803436520982,0.985,0.00034906585039886593,0.3047197875976563,0.047539993286132814,2.25,0,1,0,2.1932955538285235,0.04606803436520982,0.015000000000000013,-0.00034906585039886593,1.1099068135885402,0.011282348662484318,0.017057779487179504,-0.0092448169913418,0,0,0,0,0,0,0,0
0.0858957129452523,-0.0436234196967441,0.989,0.0005061454830783556,0.43788177490234376,0.036516372680664065,2.25,0,1,0,2.1641042870547476,0.0436234196967441,0.01100000000000001,-0.0005061454830783556,0.9792339878963979,0.006423438129845364,-0.02036493404255321,-0.011843416064989868,0,0,0,0,0,0,0,0
0.12147002064605068,-0.042142120021270026,0.995,-0.00031415926535897925,0.5336257934570312,0.021949405670166015,2.25,0,1,0,2.1285299793539494,0.042142120021270026,0.0050000000000000044,0.00031415926535897925,1.0358028379465944,0.01756921662848305,-0.022261776923076945,0.008617738760127537,0,0,0,0,0,0,0,0
0.16470075490611055,-0.0412778617806253,0.997,0.0021118483949131386,0.6484569091796875,0.013167593002319336,2.25,0,1,0,2.0852992450938896,0.0412778617806253,0.0030000000000000027,-0.0021118483949131386,0.942700162324668,0.01916099060442357,-0.008210422580645166,-0.030695065760184014,0,0,0,0,0,0,0,0
0.21244790944906883,-0.040897392256595035,0.992,0.003560471674068432,0.7162177734375,0.004194509983062744,2.25,0,1,0,2.037552090550931,0.040897392256595035,0.008000000000000007,-0.003560471674068432,0.9104456611376675,0.021993567000608973,0.0349080777777778,-0.04348089079099812,0,0,0,0,0,0,0,0
0.264371426772726,-0.03966054459250447,0.987,0.0057421332390613445,0.7789138793945313,0.01577952003479004,2.25,0,1,0,1.985628573227274,0.03966054459250447,0.013000000000000012,-0.0057421332390613445,0.8689401392600495,0.016752553567633163,0.03943670645161293,-0.059796475476368516,0,0,0,0,0,0,0,0
0.32436301621013114,-0.039198489944291426,0.979,0.008063421144213804,0.8998988037109374,0.001763538360595703,2.25,0,1,0,1.9256369837898688,0.039198489944291426,0.02100000000000002,-0.008063421144213804,0.8814879839422418,0.021766321314062278,0.05321983797468359,-0.07498475410269098,0,0,0,0,0,0,0,0
0.3884647177105162,-0.037644237028222505,0.971,0.005777039824101231,0.9616822509765625,0.015559934616088867,2.25,0,1,0,1.8615352822894837,0.037644237028222505,0.029000000000000026,-0.005777039824101231,0.6360553808115983,0.011383598496859654,0.08517976521739137,-0.060038566882712294,0,0,0,0,0,0,0,0
0.4583935594615896,-0.03418263856919621,0.971,0.005148721293383272,1.049215087890625,0.04586341857910156,2.25,0,1,0,1.7916064405384104,0.03418263856919621,0.029000000000000026,-0.005148721293383272,0.7931636641056292,0.00641248381236852,0.024539300000000024,-0.05560233097639755,0,0,0,0,0,0,0,0
0.5436636732817919,-0.025863485678667274,0.967,0.003543018381548489,1.27967724609375,0.11820018768310547,2.25,0,1,0,1.7063363267182081,0.025863485678667274,0.03300000000000003,-0.003543018381548489,0.58955567087559,-0.029213503183030513,0.05052454516129036,-0.043338680032795215,0,0,0,0,0,0,0,0
0.6427879032817723,-0.013404823994000335,0.967,0.002356194490192345,1.4875162353515625,0.18161077880859375,2.25,0,1,0,1.6072120967182277,0.013404823994000335,0.03300000000000003,-0.002356194490192345,0.48079237117757356,-0.057610210905351164,0.028151800000000025,-0.03301927248894627,0,0,0,0,0,0,0,0
0.7464448721956486,-0.000355983538218637,0.968,0.003298672286269283,1.5553114013671876,0.1920685272216797,2.25,0,1,0,1.5035551278043515,0.000355983538218637,0.03200000000000003,-0.003298672286269283,0.40381578679479513,-0.0685804459228406,0.021905038709677443,-0.04132246216586028,0,0,0,0,0,0,0,0
0.8511885075527758,0.0161933602214647,0.971,0.002565634000431664,1.57196484375,0.24305609130859376,2.25,0,1,0,1.3988114924472241,-0.0161933602214647,0.029000000000000026,-0.002565634000431664,0.47751151515499474,-0.07757849283256853,0.01191486153846155,-0.03494807114035303,0,0,0,0,0,0,0,0
0.9540675865419228,0.03354189264639729,0.974,0.002251474735072685,1.5438487548828126,0.25626788330078126,2.25,0,1,0,1.2959324134580772,-0.03354189264639729,0.026000000000000023,-0.002251474735072685,0.3326894030237231,-0.10858493281804413,0.00647353333333334,-0.03203352967008245,0,0,0,0,0,0,0,0
1.0627587630130804,0.05286188064079761,0.977,0.0016929693744344998,1.6310159912109374,0.28612835693359373,2.25,0,1,0,1.1872412369869196,-0.05286188064079761,0.02300000000000002,-0.0016929693744344998,0.24367592727145826,-0.131256383136633,0.003947316129032267,-0.026488628804623868,0,0,0,0,0,0,0,0
1.1624506252006273,0.07120295384233882,0.978,-0.0026529004630313807,1.495841552734375,0.27258407592773437,2.25,0,1,0,1.0875493747993727,-0.07120295384233882,0.02200000000000002,0.0026529004630313807,0.26041710043381505,-0.13370590111079805,0.014665844444444458,0.03573611852584123,0,0,0,0,0,0,0,0
1.2666480564835698,0.0881738235797496,0.979,-0.00466002910282486,1.5622806396484374,0.25870852661132815,2.25,0,1,0,0.9833519435164302,-0.0881738235797496,0.02100000000000002,0.00466002910282486,0.18004754003233625,-0.1366464594707627,0.013906438709677435,0.05202584732979959,0,0,0,0,0,0,0,0
1.3730522674371006,0.10220484405569172,0.98,-0.0028099800957108703,1.5950650634765624,0.21790069580078125,2.25,0,1,0,0.8769477325628994,-0.10220484405569172,0.020000000000000018,0.0028099800957108703,0.12944700560283806,-0.12645267707678043,0.013322044444444455,0.03713318819247669,0,0,0,0,0,0,0,0
1.480939342934882,0.11317098584045332,0.982,0.000017453292519943296,1.6178375244140626,0.16903887939453124,2.25,0,1,0,0.769060657065118,-0.11317098584045332,0.018000000000000016,-0.000017453292519943296,0.18852797417101919,-0.10407541437356684,0.008443641025641034,-0.0012547147051747052,0,0,0,0,0,0,0,0
1.5895046504071433,0.12110689911669299,0.985,0.002408554367752175,1.628481689453125,0.1190102767944336,2.25,0,1,0,0.6604953495928567,-0.12110689911669299,0.015000000000000013,-0.002408554367752175,0.01937451617463526,-0.10368770509625813,-0.0015541666666666672,-0.03350665280444724,0,0,0,0,0,0,0,0
1.6978624559597442,0.12627131290103596,0.986,0.0034732052114687163,1.6255489501953124,0.07355120086669922,2.25,0,1,0,0.5521375440402558,-0.12627131290103596,0.014000000000000012,-0.0034732052114687163,-0.03993782617034147,-0.09211833582077694,0.00875413870967743,-0.0427674843895438,0,0,0,0,0,0,0,0
1.8054017029213818,0.12919323474557154,0.99,-0.00017453292519943296,1.613231201171875,0.03822598648071289,2.25,0,1,0,0.4445982970786182,-0.12919323474557154,0.010000000000000009,0.00017453292519943296,-0.07664945186770822,-0.08147216447566928,-0.01095992222222223,0.005823869764908661,0,0,0,0,0,0,0,0
1.9114337475558725,0.13014659026225228,0.996,-0.007906341511534314,1.5904781494140625,0.014577923774719238,2.25,0,1,0,0.3385662524441275,-0.13014659026225228,0.0040000000000000036,0.007906341511534314,-0.1286940964261959,-0.07190469761600848,-0.027383867741935502,0.0740077366583055,0,0,0,0,0,0,0,0
2.0147493243010204,0.12841248048380688,1,-0.010349802464326372,1.549890869140625,-0.013758237838745118,2.25,0,1,0,0.23525067569897962,-0.12841248048380688,0,0.010349802464326372,-0.15427723799941617,-0.05683085248156658,-0.01893512222222224,0.08856214298178772,0,0,0,0,0,0,0,0
2.1140106032688677,0.12464895239177412,1.005,-0.0076270888312152205,1.4894237060546875,-0.04104015350341797,2.25,0,1,0,0.1359893967311323,-0.12464895239177412,-0.004999999999999893,0.0076270888312152205,-0.07427490868262937,-0.048667667423798466,-0.02318779743589687,0.07225467399825858,0,0,0,0,0,0,0,0
2.2079230523464237,0.11948157015943997,1.012,-0.002373647782712288,1.4092369384765624,-0.066764404296875,2.25,0,1,0,0.04207694765357628,-0.11948157015943997,-0.01200000000000001,0.002373647782712288,-0.20571800350223995,-0.034541681946339636,-0.04594242903225873,0.033182129978241034,0,0,0,0,0,0,0,0
2.2954075983450655,0.11351163661814376,1.019,0.003001966313430246,1.31247705078125,-0.08643389129638672,2.25,0,1,0,-0.04540759834506547,-0.11351163661814376,-0.018999999999999906,-0.003001966313430246,-0.20562067770713455,-0.02827624718501364,-0.05103488888888823,-0.0388058576164041,0,0,0,0,0,0,0,0
2.437568032307078,0.10240937746571686,1.028,0.005951572749300664,2.13189697265625,-0.17293453979492188,2.25,0,1,0,-0.18756803230707808,-0.10240937746571686,-0.028000000000000025,-0.005951572749300664,-0.5943571397582481,0.00614769040167662,-0.07032605161290392,-0.06124179441462912,0,0,0,0,0,0,0,0
2.5678512614506515,0.09128345410104875,1.038,0.005445427266222308,1.9532205810546874,-0.17851667785644532,2.25,0,1,0,-0.31785126145065146,-0.09128345410104875,-0.038000000000000034,-0.005445427266222308,-0.5827783559236573,0.010272208080031466,-0.08331455555555561,-0.05771845763568222,0,0,0,0,0,0,0,0
2.686187047081828,0.08038461692061344,1.047,0.001658062789394613,1.7741202392578126,-0.17314591979980468,2.25,0,1,0,-0.4361870470818281,-0.08038461692061344,-0.04699999999999993,-0.001658062789394613,-0.5888794872718858,0.014938250446595969,-0.08605685161290258,-0.02612326111610929,0,0,0,0,0,0,0,0
2.7918511565556283,0.06956741993852422,1.058,-0.0003316125578789226,1.5846904296875,-0.16488569641113282,2.25,0,1,0,-0.5418511565556283,-0.06956741993852422,-0.05800000000000005,0.0003316125578789226,-0.4520472092868146,0.00681723370840874,-0.09386177435897494,0.008934029631460307,0,0,0,0,0,0,0,0
2.884709543563504,0.05938222675432238,1.068,-0.0033684854563490563,1.3929263916015624,-0.15231599426269532,2.25,0,1,0,-0.634709543563504,-0.05938222675432238,-0.06800000000000006,0.0033684854563490563,-0.5442211761748097,0.019581424444045974,-0.10848675555555565,0.04190345769695803,0,0,0,0,0,0,0,0
2.9646282724208777,0.04941091483566366,1.076,-0.002373647782712288,1.1992779541015626,-0.14553076171875,2.25,0,1,0,-0.7146282724208777,-0.04941091483566366,-0.07600000000000007,0.002373647782712288,-0.5238854225884069,0.023965990209439493,-0.10496369032258074,0.033182129978241034,0,0,0,0,0,0,0,0
3.0319069867381523,0.039811573035074835,1.08,0.0014311699866353504,1.0095196533203126,-0.14159428405761718,2.25,0,1,0,-0.7819069867381523,-0.039811573035074835,-0.08000000000000007,-0.0014311699866353504,-0.4850673143420324,0.025554860812606432,-0.0857286222222223,-0.02368213701942464,0,0,0,0,0,0,0,0
3.0872969563606185,0.031182672163635565,1.078,0.0052010811709431014,0.8306634521484375,-0.13062246704101563,2.25,0,1,0,-0.8372969563606185,-0.031182672163635565,-0.07800000000000007,-0.0052010811709431014,-0.45686821757162127,0.025057839188453376,-0.05109967741935489,-0.055978659879290744,0,0,0,0,0,0,0,0
3.1306725669927262,0.024139328296599854,1.086,0.004939281783143952,0.6500758666992188,-0.10903271484375,2.25,0,1,0,-0.8806725669927262,-0.024139328296599854,-0.08600000000000008,-0.004939281783143952,-0.4123945622976599,0.0188455843264213,-0.11377624444444455,-0.05408405904819218,0,0,0,0,0,0,0,0
3.1631784969576247,0.018338555915027734,1.084,0.0013962634015954637,0.48715322875976563,-0.08941885375976563,2.25,0,1,0,-0.9131784969576247,-0.018338555915027734,-0.08400000000000007,-0.0013962634015954637,-0.34065464708374327,0.008502348471259472,-0.059412641025641075,-0.023295479059634645,0,0,0,0,0,0,0,0
3.1857769045983786,0.013492950478531185,1.076,-0.001762782544514273,0.33887429809570313,-0.07315731048583984,2.25,0,1,0,-0.9357769045983786,-0.013492950478531185,-0.07600000000000007,0.001762782544514273,-0.33946738159895906,0.012166612294440094,-0.017296909677419377,0.027211923233201013,0,0,0,0,0,0,0,0
3.198826388982721,0.00967861629103148,1.067,-0.005009094953223725,0.19584281921386718,-0.056869873046875,2.25,0,1,0,-0.9488263889827211,-0.00967861629103148,-0.06699999999999995,0.005009094953223725,-0.29689520947377673,0.007849325353378962,-0.005680299999999305,0.0545924919939281,0,0,0,0,0,0,0,0
3.201800025443541,0.00381882085004623,1.057,-0.004171336912266447,0.045044269561767575,-0.08767240142822266,2.25,0,1,0,-0.951800025443541,-0.00381882085004623,-0.05699999999999994,0.004171336912266447,-0.24857270983347982,0.02264429129115049,0.008417912903225896,0.04832185396999333,0,0,0,0,0,0,0,0
3.1891472675517103,0.0013274884303416325,1.045,-0.0010297442586766543,-0.1896338348388672,-0.03816134262084961,2.25,0,1,0,-0.9391472675517103,-0.0013274884303416325,-0.04499999999999993,0.0010297442586766543,-0.20214637931907362,-0.0022858914133654096,-0.005667366666666583,0.019015729709759288,0,0,0,0,0,0,0,0
3.1675347325020264,0.0015515461828068797,1.03,0.0004188790204786391,-0.32419131469726564,0.003027033805847168,2.25,0,1,0,-0.9175347325020264,-0.0015515461828068797,-0.030000000000000027,-0.0004188790204786391,-0.1366641084663882,-0.010335777533142293,0.04007299230769184,-0.010439647043116973,0,0,0,0,0,0,0,0
3.1387178968452196,0.001579811263693607,1.019,0.0007330382858376184,-0.4322523193359375,0.0006050376892089844,2.25,0,1,0,-0.8887178968452196,-0.001579811263693607,-0.018999999999999906,-0.0007330382858376184,-0.062069380379920935,-0.00951387849310455,0.04354427419354914,-0.015160418201874594,0,0,0,0,0,0,0,0
3.107514199258297,0.0027297247823478725,1.001,-0.0011519173063162574,-0.4680426940917969,0.017591800689697266,2.25,0,1,0,-0.8575141992582971,-0.0027297247823478725,-0.0009999999999998899,0.0011519173063162574,-0.04119168071827725,-0.01633488001503903,0.09584120000000018,0.02049152490793677,0,0,0,0,0,0,0,0
3.075017394429275,0.0049694095460197756,0.989,-0.0018849555921538759,-0.48749044799804686,0.03303374481201172,2.25,0,1,0,-0.8250173944292749,-0.0049694095460197756,0.01100000000000001,0.0018849555921538759,-0.019962556952166782,-0.023740506029498062,0.0732513354838704,0.028455146435920505,0,0,0,0,0,0,0,0
3.042173185140709,0.008224620965013914,0.976,0.0014486232791552935,-0.49275430297851563,0.04789943695068359,2.25,0,1,0,-0.792173185140709,-0.008224620965013914,0.02400000000000002,-0.0014486232791552935,-0.009513018673312501,-0.030861053003969588,0.0882828222222223,-0.02387428548808158,0,0,0,0,0,0,0,0
3.010368374103297,0.01187380588268233,0.964,0.004642575810304917,-0.47699237060546873,0.05542881393432617,2.25,0,1,0,-0.7603683741032969,-0.01187380588268233,0.03600000000000003,-0.004642575810304917,-0.03929542017283874,-0.031068300972874427,0.07978755384615394,-0.05189586386646203,0,0,0,0,0,0,0,0
2.980592397027646,0.01539301877646637,0.957,0.006318091892219472,-0.4463897705078125,0.054861175537109376,2.25,0,1,0,-0.730592397027646,-0.01539301877646637,0.04300000000000004,-0.006318091892219472,-0.003560807008282596,-0.03641532082908784,0.07132412903225814,-0.0637309953903778,0,0,0,0,0,0,0,0
2.9534764510951503,0.018713869753155546,0.957,0.007487462491055673,-0.40641635131835935,0.0523815689086914,2.25,0,1,0,-0.7034764510951503,-0.018713869753155546,0.04300000000000004,-0.007487462491055673,-0.011880784783511095,-0.036776291389201174,0.032078900000000035,-0.07137013463888248,0,0,0,0,0,0,0,0
2.9294600553631196,0.02145391906114742,0.959,0.006702064327658226,-0.3599281005859375,0.043796890258789065,2.25,0,1,0,-0.6794600553631196,-0.02145391906114742,0.041000000000000036,-0.006702064327658226,-0.019152955810639027,-0.03529817853570947,0.019442777419354865,-0.06628762679368233,0,0,0,0,0,0,0,0
2.908142162247018,0.023710781577746014,0.961,0.004956735075663896,-0.31953433227539063,0.03599526977539062,2.25,0,1,0,-0.6581421622470178,-0.023710781577746014,0.039000000000000035,-0.004956735075663896,-0.029783992860374003,-0.0336460925231121,0.018267688888888915,-0.05421139063203819,0,0,0,0,0,0,0,0
2.8898445018117775,0.025118054597815985,0.969,0.005707226654021458,-0.2743569030761719,0.02246928024291992,2.25,0,1,0,-0.6398445018117775,-0.025118054597815985,0.031000000000000028,-0.005707226654021458,-0.03974169369540012,-0.02991161905725347,-0.02199029032258065,-0.0595538930090414,0,0,0,0,0,0,0,0
2.8759733982391804,0.024725494500313232,0.979,0.008464846872172499,-0.20809677124023437,-0.0047008290290832516,2.25,0,1,0,-0.6259733982391804,-0.024725494500313232,0.02100000000000002,-0.008464846872172499,-0.11049379383797228,-0.021145245344801996,-0.009355595035460998,-0.07745322048565645,0,0,0,0,0,0,0,0
2.8640345477878397,0.023025504810559344,0.982,0.006562437987498679,-0.17929219055175782,-0.023983041763305665,2.25,0,1,0,-0.6140345477878397,-0.023025504810559344,0.018000000000000016,-0.006562437987498679,-0.07649765669025982,-0.011970363973272361,-0.0034861666666666617,-0.0653637386049313,0,0,0,0,0,0,0,0
2.8537239401558128,0.020079256132189603,0.986,0.007539822368615503,-0.15494580078125,-0.043177845001220704,2.25,0,1,0,-0.6037239401558128,-0.020079256132189603,0.014000000000000012,-0.007539822368615503,-0.08320734517108193,-0.0034340691966095217,-0.012513345161290323,-0.07170247594491465,0,0,0,0,0,0,0,0
2.844284638810113,0.01595763330337606,0.988,0.005567600313861911,-0.1420516357421875,-0.06075503540039062,2.25,0,1,0,-0.5942846388101128,-0.01595763330337606,0.01200000000000001,-0.005567600313861911,-0.08799616777509259,0.004792064741708749,-0.0025682111111111055,-0.05857857148421632,0,0,0,0,0,0,0,0
2.8349611043294187,0.010918534855958496,0.99,0.00460766922526503,-0.1402716827392578,-0.07480666351318359,2.25,0,1,0,-0.5849611043294187,-0.010918534855958496,0.010000000000000009,-0.00460766922526503,-0.08676886647385192,0.012792537938277143,-0.0042854225806451575,-0.05163540715190928,0,0,0,0,0,0,0,0
2.8252269719751784,0.0048778977939243524,0.992,0.001954768762233649,-0.1464279327392578,-0.08993582153320312,2.25,0,1,0,-0.5752269719751784,-0.0048778977939243524,0.008000000000000007,-0.001954768762233649,-0.0840800730804645,0.020894697008784817,-0.005655811111111109,-0.029153475516445655,0,0,0,0,0,0,0,0
2.8152042314484267,-0.0019377126043470016,0.991,0.0005061454830783556,-0.15054066467285157,-0.10194007873535156,2.25,0,1,0,-0.5652042314484267,0.0019377126043470016,0.009000000000000008,-0.0005061454830783556,-0.09258197320453689,0.02134138874888626,0.010812679487179504,-0.011843416064989868,0,0,0,0,0,0,0,0
2.8045379534975083,-0.009332714392266895,0.99,0.0010821041362364843,-0.16005029296875,-0.11084403228759766,2.25,0,1,0,-0.5545379534975083,0.009332714392266895,0.010000000000000009,-0.0010821041362364843,-0.07544794583737939,0.03625986313537948,0.012832661290322596,-0.01965498790582427,0,0,0,0,0,0,0,0
2.793088745680933,-0.017024678135757778,0.987,0.0007679448708775049,-0.1718628692626953,-0.11519355010986328,2.25,0,1,0,-0.543088745680933,0.017024678135757778,0.013000000000000012,-0.0007679448708775049,-0.06975095033514198,0.041200254552631224,0.026336066666666696,-0.015637960275834382,0,0,0,0,0,0,0,0
2.7806545847376025,-0.02480169693123857,0.984,0.001954768762233649,-0.18660194396972657,-0.11651201629638672,2.25,0,1,0,-0.5306545847376025,0.02480169693123857,0.016000000000000014,-0.001954768762233649,-0.06023779434600478,0.04641192802142193,0.029104083870967773,-0.029153475516445655,0,0,0,0,0,0,0,0
2.7674123762143417,-0.03207693505590273,0.982,-0.00017453292519943296,-0.1988460693359375,-0.10874008178710938,2.25,0,1,0,-0.5174123762143417,0.03207693505590273,0.018000000000000016,0.00017453292519943296,-0.06922907944657132,0.03863249705325348,0.022771559493670913,0.005823869764908661,0,0,0,0,0,0,0,0
2.7286868364278978,-0.05150921659061147,0.979,-0.0012042771838760874,-0.5808322143554687,-0.2915856018066406,2.25,0,1,0,-0.4786868364278978,0.05150921659061147,0.02100000000000002,0.0012042771838760874,0.1839145647554592,0.16420782860096533,0.039233486956521776,0.021107868589921083,0,0,0,0,0,0,0,0
2.6888595864874802,-0.0719740918800672,0.977,-0.0024260076602721182,-0.5970386352539062,-0.30769235229492187,2.25,0,1,0,-0.43885958648748025,0.0719740918800672,0.02300000000000002,0.0024260076602721182,0.08216019429939231,0.1178217145505057,0.02704985949367092,0.033668325826730405,0,0,0,0,0,0,0,0
2.6476729275922715,-0.09182683338201753,0.976,-0.0018675022996339327,-0.6170756225585937,-0.29928903198242185,2.25,0,1,0,-0.39767292759227146,0.09182683338201753,0.02400000000000002,0.0018675022996339327,0.1563434425606985,0.1497221704981221,0.02478306129032261,0.028279225198945466,0,0,0,0,0,0,0,0
2.6090784162209086,-0.10879263455296805,0.976,-0.0036302848441482054,-0.57844140625,-0.2555677032470703,2.25,0,1,0,-0.35907841622090864,0.10879263455296805,0.02400000000000002,0.0036302848441482054,0.15528712381436222,0.14107298779741564,0.019289100000000024,0.04404742700918437,0,0,0,0,0,0,0,0
2.5767996195897402,-0.12396651731722379,0.976,-0.003787364476827695,-0.48335247802734377,-0.22936445617675782,2.25,0,1,0,-0.32679961958974024,0.12396651731722379,0.02400000000000002,0.003787364476827695,0.1372054256658299,0.1408330862418547,0.019437900000000025,0.04530903478049102,0,0,0,0,0,0,0,0
2.547214705925213,-0.13536526927721496,0.974,-0.0024434609527920616,-0.44312295532226564,-0.17266078186035155,2.25,0,1,0,-0.2972147059252128,0.13536526927721496,0.026000000000000023,0.0024434609527920616,0.10021341227685382,0.1130775416918624,0.030215058974359006,0.03382961160453443,0,0,0,0,0,0,0,0
2.520673874198255,-0.14790445105658004,0.971,-0.0025481807079117207,-0.3976517028808594,-0.1890599365234375,2.25,0,1,0,-0.27067387419825506,0.14790445105658004,0.029000000000000026,0.0025481807079117207,0.1729586738278045,0.16034036178016758,0.04565490000000005,0.03478939624202753,0,0,0,0,0,0,0,0
2.4995399109307113,-0.15509250768743083,0.971,-0.0010471975511965976,-0.3167336730957031,-0.1086282958984375,2.25,0,1,0,-0.24953991093071126,0.15509250768743083,0.029000000000000026,0.0010471975511965976,0.08288423260417717,0.10596667811432267,0.02400610000000003,0.01922999427076545,0,0,0,0,0,0,0,0
2.484069695398107,-0.1585714373490715,0.97,0.0009599310885968812,-0.2319984588623047,-0.05242692184448242,2.25,0,1,0,-0.23406969539810696,0.1585714373490715,0.030000000000000027,-0.0009599310885968812,0.08166808367968868,0.09607430464771811,0.030637261290322612,-0.01814624544919827,0,0,0,0,0,0,0,0
2.470759394193407,-0.15727914984017013,0.971,0.0007155849933176752,-0.19963581848144532,0.019575958251953126,2.25,0,1,0,-0.22075939419340695,0.15727914984017013,0.029000000000000026,-0.0007155849933176752,0.07354670602490418,0.06960052543015947,0.01881924444444447,-0.014918811468633868,0,0,0,0,0,0,0,0
2.463892153671229,-0.15299824791690944,0.974,-0.00006981317007977319,-0.10296263122558594,0.06428722381591796,2.25,0,1,0,-0.21389215367122905,0.15299824791690944,0.026000000000000023,0.00006981317007977319,0.04047475749647596,0.051421656830207246,0.005200516129032273,0.0031616829373245013,0,0,0,0,0,0,0,0
2.460128313588837,-0.14411128774194953,0.977,-0.0009424777960769379,-0.0564669075012207,0.13330046081542968,2.25,0,1,0,-0.2101283135888372,0.14411128774194953,0.02300000000000002,0.0009424777960769379,0.01860522436454292,0.03291042937067192,0.006626560759493683,0.017925618986228662,0,0,0,0,0,0,0,0
2.458353127746609,-0.13434115736748828,0.98,-0.0020943951023931952,-0.026765897750854493,0.14652679443359376,2.25,0,1,0,-0.20835312774660908,0.13434115736748828,0.020000000000000018,0.0020943951023931952,0.015366000826228247,-0.006322006623928372,-0.005216386956521737,0.03052571313475552,0,0,0,0,0,0,0,0
2.4613947975698385,-0.12219929664198745,0.987,-0.00008726646259971648,0.045243499755859375,0.1822230682373047,2.25,0,1,0,-0.21139479756983848,0.12219929664198745,0.013000000000000012,0.00008726646259971648,-0.01480745416714612,0.009117332110972987,-0.01890025822784811,0.0036688080543273646,0,0,0,0,0,0,0,0
2.4636362583546765,-0.10930271587073702,0.988,0.0016231562043547262,0.03360503005981445,0.19345164489746094,2.25,0,1,0,-0.21363625835467648,0.10930271587073702,0.01200000000000001,-0.0016231562043547262,-0.016430384636311607,-0.01566350613647955,0.005741638709677432,-0.02575532020373444,0,0,0,0,0,0,0,0
2.467711797556377,-0.09557866007260671,0.995,0.003892084231947355,0.061467151641845706,0.20576133728027343,2.25,0,1,0,-0.21771179755637693,0.09557866007260671,0.0050000000000000044,-0.003892084231947355,-0.029828215359314857,-0.025364864363763097,-0.033070588888888905,-0.046140422109795895,0,0,0,0,0,0,0,0
2.469946494359811,-0.08098101319717578,0.997,0.0005235987755982988,0.0343724250793457,0.21883258056640625,2.25,0,1,0,-0.21994649435981106,0.08098101319717578,0.0030000000000000027,-0.0005235987755982988,-0.022282571462525335,-0.03832292215657985,-0.00705342258064516,-0.0121141372855476,0,0,0,0,0,0,0,0
2.474111231462129,-0.06618671320848701,0.999,-0.002356194490192345,0.06258724212646484,0.2218817596435547,2.25,0,1,0,-0.2241112314621292,0.06618671320848701,0.0010000000000000009,0.002356194490192345,-0.03218570662375227,-0.029182424153340922,-0.006329658974358974,0.03301927248894627,0,0,0,0,0,0,0,0
2.4776850634403975,-0.05248286334185815,1.002,-0.0036477381366681488,0.05312299728393555,0.20568348693847657,2.25,0,1,0,-0.22768506344039752,0.05248286334185815,-0.0020000000000000018,0.0036477381366681488,-0.04296846190739895,-0.07145294600784599,-0.022105125531914904,0.044188491777777644,0,0,0,0,0,0,0,0
2.4796700277361188,-0.04019651126915441,1.003,-0.002670353755551324,0.029102006912231446,0.18440266418457033,2.25,0,1,0,-0.22967002773611878,0.04019651126915441,-0.0029999999999998916,0.002670353755551324,-0.028045618950785525,-0.03036371043387853,-0.005075279487178898,0.035892684527252035,0,0,0,0,0,0,0,0
2.481680103948618,-0.030212354551059844,1.002,0.0013962634015954637,0.02975111770629883,0.14984233093261717,2.25,0,1,0,-0.23168010394861804,0.030212354551059844,-0.0020000000000000018,-0.0013962634015954637,-0.032770440710807716,-0.03550192128910034,0.005754855555554949,-0.023295479059634645,0,0,0,0,0,0,0,0
2.4803547740779734,-0.02183735160007963,1.001,0.0007679448708775049,-0.01970452308654785,0.12565267944335937,2.25,0,1,0,-0.23035477407797345,0.02183735160007963,-0.0009999999999998899,-0.0007679448708775049,-0.015028977056932952,-0.03061210429887466,0.006548555555556274,-0.015637960275834382,0,0,0,0,0,0,0,0
2.478788089198653,-0.014669444541063833,1,-0.0004537856055185257,-0.02341769790649414,0.10753662109375,2.25,0,1,0,-0.22878808919865312,0.014669444541063833,0,0.0004537856055185257,-0.014182875661234972,-0.028041304562301604,0.0074381612903219665,0.011011856752296092,0,0,0,0,0,0,0,0
2.4762741143405593,-0.011102536207196985,1,-0.0009250245035569946,-0.0377338981628418,0.05348650741577148,2.25,0,1,0,-0.22627411434055933,0.011102536207196985,0,0.0009250245035569946,-0.009229076997996431,-0.009106978699315118,0.0017930000000000086,0.017703626328090475,0,0,0,0,0,0,0,0
2.470878549028902,-0.007865289001517076,1.001,-0.001308996938995747,-0.08097836303710937,0.048483821868896486,2.25,0,1,0,-0.2208785490289018,0.007865289001517076,-0.0009999999999998899,0.001308996938995747,0.00859156810121952,-0.009135462712683454,-0.004658361290321861,0.02231443166940565,0,0,0,0,0,0,0,0
2.465112250645168,-0.0069518627229397615,0.999,0.0005410520681182421,-0.08651233673095703,0.013588161468505859,2.25,0,1,0,-0.21511225064516815,0.0069518627229397615,0.0010000000000000009,-0.0005410520681182421,0.005212421125723586,0.004638123629693161,0.011568958974358494,-0.012381866498988571,0,0,0,0,0,0,0,0
2.4585213842923666,-0.005564675856394137,0.998,0.002181661564992912,-0.09885172271728515,0.020861289978027345,2.25,0,1,0,-0.20852138429236655,0.005564675856394137,0.0020000000000000018,-0.002181661564992912,0.017935677938867654,0.0003717016115672043,0.008962755555555571,-0.03136786762936763,0,0,0,0,0,0,0,0
2.4521049453639563,-0.006509761734120338,0.998,0.0005061454830783556,-0.09627728271484375,-0.013966277122497558,2.25,0,1,0,-0.2021049453639563,0.006509761734120338,0.0020000000000000018,-0.0005061454830783556,0.01949675521996569,0.013926360989183586,0.0034196000000000113,-0.011843416064989868,0,0,0,0,0,0,0,0
2.4450046373684176,-0.009069491155436073,0.997,-0.0014311699866353504,-0.10652404022216796,-0.0383420295715332,2.25,0,1,0,-0.19500463736841755,0.009069491155436073,0.0030000000000000027,0.0014311699866353504,0.025042702872704277,0.024148920288459854,0.009794055555555573,0.02368213701942464,0,0,0,0,0,0,0,0
2.4382540652637776,-0.012945116809614268,0.994,-0.0020769418098732523,-0.10117527770996093,-0.05827924346923828,2.25,0,1,0,-0.18825406526377764,0.012945116809614268,0.006000000000000005,0.0020769418098732523,0.01779448035986231,0.029357613954769282,0.020146838461538488,0.03035588942502546,0,0,0,0,0,0,0,0
2.4332844181417577,-0.01745645557519658,0.994,-0.0008726646259971648,-0.07440399932861329,-0.06782476043701172,2.25,0,1,0,-0.18328441814175767,0.01745645557519658,0.006000000000000005,0.0008726646259971648,0.026134848964067182,0.047899776657259724,0.006713500000000015,0.017029098497634516,0,0,0,0,0,0,0,0
2.4240231047804692,-0.023565838040145094,0.994,-0.000017453292519943296,-0.1388396759033203,-0.09176193237304688,2.25,0,1,0,-0.17402310478046923,0.023565838040145094,0.006000000000000005,0.000017453292519943296,0.033957290283411073,0.0449571011885873,0.006760300000000014,0.0012547147051747052,0,0,0,0,0,0,0,0
2.4190740736547656,-0.02933930818269121,0.994,0.0009948376736367678,-0.07423395538330078,-0.08660334777832031,2.25,0,1,0,-0.16907407365476557,0.02933930818269121,0.006000000000000005,-0.0009948376736367678,0.02176445018591247,0.05320401445407655,0.0067975000000000145,-0.01858353051106695,0,0,0,0,0,0,0,0
2.4151627918956544,-0.03820054720403764,0.994,0.001710422666954443,-0.05880142974853515,-0.13286015319824218,2.25,0,1,0,-0.16516279189565441,0.03820054720403764,0.006000000000000005,-0.001710422666954443,0.016470829647274594,0.07451223292674751,0.006835300000000015,-0.026670369856086125,0,0,0,0,0,0,0,0
2.4127398502002575,-0.044656206433428366,0.994,-0.0022863813201125715,-0.03650970077514649,-0.0967725830078125,2.25,0,1,0,-0.1627398502002575,0.044656206433428366,0.006000000000000005,0.0022863813201125715,0.008621866985121641,0.0652310629324535,0.006872500000000014,0.032363775881445137,0,0,0,0,0,0,0,0
2.4101175807211925,-0.05175701812583153,0.994,-0.0046251225177849735,-0.039090412139892575,-0.10660182952880859,2.25,0,1,0,-0.16011758072119253,0.05175701812583153,0.006000000000000005,0.0046251225177849735,0.006607825760187595,0.06420640394469421,0.006919900000000014,0.05176571741402886,0,0,0,0,0,0,0,0
2.4079494919410425,-0.057495499535865774,0.994,-0.00301941960595019,-0.03212286758422851,-0.08622671508789062,2.25,0,1,0,-0.15794949194104246,0.057495499535865774,0.006000000000000005,0.00301941960595019,0.011843980571594553,0.07954319019406944,0.006947500000000014,0.038956122546160744,0,0,0,0,0,0,0,0
2.407654385520685,-0.060898491593857726,1,-0.0007330382858376184,-0.004272450447082519,-0.051058013916015624,2.25,0,1,0,-0.15765438552068511,0.060898491593857726,0,0.0007330382858376184,-0.004442830030982737,0.0531399728444179,-0.02443477848101267,0.015160418201874594,0,0,0,0,0,0,0,0
2.409076858903588,-0.06403216201454556,1.005,0.0005759586531581287,0.021371551513671875,-0.04698940277099609,2.25,0,1,0,-0.15907685890358803,0.06403216201454556,-0.004999999999999893,-0.0005759586531581287,-0.015477868433226476,0.05771733532237845,-0.030109306451612205,-0.012908851787977321,0,0,0,0,0,0,0,0
2.4117940331970464,-0.0659949725381648,1.007,0.0016231562043547262,0.04074065017700195,-0.029465627670288087,2.25,0,1,0,-0.16179403319704644,0.0659949725381648,-0.006999999999999895,-0.0016231562043547262,-0.024921079052854973,0.05232893686467843,-0.014638711111111025,-0.02575532020373444,0,0,0,0,0,0,0,0
2.415166968860719,-0.06587389594464384,1.01,-0.0013264502315156904,0.05059691619873047,0.0017340245246887207,2.25,0,1,0,-0.1651669688607189,0.06587389594464384,-0.010000000000000009,0.0013264502315156904,-0.03157693519350438,0.041088816914870284,-0.02292508387096838,0.022512343986122754,0,0,0,0,0,0,0,0
2.419972884866148,-0.06495552425639985,1.011,-0.0015358897417550098,0.07207040405273438,0.013871185302734375,2.25,0,1,0,-0.16997288486614792,0.06495552425639985,-0.010999999999999899,0.0015358897417550098,-0.03782992357153113,0.037698882457762053,-0.011362579487178899,0.02482371459249641,0,0,0,0,0,0,0,0
2.423637598127708,-0.06279041105852008,1.011,-0.002234021442552742,0.05492075347900391,0.03256108856201172,2.25,0,1,0,-0.17363759812770807,0.06279041105852008,-0.010999999999999899,0.002234021442552742,-0.03955070747362573,0.029104397394698098,-0.006944699999999906,0.03186776708662874,0,0,0,0,0,0,0,0
2.429089940594898,-0.0600984656164038,1.012,0.00006981317007977319,0.08169472503662109,0.040561790466308596,2.25,0,1,0,-0.1790899405948978,0.0600984656164038,-0.01200000000000001,-0.00006981317007977319,-0.05380707085649174,0.024962975609854103,-0.013464261290323208,-0.0031616829373245013,0,0,0,0,0,0,0,0
2.432488166209221,-0.05709245037338406,1.011,0.0016231562043547262,0.05097653198242187,0.045086669921875,2.25,0,1,0,-0.18248816620922081,0.05709245037338406,-0.010999999999999899,-0.0016231562043547262,-0.04475553766409336,0.022316031947748713,-0.0015328444444437286,-0.02575532020373444,0,0,0,0,0,0,0,0
2.434940089677954,-0.05284689083091016,1.009,0.003455751918948773,0.03688217163085938,0.06362361145019531,2.25,0,1,0,-0.18494008967795406,0.05284689083091016,-0.008999999999999897,-0.003455751918948773,-0.04209060021630625,0.013254119198173073,0.005746122580645266,-0.04262408947066444,0,0,0,0,0,0,0,0
2.437621082062683,-0.049013445654339224,1.01,0.0002443460952792061,0.04041335678100586,0.057362361907958986,2.25,0,1,0,-0.1876210820626829,0.049013445654339224,-0.010000000000000009,-0.0002443460952792061,-0.04566600791052173,0.01431613205482694,-0.011962755555556169,-0.0072883688791114155,0,0,0,0,0,0,0,0
2.440051971612389,-0.04615477485927318,1.008,-0.0044156830075456534,0.036473819732666016,0.04287115097045899,2.25,0,1,0,-0.19005197161238918,0.04615477485927318,-0.008000000000000007,0.0044156830075456534,-0.044377293649609954,0.02171635259659315,0.00410475897435899,0.05019094068679135,0,0,0,0,0,0,0,0
2.4420564304317027,-0.04331510882115151,1.006,-0.008045967851693859,0.029878503799438478,0.04272734069824219,2.25,0,1,0,-0.19205643043170273,0.04331510882115151,-0.006000000000000005,0.008045967851693859,-0.04697792853973686,0.01736206940859473,0.007983522580645178,0.07487651192240878,0,0,0,0,0,0,0,0
2.4394276516223465,-0.04124660441909539,1.005,-0.006632251157578452,-0.03968004989624024,0.030709299087524414,2.25,0,1,0,-0.18942765162234654,0.04124660441909539,-0.004999999999999893,0.006632251157578452,-0.020937113286799508,0.021126352488721092,0.0030172555555562763,0.06582649314417266,0,0,0,0,0,0,0,0
2.4389982746172083,-0.039488618806941704,1.003,-0.00047123889803846896,-0.006615403175354004,0.026326488494873047,2.25,0,1,0,-0.1889982746172083,0.039488618806941704,-0.0029999999999998916,0.00047123889803846896,-0.0340746383571416,0.022059767915107272,0.010333422580645272,0.011292432346572344,0,0,0,0,0,0,0,0
2.436591041341827,-0.03810617234627815,1.006,0.003438298626428829,-0.03611826705932617,0.02071967887878418,2.25,0,1,0,-0.1865910413418268,0.03810617234627815,-0.006000000000000005,-0.003438298626428829,-0.023096929531701428,0.02385246778243357,-0.020061366666667284,-0.04248045294168094,0,0,0,0,0,0,0,0
2.433573247354304,-0.0377038277602584,1.006,0.005340707511102648,-0.04524589157104492,0.006190773963928223,2.25,0,1,0,-0.18357324735430414,0.0377038277602584,-0.006000000000000005,-0.005340707511102648,-0.019352540039932434,0.0293338400190011,-0.0034324999999999894,-0.05697608517652259,0,0,0,0,0,0,0,0
2.430898132680245,-0.03740864790856092,1.007,0.003961897402027128,-0.04010250091552734,0.00464193868637085,2.25,0,1,0,-0.18089813268024502,0.03740864790856092,-0.006999999999999895,-0.003961897402027128,-0.024187790599421555,0.030388760271383243,-0.008774279487178894,-0.04669053956171678,0,0,0,0,0,0,0,0
2.4269233969403565,-0.0378478208915943,1.007,-0.00008726646259971648,-0.05964666748046875,-0.006351331233978272,2.25,0,1,0,-0.17692339694035653,0.0378478208915943,-0.006999999999999895,0.00008726646259971648,-0.013236894599889758,0.03461116291582363,-0.0043311999999999,0.0036688080543273646,0,0,0,0,0,0,0,0
2.4212511098762497,-0.03792422304372382,1.006,-0.0025481807079117207,-0.0850842056274414,-0.0011534572839736938,2.25,0,1,0,-0.1712511098762497,0.03792422304372382,-0.006000000000000005,0.0025481807079117207,-0.001523397808778429,0.03287594674071736,0.0020767612903219703,0.03478939624202753,0,0,0,0,0,0,0,0
2.4165456704572206,-0.03896421887569366,1.005,-0.003193952531149623,-0.07054161071777344,-0.015779741287231447,2.25,0,1,0,-0.16654567045722057,0.03896421887569366,-0.004999999999999893,0.003193952531149623,-0.006099561079320397,0.038987871385974884,0.002755655555556279,0.040443218933557554,0,0,0,0,0,0,0,0
2.410053378637244,-0.0392870115800378,1.003,-0.0011344640137963143,-0.09736841583251953,-0.00515290641784668,2.25,0,1,0,-0.16005337863724378,0.0392870115800378,-0.0029999999999998916,0.0011344640137963143,0.006662958245010661,0.03543730946725063,0.010071822580645273,0.020284013566987318,0,0,0,0,0,0,0,0
2.4054834898015445,-0.040370767825181626,1.007,0.003577924966588375,-0.06852984619140624,-0.01633409881591797,2.25,0,1,0,-0.15548348980154447,0.040370767825181626,-0.006999999999999895,-0.003577924966588375,-0.003293406481059729,0.040432174576335925,-0.02668482222222214,-0.04362286936733896,0,0,0,0,0,0,0,0
2.3992567368840003,-0.04178110599327659,1.005,0.003787364476827695,-0.09347638702392579,-0.020820755004882813,2.25,0,1,0,-0.14925673688400032,0.04178110599327659,-0.004999999999999893,-0.003787364476827695,0.0012080540839156904,0.041770808756416165,0.006072758974359087,-0.04530903478049102,0,0,0,0,0,0,0,0
2.392519975117139,-0.04269249428700406,1.008,0.0038222710618675813,-0.10110247802734375,-0.01328800868988037,2.25,0,1,0,-0.1425199751171391,0.04269249428700406,-0.008000000000000007,-0.0038222710618675813,0.013782359906691008,0.04130768978620073,-0.022286683870968372,-0.04558700540550849,0,0,0,0,0,0,0,0
2.3875378945170227,-0.043180130797657534,1.008,0.0015358897417550098,-0.07475862121582032,-0.0070288519859313964,2.25,0,1,0,-0.1375378945170227,0.043180130797657534,-0.008000000000000007,-0.0015358897417550098,0.00505503027908407,0.039387700675201934,-0.005401599999999987,-0.02482371459249641,0,0,0,0,0,0,0,0
2.38336387578299,-0.04396065257942907,1.008,-0.0008726646259971648,-0.06262818908691406,-0.011611650466918946,2.25,0,1,0,-0.1333638757829898,0.04396065257942907,-0.008000000000000007,0.0008726646259971648,0.00219996704248749,0.04174759723493779,-0.005451199999999988,0.017029098497634516,0,0,0,0,0,0,0,0
2.3778995281286748,-0.04420168459226898,1.006,-0.0018325957145940458,-0.08196202850341797,-0.003687006950378418,2.25,0,1,0,-0.12789952812867478,0.04420168459226898,-0.006000000000000005,0.0018325957145940458,0.010920851828407428,0.03907947924357827,0.007222111111111134,0.027925729094133524,0,0,0,0,0,0,0,0
2.3769027112369354,-0.045219499000290285,1.004,0.0016755160819145565,-0.01492424964904785,-0.015294591903686523,2.25,0,1,0,-0.12690271123693542,0.045219499000290285,-0.0040000000000000036,-0.0016755160819145565,-0.014097831373021993,0.04427540710028566,0.008976522580645185,-0.026306262126191686,0,0,0,0,0,0,0,0
2.3754672616775996,-0.046414491804077675,1.005,0.002513274122871834,-0.02156174659729004,-0.017888790130615236,2.25,0,1,0,-0.12546726167759958,0.046414491804077675,-0.004999999999999893,-0.002513274122871834,-0.01354482354769348,0.04485135723783859,-0.007639979487178887,-0.03447095504051014,0,0,0,0,0,0,0,0
2.3745288281630628,-0.04673330267616022,1.006,0.0019722220547535923,-0.01408847713470459,-0.004746769905090332,2.25,0,1,0,-0.12452882816306277,0.04673330267616022,-0.006000000000000005,-0.0019722220547535923,-0.015087738700180403,0.04171420679582751,-0.00954615555555616,-0.029326750895209742,0,0,0,0,0,0,0,0
2.374455166136791,-0.047711406882348296,1.009,0.0019722220547535923,-0.0011338638067245484,-0.014669355392456054,2.25,0,1,0,-0.1244551661367912,0.047711406882348296,-0.008999999999999897,-0.0019722220547535923,-0.02062021522302228,0.046249454112697,-0.023381883870967027,-0.029326750895209742,0,0,0,0,0,0,0,0
2.3742943750677314,-0.04858873668533388,1.007,0.003420845333908886,-0.0024378156661987306,-0.01315516471862793,2.25,0,1,0,-0.12429437506773144,0.04858873668533388,-0.006999999999999895,-0.003420845333908886,-0.02084542455369549,0.04634672651366381,0.006220611111111225,-0.042336573165932076,0,0,0,0,0,0,0,0
2.3734765028574363,-0.04940694302916548,1.008,0.003490658503988659,-0.012309995651245118,-0.012231056213378905,2.25,0,1,0,-0.12347650285743628,0.04940694302916548,-0.008000000000000007,-0.003490658503988659,-0.01747830594127378,0.046807005051023906,-0.011385261290323197,-0.04291063931580578,0,0,0,0,0,0,0,0
2.371788568784043,-0.04978397681022444,1.012,0.0026005405854715507,-0.025338598251342773,-0.005567092418670655,2.25,0,1,0,-0.12178856878404298,0.04978397681022444,-0.01200000000000001,-0.0026005405854715507,-0.012641215911053827,0.044784886332757526,-0.031237922222222228,-0.03526434596341201,0,0,0,0,0,0,0,0
2.369864654868203,-0.049971028242922606,1.011,0.0034033920413889425,-0.028865907669067385,-0.0027307138442993163,2.25,0,1,0,-0.11986465486820297,0.049971028242922606,-0.010999999999999899,-0.0034033920413889425,-0.013358667721700957,0.044012887304257946,-0.0038143205128199084,-0.04219244848725566,0,0,0,0,0,0,0,0
2.3684931705435552,-0.049709266391180965,1.01,0.003926990816987242,-0.02055878257751465,0.003996420383453369,2.25,0,1,0,-0.11849317054355524,0.049709266391180965,-0.010000000000000009,-0.003926990816987242,-0.014298280055218032,0.04187318260542661,-0.0019183387096780267,-0.046415888336127795,0,0,0,0,0,0,0,0
2.367363500734964,-0.04929294176103055,1.008,0.004223696789826277,-0.016920392990112304,0.00631136417388916,2.25,0,1,0,-0.11736350073496382,0.04929294176103055,-0.008000000000000007,-0.004223696789826277,-0.015939142044274757,0.04114033908423423,0.005097211111111136,-0.04872537967794916,0,0,0,0,0,0,0,0
2.3657936818965957,-0.04912761480205112,1.008,0.005096361415823441,-0.023536598205566406,0.002579338550567627,2.25,0,1,0,-0.11579368189659567,0.04912761480205112,-0.008000000000000007,-0.005096361415823441,-0.013286216294737935,0.04274188407938654,-0.006063499999999985,-0.05522472419193302,0,0,0,0,0,0,0,0
2.3640113414608703,-0.04876250047143493,1.005,0.005323254218582705,-0.02670684814453125,0.005612895011901855,2.25,0,1,0,-0.11401134146087033,0.04876250047143493,-0.004999999999999893,-0.005323254218582705,-0.012073306757668597,0.04177141506825821,0.012971666666667402,-0.0568518865641877,0,0,0,0,0,0,0,0
2.359974967926168,-0.047412702730751634,1.002,0.005829399701661061,-0.06043696594238281,0.02056897735595703,2.25,0,1,0,-0.1099749679261679,0.047412702730751634,-0.0020000000000000018,-0.005829399701661061,0.002147123530339863,0.03579906194724469,0.01562808387096715,-0.06040079188326631,0,0,0,0,0,0,0,0
2.3552228815655694,-0.04563962848522453,0.999,0.004485496177625427,-0.07112504577636719,0.027011186599731445,2.25,0,1,0,-0.10522288156556936,0.04563962848522453,0.0010000000000000009,-0.004485496177625427,0.0019594734820951587,0.035037511617965825,0.014391639240506364,-0.05071857816866963,0,0,0,0,0,0,0,0
2.3521587327422013,-0.04221976816491122,0.996,0.004380776422505768,-0.045731674194335936,0.051503551483154296,2.25,0,1,0,-0.10215873274220133,0.04221976816491122,0.0040000000000000036,-0.004380776422505768,-0.0008977690909665118,0.022139073148907583,0.02046078387096778,-0.04992608007114858,0,0,0,0,0,0,0,0
2.3473464099489365,-0.03845893276936492,0.992,0.0050789081233034985,-0.07193701934814453,0.05672821426391601,2.25,0,1,0,-0.09734640994893651,0.03845893276936492,0.008000000000000007,-0.0050789081233034985,0.010332622226771934,0.018913079850867067,0.02899792222222227,-0.055098568271324797,1430808782889,0,0,0,0,0,0,0
2.3433552339907835,-0.03423881017094317,0.989,0.004118977034706617,-0.05954536437988281,0.06360508346557617,2.25,0,1,0,-0.09335523399078349,0.03423881017094317,0.01100000000000001,-0.004118977034706617,0.0075451131476881005,0.014085556416947264,0.026179383870967785,-0.04791663628087411,1430808782889,0,0,0,0,0,0,0
2.338644609399895,-0.03029532027358287,0.986,0.004118977034706617,-0.07041512298583984,0.05944289016723633,2.25,0,1,0,-0.08864460939989494,0.03029532027358287,0.014000000000000012,-0.004118977034706617,0.012981268998129045,0.014219667511459453,0.028398766666666714,-0.04791663628087411,1430808782889,0,0,0,0,0,0,0
2.33311314795963,-0.025607564832937378,0.982,0.0036302848441482054,-0.08268158721923828,0.07065749359130859,2.25,0,1,0,-0.08311314795962987,0.025607564832937378,0.018000000000000016,-0.0036302848441482054,0.013749240857010618,0.012949005950212374,0.033021217948718,-0.04404742700918437,1430808782889,0,0,0,0,0,0,0
2.328480117814935,-0.019547123417537917,0.982,0.0033859387488689996,-0.06916497802734375,0.09115830993652344,2.25,0,1,0.003630284844148206,-0.07848011781493502,0.019547123417537917,0.018000000000000016,0.0002443460952792063,-0.03924005890746751,0.009773561708768959,0.014400000000000013,0.007288368879111419,1430808782889,0,0,0,0,0,0,0
2.323559532014835,-0.011796369661457834,0.98,0.00301941960595019,-0.07341471099853515,0.11651055145263672,2.25,0,1,0.003630284844148206,-0.07355953201483478,0.011796369661457834,0.020000000000000018,0.0006108652381980159,-0.00990660328077618,-0.03708724112973769,0.027237111111111136,0.0134252902621784,1430808783217,0,0,0,0,0,0,0
2.3202074668980526,-0.006947119772120505,0.979,0.00460766922526503,-0.05006111907958984,0.07289023590087891,2.25,0,1,0.003630284844148206,-0.07020746689805257,0.006947119772120505,0.02100000000000002,-0.0009773843811168238,-0.017079496555588096,-0.023783848604873557,0.022701361290322603,-0.01836553874038234,1430808783279,0,0,0,0,0,0,0
2.3156949767409007,-0.00299807308737385,0.979,0.01043706892692609,-0.0674136962890625,0.05954695129394531,2.25,0,1,0.003630284844148206,-0.06569497674090075,0.00299807308737385,0.02100000000000002,-0.006806784082777885,-0.00909068830842484,-0.020303834573000817,0.017188500000000016,-0.0669763371137837,1430808783342,0,0,0,0,0,0,0
2.3118707220386825,0.0012307411654522479,0.979,0.011798425743481668,-0.05669866180419922,0.06402745819091797,2.25,0,1,0.003630284844148206,-0.06187072203868249,-0.0012307411654522479,0.02100000000000002,-0.008168140899333463,-0.01104301458661354,-0.024359062570065433,0.017318700000000017,-0.07563257556786247,1430808783404,0,0,0,0,0,0,0
2.3105315585456556,0.0062007686901791835,0.976,0.010611601852125523,-0.019206497192382814,0.07478221893310547,2.25,0,1,0.003630284844148206,-0.06053155854565562,-0.0062007686901791835,0.02400000000000002,-0.0069813170079773175,-0.026425046650162994,-0.02532150936386615,0.033367438461538494,-0.06811639399053805,1430808783482,0,0,0,0,0,0,0
2.306138562228489,0.010897722239506809,0.977,0.007853981633974483,-0.06514361572265626,0.07114957427978516,2.25,0,1,0.003630284844148206,-0.0561385622284889,-0.010897722239506809,0.02300000000000002,-0.004223696789826278,-0.006185753294138268,-0.03153142261412019,0.01369524444444446,-0.04872537967794917,1430808783545,0,0,0,0,0,0,0
2.300920570019526,0.014124548756435668,0.98,0.004241150082346221,-0.07788732147216797,0.04901562881469727,2.25,0,1,0.003630284844148206,-0.05092057001952588,-0.014124548756435668,0.020000000000000018,-0.0006108652381980151,0.0011584078120943572,-0.02535417783367428,0.000039316129032261615,-0.013425290262178388,1430808783607,0,0,0,0,0,0,0
2.2963362764256425,0.01750503379800148,0.98,0.00322885911618951,-0.06854872894287109,0.05099845886230469,2.25,0,1,0.003630284844148206,-0.04633627642564253,-0.01750503379800148,0.020000000000000018,0.0004014257279586959,-0.0008294738198919779,-0.02771921837657476,0.017100800000000017,0.01014760480130631,1430808783670,0,0,0,0,0,0,0
2.2897341286099846,0.02001521831492227,0.981,0.005061454830783556,-0.09891012573242187,0.03797233200073242,2.25,0,1,0.003630284844148206,-0.0397341286099846,-0.02001521831492227,0.019000000000000017,-0.0014311699866353497,0.014027140028698641,-0.024488329001932596,0.010773438709677431,-0.023682137019424634,1430808783732,0,0,0,0,0,0,0
2.2852052967573067,0.021114753536080593,0.981,0.007906341511534314,-0.06784812927246094,0.016836652755737303,2.25,0,1,0.003630284844148206,-0.03520529675730666,-0.021114753536080593,0.019000000000000017,-0.0042760566673861085,-0.0009315532513878011,-0.015966207113417848,0.016566800000000013,-0.04912724131510519,1430808783810,0,0,0,0,0,0,0
2.279426515174855,0.021728403921456186,0.984,0.008639379797371931,-0.08660623931884766,0.009889796257019043,2.25,0,1,0.003630284844148206,-0.029426515174855172,-0.021728403921456186,0.016000000000000014,-0.005009094953223726,0.024531331397614185,-0.016011080827094938,-0.008098425531914895,-0.054592491993928106,1430808783857,0,0,0,0,0,0,0
2.273857661785064,0.020981041289657065,0.984,0.007906341511534314,-0.08362653350830078,-0.01048835849761963,2.25,0,1,0.003630284844148206,-0.0238576617850641,-0.020981041289657065,0.016000000000000014,-0.0042760566673861085,0.009084633159047093,-0.007877764449989774,0.014366800000000015,-0.04912724131510519,1430808783935,0,0,0,0,0,0,0
2.26875993209824,0.019556415065875833,0.984,0.006928957130417489,-0.07663250732421875,-0.0207641658782959,2.25,0,1,0.003630284844148206,-0.018759932098240117,-0.019556415065875833,0.016000000000000014,-0.003298672286269283,0.014847586214815172,-0.002727616891789717,0.014467600000000014,-0.04132246216586028,1430808783998,0,0,0,0,0,0,0
2.2622868089509938,0.017064004516876365,0.986,0.006003932626860492,-0.09735356140136718,-0.036712486267089846,2.25,0,1,0.003630284844148206,-0.012286808950993766,-0.017064004516876365,0.014000000000000012,-0.0023736477827122865,0.026229073308912904,0.004568260973390879,0.0016640774193548424,-0.03318212997824102,1430808784060,0,0,0,0,0,0,0
2.257532332463438,0.014211078081472445,0.985,0.0033859387488689996,-0.07157279205322266,-0.042364944458007814,2.25,0,1,0.003630284844148206,-0.007532332463437985,-0.014211078081472445,0.015000000000000013,0.0002443460952792063,0.0180173236979193,0.0074356551841831525,0.019319150000000018,0.007288368879111419,1430808784124,0,0,0,0,0,0,0
2.254807864341339,0.01156290574516876,0.984,0.002844886680750757,-0.041001285552978516,-0.039583984375,2.25,0,1,0.003630284844148206,-0.004807864341338952,-0.01156290574516876,0.016000000000000014,0.0007853981633974489,0.00872876768832315,0.008035469856104437,0.0203947612903226,0.015874010519682007,1430808784186,0,0,0,0,0,0,0
2.247997286676243,0.0073679247388950325,0.987,0.0036651914291880917,-0.10233726501464843,-0.06263383102416992,2.25,0,1,0.003630284844148206,0.0020027133237570105,-0.0073679247388950325,0.013000000000000012,-0.00003490658503988581,0.03460315421908594,0.018442632505235628,-0.004235166666666668,-0.001991735442914266,1430808784249,0,0,0,0,0,0,0
2.245071175191979,0.003653768023617319,0.988,0.006841690667817772,-0.044095573425292967,-0.055551105499267575,2.25,0,1,0.003630284844148206,0.004928824808021037,-0.003653768023617319,0.01200000000000001,-0.003211405823669566,0.011398099640243929,0.013631849262400329,0.00723792051282052,-0.04059041920522522,1430808784327,0,0,0,0,0,0,0
2.243889823995775,-0.0004772666681620223,0.99,0.010611601852125523,-0.018143798828125,-0.06184283447265625,2.25,0,1,0.003630284844148206,0.006110176004225032,0.0004772666681620223,0.010000000000000009,-0.0069813170079773175,0.005565588943269324,0.022354594967680917,-0.0011032225806451613,-0.06811639399053805,1430808784389,0,0,0,0,0,0,0
2.2408842934099327,-0.004946001740741178,0.99,0.00932005820564972,-0.045791713714599606,-0.06654885864257812,2.25,0,1,0.003630284844148206,0.00911570659006733,0.004946001740741178,0.010000000000000009,-0.005689773361501515,0.01715425728818915,0.02612607114269784,0.010250100000000009,-0.05943241637702436,1430808784452,0,0,0,0,0,0,0
2.2388438098250614,-0.008018660336757404,0.991,0.005427973973702364,-0.031035478591918946,-0.04580261993408203,2.25,0,1,0.003630284844148206,0.01115619017493863,0.008018660336757404,0.009000000000000008,-0.0017976891295541585,0.013065134262995211,0.020231463540628488,0.0038607387096774234,-0.027569981269991824,1430808784514,0,0,0,0,0,0,0
2.2382132292566466,-0.011367063706168364,0.996,0.0052010811709431014,-0.00973119354248047,-0.05017396926879883,2.25,0,1,0.003630284844148206,0.011786770743353436,0.011367063706168364,0.0040000000000000036,-0.0015707963267948956,0.004783030603751563,0.01967356187165789,-0.01689879743589745,-0.025198420997897455,1430808784592,0,0,0,0,0,0,0
2.2369422397134255,-0.013814127317731035,0.992,0.00471238898038469,-0.01925549507141113,-0.036606300354003904,2.25,0,1,0.003630284844148206,0.01305776028657446,0.013814127317731035,0.008000000000000007,-0.0010821041362364839,0.012115184404494675,0.024159947290467214,0.038561934042553224,-0.01965498790582426,1430808784639,0,0,0,0,0,0,0
2.2342222222858767,-0.015464173708698537,0.992,0.0035081117965086025,-0.04091644287109375,-0.024558155059814454,2.25,0,1,0.003630284844148206,0.015777777714123253,0.015464173708698537,0.008000000000000007,0.00012217304763960336,0.01633865044271629,0.014286831230664546,0.008837100000000007,0.004591384685095595,1430808784717,0,0,0,0,0,0,0
2.233946753000348,-0.015417976400434593,0.992,0.002844886680750757,-0.00412958288192749,0.0007074509859085084,2.25,0,1,0.003630284844148206,0.01605324699965216,0.015417976400434593,0.008000000000000007,0.0007853981633974489,0.005902699055515929,0.00670015979683393,0.008887500000000008,0.015874010519682007,1430808784780,0,0,0,0,0,0,0
2.234090709284889,-0.015324793221927615,0.991,0.001064650843716541,0.0021633119583129882,0.0013915989398956298,2.25,0,1,0.003630284844148206,0.015909290715110824,0.015324793221927615,0.009000000000000008,0.002565634000431665,0.003586317151082501,0.006479199565917041,0.015388461290322593,0.03494807114035304,1430808784842,0,0,0,0,0,0,0
2.2336545901738396,-0.014644126614260702,0.99,0.0029845130209103033,-0.00653091287612915,0.010216958045959472,2.25,0,1,0.003630284844148206,0.016345409826160395,0.014644126614260702,0.010000000000000009,0.0006457718232379026,0.007142893183778901,0.0029756771782651677,0.01616185555555557,0.013931978769220522,1430808784905,0,0,0,0,0,0,0
2.234411924809619,-0.013379163997604256,0.989,0.007714355293814937,0.011416598320007324,0.01894045066833496,2.25,0,1,0.003630284844148206,0.01558807519038119,0.013379163997604256,0.01100000000000001,-0.004084070449666731,0.0010646324594998794,0.0005529201973136378,0.0159792794871795,-0.04764553700785732,1430808784983,0,0,0,0,0,0,0
2.233157602738514,-0.011334980305042444,0.991,0.008203047484373348,-0.018577730178833008,0.03080698585510254,2.25,0,1,0.003630284844148206,0.016842397261485953,0.011334980305042444,0.009000000000000008,-0.004572762640225143,0.014509945478964649,-0.009962427455101196,-0.004959217021276599,-0.05137429187986905,1430808785030,0,0,0,0,0,0,0
2.2336023192014562,-0.008146250361083922,0.992,0.005166174585903216,0.007062877655029297,0.047774620056152343,2.25,0,1,0.003630284844148206,0.016397680798543757,0.008146250361083922,0.008000000000000007,-0.0015358897417550098,0.0030792702934125467,-0.010579010749872357,0.004709620512820517,-0.02482371459249641,1430808785108,0,0,0,0,0,0,0
2.2336009484200865,-0.0037394389918371865,0.996,0.0019896753472735357,0.00032093238830566405,0.06610139465332031,2.25,0,1,0.003630284844148206,0.016399051579913504,0.0037394389918371865,0.0040000000000000036,0.0016406094968746702,0.005184890675944117,-0.023327989273485776,-0.016559045161290333,0.0259396168555106,1430808785170,0,0,0,0,0,0,0
2.2324338583046246,0.001236774526723882,1,0.000890117918517108,-0.017357801437377928,0.07467788696289063,2.25,0,1,0.003630284844148206,0.017566141695375403,-0.001236774526723882,0,0.002740166925631098,0.01235519811921827,-0.028592357415532153,-0.01940062222222224,0.03651557044229432,1430808785233,0,0,0,0,0,0,0
2.2312092206855563,0.006179411490340594,1.003,0.004118977034706617,-0.018303564071655273,0.07415587615966797,2.25,0,1,0.003630284844148206,0.01879077931444373,-0.006179411490340594,-0.0029999999999998916,-0.0004886921905584113,0.01351346266755097,-0.03135834044903462,-0.01653248387096704,-0.011569564425833732,1430808785295,0,0,0,0,0,0,0
2.2310840631737734,0.010362728912688104,1.004,0.004031710572106902,-0.0016188826560974122,0.06275696182250977,2.25,0,1,0.003630284844148206,0.01891593682622661,-0.010362728912688104,-0.0040000000000000036,-0.0004014257279586959,0.007366695747899475,-0.02416356664204427,-0.004858979746835938,-0.01014760480130631,1430808785374,0,0,0,0,0,0,0
2.2297179896434307,0.01540430360987682,1.006,0.003682644721708035,-0.020186044692993163,0.07570561981201172,2.25,0,1,0.003630284844148206,0.02028201035656929,-0.01540430360987682,-0.006000000000000005,-0.000052359877559829144,0.017982572186212076,-0.046581336483301594,-0.01727359130434784,-0.0026099117607792186,1430808785420,0,0,0,0,0,0,0
2.228372396178335,0.019663100148943437,1.007,0.0045553093477052,-0.019948511123657225,0.06395584487915039,2.25,0,1,0.003630284844148206,0.021627603821665176,-0.019663100148943437,-0.006999999999999895,-0.0009250245035569943,0.01439367929331787,-0.02937435169797538,-0.007341879746834867,-0.01770362632809047,1430808785499,0,0,0,0,0,0,0
2.225229217782984,0.02323855862696963,1.005,0.004939281783143952,-0.04690287780761719,0.053846092224121095,2.25,0,1,0.003630284844148206,0.024770782217015785,-0.02323855862696963,-0.004999999999999893,-0.001308996938995746,0.02790110631151525,-0.03262211386321122,0.00994782258064526,-0.022314431669405645,1430808785561,0,0,0,0,0,0,0
2.2222938885310004,0.025062600278924943,1.006,0.0035953782591083183,-0.04389426040649414,0.02757776641845703,2.25,0,1,0.003630284844148206,0.027706111468999595,-0.025062600278924943,-0.006000000000000005,0.00003490658503988754,0.0250124788085735,-0.021730385460470215,-0.00667647948717999,0.0019917354429143325,1430808785624,0,0,0,0,0,0,0
2.21962119066765,0.0265793178307459,1.003,0.0025481807079117207,-0.040008411407470704,0.02289475631713867,2.25,0,1,0.003630284844148206,0.03037880933234982,-0.0265793178307459,-0.0029999999999998916,0.0010821041362364852,0.033223328131652255,-0.02572356991890512,0.022537025531915833,0.019654987905824275,1430808785686,0,0,0,0,0,0,0
2.2170803716431906,0.026864202386088436,1.001,0.0042935099599060505,-0.038101272583007814,0.0043703713417053225,2.25,0,1,0.003630284844148206,0.032919628356809394,-0.026864202386088436,-0.0009999999999998899,-0.0006632251157578446,0.026248552557094292,-0.01605917593500036,0.010763158974359076,-0.01418188803529515,1430808785764,0,0,0,0,0,0,0
2.2139870862244306,0.02734594251740147,1,0.005811946409141117,-0.04636782836914063,0.00742525053024292,2.25,0,1,0.003630284844148206,0.036012913775569366,-0.02734594251740147,0,-0.002181661564992911,0.03380588460918093,-0.017870331368419427,0.008144355555554948,-0.031367867629367614,1430808785827,0,0,0,0,0,0,0
2.2108687399075104,0.02716533722207618,1,0.00598647933434055,-0.0467901496887207,-0.0024371802806854247,2.25,0,1,0.003630284844148206,0.03913126009248957,-0.02716533722207618,0,-0.0023561944901923444,0.03602632050520145,-0.014252573726685864,0.0025888000000000057,-0.03301927248894627,1430808785889,0,0,0,0,0,0,0
2.2086639195569617,0.026142893895882282,1.001,0.0037524578917878084,-0.03316352462768555,-0.015138389587402344,2.25,0,1,0.003630284844148206,0.04133608044303827,-0.026142893895882282,-0.0009999999999998899,-0.0001221730476396025,0.03203458201666177,-0.00924535761605335,-0.0037730555555548478,-0.004591384685095573,1430808785952,0,0,0,0,0,0,0
2.206223344056204,0.025306363105673232,1.002,0.0007330382858376184,-0.036655460357666016,-0.012410501480102538,2.25,0,1,0.003630284844148206,0.04377665594379598,-0.025306363105673232,-0.0020000000000000018,0.0028972465583105875,0.03505472542938649,-0.009941881138230134,-0.004675061290323207,0.037898065898769824,1430808786014,0,0,0,0,0,0,0
2.2045893501966107,0.023924043255315896,1.003,-0.0011693705988362008,-0.024525100708007813,-0.020716825485229493,2.25,0,1,0.003630284844148206,0.04541064980338927,-0.023924043255315896,-0.0029999999999998916,0.004799655442984407,0.03145811077436453,-0.0064442391964036165,-0.005404355555554849,0.053059943575420244,1430808786077,0,0,0,0,0,0,0
2.202690392950951,0.020979464646156756,1.003,0.002670353755551324,-0.028432689666748046,-0.04420195770263672,2.25,0,1,0.003630284844148206,0.047309607049049074,-0.020979464646156756,-0.0029999999999998916,0.0009599310885968818,0.032116693349752395,0.00022835904624741998,0.00012750000000009455,0.018146245449198278,1430808786156,0,0,0,0,0,0,0
2.2027929192586804,0.017426675528321098,0.99,0.0002617993877991494,0.0013955812454223633,-0.05329575347900391,2.25,0,1,0.003630284844148206,0.04720708074131963,-0.017426675528321098,0.010000000000000009,0.0033684854563490567,0.023089389574165654,0.015911080578718408,0.10948654347826013,0.04190345769695804,1430808786202,0,0,0,0,0,0,0
2.2029741025306744,0.009382142608183448,0.973,-0.0004188790204786391,0.0026861581802368165,-0.120668701171875,2.25,0,1,0.003630284844148206,0.04702589746932562,-0.009382142608183448,0.027000000000000024,0.004049163864626845,0.023347683301323145,0.02846747272034445,0.09970325569620261,0.04737366425995947,1430808786281,0,0,0,0,0,0,0
2.2017320305610624,-0.004524904658874255,0.936,-0.0006283185307179585,-0.018543697357177733,-0.20861349487304687,2.25,0,1,0.003630284844148206,0.04826796943893763,0.004524904658874255,0.06399999999999995,0.004258603374866165,0.032082387998006674,0.07831623993531006,0.26325456774193495,0.048993470643057424,1430808786343,0,0,0,0,0,0,0
2.200697942878574,-0.020313335797764058,0.907,0.0016406094968746698,-0.015362509727478027,-0.23683616638183594,2.25,0,1,0.003630284844148206,0.04930205712142621,0.020313335797764058,0.09299999999999997,0.001989675347273536,0.031643269765848504,0.09554441095276586,0.23928061111111126,0.029499515882550814,1430808786406,0,0,0,0,0,0,0
2.199768928070987,-0.03863569759410223,0.873,0.0030368728984701333,-0.014386100769042969,-0.27481219482421876,2.25,0,1,0.003630284844148206,0.050231071929013105,0.03863569759410223,0.127,0.0005934119456780726,0.03191871667614682,0.12066431440882637,0.2980923838709679,0.013168337008501346,0,0,0,0,0,0,0,0
2.1990959782983777,-0.05975955497081812,0.829,0.0045553093477052,-0.011056455612182617,-0.3168257446289062,2.25,0,1,0.003630284844148206,0.05090402170162234,0.05975955497081812,0.17100000000000004,-0.0009250245035569943,0.030427450917352338,0.12304621957688777,0.3401265974358977,-0.01770362632809047,0,0,0,0,0,0,0,0
2.1979988794335847,-0.0813826785382122,0.783,0.003490658503988659,-0.017933807373046874,-0.32426852416992186,2.25,0,1,0.003630284844148206,0.05200112056641526,0.0813826785382122,0.21699999999999997,0.0001396263401595467,0.03437895468705698,0.15971241698777136,0.43641335555555516,0.0050188588206988285,0,0,0,0,0,0,0,0
2.195018253893448,-0.10398011425173147,0.734,0.0008377580409572782,-0.04589230728149414,-0.33880340576171875,2.25,0,1,0.003630284844148206,0.05498174610655182,0.10398011425173147,0.266,0.002792526803190928,0.04694127250981761,0.1790935166401033,0.49831990322580666,0.0369792679653672,0,0,0,0,0,0,0,0
2.18895141863108,-0.12464354144469922,0.684,-0.002530727415391778,-0.09126216125488282,-0.3098750610351563,2.25,0,1,0.003630284844148206,0.06104858136892011,0.12464354144469922,0.31599999999999995,0.006161012259539984,0.06723782462999069,0.17744113293588648,0.5414755777777773,0.06267025447661048,0,0,0,0,0,0,0,0
2.1810016666956966,-0.14583979521227414,0.63,-0.00012217304763960306,-0.11844126892089844,-0.31824456787109373,2.25,0,1,0.003630284844148206,0.06899833330430338,0.14583979521227414,0.37,0.003752457891787809,0.0828134818109712,0.19380292007984842,0.6140305096774197,0.04503020884776718,0,0,0,0,0,0,0,0
2.1742056164478853,-0.1668153566762113,0.577,0.0027052603405912107,-0.10190231323242188,-0.3146458740234375,2.25,0,1,0.003630284844148206,0.07579438355211465,0.1668153566762113,0.42300000000000004,0.0009250245035569951,0.0795672143680251,0.20221626331218223,0.6487011444444447,0.017703626328090482,0,0,0,0,0,0,0,0
2.1679410914003423,-0.18654360648535218,0.524,0.004171336912266447,-0.09476808166503906,-0.29566845703125,2.25,0,1,0.003630284844148206,0.0820589085996577,0.18654360648535218,0.476,-0.0005410520681182408,0.07369374995906859,0.18552872918699476,0.6381900128205126,-0.012381866498988552,0,0,0,0,0,0,0,0
2.1635380939623428,-0.20264256535294034,0.471,0.005759586531581288,-0.06705169677734375,-0.241206787109375,2.25,0,1,0.003630284844148206,0.08646190603765724,0.20264256535294034,0.529,-0.0021293016874330824,0.07317689490362911,0.1971916140782517,0.7452428483870971,-0.03086395248529728,0,0,0,0,0,0,0,0
2.1616784105560276,-0.21406999416112657,0.42,0.005270894341022875,-0.028882041931152343,-0.1712479248046875,2.25,0,1,0.003630284844148206,0.08832158944397239,0.21406999416112657,0.5800000000000001,-0.001640609496874669,0.06013910640142779,0.17685846563279037,0.7738366333333336,-0.025939616855510585,0,0,0,0,0,0,0,0
2.1611462781066764,-0.22151984458757837,0.368,0.0029845130209103033,-0.008570883750915527,-0.11170413208007812,2.25,0,1,0.003630284844148206,0.08885372189332363,0.22151984458757837,0.632,0.0006457718232379026,0.05362846472671558,0.16052670552752352,0.8295700870967738,0.013931978769220522,0,0,0,0,0,0,0,0
2.1618424945368284,-0.22496664961808313,0.315,0.0003316125578789226,0.010288894653320313,-0.05173301315307617,2.25,0,1,0.003630284844148206,0.08815750546317158,0.22496664961808313,0.685,0.0032986722862692833,0.04783996346583451,0.1374156734928861,0.821585212820513,0.04132246216586029,0,0,0,0,0,0,0,0
2.16377010381654,-0.22460903609513402,0.265,-0.002722713633111154,0.028915916442871094,0.0053546142578125,2.25,0,1,0.003630284844148206,0.08622989618346022,0.22460903609513402,0.735,0.00635299847725936,0.03605095023271678,0.1201630169456539,0.9995596255319144,0.06396551640278468,0,0,0,0,0,0,0,0
2.1672785316290497,-0.22024262528093133,0.221,-0.002478367537831948,0.05244789505004883,0.06563920593261718,2.25,0,1,0.003630284844148206,0.08272146837095029,0.22024262528093133,0.779,0.006108652381980153,0.033553555656550604,0.10276791440387156,0.8659312974358977,0.06231467736893759,0,0,0,0,0,0,0,0
2.172720986255069,-0.21195489396256054,0.177,-0.001710422666954443,0.08132846832275391,0.12451791381835937,2.25,0,1,0.003630284844148206,0.07727901374493085,0.21195489396256054,0.823,0.005340707511102649,0.016826272409237147,0.07350928184601267,0.953324744444444,0.0569760851765226,0,0,0,0,0,0,0,0
2.180606189925535,-0.19949051037821636,0.15,-0.0006283185307179585,0.11795809173583985,0.18716778564453124,2.25,0,1,0.003630284844148206,0.0693938100744651,0.19949051037821636,0.85,0.004258603374866165,-0.0009634752969154489,0.04419342726884018,0.8881696548387099,0.048993470643057424,0,0,0,0,0,0,0,0
2.1905128316338125,-0.1837308565493978,0.137,0.004537856055185257,0.14845106506347655,0.2364881286621094,2.25,0,1,0.003630284844148206,0.059487168366187504,0.1837308565493978,0.863,-0.0009075712110370514,-0.01606567884284448,0.02028092808643879,0.8238094222222223,-0.017480232992717937,0,0,0,0,0,0,0,0
2.2015290668007412,-0.16570152043738984,0.109,0.011641346110802179,0.1664690399169922,0.26968740844726563,2.25,0,1,0.003630284844148206,0.04847093319925877,0.16570152043738984,0.891,-0.008011061266653973,-0.028424802590589875,-0.0019312684702504496,0.9375759161290325,-0.07465979245104234,0,0,0,0,0,0,0,0
2.2112740549561414,-0.1440094070339397,0,0.023387411976724018,0.1499527130126953,0.32365802001953126,2.25,0,1,0.003630284844148206,0.03872594504385862,0.1440094070339397,1,-0.01975712713257581,-0.025003721970633615,-0.03060329672821792,1.4785669555555554,-0.13628328891714925,0,0,0,0,0,0,0,0
