0.00432657470703125,-0.0016454483032226563,0.721,0.0003141592653589792,0.06489862060546875,-0.024681724548339844,0,0,1,0,-0.00432657470703125,0.0016454483032226563,0.279,-0.0003141592653589792,-0.002163287353515625,0.0008227241516113281,0.22320000000000004,-0.008617738760127535,0,0,0,0,0,0,0,0
0.006398138061680551,-0.004399509043755368,0.722,0.002094395102393197,0.031060470581054687,-0.04132067108154297,0,0,1,0,-0.006398138061680551,0.004399509043755368,0.278,-0.002094395102393197,-0.014748062604236088,0.017527808876257295,0.2185958444444445,-0.030525713134755536,0,0,0,0,0,0,0,0
0.010425883981445923,-0.007686703584573672,0.725,-0.0006632251157578477,0.06031278610229492,-0.049434345245361326,0,0,1,0,-0.010425883981445923,0.007686703584573672,0.275,0.0006632251157578477,-0.023407791026308883,0.018681256901150457,0.21043486153846155,0.014181888035295192,0,0,0,0,0,0,0,0
0.016446068126742975,-0.010843226160120624,0.725,-0.0036302848441482037,0.09033414459228516,-0.04728793716430664,0,0,1,0,-0.016446068126742975,0.010843226160120624,0.275,0.0036302848441482037,-0.04243154034824581,0.023395593332695384,0.22560140000000004,0.044047427009184355,0,0,0,0,0,0,0,0
0.026447827206298565,-0.0140714378939614,0.725,-0.005323254218582705,0.15020118713378905,-0.047878219604492185,0,0,1,0,-0.026447827206298565,0.0140714378939614,0.275,0.005323254218582705,-0.0691794589215319,0.025213779835289492,0.22733390000000003,0.0568518865641877,0,0,0,0,0,0,0,0
0.03850271053659402,-0.01657010515960697,0.73,-0.0031939525311496225,0.18102020263671875,-0.03651691436767578,0,0,1,0,-0.03850271053659402,0.01657010515960697,0.27,0.0031939525311496225,-0.08793204990779212,0.022736718213071633,0.1967820935483871,0.040443218933557554,0,0,0,0,0,0,0,0
0.05420377143775135,-0.020653457633925728,0.741,-0.0018325957145940465,0.23571034240722658,-0.06049774932861328,0,0,1,0,-0.05420377143775135,0.020653457633925728,0.259,0.0018325957145940465,-0.11530041950043043,0.033488423031899285,0.15672848888888885,0.02792572909413353,0,0,0,0,0,0,0,0
0.0725906874533722,-0.023956475046071016,0.749,-0.0003665191429188079,0.2758940734863281,-0.04903974151611328,0,0,1,0,-0.0725906874533722,0.023956475046071016,0.251,0.0003665191429188079,-0.12033736113062235,0.02746273269691321,0.17749996410256408,0.009550465008875568,0,0,0,0,0,0,0,0
0.09122096230789174,-0.02627074170477681,0.762,0.0011344640137963165,0.2794668273925781,-0.034611572265625,0,0,1,0,-0.09122096230789174,0.02627074170477681,0.238,-0.0011344640137963165,-0.15288358258320903,0.027025921204470834,0.1310859032258064,-0.020284013566987343,0,0,0,0,0,0,0,0
0.11116579174866736,-0.029093958052161077,0.764,0.0004712388980384688,0.29912420654296873,-0.042687618255615234,0,0,1,0,-0.11116579174866736,0.029093958052161077,0.236,-0.0004712388980384688,-0.16919004335911858,0.031240948019927384,0.19324868888888885,-0.011292432346572342,0,0,0,0,0,0,0,0
0.1288760927338525,-0.031624677593874786,0.768,-0.002548180707911721,0.2656365966796875,-0.03808597564697266,0,0,1,0,-0.1288760927338525,0.031624677593874786,0.23199999999999998,0.002548180707911721,-0.16801712318388107,0.031304165522165465,0.18001755483870963,0.03478939624202754,0,0,0,0,0,0,0,0
0.1468855062670999,-0.03343372709800582,0.776,-0.005811946409141117,0.27020947265625,-0.026447286605834962,0,0,1,0,-0.1468855062670999,0.03343372709800582,0.22399999999999998,0.005811946409141117,-0.1780220004853884,0.028183277784353485,0.1531649555555555,0.060280171180320655,0,0,0,0,0,0,0,0
0.1637049118740382,-0.03669342295396561,0.784,-0.00429350995990605,0.2525709991455078,-0.047428318023681644,0,0,1,0,-0.1637049118740382,0.03669342295396561,0.21599999999999997,0.00429350995990605,-0.1823426337940694,0.0383918587759869,0.1473873096774193,0.04926083010940382,0,0,0,0,0,0,0,0
0.1740941899361344,-0.038202002185026694,0.79,-0.0026354471705114374,0.15593489074707031,-0.02195938491821289,0,0,1,0,-0.1740941899361344,0.038202002185026694,0.20999999999999996,0.0026354471705114374,-0.15140402021928234,0.029366307869111104,0.15573826666666662,0.035579208798288305,0,0,0,0,0,0,0,0
0.18108187014088198,-0.03965204988068877,0.794,-0.0008552113334772231,0.10487216186523438,-0.021474405288696288,0,0,1,0,-0.18108187014088198,0.03965204988068877,0.20599999999999996,0.0008552113334772231,-0.12994706273037854,0.028526246253301125,0.169529682051282,0.016801280195082327,0,0,0,0,0,0,0,0
0.18571875288622164,-0.04161938599245575,0.801,0.00003490658503988581,0.06957845306396485,-0.02945054817199707,0,0,1,0,-0.18571875288622164,0.04161938599245575,0.19899999999999995,-0.00003490658503988581,-0.12784101666484954,0.03419513723090249,0.14424321111111105,-0.001991735442914266,0,0,0,0,0,0,0,0
0.1866678888762979,-0.04507143619679605,0.809,0.0011170107212763736,0.01423523235321045,-0.05178125,0,0,1,0,-0.1866678888762979,0.04507143619679605,0.19099999999999995,-0.0011170107212763736,-0.10907049162501978,0.04475834035791265,0.1327550096774193,-0.02007543528279531,0,0,0,0,0,0,0,0
0.18508943033503603,-0.04894605180536796,0.818,-0.0012217304763960275,-0.023741783142089842,-0.0580927505493164,0,0,1,0,-0.18508943033503603,0.04894605180536796,0.18200000000000005,0.0012217304763960275,-0.09532008589694754,0.04904227037262433,0.12186290000000062,0.021311319885160364,0,0,0,0,0,0,0,0
0.1792164959467141,-0.05380122719118641,0.827,-0.002897246558310588,-0.08800497436523437,-0.0729352035522461,0,0,1,0,-0.1792164959467141,0.05380122719118641,0.17300000000000004,0.002897246558310588,-0.06911031322621847,0.0576860315500243,0.1149290483870968,0.03789806589876983,0,0,0,0,0,0,0,0
0.17429008451018624,-0.05893908959717668,0.834,-0.00371755130674792,-0.07367257690429688,-0.07728170776367188,0,0,1,0,-0.17429008451018624,0.05893908959717668,0.16600000000000004,0.00371755130674792,-0.079054539693299,0.05636095030223832,0.1300200435897436,0.04475051698209944,0,0,0,0,0,0,0,0
0.16616067681034916,-0.0642935182132412,0.842,-0.0034033920413889408,-0.12164169311523437,-0.08076919555664062,0,0,1,0,-0.16616067681034916,0.0642935182132412,0.15800000000000003,0.0034033920413889408,-0.0529789643404739,0.06613552862370663,0.11158125555555556,0.042192448487255646,0,0,0,0,0,0,0,0
0.1561414046057074,-0.07015612274485739,0.85,-0.002251474735072683,-0.14998892211914064,-0.08845005035400391,0,0,1,0,-0.1561414046057074,0.07015612274485739,0.15000000000000002,0.002251474735072683,-0.03754037345006588,0.07285032136807945,0.10539440967741934,0.03203352967008243,0,0,0,0,0,0,0,0
0.14605531317188436,-0.07519306033262713,0.858,-0.002652900463031382,-0.15112088012695313,-0.07589450073242188,0,0,1,0,-0.14605531317188436,0.07519306033262713,0.14200000000000002,0.002652900463031382,-0.03394404251396881,0.0707301448784312,0.10060585555555554,0.03573611852584124,0,0,0,0,0,0,0,0
0.1370033912063487,-0.07939569017734902,0.867,-0.003176499238629678,-0.13561111450195312,-0.06339943313598632,0,0,1,0,-0.1370033912063487,0.07939569017734902,0.133,0.003176499238629678,-0.035201784372834645,0.06906524979814932,0.08786844838709676,0.040295750291632085,0,0,0,0,0,0,0,0
0.12770189274940355,-0.08454005913812498,0.881,-0.004084070449666731,-0.1392766571044922,-0.07760833740234375,0,0,1,0,-0.12770189274940355,0.08454005913812498,0.119,0.004084070449666731,-0.03078012512407298,0.0770253408939956,0.05044682222222219,0.04764553700785732,0,0,0,0,0,0,0,0
0.11824995076049719,-0.08785618548290951,0.886,-0.00492182849062401,-0.14157479858398436,-0.050320514678955076,0,0,1,0,-0.11824995076049719,0.08785618548290951,0.11399999999999999,0.00492182849062401,-0.03623893496639354,0.06566890886450065,0.10267790256410254,0.053956577397312085,0,0,0,0,0,0,0,0
0.10707638430726321,-0.09123394377690527,0.89,-0.005742133239061342,-0.16735209655761718,-0.051490673065185545,0,0,1,0,-0.10707638430726321,0.09123394377690527,0.10999999999999999,0.005742133239061342,-0.010652000712469314,0.07211137472103368,0.10001515483870967,0.0597964754763685,0,0,0,0,0,0,0,0
0.09258461590986053,-0.09492751265277442,0.894,-0.006806784082777885,-0.2170548095703125,-0.05665081787109375,0,0,1,0,-0.09258461590986053,0.09492751265277442,0.10599999999999998,0.006806784082777885,0.013443840019371406,0.07600803920751174,0.09784137777777775,0.0669763371137837,0,0,0,0,0,0,0,0
0.0792866005050228,-0.09682568577747916,0.902,-0.00863937979737193,-0.19927180480957032,-0.02982967758178711,0,0,1,0,-0.0792866005050228,0.09682568577747916,0.09799999999999998,0.00863937979737193,0.014160888170147538,0.06775311137943636,0.06910990967741931,0.0785142441053969,1430810556673,0,0,0,0,0,0,0
0.06636064385816894,-0.0987248605332234,0.91,-0.010262536001726656,-0.19363600158691407,-0.03016162109375,0,0,1,0,-0.06636064385816894,0.0987248605332234,0.08999999999999997,0.010262536001726656,0.016947222896063936,0.06916014279799972,0.0639937555555555,0.08806362096590863,1430810556673,0,0,0,0,0,0,0
0.053295514735334344,-0.0981742428417379,0.918,-0.01176351915844178,-0.19605137634277345,0.006247645378112793,0,0,1,0,-0.053295514735334344,0.0981742428417379,0.08199999999999996,0.01176351915844178,0.02391720613676379,0.05589337364199474,0.05811035555555549,0.09645355792385699,1430810556673,0,0,0,0,0,0,0
0.041994570584556655,-0.09682844104149099,0.925,-0.012007865253720986,-0.16973989868164063,0.018191593170166016,0,0,1,0,-0.041994570584556655,0.09682844104149099,0.07499999999999996,0.012007865253720986,0.007365434658309342,0.05299586752503721,0.06612954358974354,0.09778463374026164,1430810556673,0,0,0,0,0,0,0
0.030824384778027313,-0.09358425109033645,0.93,-0.012932889757277981,-0.16812503051757813,0.046647438049316405,0,0,1,-0.012007865253720986,-0.030824384778027313,0.09358425109033645,0.06999999999999995,0.0009250245035569947,-0.015412192389013656,0.04679212554516823,0.055999999999999966,0.01770362632809048,1430810556673,0,0,0,0,0,0,0
0.02198504747221624,-0.08811721093632367,0.933,-0.018832102629018816,-0.13363951110839845,0.08028401947021484,0,0,1,-0.012007865253720986,-0.02198504747221624,0.08811721093632367,0.06699999999999995,0.00682423737529783,0.03877065376043311,0.013742608725894896,0.037079916129032206,0.06709077770748777,1430810557002,0,0,0,0,0,0,0
0.011735188864051742,-0.08382867869311231,0.937,-0.025516713664157097,-0.15493197631835937,0.06142135238647461,0,0,1,-0.012007865253720986,-0.011735188864051742,0.08382867869311231,0.06299999999999994,0.01350884841043611,0.05086582551805006,0.019163607601175935,0.02899007777777772,0.10577238449591975,1430810557065,0,0,0,0,0,0,0
0.0016239180007594511,-0.07870440712326782,0.943,-0.027558748888990462,-0.15358079528808594,0.07296937561035156,0,0,1,-0.012007865253720986,-0.0016239180007594511,0.07870440712326782,0.05700000000000005,0.015550883635269476,0.05604748859726852,0.011987278762183345,0.012894732258065159,0.11617966609179588,1430810557127,0,0,0,0,0,0,0
-0.008451856091131884,-0.07308510947677622,0.948,-0.02921681167838508,-0.15340184020996095,0.08009284973144531,0,0,1,-0.012007865253720986,0.008451856091131884,0.07308510947677622,0.052000000000000046,0.01720894642466409,0.06003539019589373,0.007347085377541262,0.015315522222222246,0.12429765382718613,1430810557190,0,0,0,0,0,0,0
-0.016201085300645717,-0.06723543406320313,0.956,-0.029583330821303884,-0.1187520980834961,0.08431204986572266,0,0,1,-0.012007865253720986,0.016201085300645717,0.06723543406320313,0.04400000000000004,0.017575465567582896,0.05177957756016956,0.003035066414578652,-0.008195190322580648,0.12605632304073336,1430810557252,0,0,0,0,0,0,0
-0.022941270511854104,-0.06009565101647819,0.96,-0.027838001569309555,-0.10422635650634765,0.10405936431884766,0,0,1,-0.012007865253720986,0.022941270511854104,0.06009565101647819,0.040000000000000036,0.01583013631558857,0.04182738413190649,0.0009187941446232098,0.016129382051282063,0.11756638901645887,1430810557330,0,0,0,0,0,0,0
-0.02803278720091608,-0.05345026793605957,0.962,-0.026965336943312393,-0.07911771392822266,0.0975163345336914,0,0,1,-0.012007865253720986,0.02803278720091608,0.05345026793605957,0.038000000000000034,0.014957471689591407,0.04259153204440051,-0.006948467568627409,0.02160638888888891,0.11320498092654867,1430810557393,0,0,0,0,0,0,0
-0.03255591692023566,-0.04634123196555317,0.965,-0.024050637092481862,-0.07069739532470704,0.1047674789428711,0,0,1,-0.012007865253720986,0.03255591692023566,0.04634123196555317,0.03500000000000003,0.012042771838760876,0.042302536563454236,-0.013428529696693222,0.013599016129032273,0.09797404714834361,1430810557455,0,0,0,0,0,0,0
-0.03624333193399213,-0.03920915309013413,0.969,-0.022706733568446227,-0.05786794662475586,0.10562010192871094,0,0,1,-0.012007865253720986,0.03624333193399213,0.03920915309013413,0.031000000000000028,0.010698868314725241,0.039326419224219776,-0.016238557216715972,0.005307577777777784,0.09054239349910158,1430810557518,0,0,0,0,0,0,0
-0.03835946620281948,-0.030779826086860584,0.972,-0.022060961745208323,-0.03460462188720703,0.12568661499023437,0,0,1,-0.012007865253720986,0.03835946620281948,0.030779826086860584,0.028000000000000025,0.010053096491487336,0.032082595343286446,-0.028224635879970237,0.008367916129032267,0.086861363731037,1430810557580,0,0,0,0,0,0,0
-0.03888206188191448,-0.022133448747177382,0.979,-0.0205599785884932,-0.010698006629943848,0.1294911804199219,0,0,1,-0.012007865253720986,0.03888206188191448,0.022133448747177382,0.02100000000000002,0.008552113334772215,0.02304623461732739,-0.02358812018427319,-0.011543056410256419,0.07798463454389355,1430810557658,0,0,0,0,0,0,0
-0.03688559645989467,-0.01390192364485419,0.981,-0.019408061282176942,0.027402231216430664,0.12406244659423828,0,0,1,-0.012007865253720986,0.03688559645989467,0.01390192364485419,0.019000000000000017,0.007400196028455956,0.008843925985914365,-0.03454914859233882,0.007275788888888895,0.07081450531236189,1430810557721,0,0,0,0,0,0,0
-0.03412352917941299,-0.007174724293000347,0.984,-0.01944296786721683,0.03946490097045898,0.10169303131103516,0,0,1,-0.012007865253720986,0.03412352917941299,0.007174724293000347,0.016000000000000014,0.007435102613495845,0.0031736175003208716,-0.030113695338110986,-0.0008493838709677411,0.07103701773350546,1430810557783,0,0,0,0,0,0,0
-0.032837830466442355,-0.001839048128681033,0.985,-0.018325957145940458,0.017725812911987306,0.08039495849609375,0,0,1,-0.012007865253720986,0.032837830466442355,0.001839048128681033,0.015000000000000013,0.0063180918922194716,0.011187191141201236,-0.024436467401021005,0.009825044444444452,0.0637309953903778,1430810557846,0,0,0,0,0,0,0
-0.029493574820949,0.002983596089279383,0.984,-0.01780235837034216,0.04882979202270508,0.07324676513671875,0,0,1,-0.012007865253720986,0.029493574820949,-0.002983596089279383,0.016000000000000014,0.005794493116621174,-0.0020381684049227515,-0.02444824690465338,0.0219249612903226,0.060159429675267356,1430810557908,0,0,0,0,0,0,0
-0.026037640556111977,0.005676002812029053,0.986,-0.018622663118779494,0.05111186981201172,0.04130250930786133,0,0,1,-0.012007865253720986,0.026037640556111977,-0.005676002812029053,0.014000000000000012,0.006614797865058508,-0.003922870691606056,-0.013563419753902897,0.003656888888888892,0.0657109573577997,1430810557971,0,0,0,0,0,0,0
-0.022915135959760673,0.007072525676284075,0.989,-0.018779742751458984,0.04643936538696289,0.0218164005279541,0,0,1,-0.012007865253720986,0.022915135959760673,-0.007072525676284075,0.01100000000000001,0.0067718774977379975,-0.00011698869801667067,-0.005625480509780651,-0.0010077384615384648,0.06674716202759455,1430810558049,0,0,0,0,0,0,0
-0.020228254599446178,0.0067922381249940905,0.989,-0.018867009214058702,0.040375064849853516,-0.00344673228263855,0,0,1,-0.012007865253720986,0.020228254599446178,-0.0067922381249940905,0.01100000000000001,0.0068591439603377154,-0.0024916542732227875,0.002321268574053185,0.012522000000000009,0.06731936666387141,1430810558111,0,0,0,0,0,0,0
-0.017108416449162965,0.004533930841455485,0.996,-0.018832102629018816,0.047428318023681644,-0.03298570251464844,0,0,1,-0.012007865253720986,0.017108416449162965,-0.004533930841455485,0.0040000000000000036,0.00682423737529783,-0.006108345846038069,0.014385741592034264,-0.03194168888888891,0.06709077770748777,1430810558174,0,0,0,0,0,0,0
-0.016470285412203613,0.0005211011814819713,0.995,-0.01884955592153876,0.010703751564025879,-0.06000152206420899,0,0,1,-0.012007865253720986,0.016470285412203613,-0.0005211011814819713,0.0050000000000000044,0.0068416906678177725,0.007404785945281643,0.026495844680622164,0.01342336129032259,0.06720512078032922,1430810558236,0,0,0,0,0,0,0
-0.014027373188243706,-0.004517438006160745,0.993,-0.017976891295541593,0.03806170272827149,-0.07487398529052734,0,0,1,-0.012007865253720986,0.014027373188243706,0.004517438006160745,0.007000000000000006,0.0059690260418206065,-0.0036976796651710664,0.034382387848534396,0.02053341111111113,0.06136146577515665,1430810558299,0,0,0,0,0,0,0
-0.012157601430412793,-0.010915483452501117,0.994,-0.018622663118779494,0.0297672061920166,-0.09545101165771484,0,0,1,-0.012007865253720986,0.012157601430412793,0.010915483452501117,0.006000000000000005,0.006614797865058508,0.0006439968471793241,0.03838384525170187,0.0041819205128205165,0.0657109573577997,1430810558377,0,0,0,0,0,0,0
-0.008801627141869212,-0.017819146524198255,0.992,-0.019931660057775243,0.05225924301147461,-0.10259958648681641,0,0,1,-0.012007865253720986,0.008801627141869212,0.017819146524198255,0.008000000000000007,0.007923794804054257,-0.011232840171672176,0.05159244285744301,0.02143061111111113,0.07411661161723206,1430810558440,0,0,0,0,0,0,0
-0.00588909424474994,-0.02722699591023399,0.986,-0.020751964806212577,0.04649184036254883,-0.140218994140625,0,0,1,-0.012007865253720986,0.00588909424474994,0.02722699591023399,0.014000000000000012,0.00874409955249159,-0.010450010600503263,0.07122031837268754,0.04907726774193552,0.07914742776573637,1430810558502,0,0,0,0,0,0,0
-0.003284272961614142,-0.036427691724322954,0.985,-0.022165681500327983,0.041927688598632815,-0.13716995239257812,0,0,1,-0.012007865253720986,0.003284272961614142,0.036427691724322954,0.015000000000000013,0.010157816246606997,-0.009761241705558633,0.07405631030329997,0.021656355555555572,0.08746352523584264,1430810558565,0,0,0,0,0,0,0
-0.00021248540967003116,-0.0462571652474628,0.984,-0.02019345944557439,0.049333381652832034,-0.1463846435546875,0,0,1,-0.012007865253720986,0.00021248540967003116,0.0462571652474628,0.016000000000000014,0.008185594191853404,-0.014165324901565957,0.08363182818154527,0.0226451612903226,0.07574027594740251,1430810558627,0,0,0,0,0,0,0
0.002412604440064422,-0.05607174667821371,0.981,-0.018133970928221083,0.04234097290039063,-0.14639361572265625,0,0,1,-0.012007865253720986,-0.002412604440064422,0.05607174667821371,0.019000000000000017,0.006126105674500096,-0.01273616555260067,0.08792885985697428,0.03618636666666669,0.062433315542901775,1430810558690,0,0,0,0,0,0,0
0.0030664980371650163,-0.06502387055029518,0.979,-0.02029817920069405,0.012241721153259277,-0.13408192443847655,0,0,1,-0.012007865253720986,-0.0030664980371650163,0.06502387055029518,0.02100000000000002,0.008290313946973065,-0.0021896269627987167,0.08881880054621324,0.03254022258064519,0.07638487888347,1430810558752,0,0,0,0,0,0,0
0.0029957231402728325,-0.07369236246530986,0.978,-0.019163715186897738,0.001577733039855957,-0.13002214050292968,0,0,1,-0.012007865253720986,-0.0029957231402728325,0.07369236246530986,0.02200000000000002,0.007155849933176752,0.0018269887649567812,0.08160374403423733,0.026654079746835466,0.06924698872358521,1430810558831,0,0,0,0,0,0,0
0.001885319937930807,-0.081425652688004,0.979,-0.0183434104384604,-0.014430147171020508,-0.11629722595214843,0,0,1,-0.012007865253720986,-0.001885319937930807,0.081425652688004,0.02100000000000002,0.0063355451847394145,0.00832534688724856,0.09122618778834529,0.015908738709677434,0.06384830973527315,1430810558893,0,0,0,0,0,0,0
0.00045665449380946513,-0.08786307176304928,0.975,-0.018884462506578645,-0.01965521240234375,-0.09693811798095703,0,0,1,-0.012007865253720986,-0.00045665449380946513,0.08786307176304928,0.025000000000000022,0.006876597252857658,0.01070542775660536,0.08710620337179915,0.04713362222222226,0.06743351568770993,1430810558956,0,0,0,0,0,0,0
-0.0014911790828130963,-0.09390328879796976,0.973,-0.02076941809873252,-0.02750140190124512,-0.09113882446289062,0,0,1,-0.012007865253720986,0.0014911790828130963,0.09390328879796976,0.027000000000000024,0.008761552845011534,0.014747394316851783,0.08904307236467987,0.03796912258064519,0.0792527120255898,1430810559018,0,0,0,0,0,0,0
-0.004941367608531807,-0.09866210526649744,0.973,-0.021432643214490364,-0.05025920486450195,-0.072441650390625,0,0,1,-0.012007865253720986,0.004941367608531807,0.09866210526649744,0.027000000000000024,0.009424777960769378,0.024675498520675236,0.08438392174104067,0.026848900000000026,0.08320335292207616,1430810559081,0,0,0,0,0,0,0
-0.00876503152442178,-0.100736234623037,0.972,-0.0216071761396898,-0.056675025939941406,-0.03233396911621094,0,0,1,-0.012007865253720986,0.00876503152442178,0.100736234623037,0.028000000000000025,0.009599310885968814,0.02905915916748636,0.07131647655903396,0.03346766129032261,0.08422741024899541,0,0,0,0,0,0,0,0
-0.01387533776690796,-0.10234575936554977,0.972,-0.021170843826691217,-0.07611508178710938,-0.02579339599609375,0,0,1,-0.012007865253720986,0.01387533776690796,0.10234575936554977,0.028000000000000025,0.00916297857297023,0.033068201742615266,0.06843296750739389,0.028040900000000025,0.08165532722377354,0,0,0,0,0,0,0,0
-0.017498056721051883,-0.10137651642931897,0.972,-0.018989182261698306,-0.05463637924194336,0.013385031700134277,0,0,1,-0.012007865253720986,0.017498056721051883,0.10137651642931897,0.028000000000000025,0.006981317007977319,0.03218515404445126,0.055980108705012105,0.028217300000000025,0.06811639399053807,0,0,0,0,0,0,0,0
-0.020534776205889293,-0.09904555529119027,0.975,-0.017610372152622785,-0.04620648574829102,0.034093193054199215,0,0,1,-0.012007865253720986,0.020534776205889293,0.09904555529119027,0.025000000000000022,0.005602506898901799,0.03084738427280828,0.04765474197160274,0.009036816129032267,0.05882315886476824,1430810559346,0,0,0,0,0,0,0
-0.024800365778543335,-0.0948967867435547,0.974,-0.015132004614790836,-0.06506978607177734,0.06109515762329101,0,0,1,-0.012007865253720986,0.024800365778543335,0.0948967867435547,0.026000000000000023,0.003124139361069849,0.03969136992624566,0.03628814488694877,0.03249165555555558,0.039851714337837116,1430810559346,0,0,0,0,0,0,0
-0.026606079076884108,-0.08979167894054177,0.975,-0.0170518667919846,-0.02824131202697754,0.07615800476074219,0,0,1,-0.012007865253720986,0.026606079076884108,0.08979167894054177,0.025000000000000022,0.005044001538263612,0.027255007230828757,0.02852185659591227,0.020645938709677437,0.054845821990046194,1430810559346,0,0,0,0,0,0,0
-0.029002376508736227,-0.0837319088242372,0.974,-0.01658062789394613,-0.037489116668701174,0.09027044677734375,0,0,1,-0.012007865253720986,0.029002376508736227,0.0837319088242372,0.026000000000000023,0.004572762640225143,0.02923844835169663,0.027772961216176274,0.031781079487179516,0.05137429187986905,1430810559346,0,0,0,0,0,0,0
-0.031371195664741114,-0.07690920016186174,0.974,-0.015393804002589986,-0.037224197387695314,0.10173744201660156,0,0,1,-0.012007865253720986,0.031371195664741114,0.07690920016186174,0.026000000000000023,0.0033859387488689996,0.0330279862032486,0.014133473995716406,0.027457700000000022,0.042048077229655076,1430810559612,0,0,0,0,0,0,0
-0.03200467186278674,-0.06868849364811508,0.973,-0.01546361717266976,-0.011399161338806153,0.12314971923828125,0,0,1,-0.012007865253720986,0.03200467186278674,0.06868849364811508,0.027000000000000024,0.003455751918948773,0.02395912215711923,0.0019457122221530065,0.03407026129032261,0.04262408947066444,1430810559674,0,0,0,0,0,0,0
-0.03245417101417453,-0.06029692921771571,0.974,-0.016510814723866358,-0.008688062667846679,0.12575415802001952,0,0,1,-0.012007865253720986,0.03245417101417453,0.06029692921771571,0.026000000000000023,0.004502949470145371,0.02330947520636442,-0.0020827875395772882,0.022233344444444463,0.050850058696543424,1430810559737,0,0,0,0,0,0,0
-0.03270063482894876,-0.05173426602849508,0.974,-0.015428710587629872,-0.005817005157470703,0.1283614044189453,0,0,1,-0.012007865253720986,0.03270063482894876,0.05173426602849508,0.026000000000000023,0.0034208453339088854,0.02252956152860987,-0.007761179071561743,0.027950100000000023,0.04233657316593207,1430810559799,0,0,0,0,0,0,0
-0.03105925780347344,-0.04344290071239473,0.975,-0.013055062804917583,0.022698925018310546,0.12473552703857421,0,0,1,-0.012007865253720986,0.03105925780347344,0.04344290071239473,0.025000000000000022,0.0010471975511965968,0.011394457100764655,-0.009358697322267372,0.021752044444444462,0.019229994270765435,1430810559862,0,0,0,0,0,0,0
-0.028654770573638362,-0.03397496586887597,0.979,-0.01207767842380076,0.034210220336914066,0.14247776794433595,0,2.586206896551724,1,0,0.028654770573638362,2.6201818624206004,0.02100000000000002,0.01207767842380076,0.014327385286819181,1.3100909312103002,0.016800000000000016,0.09816327763638437,0,0,0,0,0,0,0,0
-0.024872357229112962,-0.024786025518711723,0.982,-0.011344640137963142,0.05506738662719726,0.13850927734375,0,2.586206896551724,1,0,0.024872357229112962,2.610992922070436,0.018000000000000016,0.011344640137963142,-0.00876194616713737,1.2698115667882235,-0.0024238838709677406,0.09415005087337844,0,0,0,0,0,0,0,0
-0.020444805889937724,-0.018946040478559543,0.986,-0.004223696789826276,0.06541522979736328,0.08834755706787109,0,2.586206896551724,1,0,0.020444805889937724,2.605152937030284,0.014000000000000012,0.004223696789826276,-0.014092093602966465,1.3027327268010913,-0.01082242222222223,0.048725379677949154,0,0,0,0,0,0,0,0
-0.01629689332075926,-0.011593925992405326,0.989,-0.000349065850398865,0.061752338409423825,0.11054352569580078,0,2.586206896551724,1,0,0.01629689332075926,2.5978008225441296,0.01100000000000001,0.000349065850398865,-0.014883137180273306,1.3061035238927075,-0.007867483870967746,0.009244816991341782,0,0,0,0,0,0,0,0
-0.014246898903302715,-0.0018655089026682562,0.993,0.004293509959906051,0.030698976516723632,0.14593698120117188,0,2.586206896551724,1,0,0.014246898903302715,2.5880724054543927,0.007000000000000006,-0.004293509959906051,-0.0037916013295006008,1.3050012819918104,-0.016310122222222237,-0.04926083010940383,0,0,0,0,0,0,0,0
-0.010684375453444969,0.013690039410221812,1,0.0026529004630313803,0.05443917465209961,0.23310163879394533,0,2.586206896551724,1,0,0.010684375453444969,2.5725168571415025,0,-0.0026529004630313803,-0.01422878152686294,1.2794062947736218,-0.0392040290322581,-0.03573611852584122,0,0,0,0,0,0,0,0
-0.008649798451336491,0.034756413978846816,1.005,-0.000261799387799147,0.03135685157775879,0.31591354370117186,0,2.586206896551724,1,0,0.008649798451336491,2.551450482572877,-0.004999999999999893,0.000261799387799147,-0.004080665888666785,1.2835111062592188,-0.025879298734176652,0.007631428283688834,0,0,0,0,0,0,0,0
-0.007163505814138882,0.0626573482528841,1.011,-0.006230825429619757,0.022184822082519533,0.4185198364257813,0,2.586206896551724,1,0,0.007163505814138882,2.52354954829884,-0.010999999999999899,0.006230825429619757,-0.004155811389298764,1.221033411422111,-0.042466567741935426,0.06314279452734782,0,0,0,0,0,0,0,0
-0.005354630769678072,0.09344875044472473,1.011,-0.01038470904936626,0.024254779815673828,0.4620311279296875,0,2.586206896551724,1,0,0.005354630769678072,2.4927581461069996,-0.010999999999999899,0.01038470904936626,-0.006685458878640844,1.2077840152640684,-0.008664899999999916,0.08876115913800281,0,0,0,0,0,0,0,0
-0.003661031651827392,0.13142621229660836,1.014,-0.009529497715889039,0.019486949920654296,0.56989501953125,0,2.586206896551724,1,0,0.003661031651827392,2.4547806842551156,-0.014000000000000012,0.009529497715889039,-0.007020894420179931,1.1606893725397753,-0.028087183870968393,0.08381853831936298,0,0,0,0,0,0,0,0
-0.0023610621174203652,0.17481047203795516,1.013,-0.0071907565182166375,0.013297298431396484,0.650920166015625,0,2.586206896551724,1,0,0.0023610621174203652,2.411396424513769,-0.0129999999999999,0.0071907565182166375,-0.005317417283556492,1.1275542724647925,-0.004878044444443741,0.0694719994945402,0,0,0,0,0,0,0,0
-0.00039112763981230834,0.22214214722376446,1.011,-0.005044001538263612,0.024443038940429686,0.7101692504882813,0,2.586206896551724,1,0,0.00039112763981230834,2.3640647493279596,-0.010999999999999899,0.005044001538263612,-0.010198504419530595,1.0923743609823728,0.0023885225806452547,0.054845821990046194,0,0,0,0,0,0,0,0
0.0017266022273083833,0.27357124726746607,1.009,-0.002670353755551323,0.027874433517456054,0.7715869140625,0,2.586206896551724,1,0,-0.0017266022273083833,2.312635649284258,-0.008999999999999897,0.002670353755551323,-0.009532759165781867,1.1242741299233314,0.0014878594936709793,0.03589268452725203,0,0,0,0,0,0,0,0
0.004612229726223448,0.32973246338409934,1.006,0.0016929693744344998,0.04103470611572266,0.8425308227539062,0,2.586206896551724,1,0,-0.004612229726223448,2.2564744331676247,-0.006000000000000005,-0.0016929693744344998,-0.01791165388214765,1.0209949833431835,0.01192538387096713,-0.026488628804623868,0,0,0,0,0,0,0,0
0.00797618249683593,0.38918808089417894,1.002,0.0035255650890285463,0.05196906661987305,0.89174755859375,0,2.586206896551724,1,0,-0.00797618249683593,2.1970188156575454,-0.0020000000000000018,-0.0035255650890285463,-0.022042674065420938,0.9918385301987385,0.020399522222222244,-0.043196235566461176,0,0,0,0,0,0,0,0
0.009238689159403539,0.4524448456353142,0.997,0.0019198621771937645,0.022282712936401366,0.94877880859375,0,2.586206896551724,1,0,-0.009238689159403539,2.13376205091641,0.0030000000000000027,-0.0019198621771937645,-0.011169634506391387,0.9466538190432606,0.03042170645161293,-0.028805369115330506,0,0,0,0,0,0,0,0
0.011073828862362422,0.5173657410976011,0.997,-0.00260054058547155,0.029396631240844726,0.9737587890625,0,2.586206896551724,1,0,-0.011073828862362422,2.0688411554541233,0.0030000000000000027,0.00260054058547155,-0.015225136311396492,0.9236500688020284,0.0022148000000000068,0.035264345963412,0,0,0,0,0,0,0,0
0.010245706756855742,0.5856407085333631,0.996,-0.002652900463031382,-0.015085063934326171,1.0240887451171874,0,2.586206896551724,1,0,-0.010245706756855742,2.000566188018361,0.0040000000000000036,0.002652900463031382,-0.0009798386746433688,0.9594266094422393,0.007533179487179499,0.03573611852584124,0,0,0,0,0,0,0,0
0.008941910165341679,0.6580549609301577,0.993,-0.0017627825445142714,-0.022438493728637696,1.0861580810546876,0,2.586206896551724,1,0,-0.008941910165341679,1.9281519356215666,0.007000000000000006,0.0017627825445142714,0.00326082930224879,0.8327459241122637,0.022424883870967763,0.027211923233200996,0,0,0,0,0,0,0,0
0.0072735229902699166,0.734480823409719,0.99,0.0010646508437165414,-0.027046600341796876,1.146342041015625,0,2.586206896551724,1,0,-0.0072735229902699166,1.851726073142005,0.010000000000000009,-0.0010646508437165414,0.005957875285363828,0.7904008767448569,0.024619066666666693,-0.019443071709590615,0,0,0,0,0,0,0,0
0.00526279838052357,0.8144769458009636,0.985,0.0033859387488689996,-0.028883333206176757,1.1999732666015626,0,2.586206896551724,1,0,-0.00526279838052357,1.7717299507507605,0.015000000000000013,-0.0033859387488689996,0.00901265533342924,0.7343846526313804,0.04027120645161294,-0.042048077229655076,0,0,0,0,0,0,0,0
0.0027274984907256824,0.8980059659104309,0.982,0.0054105206811824215,-0.03378692626953125,1.253056884765625,0,2.586206896551724,1,0,-0.0027274984907256824,1.6882009306412933,0.018000000000000016,-0.0054105206811824215,0.012997256693163603,0.6907967102193868,0.031225466666666698,-0.05747153328098951,0,0,0,0,0,0,0,0
-0.0005214143721884446,0.9850855606927982,0.979,0.004799655442984406,-0.04166582489013672,1.3064384765625,0,2.586206896551724,1,0,0.0005214143721884446,1.601121335858926,0.02100000000000002,-0.004799655442984406,0.018880583635316132,0.6296556191873948,0.03402448387096778,-0.05305994357542024,0,0,0,0,0,0,0,0
-0.0042286007522345775,1.0756781778809297,0.977,0.002164208272472972,-0.04908498001098633,1.3591405029296875,0,2.586206896551724,1,0,0.0042286007522345775,1.5105287186707945,0.02300000000000002,-0.002164208272472972,0.01906133346154687,0.6812144587048696,0.027842758974359005,-0.031200348478127714,0,0,0,0,0,0,0,0
-0.008136221539196199,1.1693602642694005,0.976,-0.0010297442586766521,-0.05557296371459961,1.4053548583984374,0,2.586206896551724,1,0,0.008136221539196199,1.4168466322823237,0.02400000000000002,0.0010297442586766521,0.026140595743039445,0.5293488473389955,0.025375155555555584,0.019015729709759264,0,0,0,0,0,0,0,0
-0.011364646297094251,1.265819539927189,0.972,-0.004677482395344804,-0.0499162712097168,1.4468385009765625,0,2.586206896551724,1,0,0.011364646297094251,1.3203873566245352,0.028000000000000025,0.004677482395344804,0.02434124302902658,0.4652334775767757,0.045773845161290364,0.05215566861746555,0,0,0,0,0,0,0,0
-0.013553900745718975,1.3651297597124588,0.969,-0.0022689280275926278,-0.03980625915527344,1.4894833984375,0,2.586206896551724,1,0,0.013553900745718975,1.2210771368392654,0.031000000000000028,0.0022689280275926278,0.019458806070613635,0.41607587943063196,0.04245516666666671,0.03219886447437289,0,0,0,0,0,0,0,0
-0.014947187721293475,1.4675000545975898,0.971,0.0005934119456780726,-0.024383310317993165,1.5355030517578125,0,2.586206896551724,1,0,0.014947187721293475,1.1187068419541344,0.029000000000000026,-0.0005934119456780726,0.0159509271085149,0.34565333169523127,0.013077977419354857,-0.013168337008501346,0,0,0,0,0,0,0,0
-0.015505801725630087,1.5722822366754532,0.968,0.0037873644768276968,-0.007446523666381836,1.5717374267578126,0,2.586206896551724,1,0,0.015505801725630087,1.013924659876271,0.03200000000000003,-0.0037873644768276968,0.01156600209593428,0.2954235582120619,0.04363656666666671,-0.04530903478049103,0,0,0,0,0,0,0,0
-0.016030343671485276,1.6793236121564799,0.964,0.001483529864195178,-0.001787016749382019,1.605638916015625,0,2.586206896551724,1,0,0.016030343671485276,0.9068832843952443,0.03600000000000003,-0.001483529864195178,0.01120361247390268,0.3507859295177991,0.04839941794871799,-0.0242562841620154,0,0,0,0,0,0,0,0
-0.022907176139994354,1.8212204836391988,0.958,-0.003822271061867581,-0.0999947509765625,2.128603759765625,0,2.586206896551724,1,0,0.022907176139994354,0.7649864129125254,0.04200000000000004,0.003822271061867581,0.050637254883282995,-0.023345180166043034,0.06884863333333341,0.04558700540550848,0,0,0,0,0,0,0,0
-0.02710419855761427,1.9581112236430787,0.958,-0.007819075048934594,-0.07080335998535156,2.05310546875,0,2.586206896551724,1,0,0.02710419855761427,0.6280956729086455,0.04200000000000004,0.007819075048934594,0.03839205578466377,-0.07235071078769328,0.035775700000000035,0.07346215496152937,0,0,0,0,0,0,0,0
-0.03126673081710402,2.0926623610709947,0.962,-0.010471975511965976,-0.0782168960571289,2.0177171630859374,0,2.586206896551724,1,0,0.03126673081710402,0.4935445354807295,0.038000000000000034,0.010471975511965976,0.040102613051379875,-0.1112529614985851,0.010592877777777794,0.0892577266776226,0,0,0,0,0,0,0,0
-0.03625622560952924,2.2238018134635245,0.957,-0.01000073661392751,-0.0954372787475586,1.9662001953125,0,2.586206896551724,1,0,0.03625622560952924,0.36240508308819974,0.04300000000000004,0.01000073661392751,0.047863472687449005,-0.1673728174161352,0.06530750645161297,0.08655949935849992,0,0,0,0,0,0,0,0
-0.03923114984251879,2.3498504083971383,0.956,-0.007644542123735162,-0.06352999877929688,1.8901881103515625,0,2.586206896551724,1,0,0.03923114984251879,0.23635648815458588,0.04400000000000004,0.007644542123735162,0.03795894503742863,-0.18887468058056855,0.0437144555555556,0.07236486033678416,0,0,0,0,0,0,0,0
-0.04062799776249653,2.469631293834661,0.949,-0.006702064327658224,-0.0346870231628418,1.7965006103515626,0,2.586206896551724,1,0,0.04062799776249653,0.11657560271706302,0.051000000000000045,0.006702064327658224,0.028714817863256484,-0.08506419383617536,0.07556695641025649,0.06628762679368232,0,0,0,0,0,0,0,0
-0.0403934344742975,2.582003200924292,0.949,-0.005986479334340548,-0.007778401374816894,1.6855643310546875,0,2.586206896551724,1,0,0.0403934344742975,0.004203695627432058,0.051000000000000045,0.005986479334340548,0.021255920584992243,-0.23810329239876227,0.044472900000000044,0.061481020553560514,1430810562284,0,0,0,0,0,0,0
-0.03358580187176632,2.70754136521765,0.948,-0.006387905062299245,0.09083975219726563,1.8836500244140626,0,2.586206896551724,1,0,0.03358580187176632,-0.12133446866592568,0.052000000000000046,0.006387905062299245,-0.018432338694982543,-0.3647134877501359,0.05115605555555561,0.06419960828010945,0,0,0,0,0,0,0,0
-0.023675298142915385,2.8306325227954354,0.955,-0.00371755130674792,0.13686018371582032,1.847279296875,0,2.586206896551724,1,0,0.023675298142915385,-0.24442562624371122,0.04500000000000004,0.00371755130674792,-0.04136701460345556,-0.42520969728664193,0.0007633709677419345,0.04475051698209944,0,0,0,0,0,0,0,0
-0.013742832734572795,2.941219490851385,0.959,-0.002879793265790645,0.14281927490234375,1.659346923828125,0,2.586206896551724,1,0,0.013742832734572795,-0.3550125942996609,0.041000000000000036,0.002879793265790645,-0.04548063882337322,-0.40224236747486874,0.015115577777777799,0.03774571160800656,0,0,0,0,0,0,0,0
0.0018632273430218248,3.0493534720102398,0.965,-0.004380776422505766,0.22941888427734375,1.6226771240234374,0,2.586206896551724,1,0,-0.0018632273430218248,-0.46314657545851556,0.03500000000000003,0.004380776422505766,-0.08621358373650195,-0.4552425866733002,-0.0011161677419354726,0.049926080071148564,0,0,0,0,0,0,0,0
0.016625084499667497,3.1436897415851406,0.973,-0.003961897402027126,0.21522676086425782,1.41600048828125,0,2.586206896551724,1,0,-0.016625084499667497,-0.5574828450334164,0.027000000000000024,0.003961897402027126,-0.07186456435541062,-0.3196290967791032,-0.009332035897435899,0.04669053956171676,0,0,0,0,0,0,0,0
0.02426340158692474,3.2073478452548523,0.982,-0.003700098014227979,0.11079076385498046,0.9553179931640625,0,2.586206896551724,1,0,-0.02426340158692474,-0.6211409487031281,0.018000000000000016,0.003700098014227979,-0.0520325746322696,-0.28572369435565775,-0.030521200000000023,0.04461034294046854,0,0,0,0,0,0,0,0
0.02815595399461956,3.2615113929835906,0.991,-0.0037350045992678646,0.05538173675537109,0.8126636962890625,0,2.586206896551724,1,0,-0.02815595399461956,-0.6753044964318664,0.009000000000000008,0.0037350045992678646,-0.033346429570936344,-0.26431235354214005,-0.03766450000000003,0.04489047182965164,0,0,0,0,0,0,0,0
0.029192733124410793,3.306401372142296,0.999,0.0001221730476396038,0.013036620140075684,0.673403076171875,0,2.586206896551724,1,0,-0.029192733124410793,-0.7201944755905716,0.0010000000000000009,-0.0001221730476396038,-0.018183326255051355,-0.23977474292864026,-0.03850264444444447,-0.004591384685095606,0,0,0,0,0,0,0,0
0.028334358716106827,3.342046868937845,1.007,0.004520402762665313,-0.01281029224395752,0.5346840209960938,0,2.586206896551724,1,0,-0.028334358716106827,-0.7558399723861209,-0.006999999999999895,-0.004520402762665313,-0.007324266038182407,-0.2141195047358436,-0.04566289032257997,-0.050981369462127425,0,0,0,0,0,0,0,0
0.025190942102377014,3.366765270830422,0.995,0.004991641660703785,-0.04547471618652344,0.37098538208007814,0,2.586206896551724,1,0,-0.025190942102377014,-0.7805583742786979,0.0050000000000000044,-0.004991641660703785,0.0067065029829087245,-0.1674960997142967,0.07579656666666612,-0.05446560640938514,0,0,0,0,0,0,0,0
0.01854454030953927,3.3838623876712157,1.007,0.001239183768915974,-0.09841464996337891,0.2569512023925781,0,2.586206896551724,1,0,-0.01854454030953927,-0.7976554911194915,-0.006999999999999895,-0.001239183768915974,0.02224522862145538,-0.12165974798458447,-0.0543708538461533,-0.021513804629489108,0,0,0,0,0,0,0,0
0.011458178669804595,3.3913368131984085,0.998,-0.0037873644768276933,-0.10615641021728515,0.11224801635742188,0,2.586206896551724,1,0,-0.011458178669804595,-0.8051299166466843,0.0020000000000000018,0.0037873644768276933,0.03589742536305248,-0.09586527190697791,0.05749415161290265,0.045309034780491,0,0,0,0,0,0,0,0
0.004241830586009912,3.3925504608120636,0.988,-0.00525344104850293,-0.10831339263916015,0.017794620513916014,0,2.586206896551724,1,0,-0.004241830586009912,-0.8063435642603394,0.01200000000000001,0.00525344104850293,0.03956604414214916,-0.06610020925766591,0.07031885555555561,0.05635372802521813,0,0,0,0,0,0,0,0
-0.004854353673433189,3.3874449313715442,0.978,-0.00301941960595019,-0.13603855895996095,-0.07729867553710937,0,2.586206896551724,1,0,0.004854353673433189,-0.80123803481982,0.02200000000000002,0.00301941960595019,0.055402837847947514,-0.032951096446538986,0.07935131290322588,0.038956122546160744,0,0,0,0,0,0,0,0
-0.014426239437935922,3.3752615814885836,0.967,0.0006283185307179584,-0.14302583312988282,-0.1831829376220703,0,2.586206896551724,1,0,0.014426239437935922,-0.7890546849368594,0.03300000000000003,-0.0006283185307179584,0.06210738190373442,0.0070332739431763075,0.09301871111111121,-0.013679807573413576,0,0,0,0,0,0,0,0
-0.02635714788415196,3.3585500585454398,0.966,0.001570796326794896,-0.17912109375,-0.2505603485107422,0,2.586206896551724,1,0,0.02635714788415196,-0.7723431619937156,0.03400000000000003,-0.001570796326794896,0.08241100982655938,0.03725447310380113,0.03856356129032262,-0.02519842099789746,0,0,0,0,0,0,0,0
-0.03368063856519445,3.3393647416995775,0.967,-0.0009773843811168269,-0.11030426788330078,-0.2876068420410156,0,2.586206896551724,1,0,0.03368063856519445,-0.7531578451478533,0.03300000000000003,0.0009773843811168269,0.05184537878745164,0.03272121811939788,0.027888620512820546,0.018365538740382378,0,0,0,0,0,0,0,0
-0.03887525408305674,3.3161661375068636,0.969,-0.003961897402027126,-0.07757908630371094,-0.3480550537109375,0,2.586206896551724,1,0,0.03887525408305674,-0.7299592409551394,0.031000000000000028,0.003961897402027126,0.05068475858781697,0.0825149511959116,0.019859988888888916,0.04669053956171676,0,0,0,0,0,0,0,0
-0.04876230458463331,3.293442180913884,0.97,-0.00492182849062401,-0.1469541473388672,-0.3414442443847656,0,2.586206896551724,1,0,0.04876230458463331,-0.7072352843621599,0.030000000000000027,0.00492182849062401,0.08288562979475958,0.08889133644704855,0.024711938709677448,0.053956577397312085,0,0,0,0,0,0,0,0
-0.05735462824492317,3.271238457936088,0.972,-0.003996803987067013,-0.12724405670166017,-0.3336861572265625,0,2.586206896551724,1,0,0.05735462824492317,-0.6850315613843638,0.028000000000000025,0.003996803987067013,0.07946426246193775,0.09075111552087774,0.017822388888888912,0.04696438534693006,0,0,0,0,0,0,0,0
-0.06389524144565285,3.2494823170833342,0.979,-0.002478367537831946,-0.09680409240722657,-0.32673162841796877,0,2.586206896551724,1,0,0.06389524144565285,-0.66327542053161,0.02100000000000002,0.002478367537831946,0.07231840456894298,0.0969797859654187,-0.016052429032258075,0.03415103610068931,0,0,0,0,0,0,0,0
-0.06851905624247077,3.2285268644891016,0.977,-0.00010471975511965742,-0.06857798004150391,-0.3145027160644531,0,2.586206896551724,1,0,0.06851905624247077,-0.6423199679373774,0.02300000000000002,0.00010471975511965742,0.0638270255482692,0.09701315337482808,0.03631971111111115,0.004142976674605084,0,0,0,0,0,0,0,0
-0.07117524531709708,3.2079394614607244,0.985,0.0013788101090755206,-0.03981049728393555,-0.3088152160644531,0,2.586206896551724,1,0,0.07117524531709708,-0.6217325649090002,0.015000000000000013,-0.0013788101090755206,0.05194122414646737,0.07841753236688774,-0.016971835897435908,-0.023100943368686195,0,0,0,0,0,0,0,0
-0.07257616217997791,3.189112436690123,0.994,0.0005061454830783546,-0.02140311622619629,-0.2823761291503906,0,2.586206896551724,1,0,0.07257616217997791,-0.6029055401383987,0.006000000000000005,-0.0005061454830783546,0.048962986730357226,0.09624794934498258,-0.03823660000000002,-0.011843416064989854,0,0,0,0,0,0,0,0
-0.07328953800247567,3.167761177700979,1.004,-0.003246312408709451,-0.010862738609313964,-0.320263427734375,0,2.586206896551724,1,0,0.07328953800247567,-0.5815542811492547,-0.0040000000000000036,0.003246312408709451,0.04601831989538886,0.1192546609826999,-0.05271301290322584,0.04088402238518586,0,0,0,0,0,0,0,0
-0.07334423839432622,3.147245026060111,1.013,-0.0025656340004316623,0.00017852425575256347,-0.3077433166503906,0,2.586206896551724,1,0,0.07334423839432622,-0.5610381295083866,-0.0129999999999999,0.0025656340004316623,0.04278450828041831,0.11942551606910799,-0.05354329999999933,0.034948071140353025,0,0,0,0,0,0,0,0
-0.07138762210468279,3.1296430039987344,1.021,-0.000261799387799147,0.030026552200317382,-0.26395416259765625,0,2.586206896551724,1,0,0.07138762210468279,-0.5434361074470102,-0.020999999999999908,0.000261799387799147,0.030899497788499604,0.11024485657886607,-0.05523479032258059,0.007631428283688834,0,0,0,0,0,0,0,0
-0.06729442225686615,3.1134925869587433,1.031,0.002373647782712287,0.06146141815185547,-0.24224017333984374,0,2.586206896551724,1,0,0.06729442225686615,-0.5272856904070191,-0.030999999999999917,-0.002373647782712287,0.017582268108582315,0.1053564507880729,-0.07382435555555551,-0.03318212997824103,0,0,0,0,0,0,0,0
-0.06268078522891321,3.1013311029180417,1.041,0.005078908123303496,0.06877135467529297,-0.18258601379394532,0,2.586206896551724,1,0,0.06268078522891321,-0.5151242063663175,-0.040999999999999925,-0.005078908123303496,0.017802141440806128,0.07226544660880177,-0.07146039487179484,-0.055098568271324776,0,0,0,0,0,0,0,0
-0.05692315174145625,3.091920349639857,1.046,0.003700098014227979,0.08564644622802735,-0.14159811401367187,0,2.586206896551724,1,0,0.05692315174145625,-0.5057134530881329,-0.04600000000000004,-0.003700098014227979,0.003475695983739778,0.0723898582364349,-0.05909960645161357,-0.04461034294046854,0,0,0,0,0,0,0,0
-0.05099120986488783,3.085664060847812,1.05,0.000523598775598301,0.08863128662109375,-0.09417292022705079,0,2.586206896551724,1,0,0.05099120986488783,-0.4994571642960879,-0.050000000000000044,-0.000523598775598301,0.0003785067072590853,0.05400336233441327,-0.056611022222222265,-0.012114137285547635,0,0,0,0,0,0,0,0
-0.04510893680321574,3.08192431217118,1.054,-0.002792526803190927,0.0882047119140625,-0.05614242172241211,0,2.586206896551724,1,0,0.04510893680321574,-0.4957174156194557,-0.05400000000000005,0.002792526803190927,-0.002534101954653284,0.03915411320494237,-0.06050424516129037,0.036979267965367185,0,0,0,0,0,0,0,0
-0.03810539080775303,3.080275961711099,1.061,-0.002914699850830529,0.105121826171875,-0.024431797027587892,0,2.586206896551724,1,0,0.03810539080775303,-0.4940690651593749,-0.06099999999999994,0.002914699850830529,-0.011498019667118949,0.024911671415624205,-0.08279678888888825,0.0380501145620233,0,0,0,0,0,0,0,0
-0.029764797234299496,3.0806009855769503,1.064,-0.0006457718232379013,0.1250941619873047,0.005239991664886474,0,2.586206896551724,1,0,0.029764797234299496,-0.4943940890252261,-0.06400000000000006,0.0006457718232379013,-0.01395330256543819,0.010276942608605965,-0.060268638461539015,0.013931978769220503,0,0,0,0,0,0,0,0
-0.022517693745710013,3.081489628668397,1.065,0.0019547687622336503,0.1086979217529297,0.013399843215942384,0,2.586206896551724,1,0,0.022517693745710013,-0.4952827321166726,-0.06499999999999995,-0.0019547687622336503,-0.02027093849315256,0.0032338742106470687,-0.05357215555555489,-0.02915347551644567,0,0,0,0,0,0,0,0
-0.014045739373991577,3.084872922009539,1.067,0.0034906585039886605,0.1271782760620117,0.050500892639160154,0,2.586206896551724,1,0,0.014045739373991577,-0.498666025457815,-0.06699999999999995,-0.0034906585039886605,-0.03198369491977776,-0.015711832357393894,-0.061322322580645114,-0.04291063931580579,0,0,0,0,0,0,0,0
-0.0043604107729033215,3.0889990429526497,1.07,0.0037873644768276968,0.14549508666992186,0.06138431549072266,0,2.586206896551724,1,0,0.0043604107729033215,-0.5027921464009255,-0.07000000000000006,-0.0037873644768276968,-0.04278072087700549,-0.024766140876443358,-0.06953966666666733,-0.04530903478049103,0,0,0,0,0,0,0,0
0.004966032043262365,3.0940110758507897,1.071,-0.00008726646259971452,0.14018037414550782,0.07465011596679688,0,2.586206896551724,1,0,-0.004966032043262365,-0.5078041792990655,-0.07099999999999995,0.00008726646259971452,-0.046316624528825234,-0.03579138321117921,-0.0597583612903219,0.0036688080543273087,0,0,0,0,0,0,0,0
0.013111092497559772,3.0990666369503583,1.071,-0.003700098014227979,0.1221692886352539,0.07584407806396484,0,2.586206896551724,1,0,-0.013111092497559772,-0.5128597403986341,-0.07099999999999995,0.003700098014227979,-0.04307281653369073,-0.041342896576230616,-0.05456049999999995,0.04461034294046854,0,0,0,0,0,0,0,0
0.020056046591942978,3.103660641550712,1.068,-0.0023736477827122886,0.10391862487792969,0.06929505157470703,0,2.586206896551724,1,0,-0.020056046591942978,-0.517453744998988,-0.06800000000000006,0.0023736477827122886,-0.03261465043881119,-0.040203710740956716,-0.03922936153846207,0.03318212997824104,0,0,0,0,0,0,0,0
0.027650346357375073,3.107904002756061,1.07,0.0014660765716752386,0.11376309204101563,0.0639206314086914,0,2.586206896551724,1,0,-0.027650346357375073,-0.521697106204337,-0.07000000000000006,-0.0014660765716752386,-0.048291023980146563,-0.04890024861267456,-0.06601522258064521,-0.02406566380193359,0,0,0,0,0,0,0,0
0.03371925725308255,3.1108072858378897,1.072,0.003630284844148207,0.091097412109375,0.04341573715209961,0,2.586206896551724,1,0,-0.03371925725308255,-0.5246003892861655,-0.07200000000000006,-0.003630284844148207,-0.042383035328590925,-0.04583176464340205,-0.06788961111111116,-0.04404742700918438,0,0,0,0,0,0,0,0
0.039412583046421444,3.111934834684009,1.068,0.0032812189937493387,0.08546072387695312,0.01660309600830078,0,2.586206896551724,1,0,-0.039412583046421444,-0.525727938132285,-0.06800000000000006,-0.0032812189937493387,-0.04389762697908069,-0.039890896927341005,-0.0314194548387097,-0.04117657508408954,0,0,0,0,0,0,0,0
0.04283755938978452,3.111290336501187,1.06,0.0001919862177193754,0.05134264755249023,-0.009835991859436035,0,2.586206896551724,1,0,-0.04283755938978452,-0.5250834399494626,-0.06000000000000005,-0.0001919862177193754,-0.03276789574518314,-0.032930932948424946,-0.0035336555555555496,-0.006205928648124086,0,0,0,0,0,0,0,0
0.04595529474284217,3.108985431684335,1.054,-0.003769911184307752,0.04675939178466797,-0.034582550048828126,0,2.586206896551724,1,0,-0.04595529474284217,-0.5227785351326109,-0.05400000000000005,0.003769911184307752,-0.029647406491383622,-0.029094176960079602,-0.016676223076923086,0.045169729386289374,0,0,0,0,0,0,0,0
0.04590216468621409,3.104627480792478,1.054,-0.004694935687864745,-0.0005505094528198242,-0.06537180328369141,0,2.586206896551724,1,0,-0.04590216468621409,-0.5184205842407539,-0.05400000000000005,0.004694935687864745,-0.015615669022400028,-0.015870595070684366,-0.04393410000000003,0.05228532853580623,0,0,0,0,0,0,0,0
0.04510338775609643,3.1001470456596505,1.049,-0.002548180707911721,-0.011665992736816407,-0.06726203918457031,0,2.586206896551724,1,0,-0.04510338775609643,-0.5139401491079263,-0.04899999999999993,0.002548180707911721,-0.011362710027469346,-0.016578229830001685,-0.012465022222221525,0.03478939624202754,0,0,0,0,0,0,0,0
0.04359698536804188,3.094389921437717,1.042,0.0010646508437165414,-0.022375909805297852,-0.08641416168212891,0,2.586206896551724,1,0,-0.04359698536804188,-0.5081830248859927,-0.04200000000000004,-0.0010646508437165414,-0.006813575305793648,-0.009241813965576336,0.0046129290322574484,-0.019443071709590615,0,0,0,0,0,0,0,0
0.039727807922253604,3.086940320089923,1.043,0.0028623399732706986,-0.05815659713745117,-0.11168216705322266,0,2.586206896551724,1,0,-0.039727807922253604,-0.5007334235381986,-0.04299999999999993,-0.0028623399732706986,0.007862274032874556,0.00021514549320311022,-0.04152965555555488,-0.037593049217489696,0,0,0,0,0,0,0,0
0.035826211301979764,3.079972968471997,1.035,0.0020245819323134254,-0.05882285308837891,-0.10434233093261719,0,2.586206896551724,1,0,-0.035826211301979764,-0.4937660719202728,-0.03499999999999992,-0.0020245819323134254,0.01012066178978318,-0.0014173788485696975,0.015370190322580753,-0.02984353840588771,0,0,0,0,0,0,0,0
0.031500881697974166,3.0715344538022333,1.029,-0.001151917306316256,-0.06513607788085937,-0.12644610595703126,0,2.586206896551724,1,0,-0.031500881697974166,-0.48532755725050913,-0.028999999999999915,0.001151917306316256,0.00942100777770259,-0.002450370181396558,0.0017057769230770306,0.020491524907936754,0,0,0,0,0,0,0,0
0.025748395914624352,3.0618116863275793,1.024,-0.0025307274153917782,-0.08611923217773437,-0.14594081115722657,0,2.586206896551724,1,0,-0.025748395914624352,-0.4756047897758551,-0.02400000000000002,0.0025307274153917782,0.024684759852674678,0.015564948311105206,0.006409277777777177,0.0346303586550656,0,0,0,0,0,0,0,0
0.019627344592373357,3.051583779809462,1.018,-0.002251474735072683,-0.09142721557617188,-0.15365046691894532,0,2.586206896551724,1,0,-0.019627344592373357,-0.46537688325773763,-0.018000000000000016,0.002251474735072683,0.029669219570097008,0.020553355224881227,0.01665143333333336,0.03203352967008243,0,0,0,0,0,0,0,0
0.013207739302972556,3.040427847841784,1.014,0.0005934119456780726,-0.09591707611083984,-0.16755535888671874,0,2.586206896551724,1,0,-0.013207739302972556,-0.4542209512900599,-0.014000000000000012,-0.0005934119456780726,0.03503100083082227,0.029470483733697955,0.009011945161290343,-0.013168337008501346,0,0,0,0,0,0,0,0
0.005925394312906308,3.028500412332311,1.009,0.0032812189937493387,-0.10934132385253906,-0.1788466796875,0,2.586206896551724,1,0,-0.005925394312906308,-0.44229351578058695,-0.008999999999999897,-0.0032812189937493387,0.042852608229843304,0.035934247645793255,0.018152377777778513,-0.04117657508408954,0,0,0,0,0,0,0,0
-0.0005200131712362927,3.0149189925080235,1.007,0.0004014257279586937,-0.09734904479980469,-0.20340296936035157,0,2.586206896551724,1,0,0.0005200131712362927,-0.42871209595629933,-0.006999999999999895,-0.0004014257279586937,0.04200642871637883,0.05047271741451316,0.003221522580645267,-0.010147604801306272,0,0,0,0,0,0,0,0
-0.004609549461582435,3.000900180544018,1.009,-0.000261799387799147,-0.06142745208740234,-0.21025753784179688,0,2.586206896551724,1,0,0.004609549461582435,-0.4146932839922939,-0.008999999999999897,0.000261799387799147,0.030414518250801176,0.0560825389365954,-0.02083661111111102,0.007631428283688834,0,0,0,0,0,0,0,0
-0.008713390358436574,2.9869969819896474,1.012,-0.0026179938779914945,-0.061503013610839846,-0.2085640869140625,0,2.586206896551724,1,0,0.008713390358436574,-0.40079008543792316,-0.01200000000000001,0.0026179938779914945,0.02822942777755764,0.04441183421780159,-0.025680638461538965,0.035421952306087044,0,0,0,0,0,0,0,0
-0.0107874808535028,2.9757185496400185,1.012,-0.0026179938779914945,-0.03066834831237793,-0.16925735473632814,0,2.586206896551724,1,0,0.0107874808535028,-0.3895116530882943,-0.01200000000000001,0.0026179938779914945,0.022627260090744165,0.048918500499759765,-0.012293499999999995,0.035421952306087044,0,0,0,0,0,0,0,0
-0.01208978699195595,2.963667041056792,1.008,0,-0.01906126403808594,-0.18082315063476562,0,2.586206896551724,1,0,0.01208978699195595,-0.3774601445050676,-0.008000000000000007,0,0.018881037545163706,0.055850511627714663,0.01307832222222225,0,0,0,0,0,0,0,0,0
-0.013031211933972551,2.9534789378259974,1.007,0.0032812189937493387,-0.014121374130249024,-0.15282154846191406,0,2.586206896551724,1,0,0.013031211933972551,-0.36727204127427315,-0.006999999999999895,-0.0032812189937493387,0.017512005068061436,0.04922813710513215,-0.0027421387096766897,-0.04117657508408954,0,0,0,0,0,0,0,0
-0.01251769319985834,2.9447844242527443,1.002,0.0030892327760299668,0.007274811267852783,-0.13044227600097658,0,2.586206896551724,1,0,0.01251769319985834,-0.35857752770102014,-0.0020000000000000018,-0.0030892327760299668,0.009166729671557078,0.042105722671690014,0.023377877777777195,-0.039554311752797805,0,0,0,0,0,0,0,0
-0.010738211381650146,2.93795265285561,1,0.0010821041362364843,0.026375526428222655,-0.10255854034423828,0,2.586206896551724,1,0,0.010738211381650146,-0.35174575630388594,0,-0.0010821041362364843,0.0032287743549472524,0.025130522760667948,0.006174458974358998,-0.01965498790582427,0,0,0,0,0,0,0,0
-0.00685216655880284,2.9313340803422836,0.997,-0.0013089969389957455,0.058183208465576175,-0.09934160614013672,0,2.586206896551724,1,0,0.00685216655880284,-0.3451271837905594,0.0030000000000000027,0.0013089969389957455,-0.012275362999390539,0.03237997058138911,0.0162856666666667,0.022314431669405638,0,0,0,0,0,0,0,0
-0.003072218248830468,2.9258351147319672,0.997,-0.0021991148575128544,0.05680714797973633,-0.08241019439697266,0,2.586206896551724,1,0,0.003072218248830468,-0.339628218180243,0.0030000000000000027,0.0021991148575128544,-0.013895569375403007,0.027296458937744336,-0.0003623999999999819,0.03153494065242097,0,0,0,0,0,0,0,0
0.000507359679396199,2.920449262486189,0.994,0.0026354471705114374,0.05387120056152344,-0.0806695098876953,0,2.586206896551724,1,0,-0.000507359679396199,-0.33424236593446466,0.006000000000000005,-0.0026354471705114374,-0.01423668087232395,0.026762511720508673,0.0187420666666667,-0.035579208798288305,0,0,0,0,0,0,0,0
0.0069178729993169714,2.9157696742115204,0.991,0.006161012259539984,0.09597237396240234,-0.07044699859619141,0,2.586206896551724,1,0,-0.0069178729993169714,-0.32956277765979625,0.009000000000000008,-0.006161012259539984,-0.03378666594389044,0.023554645853722342,0.021466683870967777,-0.06267025447661048,0,0,0,0,0,0,0,0
0.013183747942172854,2.9098219484820538,0.989,0.007243116395776468,0.09343668365478516,-0.08979325103759765,0,2.586206896551724,1,0,-0.013183747942172854,-0.3236150519303296,0.01100000000000001,-0.007243116395776468,-0.03562469573183938,0.031115624027748312,0.017311611111111142,-0.06980883425430855,0,0,0,0,0,0,0,0
0.020900267229076234,2.905555763215102,0.989,0.004485496177625427,0.11528125,-0.0648294677734375,0,2.586206896551724,1,0,-0.020900267229076234,-0.3193488666633777,0.01100000000000001,-0.004485496177625427,-0.03946096816709624,0.016858013800364474,0.006286300000000022,-0.05071857816866963,0,0,0,0,0,0,0,0
0.029014512806829276,2.9004400577748726,0.985,0.0035779249665883785,0.1213682632446289,-0.07728075408935547,0,2.586206896551724,1,0,-0.029014512806829276,-0.31423316122314837,0.015000000000000013,-0.0035779249665883785,-0.05487879891446003,0.027203464226397002,0.032159945161290365,-0.04362286936733899,0,0,0,0,0,0,0,0
0.03740335233483288,2.895891734622371,0.985,0.0038920842319473577,0.12558768463134765,-0.06867462921142578,0,2.586206896551724,1,0,-0.03740335233483288,-0.30968483807064695,0.015000000000000013,-0.0038920842319473577,-0.060107298806933065,0.02391609095726868,0.009673800000000026,-0.04614042210979591,0,0,0,0,0,0,0,0
0.046375408891768444,2.8903618558750264,0.984,0.003979350694547072,0.1342569885253906,-0.08347135162353515,0,2.586206896551724,1,0,-0.046375408891768444,-0.30415495932330217,0.016000000000000014,-0.003979350694547072,-0.06892489694586292,0.03074386506948367,0.016218161290322615,-0.046827562544513764,0,0,0,0,0,0,0,0
0.05282942007609786,2.884657798289261,0.984,0.0038397243543875255,0.09646892547607422,-0.08594542694091797,0,2.586206896551724,1,0,-0.05282942007609786,-0.29845090173753697,0.016000000000000014,-0.0038397243543875255,-0.05769163920542846,0.032187804546538135,0.010673800000000028,-0.0457256732360079,0,0,0,0,0,0,0,0
0.05781800824349118,2.8793954933549317,0.984,0.004782202150464463,0.07452518463134766,-0.0792213134765625,0,2.586206896551724,1,0,-0.05781800824349118,-0.2931885968032075,0.016000000000000014,-0.004782202150464463,-0.05285017206544586,0.03101853901686639,0.010773000000000029,-0.052931235325240175,0,0,0,0,0,0,0,0
0.060917750485244726,2.8736143152191476,0.983,0.007120943348136864,0.046080902099609376,-0.08693903350830078,0,2.586206896551724,1,0,-0.060917750485244726,-0.28740741866742336,0.017000000000000015,-0.007120943348136864,-0.04062291662691774,0.027901974048623702,0.01619277948717952,-0.0690216117821448,0,0,0,0,0,0,0,0
0.06258221279275505,2.8687738873447133,0.985,0.005951572749300665,0.02444927978515625,-0.07278236389160156,0,2.586206896551724,1,0,-0.06258221279275505,-0.2825669907929891,0.015000000000000013,-0.005951572749300665,-0.037187328738028824,0.029492097970303145,-0.000911011111111094,-0.06124179441462913,0,0,0,0,0,0,0,0
0.06315773170747907,2.8646069051596155,0.987,0.00364773813666815,0.008260631561279297,-0.06255500411987305,0,2.586206896551724,1,0,-0.06315773170747907,-0.27840000860789127,0.013000000000000012,-0.00364773813666815,-0.03186855041172386,0.026481529569181757,-0.0026096225806451438,-0.04418849177777766,0,0,0,0,0,0,0,0
0.06037726581373613,2.8609683844274407,0.99,0.0018849555921538787,-0.04190579605102539,-0.05442531204223633,0,2.586206896551724,1,0,-0.06037726581373613,-0.2747614878757165,0.010000000000000009,-0.0018849555921538787,-0.012162764397214136,0.023260510100511587,-0.010322966666666657,-0.028455146435920536,0,0,0,0,0,0,0,0
0.055975400066355895,2.8589208331631033,0.994,-0.0010995574287564272,-0.06608576202392578,-0.030588754653930662,0,2.586206896551724,1,0,-0.055975400066355895,-0.2727139366113791,0.006000000000000005,0.0010995574287564272,-0.000906669624643943,0.013938212395440974,-0.019399745161290317,0.019865767767585373,0,0,0,0,0,0,0,0
0.05256851624004971,2.8588312770021953,0.998,-0.0020071286397934773,-0.051101749420166015,-0.0013995325565338134,0,2.586206896551724,1,0,-0.05256851624004971,-0.2726243804504711,0.0020000000000000018,0.0020071286397934773,-0.009175205039866371,0.0006996177391695375,-0.017952217948717947,0.029671776439393675,0,0,0,0,0,0,0,0
0.045558482924633895,2.859422599466063,1.002,-0.0018675022996339323,-0.1051680908203125,0.00865876865386963,0,2.586206896551724,1,0,-0.045558482924633895,-0.2732157029143387,-0.0020000000000000018,0.0018675022996339323,0.01770012348489955,-0.005004281788566036,-0.025438322222222226,0.028279225198945462,0,0,0,0,0,0,0,0
0.04113077527109281,2.8609093170055027,1.008,-0.0028099800957108716,-0.06645714569091797,0.022176692962646485,0,2.586206896551724,1,0,-0.04113077527109281,-0.27470242045377846,-0.008000000000000007,0.0028099800957108716,0.005308599750380366,-0.01245268289365652,-0.04139983333333335,0.037133188192476706,0,0,0,0,0,0,0,0
0.037213700397439,2.862493011064232,1.007,-0.002251474735072683,-0.0588226432800293,0.023590213775634767,0,2.586206896551724,1,0,-0.037213700397439,-0.27628611451250773,-0.006999999999999895,0.002251474735072683,0.004550555839782814,-0.015638170343274707,-0.0016647387096766879,0.03203352967008243,0,0,0,0,0,0,0,0
0.03146088331044976,2.864620400148854,1.005,-0.002251474735072683,-0.08636388397216797,0.03171647071838379,0,2.586206896551724,1,0,-0.03146088331044976,-0.2784135035971298,-0.004999999999999893,0.002251474735072683,0.017076336298093915,-0.021334489810095697,0.005369711111111223,0.03203352967008243,0,0,0,0,0,0,0,0
0.026250104937168096,2.868934755823142,1.004,-0.002129301687433081,-0.07830718231201172,0.06453919219970704,0,2.586206896551724,1,0,-0.026250104937168096,-0.28272785927141797,-0.0040000000000000036,0.002129301687433081,0.010898577567334795,-0.03323740498371879,-0.00048542051282099256,0.030863952485297268,0,0,0,0,0,0,0,0
0.024747642084984464,2.8731631240573066,1.004,-0.0021816615649929115,-0.022671943664550782,0.06337739181518555,0,2.586206896551724,1,0,-0.024747642084984464,-0.28695622750558236,-0.0040000000000000036,0.0021816615649929115,-0.0006596495986418219,-0.04882884364030295,-0.004991399999999985,0.03136786762936762,0,0,0,0,0,0,0,0
0.024162015940613926,2.8767713937205133,1.001,-0.0017453292519943302,-0.008902451515197755,0.054104751586914065,0,2.586206896551724,1,0,-0.024162015940613926,-0.29056449716878907,-0.0009999999999998899,0.0017453292519943302,-0.009116043783176809,-0.03760248661448799,0.010862338461539079,0.027032008869215123,0,0,0,0,0,0,0,0
0.02632148119023315,2.8811865676264774,0.999,-0.0030717794835100187,0.032276340484619144,0.06628404235839844,0,2.586206896551724,1,0,-0.02632148119023315,-0.2949796710747532,0.0010000000000000009,0.0030717794835100187,-0.024986440526211625,-0.05000623580031077,0.010118211111110522,0.03940519065788714,0,0,0,0,0,0,0,0
0.028933589525517295,2.885625738325554,0.993,-0.0026179938779914945,0.03897689819335937,0.06670760345458984,0,2.586206896551724,1,0,-0.028933589525517295,-0.29941884177382994,0.007000000000000006,0.0026179938779914945,-0.02922062664483568,-0.054613308638386135,0.037721467741935535,0.035421952306087044,0,0,0,0,0,0,0,0
0.03224062248412014,2.889557324068405,0.991,-0.0006108652381980155,0.04945093154907226,0.059103450775146484,0,2.586206896551724,1,0,-0.03224062248412014,-0.30335042751668073,0.009000000000000008,0.0006108652381980155,-0.03470389151088342,-0.055272517627442175,0.016618311111111145,0.013425290262178393,0,0,0,0,0,0,0,0
0.03897147785180171,2.8923297011809184,0.989,-0.0014137166941154064,0.10093740844726562,0.041647323608398436,0,2.586206896551724,1,0,-0.03897147785180171,-0.30612280462919417,0.01100000000000001,0.0014137166941154064,-0.05793530120422994,-0.05236504051429928,0.018465722580645196,0.02348920584701318,0,0,0,0,0,0,0,0
0.04735870464586544,2.8943050269604216,0.989,-0.0006632251157578477,0.12576638793945313,0.029807714462280272,0,2.586206896551724,1,0,-0.04735870464586544,-0.3080981304086974,0.01100000000000001,0.0006632251157578477,-0.062136540349748554,-0.04896899418178523,0.007261200000000027,0.014181888035295192,0,0,0,0,0,0,0,0
0.05408785885376894,2.895365337237234,0.986,-0.000017453292519942903,0.10092674255371094,0.01597159481048584,0,2.586206896551724,1,0,-0.05408785885376894,-0.3091584406855099,0.014000000000000012,0.000017453292519942903,-0.06559106898374245,-0.04847381882718502,0.02641606666666671,0.0012547147051746863,0,0,0,0,0,0,0,0
0.06012141272044213,2.8944789610271777,0.986,0.001483529864195178,0.0905035400390625,-0.013294063568115234,0,2.586206896551724,1,0,-0.06012141272044213,-0.3082720644754535,0.014000000000000012,-0.001483529864195178,-0.06565679336325705,-0.03904756820327304,0.00983620000000003,-0.0242562841620154,0,0,0,0,0,0,0,0
0.06625437139431173,2.893077353613977,0.986,0.0006632251157578442,0.09196308898925781,-0.02116056442260742,0,2.586206896551724,1,0,-0.06625437139431173,-0.3068704570622529,0.014000000000000012,-0.0006632251157578442,-0.06915228314136529,-0.03749707719472354,0.00992440000000003,-0.014181888035295144,0,0,0,0,0,0,0,0
0.07119887251709768,2.8905944204810954,0.984,-0.0032288591161895083,0.0741427993774414,-0.03729317855834961,0,2.586206896551724,1,0,-0.07119887251709768,-0.3043875239293712,0.016000000000000014,0.0032288591161895083,-0.06590648041806318,-0.031912963119556,0.022913922580645202,0.040737353049605816,0,0,0,0,0,0,0,0
0.07475368025346532,2.886205836826328,0.988,-0.004886921905584122,0.053534389495849606,-0.06565624237060547,0,2.586206896551724,1,0,-0.07475368025346532,-0.29999894027460394,0.01200000000000001,0.004886921905584122,-0.059991258002245154,-0.021244202319843225,-0.01372302222222221,0.05370116104871356,0,0,0,0,0,0,0,0
0.07720926731833921,2.881741395810216,0.987,-0.00434586983746588,0.03716062545776367,-0.06678581237792969,0,2.586206896551724,1,0,-0.07720926731833921,-0.29553449925849185,0.013000000000000012,0.00434586983746588,-0.05309101185754145,-0.025665423061044922,0.013887779487179522,0.04966051503068132,0,0,0,0,0,0,0,0
0.07777067401121483,2.8770918255217586,0.987,-0.0018325957145940465,0.008724116325378417,-0.069706298828125,0,2.586206896551724,1,0,-0.07777067401121483,-0.2908849289700344,0.013000000000000012,0.0018325957145940465,-0.04600446480711283,-0.018929298416617227,0.00948120000000003,0.02792572909413353,0,0,0,0,0,0,0,0
0.07688545325520996,2.872525658529572,0.991,0.0003316125578789221,-0.013152770042419434,-0.0685167236328125,0,2.586206896551724,1,0,-0.07688545325520996,-0.286318761977848,0.009000000000000008,-0.0003316125578789221,-0.03795910836495278,-0.019330002928983205,-0.015884322222222212,-0.008934029631460299,0,0,0,0,0,0,0,0
0.07740405964396302,2.8675591778077556,0.99,0.0026354471705114374,0.007754391193389893,-0.07449978637695312,0,2.586206896551724,1,0,-0.07740405964396302,-0.2813522812560314,0.010000000000000009,-0.0026354471705114374,-0.04654382652874063,-0.01592215639296527,0.012845061290322611,-0.035579208798288305,0,0,0,0,0,0,0,0
0.07694889408701391,2.862024030087232,0.991,-0.0007330382858376158,-0.0070462732315063475,-0.0830089340209961,0,2.586206896551724,1,0,-0.07694889408701391,-0.27581713353550796,0.009000000000000008,0.0007330382858376158,-0.04134470753370535,-0.012177994524335028,0.0009010444444444666,0.015160418201874559,0,0,0,0,0,0,0,0
0.07469531964762227,2.8564450836206907,0.99,-0.0019722220547535915,-0.033742263793945314,-0.08370895385742187,0,2.586206896551724,1,0,-0.07469531964762227,-0.2702381870689665,0.010000000000000009,0.0019722220547535915,-0.03048793764431683,-0.01032076608676484,0.012963761290322612,0.029326750895209728,0,0,0,0,0,0,0,0
0.07235802585710356,2.8498595646072826,0.99,-0.0009773843811168269,-0.03486451721191406,-0.09885173797607422,0,2.586206896551724,1,0,-0.07235802585710356,-0.2636526680555584,0.010000000000000009,0.0009773843811168269,-0.032117617788529444,-0.011028144195200575,0.0073966000000000275,0.018365538740382378,0,0,0,0,0,0,0,0
0.07075658981630778,2.8445774898108143,0.998,-0.00006981317007977161,-0.023944089889526367,-0.07925456237792969,0,2.586206896551724,1,0,-0.07075658981630778,-0.25837059325909006,0.0020000000000000018,0.00006981317007977161,-0.03335365614299194,-0.010220387383514159,-0.04343524444444446,0.003161682937324454,0,0,0,0,0,0,0,0
0.0685797391424946,2.838795963506225,0.993,-0.000785398163397448,-0.03264670562744141,-0.08672517395019531,0,2.586206896551724,1,0,-0.0685797391424946,-0.252589066954501,0.007000000000000006,0.000785398163397448,-0.02929861892345593,-0.005602887933069414,0.03327840645161295,0.015874010519681996,0,0,0,0,0,0,0,0
0.06405764933969572,2.832305310467597,0.993,-0.0013089969389957455,-0.0677548599243164,-0.09741304016113281,0,2.586206896551724,1,0,-0.06405764933969572,-0.24609841391587262,0.007000000000000006,0.0013089969389957455,-0.014607089244858939,-0.0004864463671376204,0.005096700000000025,0.022314431669405638,0,0,0,0,0,0,0,0
0.06100152883631451,2.827013192798463,0.994,-0.00260054058547155,-0.04573785781860352,-0.07944170379638672,0,2.586206896551724,1,0,-0.06100152883631451,-0.24080629624673877,0.006000000000000005,0.00260054058547155,-0.021327666434365112,-0.005517712307609442,-0.0013112612903225596,0.035264345963412,0,0,0,0,0,0,0,0
0.05540289095449517,2.8221161837877498,0.997,-0.0030368728984701346,-0.08378826141357422,-0.07367327880859376,0,2.586206896551724,1,0,-0.05540289095449517,-0.23590928723602556,0.0030000000000000027,0.0030368728984701346,-0.005026135082832315,-0.007224688506392921,-0.014713866666666658,0.03910609822498643,0,0,0,0,0,0,0,0
0.051526660740702855,2.8177324527922787,1.005,-0.0030543261909900775,-0.0579434928894043,-0.06593223571777344,0,2.586206896551724,1,0,-0.051526660740702855,-0.2315255562405545,-0.004999999999999893,0.0030543261909900775,-0.01720013101468466,-0.014373740162216434,-0.04038363589743532,0.03925578686726608,0,0,0,0,0,0,0,0
0.04570125009094282,2.813369293517259,1,-0.0029845130209103024,-0.08718085479736327,-0.06571397399902344,0,2.586206896551724,1,0,-0.04570125009094282,-0.22716239696553497,0,0.0029845130209103024,0.0003947082303750529,-0.009054097675671832,0.027291577777777205,0.038655301191261836,0,0,0,0,0,0,0,0
0.039399846436431595,2.80998001998298,0.997,-0.0014660765716752351,-0.09436890411376953,-0.05112097549438477,0,2.586206896551724,1,0,-0.039399846436431595,-0.22377312343125588,0.0030000000000000027,0.0014660765716752351,0.00651017849620196,-0.013853632265887341,0.01886788387096778,0.02406566380193355,0,0,0,0,0,0,0,0
0.03312914102483055,2.805064278221509,0.995,-0.0009948376736367663,-0.09395237731933594,-0.07387394714355469,0,2.586206896551724,1,0,-0.03312914102483055,-0.21885738166978497,0.0050000000000000044,0.0009948376736367663,0.008701629915074505,-0.004597882195082465,0.014675011111111145,0.01858353051106693,0,0,0,0,0,0,0,0
0.027569380548234827,2.8018062535395276,0.993,-0.0033161255787892245,-0.08334774780273438,-0.04895331192016601,0,2.586206896551724,1,0,-0.027569380548234827,-0.21559935698780341,0.007000000000000006,0.0033161255787892245,0.007859072333244423,-0.013223187502394457,0.016497622580645195,0.04146809217655184,0,0,0,0,0,0,0,0
0.019934855907424602,2.7971130297159843,0.992,-0.003385938748868998,-0.11428379058837891,-0.07077772521972656,0,2.586206896551724,1,0,-0.019934855907424602,-0.2109061331642601,0.008000000000000007,0.003385938748868998,0.022579026217768198,-0.004523893360843707,0.011613255555555587,0.04204807722965507,0,0,0,0,0,0,0,0
0.012437237005734994,2.793083885094719,0.993,-0.0037873644768276933,-0.11225900268554688,-0.06081761932373047,0,2.586206896551724,1,0,-0.012437237005734994,-0.20687698854299486,0.007000000000000006,0.0037873644768276933,0.017459961176040043,-0.012116932151777216,0.0008251205128205355,0.045309034780491,0,0,0,0,0,0,0,0
0.004161584039461572,2.789020079057378,0.996,-0.004485496177625427,-0.12390303802490234,-0.06142679595947265,0,2.586206896551724,1,0,-0.004161584039461572,-0.2028131825056536,0.0040000000000000036,0.004485496177625427,0.03390425775400746,-0.0068655470708618264,-0.013729166666666657,0.05071857816866963,0,0,0,0,0,0,0,0
-0.006502534583713793,2.7840986214096817,0.998,-0.0037873644768276933,-0.15962904357910157,-0.07453862762451172,0,2.586206896551724,1,0,0.006502534583713793,-0.19789172485795747,0.0020000000000000018,0.0037873644768276933,0.053501452614341756,-0.0004260249438481946,-0.009940422580645147,0.045309034780491,0,0,0,0,0,0,0,0
-0.015684475970724743,2.7788962871284677,1.003,-0.001588249619314839,-0.13743258666992186,-0.07855608367919922,0,2.586206896551724,1,0,0.015684475970724743,-0.1926893905767435,-0.0029999999999998916,0.001588249619314839,0.04900135134289926,0.0020806339492444627,-0.030446777777777073,0.02538473200686737,0,0,0,0,0,0,0,0
-0.024803525433389928,2.7745492532273457,1.007,-0.002024581932313422,-0.1366820068359375,-0.06542267608642578,0,2.586206896551724,1,0,0.024803525433389928,-0.1883423566756215,-0.006999999999999895,0.002024581932313422,0.05418237747969913,-0.0012757213231048524,-0.028493045161290233,0.02984353840588768,0,0,0,0,0,0,0,0
-0.0331461108407637,2.7705360004016364,1.007,-0.0027401669256310966,-0.1250166473388672,-0.060452022552490235,0,2.586206896551724,1,0,0.0331461108407637,-0.1843291038499122,-0.006999999999999895,0.0027401669256310966,0.04456838292678007,-0.00723838367022556,-0.005966999999999893,0.03651557044229431,0,0,0,0,0,0,0,0
-0.04192397440865001,2.7660534486264554,1.008,-0.002356194490192344,-0.13148321533203125,-0.06759881591796875,0,2.586206896551724,1,0,0.04192397440865001,-0.17984655207473121,-0.008000000000000007,0.002356194490192344,0.060552666349966706,0.0007647386005783172,-0.01237295555555616,0.03301927248894626,0,0,0,0,0,0,0,0
-0.04926718076353441,2.7623674879903297,1.007,-0.0009424777960769376,-0.11001751708984375,-0.05554878616333008,0,2.586206896551724,1,0,0.04926718076353441,-0.17616059143860552,-0.006999999999999895,0.0009424777960769376,0.05721740159910749,-0.002579699865240693,-0.00041563870967668056,0.01792561898622866,0,0,0,0,0,0,0,0
-0.05444262987337915,2.7581874970373756,1.008,-0.0015358897417550067,-0.0775726089477539,-0.06277300262451171,0,2.586206896551724,1,0,0.05444262987337915,-0.17198060048565145,-0.008000000000000007,0.0015358897417550067,0.04744702551548098,0.0008411474883231185,-0.01246675555555616,0.02482371459249638,0,0,0,0,0,0,0,0
-0.05832395005160762,2.753330203887889,1.01,-0.0031939525311496225,-0.058107830047607424,-0.07294873046875,0,2.586206896551724,1,0,0.05832395005160762,-0.16712330733616465,-0.010000000000000009,0.0031939525311496225,0.04290747746570545,0.006431660859958263,-0.01986352258064515,0.040443218933557554,0,0,0,0,0,0,0,0
-0.06268386420992723,2.748624567359071,1.008,-0.0029496064358704166,-0.06517293548583984,-0.0707930679321289,0,2.586206896551724,1,0,0.06268386420992723,-0.1624176708073466,-0.008000000000000007,0.0029496064358704166,0.04779340978790238,0.006483469695149409,0.004087511111111138,0.03835330472311788,0,0,0,0,0,0,0,0
-0.06714339691212676,2.7442060064285965,1.008,-0.0014660765716752351,-0.06669720458984375,-0.06647543334960937,0,2.586206896551724,1,0,0.06714339691212676,-0.15799910987687227,-0.008000000000000007,0.0014660765716752351,0.04633587297463468,0.0011448079133237477,-0.007085999999999983,0.02406566380193355,0,0,0,0,0,0,0,0
-0.06785650657560993,2.740718830482247,1.008,-0.000261799387799147,-0.010619946479797363,-0.05232326507568359,0,2.586206896551724,1,0,0.06785650657560993,-0.15451193393052298,-0.008000000000000007,0.000261799387799147,0.031070920486771108,0.001461294434599466,-0.007136399999999982,0.007631428283688834,0,0,0,0,0,0,0,0
-0.06818410792337645,2.737488913289084,1.012,-0.0010297442586766521,-0.004901336193084717,-0.04845004272460938,0,2.586206896551724,1,0,0.06818410792337645,-0.15128201673735964,-0.01200000000000001,0.0010297442586766521,0.029545104724164065,0.000998508335262105,-0.03299144516129032,0.019015729709759264,0,0,0,0,0,0,0,0
-0.07048939815543297,2.7340774959716816,1.013,0.00003490658503988581,-0.03452664184570312,-0.05120684051513672,0,2.586206896551724,1,0,0.07048939815543297,-0.1478705994199574,-0.0129999999999999,-0.00003490658503988581,0.042099638557372004,0.002491547137836888,-0.016848255555554838,-0.001991735442914266,0,0,0,0,0,0,0,0
-0.07023996784621844,2.7308754371105732,1.011,0.0003839724354387543,0.0037397780418395995,-0.04803101348876953,0,2.586206896551724,1,0,0.07023996784621844,-0.14466854055884903,-0.010999999999999899,-0.0003839724354387543,0.02819516892133075,0.002319451918977058,0.0015294225806452757,-0.009851297664471818,0,0,0,0,0,0,0,0
-0.06897729171688174,2.7277170232934047,1.008,0.0007330382858376193,0.01892194938659668,-0.04738347625732422,0,2.586206896551724,1,0,0.06897729171688174,-0.1415101267416805,-0.008000000000000007,-0.0007330382858376193,0.0223915947354859,0.002477749725739449,0.009255366666666081,-0.015160418201874607,0,0,0,0,0,0,0,0
-0.06659851987045093,2.7241831947855797,1.006,-0.0010995574287564272,0.035642711639404294,-0.0530335693359375,0,2.586206896551724,1,0,0.06659851987045093,-0.1379762982338555,-0.006000000000000005,0.0010995574287564272,0.018062568418479457,0.0014786282162363752,0.0031162589743590026,0.019865767767585373,0,0,0,0,0,0,0,0
-0.06423844016683126,2.719541590385914,1.004,-0.004991641660703783,0.03547772979736328,-0.06958509826660156,0,2.586206896551724,1,0,0.06423844016683126,-0.13333469383418972,-0.0040000000000000036,0.004991641660703783,0.014631752544738696,0.013318438004758917,0.007007422580645191,0.05446560640938512,0,0,0,0,0,0,0,0
-0.06045111040175978,2.716823263229001,1.002,-0.004817108735504349,0.057012771606445314,-0.04049082565307617,0,2.586206896551724,1,0,0.06045111040175978,-0.13061636667727683,-0.0020000000000000018,0.004817108735504349,0.005401239325619957,0.002753930529569312,0.008415611111111145,0.053188495909712766,0,0,0,0,0,0,0,0
-0.0565555595823073,2.7141439386133692,0.999,-0.0016406094968746676,0.058626182556152345,-0.03990792465209961,0,2.586206896551724,1,0,0.0565555595823073,-0.12793704206164502,0.0010000000000000009,0.0016406094968746676,0.0028538166119102537,0.003323785242571155,0.01664618387096778,0.025939616855510567,0,0,0,0,0,0,0,0
-0.05272728196651531,2.7103766721043527,1.001,0.0021816615649929115,0.05751679611206055,-0.05641471099853516,0,2.586206896551724,1,0,0.05272728196651531,-0.12416977555262854,-0.0009999999999998899,-0.0021816615649929115,0.001994663394238736,0.010229187690149678,-0.013006711111110389,-0.03136786762936762,0,0,0,0,0,0,0,0
-0.049436492656607885,2.7067071726799923,1.004,0.0016057029118347853,0.04924163818359375,-0.055150051116943356,0,2.586206896551724,1,0,0.049436492656607885,-0.12050027612826808,-0.0040000000000000036,-0.0016057029118347853,0.003346947543481353,0.011102493412170358,-0.021255883870968363,-0.025570361790360218,0,0,0,0,0,0,0,0
-0.04767569137642031,2.704124855428026,1.002,-0.0021991148575128544,0.026349788665771486,-0.03877711868286133,0,2.586206896551724,1,0,0.04767569137642031,-0.11791795887630174,-0.0020000000000000018,0.0021991148575128544,0.013514422337563357,0.0023462968560707866,0.006238358974359006,0.03153494065242097,0,0,0,0,0,0,0,0
-0.04566180492114106,2.700941954713807,1.001,-0.003961897402027126,0.030313217163085937,-0.04767696380615234,0,2.586206896551724,1,0,0.04566180492114106,-0.11473505816208274,-0.0009999999999998899,0.003961897402027126,0.009507921781499253,0.009310377090007257,0.003613255555556291,0.04669053956171676,0,0,0,0,0,0,0,0
-0.04257937293228083,2.699104624159614,1.001,-0.003490658503988657,0.046345306396484376,-0.027376558303833006,0,2.586206896551724,1,0,0.04257937293228083,-0.11289772760788974,-0.0009999999999998899,0.003490658503988657,0.0020181302405682146,0.002218322032330928,-0.0019484999999998848,0.04291063931580576,0,0,0,0,0,0,0,0
-0.03980229713276875,2.6977517593229945,0.998,-0.0024260076602721174,0.04172671890258789,-0.02014744186401367,0,2.586206896551724,1,0,0.03980229713276875,-0.11154486277127029,0.0020000000000000018,0.0024260076602721174,0.0028529736701361583,-0.0006640897478786389,0.017130766666666093,0.0336683258267304,0,0,0,0,0,0,0,0
-0.03683061145171235,2.696597412964407,0.998,-0.0009599310885968805,0.04461716079711914,-0.01720700454711914,0,2.586206896551724,1,0,0.03683061145171235,-0.1103905164126826,0.0020000000000000018,0.0009599310885968805,0.00024803453308134063,-0.0017707821502163284,0.00047650000000002877,0.018146245449198264,0,0,0,0,0,0,0,0
-0.03638066969136792,2.6955269497100054,0.997,0.0003141592653589792,0.006764536857604981,-0.01605046272277832,0,2.586206896551724,1,0,0.03638066969136792,-0.1093200531582812,0.0030000000000000027,-0.0003141592653589792,0.014528230399312295,-0.002493720157029003,0.00685095555555559,-0.008617738760127535,0,0,0,0,0,0,0,0
-0.03631518180347232,2.6948301717975056,0.994,0.0009948376736367663,0.0009790347814559936,-0.010451976776123046,0,2.586206896551724,1,0,0.03631518180347232,-0.10862327524578141,0.006000000000000005,-0.0009948376736367663,0.016991916625774164,-0.00586348240364732,0.017033939240506373,-0.01858353051106693,0,0,0,0,0,0,0,0
-0.03587863802084848,2.695549771673527,0.994,0.0017278759594743856,0.006558891773223877,0.01078747844696045,0,2.586206896551724,1,0,0.03587863802084848,-0.10934287512180285,0.006000000000000005,-0.0017278759594743856,0.014821868439188115,-0.014050456283631663,0.003780000000000032,-0.026851493778346266,0,0,0,0,0,0,0,0
-0.03499805456279235,2.696827260491485,0.996,-0.0011868238913561417,0.01324184226989746,0.019139480590820313,0,2.586206896551724,1,0,0.03499805456279235,-0.11062036393976094,0.0040000000000000036,0.0011868238913561417,0.01217429419457066,-0.01842101172056118,-0.00890591111111109,0.02090343201996677,0,0,0,0,0,0,0,0
-0.034568163071469524,2.6982009454623457,0.997,-0.0034382986264288283,0.00642391300201416,0.020612913131713866,0,2.586206896551724,1,0,0.034568163071469524,-0.11199404891062148,0.0030000000000000027,0.0034382986264288283,0.014638994576631773,-0.020459730432070024,-0.004221361290322555,0.04248045294168094,0,0,0,0,0,0,0,0
-0.03433291353279351,2.700366435111426,0.998,-0.002897246558310588,0.0034170384407043457,0.032494285583496096,0,2.586206896551724,1,0,0.03433291353279351,-0.11415953855970162,0.0020000000000000018,0.002897246558310588,0.01585753208687161,-0.026537505177381605,-0.004919155555555531,0.03789806589876983,0,0,0,0,0,0,0,0
-0.03479653329409518,2.702851898513217,0.997,0.001291543646475806,-0.007062282085418701,0.03726164627075195,0,2.586206896551724,1,0,0.03479653329409518,-0.11664500196149286,0.0030000000000000027,-0.001291543646475806,0.019748041891513718,-0.027812290235784597,0.0059469794871795205,-0.022115637754259287,0,0,0,0,0,0,0,0
-0.03495855191792366,2.705292675639345,1,0.0017278759594743856,-0.0023829917907714844,0.03661476516723633,0,2.586206896551724,1,0,0.03495855191792366,-0.11908577908762075,0,-0.0017278759594743856,0.018880070406103004,-0.03239687078726079,-0.017875683870967725,-0.026851493778346266,0,0,0,0,0,0,0,0
-0.03490528627959408,2.7074845355249035,1.004,0.0006457718232379013,0.0008557922840118408,0.03287646865844727,0,2.586206896551724,1,0,0.03490528627959408,-0.12127763897317934,-0.0040000000000000036,-0.0006457718232379013,0.0178627994140097,-0.03265526866906353,-0.026387622222222216,-0.013931978769220503,0,0,0,0,0,0,0,0
-0.035502798618173556,2.707523770052112,1.004,-0.0032114058236695636,-0.008962303161621095,0.0005943056344985962,0,2.586206896551724,1,0,0.035502798618173556,-0.12131687350038778,-0.0040000000000000036,0.0032114058236695636,0.02205064667191322,-0.021471536418396983,-0.0041901999999999755,0.04059041920522521,0,0,0,0,0,0,0,0
-0.03458378248875326,2.7075141150470357,1.006,-0.0034033920413889408,0.013785635948181153,-0.00010055439919233323,0,2.586206896551724,1,0,0.03458378248875326,-0.12130721849531145,-0.006000000000000005,0.0034033920413889408,0.013330317749197143,-0.021955820241047377,-0.0169391111111111,0.042192448487255646,0,0,0,0,0,0,0,0
-0.035590251318892485,2.707101300544376,1.005,-0.001239183768915974,-0.015075870513916016,-0.006243562698364258,0,2.586206896551724,1,0,0.035590251318892485,-0.12089440399265161,-0.004999999999999893,0.001239183768915974,0.023733007577086466,-0.02089365548960539,-0.0005798205128198976,0.021513804629489108,0,0,0,0,0,0,0,0
-0.03531137533472056,2.705607975405414,1.013,0.0029496064358704166,0.004210894107818604,-0.022394676208496094,0,2.586206896551724,1,0,0.03531137533472056,-0.11940107885368967,-0.0129999999999999,-0.0029496064358704166,0.017721993912341562,-0.014309591109029197,-0.05670889032258057,-0.03835330472311788,0,0,0,0,0,0,0,0
-0.03557858885860007,2.704979425454205,1.019,0.0017976891295541607,-0.004035995006561279,-0.009416385650634766,0,2.586206896551724,1,0,0.03557858885860007,-0.1187725289024808,-0.018999999999999906,-0.0017976891295541607,0.0211385652718468,-0.019681700160461342,-0.04980063333333326,-0.027569981269991845,0,0,0,0,0,0,0,0
-0.035402003926952565,2.702681515817459,1.012,-0.0006981317007977335,0.002586805820465088,-0.034473350524902344,0,2.586206896551724,1,0,0.035402003926952565,-0.11647461926573488,-0.01200000000000001,0.0006981317007977335,0.018788395232671055,-0.009774761624901238,0.028574429032257494,0.014675232217309478,0,0,0,0,0,0,0,0
-0.03481082900769883,2.700330766324692,1.009,-0.003595378259108318,0.00889223861694336,-0.03525504302978515,0,2.586206896551724,1,0,0.03481082900769883,-0.11412386977296762,-0.008999999999999897,0.003595378259108318,0.016424661309418234,-0.009230718383842063,0.008068266666667406,0.04376461727072858,0,0,0,0,0,0,0,0
-0.03592917746311761,2.6963486016938725,1.004,-0.002234021442552742,-0.016560358047485353,-0.05979239654541016,0,2.586206896551724,1,0,0.03592917746311761,-0.11014170514214827,-0.0040000000000000036,0.002234021442552742,0.026804158953986322,0.0014977275810168673,0.023602606451612326,0.03186776708662874,0,0,0,0,0,0,0,0
-0.03355175373284894,2.692854293013728,0.995,-0.0005235987755982975,0.035778362274169924,-0.05233483123779297,0,2.586206896551724,1,0,0.03355175373284894,-0.10664739646200383,0.0050000000000000044,0.0005235987755982975,0.006305656115143011,-0.0004941323014121882,0.05260830000000008,0.012114137285547581,0,0,0,0,0,0,0,0
-0.03268957318870809,2.6892424323396966,0.993,0.0017104226669544462,0.012961073875427246,-0.054171131134033206,0,2.586206896551724,1,0,0.03268957318870809,-0.10303553578797242,0.007000000000000006,-0.0017104226669544462,0.015468695274634202,-0.0026976380172811093,0.013237258974359019,-0.02667036985608616,0,0,0,0,0,0,0,0
-0.031434899582246045,2.6865492881156237,0.989,0.0022165681500327973,0.018750980377197267,-0.04042929458618164,0,2.586206896551724,1,0,0.031434899582246045,-0.10034239156389946,0.01100000000000001,-0.0022165681500327973,0.011822178825538201,-0.0029770223370122854,0.030111745161290376,-0.03170157226208105,0,0,0,0,0,0,0,0
-0.02977528706233787,2.684396389507634,0.993,0.0007155849933176764,0.024822546005249024,-0.032348579406738284,0,2.586206896551724,1,0,0.02977528706233787,-0.09818949295590995,0.007000000000000006,-0.0007155849933176764,0.00904272219422038,-0.005761852539468371,-0.017847022222222203,-0.014918811468633886,1430810572975,0,0,0,0,0,0,0
-0.02714219903037267,2.681795351998956,0.992,-0.0013788101090755171,0.03946839141845703,-0.03904381561279297,0,2.586206896551724,1,0,0.02714219903037267,-0.09558845544723171,0.008000000000000007,0.0013788101090755171,0.0022503227352099024,-0.0023312537723985324,0.010869961290322621,0.023100943368686157,1430810572975,0,0,0,0,0,0,0
-0.024478625872866616,2.679668504656821,0.99,-0.001989675347273536,0.039997547149658204,-0.03184759140014649,0,2.586206896551724,1,0,0.024478625872866616,-0.09346160810509696,0.010000000000000009,0.001989675347273536,0.0011393294787061473,-0.004724095923645458,0.017998911111111158,0.029499515882550814,1430810572975,0,0,0,0,0,0,0
-0.02131267141314327,2.678223519641608,0.991,-0.000349065850398865,0.0475323486328125,-0.021580244064331056,0,2.586206896551724,1,0,0.02131267141314327,-0.09201662308988379,0.009000000000000008,0.000349065850398865,-0.0033862040985369983,-0.008230751573633845,0.0004984387096774526,0.009244816991341782,1430810572975,0,0,0,0,0,0,0
-0.019038679542171377,2.6763236929058873,0.993,0.002321287905152458,0.03411982345581055,-0.02848549270629883,0,2.586206896551724,1,0,0.019038679542171377,-0.09011679635416314,0.007000000000000006,-0.002321287905152458,0.003424881567692252,-0.007732980477515772,-0.0042618594936708575,-0.032692345643917126,1430810572975,0,0,0,0,0,0,0
-0.016616981374377008,2.674558180249042,0.995,0.006527531402458792,0.036263900756835936,-0.026566940307617186,0,2.586206896551724,1,0,0.016616981374377008,-0.08835128369731793,0.0050000000000000044,-0.006527531402458792,-0.001279171455739362,-0.0058483522924526,-0.008260422580645136,-0.06513174632621561,1430810573303,0,0,0,0,0,0,0
-0.011667088776935675,2.673044608744067,0.982,0.00980875039620813,0.07409860992431641,-0.023187744140625,0,2.586206896551724,1,0,0.011667088776935675,-0.08683771219234293,0.018000000000000016,-0.00980875039620813,-0.017509141660605965,-0.007196517251579607,0.08576552222222233,-0.08544812387082508,1430810573366,0,0,0,0,0,0,0
-0.00667651535990796,2.67042609980792,0.954,0.0074176493209759005,0.07446974182128906,-0.04001000213623047,0,2.586206896551724,1,0,0.00667651535990796,-0.08421920325619592,0.04600000000000004,-0.0074176493209759005,-0.020636222525087615,-0.00003624714218806828,0.1942930161290325,-0.0709258051528649,1430810573428,0,0,0,0,0,0,0
-0.00019690323297327214,2.665664069896443,0.931,0.0025830872929516087,0.0966616668701172,-0.07214942932128907,0,2.586206896551724,1,0,0.00019690323297327214,-0.07945717334471869,0.06899999999999995,-0.0025830872929516087,-0.03170004137750664,0.013518004067206987,0.18284097777777725,-0.03510638663605879,1430810573491,0,0,0,0,0,0,0
0.007072029565178601,2.6603379995984544,0.891,-0.0016057029118347818,0.10882726287841797,-0.08017243194580079,0,2.586206896551724,1,0,-0.007072029565178601,-0.0741311030467302,0.10899999999999999,0.0016057029118347818,-0.040414807264332685,0.01933223052262389,0.3135454516129034,0.025570361790360183,0,0,0,0,0,0,0,0
0.015324792698845433,2.6521267623742233,0.859,-0.001989675347273536,0.12398905944824219,-0.1229696273803711,0,2.586206896551724,1,0,-0.015324792698845433,-0.06591986582249909,0.14100000000000001,0.001989675347273536,-0.040658053606074857,0.029702443542517016,0.25802854358974375,0.029499515882550814,0,0,0,0,0,0,0,0
0.02351347170561346,2.642261925062011,0.82,0.000017453292519942903,0.12312435913085938,-0.14772787475585938,0,2.586206896551724,1,0,-0.02351347170561346,-0.056055028510286764,0.18000000000000005,-0.000017453292519942903,-0.05336155968397459,0.0522410720165868,0.36343946666666693,-0.0012547147051746863,0,0,0,0,0,0,0,0
0.032594201875158824,2.630023128877563,0.773,0.003298672286269285,0.13620774841308594,-0.18358432006835937,0,2.586206896551724,1,0,-0.032594201875158824,-0.043816232325838644,0.22699999999999998,-0.003298672286269285,-0.06306310803376818,0.07127308824646804,0.44691401111111073,-0.041322462165860295,0,0,0,0,0,0,0,0
0.044038953530779364,2.6155123343289897,0.726,0.005532693728822022,0.1709523468017578,-0.21822702026367188,0,2.586206896551724,1,0,-0.044038953530779364,-0.029305437777265464,0.274,-0.005532693728822022,-0.08321749345521494,0.09226925534814195,0.4904242806451616,-0.0583334724108551,0,0,0,0,0,0,0,0
0.05466190488529798,2.602187363787052,0.676,0.004171336912266451,0.15823599243164063,-0.2007530975341797,0,2.586206896551724,1,0,-0.05466190488529798,-0.015980467235327644,0.32399999999999995,-0.004171336912266451,-0.08328226652357959,0.09094290211997581,0.5449206777777774,-0.04832185396999336,0,0,0,0,0,0,0,0
0.06439413510127776,2.5902172602372766,0.625,0.0030019663134302488,0.14523321533203126,-0.180158935546875,0,2.586206896551724,1,0,-0.06439413510127776,-0.004010363685552409,0.375,-0.0030019663134302488,-0.07330452326102,0.07658106204420516,0.5397140538461541,-0.03880585761640412,0,0,0,0,0,0,0,0
0.06624833142152409,2.577649672097914,0.575,0.0023038346126325153,0.027246908187866212,-0.18859646606445313,0,2.586206896551724,1,0,-0.06624833142152409,0.008557224453810353,0.42500000000000004,-0.0023038346126325153,-0.04143933457801692,0.1001519698745822,0.6357609645161294,-0.03252826819529139,0,0,0,0,0,0,0,0
0.06720843459905475,2.566333814026891,0.525,0.001553343034274953,0.014010461807250976,-0.16977059936523436,0,2.586206896551724,1,0,-0.06720843459905475,0.01987308252483322,0.475,-0.001553343034274953,-0.03720946855488014,0.0978549154253015,0.6742731777777775,-0.02501141865209409,0,0,0,0,0,0,0,0
0.06570280593760033,2.5558325958203802,0.474,0.0019373154697137074,-0.02282908248901367,-0.15748300170898438,0,2.586206896551724,1,0,-0.06570280593760033,0.03037430073134395,0.526,-0.0019373154697137074,-0.023030588441886386,0.09970903754136703,0.7284598258064519,-0.02897968366095818,0,0,0,0,0,0,0,0
0.06302143343165466,2.5468386859576997,0.424,0.0022689280275926295,-0.04048187255859375,-0.13483047485351562,0,2.586206896551724,1,0,-0.06302143343165466,0.03936821059402451,0.5760000000000001,-0.0022689280275926295,-0.01568993993485522,0.09513910758260546,0.7619631777777782,-0.03219886447437291,0,0,0,0,0,0,0,0
0.05728640001440939,2.5398823339483894,0.374,0.004206243497306337,-0.08626203155517578,-0.10414982604980469,0,2.586206896551724,1,0,-0.05728640001440939,0.04632456260333484,0.626,-0.004206243497306337,0.0043010758174970645,0.08820805905643678,0.8103246645161287,-0.04859105736698298,0,0,0,0,0,0,0,0
0.0509072898027025,2.5328497532827865,0.332,0.0038920842319473577,-0.0961295166015625,-0.10508529663085937,0,2.586206896551724,1,0,-0.0509072898027025,0.0533571432689377,0.6679999999999999,-0.0038920842319473577,0.003342577905578365,0.08442725772654777,0.7553385384615382,-0.04614042210979591,0,0,0,0,0,0,0,0
0.043463735377848346,2.5268337337767846,0.301,0.0030019663134302488,-0.11200369262695313,-0.08980504608154297,0,2.586206896551724,1,0,-0.043463735377848346,0.05937316277493965,0.6990000000000001,-0.0030019663134302488,0.019519401234775302,0.08967519728930234,0.768302922222223,-0.03880585761640412,0,0,0,0,0,0,0,0
0.0300662565085368,2.5232551019695095,0.265,0.0013439035240356348,-0.20112242126464844,-0.05307595443725586,0,2.586206896551724,1,0,-0.0300662565085368,0.06295179458221467,0.735,-0.0013439035240356348,0.060309578841951775,0.078634437481196,0.8326635064516125,-0.022709390138075686,0,0,0,0,0,0,0,0
0.017256646592362833,2.5212307146530777,0.253,-0.0002792526803190934,-0.1921847839355469,-0.03010755920410156,0,2.586206896551724,1,0,-0.017256646592362833,0.06497618189864651,0.747,0.0002792526803190934,0.0621392373598544,0.07110062353702641,0.7104104666666669,0.007966941771657196,0,0,0,0,0,0,0,0
0.005198309864493184,2.520207553132484,0.229,-0.0013613568165555777,-0.18087075805664063,-0.015397932052612305,0,2.586206896551724,1,0,-0.005198309864493184,0.0659993434192403,0.771,0.0013613568165555777,0.06504293239017436,0.0665507158339271,0.8032078709677422,0.022905585092215984,0,0,0,0,0,0,0,0
-0.0059468678987502814,2.5214394471597883,0,-0.0005235987755982975,-0.16720266723632812,0.018250804901123047,0,2.586206896551724,1,0,0.0059468678987502814,0.0647674493919359,1,0.0005235987755982975,0.0644993850579549,0.05372303623439385,2.129446222222222,0.012114137285547581,0,0,0,0,0,0,0,0
