0,0,0.724,0,-0.009368623733520508,0.016554967880249023,0,0,0.5,0,0,0,-0.22399999999999998,0,0,0,-15971306.452886397,0,0,0,0,0,0,0,0,0
-0.0013825691223144532,0.0008778194427490235,0.723,-0.0003490658503988442,-0.020738536834716798,0.013167291641235352,0,0,0.5,0,0.0013825691223144532,-0.0008778194427490235,-0.22299999999999998,0.0003490658503988442,0.008256633670005798,-0.00524229382112503,-15971305.223048046,0.0019864290348647028,0,0,0,0,0,0,0,0
-0.004048794147347001,0.0023970315242541626,0.715,-0.0005934119456783016,-0.04000132751464844,0.022774219512939453,0,0,0.5,0,0.004048794147347001,-0.0023970315242541626,-0.21499999999999997,0.0005934119456783016,0.01651939143547667,-0.009466195797745599,-15971305.180379238,0.0017505162362765488,0,0,0,0,0,0,0,0
-0.007496839460540504,0.004217356205019482,0.707,-0.000017453292520119845,-0.051736873626708986,0.027274173736572267,0,0,0.5,0,0.007496839460540504,-0.004217356205019482,-0.20699999999999996,0.000017453292520119845,0.022490738952934974,-0.01201923043272629,-15971305.175350739,-0.002609479020723514,0,0,0,0,0,0,0,0
-0.008601331461453983,0.0056705924164669,0.693,0.0001745329251994221,-0.016567760467529297,0.021798254013061524,0,0,0.5,0,0.008601331461453983,-0.0056705924164669,-0.19299999999999995,-0.0001745329251994221,0.010476170788918833,-0.010801354152065751,-15971305.133143047,-0.0010297952759940033,0,0,0,0,0,0,0,0
-0.009107933728066123,0.007194199394432863,0.667,0.0003316125578791685,-0.00759504508972168,0.022855430603027343,0,0,0.5,0,0.009107933728066123,-0.007194199394432863,-0.16700000000000004,-0.0003316125578791685,0.007665493378438625,-0.011973863175428538,-15971305.05086248,-0.001032272354072829,0,0,0,0,0,0,0,0
-0.008780266575397402,0.008611063298520787,0.639,-0.00010471975511983084,0.004922054767608643,0.02125132751464844,0,0,0.5,0,0.008780266575397402,-0.008611063298520787,-0.139,0.00010471975511983084,0.0029231775259442733,-0.012139064627855084,-15971305.018315269,0.002229116416496267,0,0,0,0,0,0,0,0
-0.008386095113318403,0.009183579664196733,0.607,0.0008726646259966664,0.005911672592163086,0.008588364601135254,0,0,0.5,0,0.008386095113318403,-0.009183579664196733,-0.10699999999999998,-0.0008726646259966664,0.0024237823427993004,-0.007936668655026628,-15971304.971976306,-0.005275610065983641,0,0,0,0,0,0,0,0
-0.006613966899318104,0.00887233438548617,0.566,0.0005235987755982662,0.026577838897705076,-0.004691874504089356,0,0,0.5,0,0.006613966899318104,-0.00887233438548617,-0.06599999999999995,-0.0005235987755982662,-0.005720127971263006,-0.0031540157511977494,-15971304.892019933,0.0010981673493481196,1426009489242,0,0,0,0,0,0,0
-0.0004093020927028626,0.008139204751468601,0.522,0.00040142572795831544,0.09306420135498047,-0.011045674324035644,0,0,0.5,0,0.0004093020927028626,-0.008139204751468601,-0.02200000000000002,-0.00040142572795831544,-0.03266713947981163,-0.0005710534462694252,-15971304.840952087,0.00017013651615866798,1426009489242,0,0,0,0,0,0,0
0.0074957848859583875,0.0024448876686805725,0.473,0.0005061454830781463,0.11854200744628907,-0.08546234893798828,0,0,0.5,0,-0.0074957848859583875,-0.0024448876686805725,0.027000000000000024,-0.0005061454830781463,-0.04566045866866459,0.028550504969981443,-15971304.775220435,-0.000968909145592954,1426009489242,0,0,0,0,0,0,0
0.019094756342183657,-0.004075796761783384,0.423,0.0004886921905584706,0.17393504333496093,-0.0978983154296875,0,0,0.5,0,-0.019094756342183657,0.004075796761783384,0.07700000000000001,-0.0004886921905584706,-0.07174596486538551,0.03633526252691408,-15971304.729418885,-0.00038195317281872817,1426009489242,0,0,0,0,0,0,0
0.03523728112347586,-0.011824829839705557,0.369,0.00020943951023921762,0.24208103942871093,-0.11635381317138672,0,0,0.5,0,-0.03523728112347586,0.011824829839705557,0.131,-0.00020943951023921762,-0.1040911239459323,0.04677622123381729,-15971304.664320365,0.001084992890158698,0,0,0,0,0,0,0,0
0.05072552336131105,-0.022657524744700702,0.314,-0.00047123889803879504,0.2322895965576172,-0.16253907775878906,0,0,0.5,0,-0.05072552336131105,0.022657524744700702,0.186,0.00047123889803879504,-0.10859156433004158,0.0689089692537225,-15971304.613905499,0.0036192562754874887,0,0,0,0,0,0,0,0
0.06368885373624962,-0.03463629013278163,0.266,-0.001466076571675412,0.19453460693359376,-0.17958982849121094,0,0,0.5,0,-0.06368885373624962,0.03463629013278163,0.23399999999999999,0.001466076571675412,-0.10184939698132686,0.0812557056011921,-15971304.611832807,0.006070356064517312,0,0,0,0,0,0,0,0
0.07354416687868048,-0.04810508470767859,0.232,-0.0016755160819146298,0.148125732421875,-0.20181497192382813,0,0,0.5,0,-0.07354416687868048,0.04810508470767859,0.268,0.0016755160819146298,-0.09074801295424283,0.09616481935569907,-15971304.657218631,0.0027201711787070166,0,0,0,0,0,0,0,0
0.08203666123327752,-0.060273796831757986,0.197,0.0005235987755982662,0.12769306945800782,-0.18231698608398436,0,0,0.5,0,-0.08203666123327752,0.060273796831757986,0.303,-0.0005235987755982662,-0.08803920353553336,0.09548616193575644,-15971304.621922681,-0.0107653561422637,0,0,0,0,0,0,0,0
0.08862335476048518,-0.0703362236534732,0.171,0.0025132741228719446,0.09872135925292969,-0.1509881134033203,0,0,0.5,0,-0.08862335476048518,0.0703362236534732,0.32899999999999996,-0.0025132741228719446,-0.08178920881273051,0.08977869362895068,-15971304.646764353,-0.011813055396287705,0,0,0,0,0,0,0,0
0.09344365225180629,-0.07754740543448,0.124,-0.0016929693744343055,0.07203237915039062,-0.10834910583496093,0,0,0.5,0,-0.09344365225180629,0.07754740543448,0.376,0.0016929693744343055,-0.07527971206102269,0.07851204840248309,-15971304.49379618,0.02098707062403194,0,0,0,0,0,0,0,0
0.08694874291906826,-0.0803724042027054,0.087,-0.013299408900196761,-0.09735176086425781,-0.04253985595703125,0,0,0.5,0,-0.08694874291906826,0.0803724042027054,0.41300000000000003,0.013299408900196761,-0.011690495934025213,0.056819878637555325,-15971304.515478082,0.06679698627975406,0,0,0,0,0,0,0,0
0.08259041838733679,-0.08333687850072043,0.067,-0.016283921921107503,-0.06477771759033203,-0.045332603454589844,0,0,0.5,0,-0.08259041838733679,0.08333687850072043,0.433,0.016283921921107503,-0.021401186845202314,0.05958199938048968,-15971304.586837796,0.030688549270321858,0,0,0,0,0,0,0,0
0.07437890079406348,-0.08509217094692388,0.04,-0.01844813019358016,-0.12272770690917968,-0.02833154296875,0,0,0.5,0,-0.07437890079406348,0.08509217094692388,0.46,0.01844813019358016,0.003274419685360748,0.05438590530972935,-15971304.524098946,0.02911872160125799,0,0,0,0,0,0,0,0
0.06252734892660101,-0.084676055356639,0.031,-0.02008873969045455,-0.17785816955566405,0.002961273193359375,0,0,0.5,0,-0.06252734892660101,0.084676055356639,0.469,0.02008873969045455,0.027756664099933798,0.04340339476269013,-15971304.607816646,0.028543957482699424,0,0,0,0,0,0,0,0
0.0496967689217006,-0.0810569416402803,0.066,-0.02392846404484228,-0.19351034545898438,0.050409759521484375,0,0,0.5,0,-0.0496967689217006,0.0810569416402803,0.434,0.02392846404484228,0.03916689705188319,0.024607787492934737,-15971304.873552047,0.04283288778363389,0,0,0,0,0,0,0,0
0.03679357786899669,-0.07513674952032917,0.035,-0.027733281814190217,-0.19561717224121095,0.08414659881591798,0,0,0.5,0,-0.03679357786899669,0.07513674952032917,0.46499999999999997,0.027733281814190217,0.045728381516261137,0.009764898756041196,-15971304.49044568,0.04664449891145541,0,0,0,0,0,0,0,0
0.0247324590235338,-0.06742836821050253,0.087,-0.03043854215478126,-0.18405348205566407,0.11056448364257812,0,0,0.5,0,-0.0247324590235338,0.06742836821050253,0.41300000000000003,0.03043854215478126,0.047090370584908475,-0.0031016484718214346,-15971304.969299797,0.04454373795861272,0,0,0,0,0,0,0,0
0.013884969232816818,-0.058398386042132995,0.06,-0.029775317039023367,-0.16675923156738282,0.13043502807617188,0,0,0.5,0,-0.013884969232816818,0.058398386042132995,0.44,0.029775317039023367,0.045853683159032814,-0.01432401491991619,-15971304.519542933,0.02852935193285499,0,0,0,0,0,0,0,0
0.005121576544310403,-0.047971613195361223,0.109,-0.030403635569741464,-0.13604884338378906,0.15241885375976563,0,0,0.5,0,-0.005121576544310403,0.047971613195361223,0.391,0.030403635569741464,0.03877715252908516,-0.0268357163682543,-15971304.971708732,0.03540435395477733,0,0,0,0,0,0,0,0
0.0025966687453823525,-0.04715924722904053,0.083,-0.029146998508305717,-0.03822653961181641,0.011028539657592774,0,0,0.5,0,-0.0025966687453823525,0.04715924722904053,0.417,0.029146998508305717,0.006422680418243419,0.02483715914739355,-15971304.544436578,0.02564146141338519,0,0,0,0,0,0,0,0
0.0016597556274648938,-0.045501407037512355,0.052,-0.028658306317746803,-0.014772440910339356,0.02444747543334961,0,0,0.5,0,-0.0016597556274648938,0.045501407037512355,0.448,0.028658306317746803,-0.0015440931376783547,0.019830443774002733,-15971304.490266927,0.028834185232737848,0,0,0,0,0,0,0,0
0.0010583301453546356,-0.0451654002211618,0.018,-0.029618237406344068,-0.009162098884582519,0.0047795305252075196,0,0,0.5,0,-0.0010583301453546356,0.0451654002211618,0.482,0.029618237406344068,-0.0030050333351938152,0.02687127389122113,-15971304.444279784,0.03647571563455491,0,0,0,0,0,0,0,0
0.0009814593479601805,-0.045210188583449044,0.122,-0.029338984726024815,-0.0011326608657836914,-0.0007056774497032165,0,0,0.5,0,-0.0009814593479601805,0.045210188583449044,0.378,0.029338984726024815,-0.005887215966266101,0.02929387994730929,-15971305.29143745,0.030481303113873957,0,0,0,0,0,0,0,0
0.001420170973343935,-0.04591314504443629,0.13,-0.028640853025227127,0.006887158393859863,-0.010346766471862792,0,0,0.5,0,-0.001420170973343935,0.04591314504443629,0.37,0.028640853025227127,-0.008807958255047384,0.033388812905829464,-15971304.793839114,0.028101826165908176,0,0,0,0,0,0,0,0
0.0021822755946012793,-0.049262933171781355,0.13,-0.027715828521670104,0.012865796089172363,-0.049898849487304685,0,0,0.5,0,-0.0021822755946012793,0.049262933171781355,0.37,0.027715828521670104,-0.010969093840877173,0.04984313109518821,-15971304.747721113,0.026293583030366847,0,0,0,0,0,0,0,0
0.004439862339469441,-0.05299657873118147,0.098,-0.029234264970904988,0.03540281295776367,-0.05504473114013672,0,0,0.5,0,-0.004439862339469441,0.05299657873118147,0.402,0.029234264970904988,-0.02029749591819694,0.05413640464452882,-15971304.544650713,0.03944798299499003,0,0,0,0,0,0,0,0
0.007252009819721337,-0.05636184495960973,0.114,-0.030543261909900653,0.04363969421386719,-0.04922443389892578,0,0,0.5,0,-0.007252009819721337,0.05636184495960973,0.386,0.030543261909900653,-0.024639696495493593,0.05426101883870188,-15971304.805557182,0.040019445797219,0,0,0,0,0,0,0,0
0.01121612936410924,-0.058233193459340284,0.146,-0.03242821750205495,0.06029128265380859,-0.02624126052856445,0,0,0.5,0,-0.01121612936410924,0.058233193459340284,0.354,0.03242821750205495,-0.03298070153881959,0.04739353463269219,-15971304.916289182,0.044805716310172626,0,0,0,0,0,0,0,0
0.01612430905237331,-0.05896401578981593,0.138,-0.034889131747366534,0.07393941497802735,-0.008569537162780761,0,0,0.5,0,-0.01612430905237331,0.05896401578981593,0.362,0.034889131747366534,-0.04060704858252302,0.04199854197046336,-15971304.692177568,0.05014368264742463,0,0,0,0,0,0,0,0
0.02133146490240377,-0.05825768675843366,0.148,-0.03583160954344368,0.07769023132324218,0.013313032150268555,0,0,0.5,0,-0.02133146490240377,0.05825768675843366,0.352,0.03583160954344368,-0.04494222941317184,0.03428784065497295,-15971304.794780144,0.044307834625461034,0,0,0,0,0,0,0,0
0.02779804419898577,-0.05407263801812418,0.134,-0.0381703507411162,0.09468755340576172,0.06621031188964843,0,0,0.5,0,-0.02779804419898577,0.05407263801812418,0.366,0.0381703507411162,-0.05501640714290709,0.01411825032439112,-15971304.653938018,0.05323743411750614,0,0,0,0,0,0,0,0
0.03503308572620842,-0.048587117620141985,0.097,-0.040194932673429676,0.10530657196044922,0.08636432647705078,0,0,0.5,0,-0.03503308572620842,0.048587117620141985,0.403,0.040194932673429676,-0.06291644913109319,0.004817826710135819,-15971304.49983062,0.054092624824364666,0,0,0,0,0,0,0,0
0.04288099332067601,-0.04334617554601422,0.049,-0.03796091123087654,0.11446449279785156,0.08328105163574219,0,0,0.5,0,-0.04288099332067601,0.04334617554601422,0.451,0.03796091123087654,-0.07044133928652281,0.003829079919782559,-15971304.39854157,0.03214649876261808,0,0,0,0,0,0,0,0
0.050631173093686005,-0.03801741868095188,0.007,-0.031956978604016154,0.11313540649414063,0.0842857666015625,0,0,0.5,0,-0.050631173093686005,0.03801741868095188,0.493,0.031956978604016154,-0.07409411698294893,0.000956284294225943,-15971304.394181263,0.008970209196303015,0,0,0,0,0,0,0,0
0.057273485500387265,-0.031329492287360906,-0.012,-0.028728119487826845,0.09637847137451172,0.10345115661621093,0,0,0.5,0,-0.057273485500387265,0.031329492287360906,0.512,0.028728119487826845,-0.07180052366199098,-0.009480906595538269,-15971304.499561166,0.018746608236624863,0,0,0,0,0,0,0,0
0.06271915915777977,-0.02354789092970091,-0.07,-0.02408554367752204,0.07829859924316407,0.11902219390869141,0,0,0.5,0,-0.06271915915777977,0.02354789092970091,0.5700000000000001,0.02408554367752204,-0.06857352466869458,-0.018990403385875564,-15971304.242772385,0.007852332541513452,0,0,0,0,0,0,0,0
0.0683538112198417,-0.016285842055625492,-0.141,-0.01857030324121968,0.08187186431884766,0.11093464660644531,0,0,0.5,0,-0.0683538112198417,0.016285842055625492,0.641,0.01857030324121968,-0.07283441387859586,-0.01969437789448629,-15971304.112036636,-0.0015519592815224793,0,0,0,0,0,0,0,0
0.07371850574000653,-0.008379843006306969,-0.212,-0.010925761117484903,0.07825441741943359,0.12006381225585938,0,0,0.5,0,-0.07371850574000653,0.008379843006306969,0.712,0.010925761117484903,-0.07449506224570004,-0.02709004974780812,-15971304.050907036,-0.019083215659148854,0,0,0,0,0,0,0,0
0.07802838825682765,0.0009818168228445702,-0.293,-0.004660029102824939,0.06311016082763672,0.14112283325195313,0,0,0.5,0,-0.07802838825682765,-0.0009818168228445702,0.7929999999999999,0.004660029102824939,-0.07164814364123431,-0.03935029437827459,-15971303.928826481,-0.019122958668773112,0,0,0,0,0,0,0,0
0.08085882812344375,0.011648074213345776,-0.371,-0.002967059728390633,0.04171056365966797,0.1601899719238281,0,0,0.5,0,-0.08085882812344375,-0.011648074213345776,0.871,0.002967059728390633,-0.06548110067365057,-0.051858356638472,-15971303.87750793,0.0006433035171102448,0,0,0,0,0,0,0,0
0.0822295171759569,0.022005843869946133,-0.394,-0.005044001538263579,0.02009926414489746,0.15542686462402344,0,0,0.5,0,-0.0822295171759569,-0.022005843869946133,0.894,0.005044001538263579,-0.059087227202391006,-0.05553847900480945,-15971304.140508613,0.019627281714945516,0,0,0,0,0,0,0,0
0.0828288085581395,0.030882921570479338,-0.44,-0.009861110273767806,0.00831761932373047,0.13319981384277343,0,0,0.5,0,-0.0828288085581395,-0.030882921570479338,0.94,0.009861110273767806,-0.05562126400659714,-0.05191755104361811,-15971303.970153734,0.037539755484235174,0,0,0,0,0,0,0,0
0.08074434630342193,0.03807937810330262,-0.469,-0.011868238913561605,-0.03232987213134766,0.10763327789306641,0,0,0.5,0,-0.08074434630342193,-0.03807937810330262,0.969,0.011868238913561605,-0.040886797427932206,-0.04683096991867334,-15971304.030805549,0.02684595417766339,0,0,0,0,0,0,0,0
0.07643468259640958,0.04522061790065402,-0.485,-0.013404128655316608,-0.06591168212890625,0.1063438491821289,0,0,0.5,0,-0.07643468259640958,-0.04522061790065402,0.985,0.013404128655316608,-0.027260943444455434,-0.05037499392105177,-15971304.081655048,0.026289030353838193,0,0,0,0,0,0,0,0
0.0702943983614271,0.05215974666326501,-0.508,-0.014224433403753803,-0.09349114227294922,0.1028430404663086,0,0,0.5,0,-0.0702943983614271,-0.05215974666326501,1.008,0.014224433403753803,-0.014810483381776537,-0.05307275430012626,-15971304.01908549,0.02389642795980825,0,0,0,0,0,0,0,0
0.06205121451918058,0.05806098513891876,-0.534,-0.011798425743482013,-0.12489433288574218,0.08675086212158203,0,0,0.5,0,-0.06205121451918058,-0.05806098513891876,1.034,0.011798425743482013,0.00002610835839249835,-0.050883138309945265,-15971303.9756378,0.006800330240590593,0,0,0,0,0,0,0,0
0.05339856641445845,0.06259940311899945,-0.535,-0.008918632477691105,-0.1305838623046875,0.06654025268554688,0,0,0.5,0,-0.05339856641445845,-0.06259940311899945,1.0350000000000001,0.008918632477691105,0.006182028189895593,-0.046206229354891964,-15971304.102728933,0.001893472311622563,0,0,0,0,0,0,0,0
0.04337172991091674,0.06618577657134878,-0.601,-0.004799655442984566,-0.1508763427734375,0.05245209503173828,0,0,0.5,0,-0.04337172991091674,-0.06618577657134878,1.101,0.004799655442984566,0.01828041897225283,-0.0432915743041991,-15971303.692986934,-0.007900229990029305,0,0,0,0,0,0,0,0
0.032063328448065434,0.06881558840484614,-0.526,-0.0006981317007981463,-0.16981340026855468,0.0386325798034668,0,0,0.5,0,-0.032063328448065434,-0.06881558840484614,1.026,0.0006981317007981463,0.030590190160294267,-0.03989451824791754,-15971304.505304953,-0.011903332266213262,0,0,0,0,0,0,0,0
0.020083556874118082,0.07042310081378218,-0.531,-0.002844886680750683,-0.17971336364746093,0.023987228393554688,0,0,0.5,0,-0.020083556874118082,-0.07042310081378218,1.0310000000000001,0.002844886680750683,0.04002566839894952,-0.035646110983169756,-15971304.063850472,0.019093147010274484,0,0,0,0,0,0,0,0
0.00785946144850712,0.07064295833519266,-0.587,-0.0064402649398594,-0.18337007141113282,0.002776207685470581,0,0,0.5,0,-0.00785946144850712,-0.07064295833519266,1.087,0.0064402649398594,0.0473204256284677,-0.02897966759972631,-15971303.74553726,0.029206003419056336,0,0,0,0,0,0,0,0
-0.004805489601614255,0.06905927602989104,-0.651,-0.007173303225696884,-0.18981733703613282,-0.024978218078613282,0,0,0.5,0,0.004805489601614255,-0.06905927602989104,1.151,0.007173303225696884,0.05609247905615741,-0.018608222781369435,-15971303.642843116,0.016351734095704687,0,0,0,0,0,0,0,0
-0.016583112187081528,0.06612685234773649,-0.597,-0.009058258817850731,-0.1763442687988281,-0.04525247955322265,0,0,0.5,0,0.016583112187081528,-0.06612685234773649,1.097,0.009058258817850731,0.05727288080272068,-0.01031891228984986,-15971304.31412173,0.023605983678267897,0,0,0,0,0,0,0,0
-0.02258313065282612,0.06058458468711695,-0.516,-0.00818559419185362,-0.08924354553222656,-0.08394583892822266,0,0,0.5,0,0.02258313065282612,-0.06058458468711695,1.016,0.00818559419185362,0.029763328911162578,0.005874155502225973,-15971304.515130648,0.010255586411971187,0,0,0,0,0,0,0,0
-0.02724066454712248,0.05671966859383059,-0.51,-0.006946410422937546,-0.06938612365722656,-0.05854366302490235,0,0,0.5,0,0.02724066454712248,-0.05671966859383059,1.01,0.006946410422937546,0.02502526011568166,-0.0016065183291648615,-15971304.109499995,0.0073739548445810425,0,0,0,0,0,0,0,0
-0.03073715075384698,0.053746029815524135,-0.562,-0.007609635538695438,-0.05213618850708008,-0.04496782302856445,0,0,0.5,0,0.03073715075384698,-0.053746029815524135,1.062,0.007609635538695438,0.02080775893908026,-0.00521070635450443,-15971303.753486637,0.016732528024166714,0,0,0,0,0,0,0,0
-0.03203252521122202,0.050536331277293955,-0.538,-0.009075712110370851,-0.01906368827819824,-0.048291942596435544,0,0,0.5,0,0.03203252521122202,-0.050536331277293955,1.038,0.009075712110370851,0.009618979251601146,-0.002648608828803488,-15971304.181591637,0.022015363907932517,0,0,0,0,0,0,0,0
-0.029195640774333627,0.046587575782553084,-0.534,-0.0089535390627309,0.04308907318115234,-0.05884269714355469,0,0,0.5,0,0.029195640774333627,-0.046587575782553084,1.034,0.0089535390627309,-0.013851096242654615,0.0029896536787569396,-15971304.07036533,0.014621403068226546,0,0,0,0,0,0,0,0
-0.023469284714320634,0.04265059910952407,-0.492,-0.005515240436302374,0.08642063903808593,-0.058283226013183594,0,0,0.5,0,0.023469284714320634,-0.04265059910952407,0.992,0.005515240436302374,-0.03186343559572445,0.004601192589655633,-15971304.298794681,-0.0038424466712577866,0,0,0,0,0,0,0,0
-0.015095737350149914,0.038985459903258954,-0.495,-0.0030543261909903446,0.12590451049804688,-0.054283523559570314,0,0,0.5,0,0.015095737350149914,-0.038985459903258954,0.995,0.0030543261909903446,-0.05017897997848804,0.004704704795344863,-15971304.047629239,-0.0017645049891088197,0,0,0,0,0,0,0,0
-0.004254218879565529,0.03492540563852461,-0.507,0.0043633231299855385,0.1628080291748047,-0.06040382766723633,0,0,0.5,0,0.004254218879565529,-0.03492540563852461,1.0070000000000001,-0.0043633231299855385,-0.06842730323719849,0.008550119639553497,-15971303.984307613,-0.031380875609519236,0,0,0,0,0,0,0,0
0.008712868635575475,0.03198638415784263,-0.523,0.010105456369046792,0.19431210327148438,-0.04493359375,0,0,0.5,0,-0.008712868635575475,-0.03198638415784263,1.0230000000000001,-0.010105456369046792,-0.08673360865570384,0.0035808983306338995,-15971303.942890892,-0.02918993749488516,0,0,0,0,0,0,0,0
0.024386738737714044,0.030643755675915697,-0.52,0.014084807063594149,0.2348925323486328,-0.022514232635498045,0,0,0.5,0,-0.024386738737714044,-0.030643755675915697,1.02,-0.014084807063594149,-0.10903392249366783,-0.004420187337797463,-15971304.039306568,-0.02523646812915161,0,0,0,0,0,0,0,0
0.042618742886925416,0.030278176871592295,-0.579,0.017784905077822252,0.2733757019042969,-0.009334924697875977,0,0,0.5,0,-0.042618742886925416,-0.030278176871592295,1.079,-0.017784905077822252,-0.13193690502847544,-0.009619764360940041,-15971303.65639199,-0.027772405828358875,0,0,0,0,0,0,0,0
0.05787030580855258,0.03127041587400248,-0.516,0.020734511513692752,0.229001953125,0.010812731742858886,0,0,0.5,0,-0.05787030580855258,-0.03127041587400248,1.016,-0.020734511513692752,-0.12358496348176343,-0.01773840548950532,-15971304.36727549,-0.027327345123770955,0,0,0,0,0,0,0,0
0.07044209244881888,0.03282675516163804,-0.524,0.024382249650360937,0.18902027893066406,0.0194303035736084,0,0,0.5,0,-0.07044209244881888,-0.03282675516163804,1.024,-0.024382249650360937,-0.11630187201551694,-0.02167809319105196,-15971303.983145967,-0.034252187249731336,0,0,0,0,0,0,0,0
0.08156323274858711,0.03495781540742414,-0.499,0.02698279023583215,0.16754684448242188,0.027889429092407228,0,0,0.5,0,-0.08156323274858711,-0.03495781540742414,0.999,-0.02698279023583215,-0.1144156370314339,-0.02610353917965173,-15971304.177141117,-0.03210835744160256,0,0,0,0,0,0,0,0
0.08971464735827919,0.03788021745569719,-0.484,0.028466320100027236,0.12340938568115234,0.040521255493164064,0,0,0.5,0,-0.08971464735827919,-0.03788021745569719,0.984,-0.028466320100027236,-0.10279874618501801,-0.032125472391300765,-15971304.128108017,-0.028533336702890565,0,0,0,0,0,0,0,0
0.09471719218629882,0.041535027590900955,-0.502,0.030264009229581817,0.07656814575195313,0.052664169311523436,0,0,0.5,0,-0.09471719218629882,-0.041535027590900955,1.002,-0.030264009229581817,-0.08921009179701946,-0.03809893004673447,-15971303.932154218,-0.03195283257995782,0,0,0,0,0,0,0,0
0.0967907029003383,0.04560670618603749,-0.491,0.0339815605363296,0.03293651580810547,0.060106063842773436,0,0,0.5,0,-0.0967907029003383,-0.04560670618603749,0.991,-0.0339815605363296,-0.07509752566087001,-0.04266265630179268,-15971304.090630814,-0.04474008434472113,0,0,0,0,0,0,0,0
0.09715969385137406,0.049897948403790485,-0.502,0.0371231531899192,0.007718594551086426,0.06414342498779296,0,0,0.5,0,-0.09715969385137406,-0.049897948403790485,1.002,-0.0371231531899192,-0.06702754724832254,-0.04627519215154156,-15971303.960228892,-0.04554095844679433,0,0,0,0,0,0,0,0
0.0963966173480376,0.05374532450954775,-0.515,0.03785619147575668,-0.00929635238647461,0.058095699310302736,0,0,0.5,0,-0.0963966173480376,-0.05374532450954775,1.0150000000000001,-0.03785619147575668,-0.060966447741531225,-0.046059433669676464,-15971303.932364231,-0.03504087515522339,0,0,0,0,0,0,0,0
0.09522463270568135,0.05781807076101004,-0.572,0.037699111843077386,-0.015255046844482421,0.0617127685546875,0,0,0.5,0,-0.09522463270568135,-0.05781807076101004,1.072,-0.037699111843077386,-0.05880141142676725,-0.049671919383833224,-15971303.643058404,-0.031021113711329783,0,0,0,0,0,0,0,0
0.09877532107687734,0.06206906423345743,-0.638,0.03717551306747911,0.05562579345703125,0.06171220397949219,0,0,0.5,0,-0.09877532107687734,-0.06206906423345743,1.138,-0.03717551306747911,-0.08663703322743985,-0.05314684203717023,-15971303.534614366,-0.029049230653218613,0,0,0,0,0,0,0,0
0.0919065916486068,0.052800096942951825,-0.697,0.034889131747366506,-0.10812724304199219,-0.13510910034179688,0,0,0.5,0,-0.0919065916486068,-0.052800096942951825,1.197,-0.034889131747366506,-0.028577430494794408,0.022805334997920847,-15971303.516830077,-0.018988014731384388,0,0,0,0,0,0,0,0
0.08478178050727629,0.0445797327817484,-0.721,0.03597123588360283,-0.1111082763671875,-0.11950250244140626,0,0,0.5,0,-0.08478178050727629,-0.0445797327817484,1.221,-0.03597123588360283,-0.024269190678747,0.02111151710781405,-15971303.672365598,-0.03539027179925428,0,0,0,0,0,0,0,0
0.07713602942579932,0.03716981049935806,-0.772,0.041730822415184644,-0.118609375,-0.1069524154663086,0,0,0.5,0,-0.07713602942579932,-0.03716981049935806,1.272,-0.041730822415184644,-0.01811556183211841,0.02012277568575061,-15971303.475931749,-0.06332420364557423,0,0,0,0,0,0,0,0
0.06817285533973949,0.030491424260925083,-0.79,0.04482005519121433,-0.138509765625,-0.09447959899902343,0,0,0.5,0,-0.06817285533973949,-0.030491424260925083,1.29,-0.04482005519121433,-0.0068943061640257056,0.019244865113342363,-15971303.6338021,-0.054173116000793754,0,0,0,0,0,0,0,0
0.05825600255771264,0.024863015644151373,-0.797,0.04810127418496355,-0.15238612365722656,-0.0776764678955078,0,0,0.5,0,-0.05825600255771264,-0.024863015644151373,1.2970000000000002,-0.04810127418496355,0.002704292019993655,0.01630833662487969,-15971303.677998332,-0.05863364000748228,0,0,0,0,0,0,0,0
0.04740916303421175,0.02085178075546546,-0.828,0.05389576730158472,-0.165407470703125,-0.0522757453918457,0,0,0.5,0,-0.04740916303421175,-0.02085178075546546,1.3279999999999998,-0.05389576730158472,0.012791920909199806,0.009457522445066518,-15971303.515436312,-0.07635935022988216,0,0,0,0,0,0,0,0
0.03537397798987212,0.01712647064294771,-0.845,0.0606501915068027,-0.18327586364746093,-0.04607353973388672,0,0,0.5,0,-0.03537397798987212,-0.01712647064294771,1.345,-0.0606501915068027,0.024939251796788374,0.009657153235682761,-15971303.568533678,-0.08791649997936654,0,0,0,0,0,0,0,0
0.022343744851316575,0.013244296094226726,-0.86,0.06403613025567219,-0.198623779296875,-0.04627852249145508,0,0,0.5,0,-0.022343744851316575,-0.013244296094226726,1.3599999999999999,-0.06403613025567219,0.036624737043379575,0.012344190174626382,-15971303.558511658,-0.07616081332158639,0,0,0,0,0,0,0,0
0.008432511934860804,0.008406037286778769,-0.833,0.06763150851478,-0.21288497924804686,-0.05907194137573242,0,0,0.5,0,-0.008432511934860804,-0.008406037286778769,1.333,-0.06763150851478,0.04822417562497666,0.01984110200339195,-15971303.797513254,-0.08115075530010585,0,0,0,0,0,0,0,0
-0.006374501792252332,0.003117163676182721,-0.812,0.0712094334813686,-0.22695877075195312,-0.06414187622070312,0,0,0.5,0,0.006374501792252332,-0.003117163676182721,1.312,-0.0712094334813686,0.06030024015052679,0.024800894012357067,-15971303.77410922,-0.08511564835139997,0,0,0,0,0,0,0,0
-0.021667859910930648,-0.002812188521031008,-0.828,0.07717845952318918,-0.23514703369140624,-0.0723932113647461,0,0,0.5,0,0.021667859910930648,0.002812188521031008,1.3279999999999998,-0.07717845952318918,0.0707371659357042,0.031322823809323434,-15971303.547437664,-0.10293829185252766,0,0,0,0,0,0,0,0
-0.03749081893298377,-0.011976278059582008,-0.81,0.07953465401338138,-0.24723638916015625,-0.11875245666503906,0,0,0.5,0,0.03749081893298377,0.011976278059582008,1.31,-0.07953465401338138,0.08169260832499166,0.05337074754834046,-15971303.736341087,-0.08912919680035197,0,0,0,0,0,0,0,0
-0.05437488360310811,-0.019706164699455193,-0.863,0.07740535232594851,-0.2616725463867188,-0.09545996856689454,0,0,0.5,0,0.05437488360310811,0.019706164699455193,1.363,-0.07740535232594851,0.09606487288486124,0.04973462149699953,-15971303.308605036,-0.0671291781446341,0,0,0,0,0,0,0,0
-0.07186066259537004,-0.027199890047831153,-0.927,0.07269296334556367,-0.2701934509277344,-0.09178717803955078,0,0,0.5,0,0.07186066259537004,0.027199890047831153,1.427,-0.07269296334556367,0.10845802810226271,0.05236229112566959,-15971303.189106766,-0.05098266733809561,0,0,0,0,0,0,0,0
-0.09097745980438797,-0.035412656635081585,-0.996,0.061732295643039434,-0.2949419250488281,-0.10203965759277343,0,0,0.5,0,0.09097745980438797,0.035412656635081585,1.496,-0.061732295643039434,0.12696502302682205,0.06038250463104708,-15971303.098233271,-0.01291310997728233,0,0,0,0,0,0,0,0
-0.10794771840410064,-0.041833018296911745,-1.073,0.05651376117957601,-0.2600103759765625,-0.08041776275634765,0,0,0.5,0,0.10794771840410064,0.041833018296911745,1.573,-0.05651376117957601,0.12394926371369178,0.0538782041967742,-15971302.982521476,-0.03541054220738549,0,0,0,0,0,0,0,0
-0.12334700673231047,-0.048701497686140675,-1.15,0.05218534463463026,-0.23643991088867186,-0.08981558227539063,0,0,0.5,0,0.12334700673231047,0.048701497686140675,1.65,-0.05218534463463026,0.12394154504178244,0.06005279816424646,-15971302.910607876,-0.03560239054409679,0,0,0,0,0,0,0,0
-0.13702243509522552,-0.05536298625979017,-1.206,0.04237659423842194,-0.2100642852783203,-0.0890863037109375,0,0,0.5,0,0.13702243509522552,0.05536298625979017,1.706,-0.04237659423842194,0.12249679674713183,0.06262927668062608,-15971302.966096712,-0.0011950861313396732,0,0,0,0,0,0,0,0
-0.1490124381585457,-0.06160167698812617,-1.258,0.03071779483510001,-0.18365301513671875,-0.085877197265625,0,0,0.5,0,0.1490124381585457,0.06160167698812617,1.758,-0.03071779483510001,0.12034604461904816,0.06385215341789252,-15971302.934777174,0.018764844232633037,0,0,0,0,0,0,0,0
-0.15810020726743418,-0.06593715079750335,-1.277,0.016912240451824656,-0.1382495574951172,-0.060814743041992185,0,0,0.5,0,0.15810020726743418,0.06593715079750335,1.777,-0.016912240451824656,0.11099614328483637,0.05665755290123481,-15971303.077411115,0.041879434348668546,0,0,0,0,0,0,0,0
-0.1646265466858336,-0.07009786583967116,-1.323,0.009564404300928808,-0.09893654632568359,-0.060746253967285155,0,0,0.5,0,0.1646265466858336,0.07009786583967116,1.823,-0.009564404300928808,0.10104573732182744,0.05819553868467372,-15971302.879271114,0.018392829866786052,0,0,0,0,0,0,0,0
-0.1682566831749078,-0.07510476367113725,-1.35,0.0056897733615012824,-0.055167865753173825,-0.07457923889160156,0,0,0.5,0,0.1682566831749078,0.07510476367113725,1.85,-0.0056897733615012824,0.08808742213217165,0.06579119814381632,-15971302.949823765,0.005937998008936043,0,0,0,0,0,0,0,0
-0.16846539034517877,-0.07751558694560905,-1.34,0.0009250245035569704,-0.0033363113403320314,-0.036143951416015625,0,0,0.5,0,0.16846539034517877,0.07751558694560905,1.84,-0.0009250245035569704,0.07115901520263351,0.0537331948934208,-15971303.141858887,0.014726908572638326,0,0,0,0,0,0,0,0
-0.16552773388606018,-0.07844271409534748,-1.413,-0.0020943951023931202,0.044051963806152346,-0.013947662353515624,0,0,0.5,0,0.16552773388606018,0.07844271409534748,1.913,0.0020943951023931202,0.05383370662242046,0.046714489967339595,-15971302.62433856,0.009694762854599769,0,0,0,0,0,0,0,0
-0.1589054430081259,-0.07819911152413134,-1.414,-0.006003932626860886,0.09932649230957032,0.0038620758056640623,0,0,0.5,0,0.1589054430081259,0.07819911152413134,1.914,0.006003932626860886,0.03323490520850449,0.041287286466626855,-15971302.97014406,0.017447435605481388,0,0,0,0,0,0,0,0
-0.1496142536268733,-0.07618266842660361,-1.367,-0.007487462491055973,0.13918373107910156,0.03108285140991211,0,0,0.5,0,0.1496142536268733,0.07618266842660361,1.867,0.007487462491055973,0.01394629500509307,0.030400640520897592,-15971303.27640106,0.006841401353666831,0,0,0,0,0,0,0,0
-0.14641045866233085,-0.08487321174649168,-1.379,-0.004450589592585318,0.04903162002563476,-0.1299946746826172,0,0,0.5,0,0.14641045866233085,0.08487321174649168,1.879,0.004450589592585318,0.04560291613168753,0.09205687001110267,-15971302.941560471,-0.016703361257772095,0,0,0,0,0,0,0,0
-0.1406826395528876,-0.09223179062878374,-1.351,0.00013962634015912776,0.08640768432617188,-0.10999520874023437,0,0,0.5,0,0.1406826395528876,0.09223179062878374,1.851,-0.00013962634015912776,0.03008115990439183,0.08913963450752832,-15971303.167222587,-0.02844884210274827,0,0,0,0,0,0,0,0
-0.13465684135063907,-0.09840706118592836,-1.365,0.0027401669256307834,0.09037403869628906,-0.09264167785644531,0,0,0.5,0,0.13465684135063907,0.09840706118592836,1.865,-0.0027401669256307834,0.026358611308791052,0.08647518584216606,-15971302.917791741,-0.02187562502892087,0,0,0,0,0,0,0,0
-0.12946781623364603,-0.10430031489157053,-1.371,0.0009250245035569713,0.07759285736083985,-0.08861175537109375,0,0,0.5,0,0.12946781623364603,0.10430031489157053,1.871,-0.0009250245035569713,0.029073143148192655,0.0885952031265602,-15971302.943087183,-0.0000012913406294313978,0,0,0,0,0,0,0,0
-0.12456611517270831,-0.10868169820220543,-1.381,-0.0047822021504644865,0.07346469116210938,-0.06578873443603515,0,0,0.5,0,0.12456611517270831,0.10868169820220543,1.881,0.0047822021504644865,0.029006504629776726,0.0831993960010817,-15971302.901205784,0.02396242311911672,0,0,0,0,0,0,0,0
-0.11923921389299375,-0.1121422543120166,-1.382,-0.012671090369479165,0.08015084075927735,-0.051525634765625,0,0,0.5,0,0.11923921389299375,0.1121422543120166,1.882,0.012671090369479165,0.02489276193080754,0.08077521854946147,-15971302.935715156,0.041825550680689126,0,0,0,0,0,0,0,0
-0.11349131340223521,-0.11456079565111837,-1.388,-0.01916371518689758,0.08667125701904296,-0.035182754516601564,0,0,0.5,0,0.11349131340223521,0.11456079565111837,1.888,0.01916371518689758,0.020508267070439498,0.0771104253660342,-15971302.891739579,0.04197734599341377,0,0,0,0,0,0,0,0
-0.1071489888153712,-0.11649090668043263,-1.34,-0.020664698343612786,0.09567218780517578,-0.02712332344055176,0,0,0.5,0,0.1071489888153712,0.11649090668043263,1.84,0.020664698343612786,0.014853440626339047,0.07619638955287457,-15971303.20879281,0.02056942536778065,0,0,0,0,0,0,0,0
-0.09972041776629148,-0.11801626025185546,-1.349,-0.02221804137788791,0.11187755584716796,-0.02057294464111328,0,0,0.5,0,0.09972041776629148,0.11801626025185546,1.849,0.02221804137788791,0.006157745796303007,0.07563026071703305,-15971302.891473465,0.022500872793077643,0,0,0,0,0,0,0,0
-0.09085487651774474,-0.11853941179278389,-1.319,-0.023858650874762743,0.1331246337890625,-0.004890954971313476,0,0,0.5,0,0.09085487651774474,0.11853941179278389,1.819,0.023858650874762743,-0.005657880425792438,0.07106919779613562,-15971303.120585931,0.024702178454356474,0,0,0,0,0,0,0,0
-0.08028945342820763,-0.11903397763311704,-1.335,-0.023945917337362455,0.15861322021484375,-0.0036355838775634767,0,0,0.5,0,0.08028945342820763,0.11903397763311704,1.835,0.023945917337362455,-0.019537582811261667,0.07193467122873105,-15971302.848218124,0.01777553422083733,0,0,0,0,0,0,0,0
-0.06856215851087669,-0.11936613117398666,-1.39,-0.025359634031477955,0.17597828674316407,-0.0007689647674560547,0,0,0.5,0,0.06856215851087669,0.11936613117398666,1.89,0.025359634031477955,-0.031173695450015033,0.07200102058644682,-15971302.582111875,0.025471571948512895,0,0,0,0,0,0,0,0
-0.05509867098726943,-0.11930470471960014,-1.338,-0.027174776453551767,0.201864013671875,0.006041988372802735,0,0,0.5,0,0.05509867098726943,0.11930470471960014,1.838,0.027174776453551767,-0.046704440477455256,0.0706707544761926,-15971303.178833717,0.029284740324997813,0,0,0,0,0,0,0,0
-0.04136777071060248,-0.1195711314121215,-1.349,-0.03358013480837091,0.2059960479736328,0.0016013984680175782,0,0,0.5,0,0.04136777071060248,0.1195711314121215,1.849,0.03358013480837091,-0.05464366032820373,0.07331686756629689,-15971302.82857779,0.05644683330155334,0,0,0,0,0,0,0,0
-0.02798683011560924,-0.1202279482354402,-1.406,-0.040875611081707286,0.20093173217773438,-0.00310795783996582,0,0,0.5,0,0.02798683011560924,0.1202279482354402,1.906,0.040875611081707286,-0.059171443179354924,0.07656947713883126,-15971302.515593985,0.06821550192928744,0,0,0,0,0,0,0,0
-0.014684184387864358,-0.12030285961495452,-1.344,-0.04399975044277721,0.19941893005371095,0.0070313034057617185,0,0,0.5,0,0.014684184387864358,0.12030285961495452,1.844,0.04399975044277721,-0.0652624974993692,0.07425532094900172,-15971303.193775715,0.052363162004851374,0,0,0,0,0,0,0,0
-0.0028767370074687577,-0.11995222584286222,-1.399,-0.048432886742842796,0.17670895385742189,0.01304477310180664,0,0,0.5,0,0.0028767370074687577,0.11995222584286222,1.899,0.048432886742842796,-0.06305808017084372,0.07256943612050401,-15971302.507610966,0.06313822870959637,0,0,0,0,0,0,0,0
0.005758806804762503,-0.12003945904466391,-1.381,-0.053476888281106805,0.1294446105957031,0.004964248657226562,0,0,0.5,0,-0.005758806804762503,0.12003945904466391,1.881,0.053476888281106805,-0.05030573805214642,0.07575077094133387,-15971302.902802888,0.07133281503914247,0,0,0,0,0,0,0,0
0.011281194901931586,-0.11970014394570509,-1.196,-0.057892571288652266,0.08244535064697266,0.009510141372680664,0,0,0.5,0,-0.011281194901931586,0.11970014394570509,1.696,0.057892571288652266,-0.03710127251430193,0.07420075884693084,-15971303.898199912,0.07335516069134917,0,0,0,0,0,0,0,0
0.016541792806989315,-0.11907699544882132,-1.202,-0.05998696639104489,0.0782359390258789,0.013897259712219239,0,0,0.5,0,-0.016541792806989315,0.11907699544882132,1.702,0.05998696639104489,-0.038364823921939704,0.07306448037688752,-15971302.8215851,0.0647671244081336,0,0,0,0,0,0,0,0
0.019494195890817582,-0.11820781093056477,-1.22,-0.06309365245959514,0.043424762725830075,0.015669309616088867,0,0,0.5,0,-0.019494195890817582,0.11820781093056477,1.72,0.06309365245959514,-0.027529401082039988,0.07207625439263889,-15971302.731448216,0.07294593463944521,0,0,0,0,0,0,0,0
0.020277184472022685,-0.11859972925084922,-1.261,-0.06325073209227444,0.012092126846313476,-0.005126544952392578,0,0,0.5,0,-0.020277184472022685,0.11859972925084922,1.761,0.06325073209227444,-0.016368689652389357,0.07983239180436064,-15971302.563488813,0.059900065356359854,0,0,0,0,0,0,0,0
0.019927255671046595,-0.11989459939175132,-1.31,-0.06574655292262671,-0.004010732650756836,-0.01971599006652832,0,0,0.5,0,-0.019927255671046595,0.11989459939175132,1.81,0.06574655292262671,-0.010318504695836807,0.08605523902624408,-15971302.470080271,0.07345221903486569,0,0,0,0,0,0,0,0
0.018127914735836748,-0.12143909682717824,-1.37,-0.07162831250184713,-0.025409717559814454,-0.024890636444091795,0,0,0.5,0,-0.018127914735836748,0.12143909682717824,1.87,0.07162831250184713,-0.00197476312399323,0.08893997880664452,-15971302.352289585,0.09495510418430952,0,0,0,0,0,0,0,0
0.014417242362367352,-0.12200585838863591,-1.439,-0.07714355293814948,-0.05490893936157227,-0.012463053703308106,0,0,0.5,0,-0.014417242362367352,0.12200585838863591,1.939,0.07714355293814948,0.010396563808212952,0.08455834522980732,-15971302.235091235,0.09919364674475702,0,0,0,0,0,0,0,0
0.008404660311862714,-0.1234105571899179,-1.46,-0.08257152691185168,-0.08829666137695312,-0.027958396911621095,0,0,0.5,0,-0.008404660311862714,0.1234105571899179,1.96,0.08257152691185168,0.025723581910733016,0.09057026773397882,-15971302.464081025,0.104737926439048,0,0,0,0,0,0,0,0
0.0012608938820226326,-0.1241461921524996,-1.477,-0.08461356213668528,-0.10588130187988282,-0.019834953308105467,0,0,0.5,0,-0.0012608938820226326,0.1241461921524996,1.977,0.08461356213668528,0.035355044886329165,0.08813999321147706,-15971302.459224237,0.09169590359312652,0,0,0,0,0,0,0,0
-0.0068709020231685295,-0.12544360079814307,-1.514,-0.08389797714336747,-0.11989584350585937,-0.029700098037719728,0,0,0.5,0,0.0068709020231685295,0.12544360079814307,2.0140000000000002,0.08389797714336747,0.04475933407881237,0.09262479957787487,-15971302.30896118,0.07880050317253934,0,0,0,0,0,0,0,0
-0.014758784161366872,-0.12668793380075682,-1.513,-0.08201302155121362,-0.11633794403076173,-0.028514362335205077,0,0,0.5,0,0.014758784161366872,0.12668793380075682,2.013,0.08201302155121362,0.047540653819632434,0.09384759559731028,-15971302.488621652,0.07240372053094249,0,0,0,0,0,0,0,0
-0.022671354501187416,-0.12624695370845704,-1.54,-0.08592255907568094,-0.11883150482177735,-0.0031306304931640627,0,0,0.5,0,0.022671354501187416,0.12624695370845704,2.04,0.08592255907568094,0.051752341299521956,0.08489733945695926,-15971302.296392836,0.10487172827448787,0,0,0,0,0,0,0,0
-0.030771670373946854,-0.12436239762847608,-1.531,-0.08595746566072074,-0.1234823989868164,0.017736900329589845,0,0,0.5,0,0.030771670373946854,0.12436239762847608,2.0309999999999997,0.08595746566072074,0.056987126551801444,0.07699644033668433,-15971302.48420824,0.08758233291179393,0,0,0,0,0,0,0,0
-0.037424153086950296,-0.12068553266900775,-1.52,-0.0812799832653757,-0.10415379333496094,0.0463824462890625,0,0,0.5,0,0.037424153086950296,0.12068553266900775,2.02,0.0812799832653757,0.052738979628172644,0.06630351966394657,-15971302.49061172,0.06169888462368252,0,0,0,0,0,0,0,0
-0.04193594375714613,-0.11426678482612276,-1.54,-0.07548549014875497,-0.07527055358886718,0.09046863555908204,0,0,0.5,0,0.04193594375714613,0.11426678482612276,2.04,0.07548549014875497,0.043725991970588275,0.04909375601750431,-15971302.294493644,0.051258445197462275,0,0,0,0,0,0,0,0
-0.043014716775934186,-0.10437617589373686,-1.544,-0.06829473363053798,-0.02732384490966797,0.14671633911132811,0,0,0.5,0,0.043014716775934186,0.10437617589373686,2.044,0.06829473363053798,0.026616288894369323,0.026744317688747972,-15971302.361194333,0.03829742675011667,0,0,0,0,0,0,0,0
-0.042106193761715476,-0.0897895224710087,-1.512,-0.05937610115284733,-0.0013351845741271973,0.2192197265625,0,0,0.5,0,0.042106193761715476,0.0897895224710087,2.012,0.05937610115284733,0.015566389120474672,-0.005609172094408171,-15971302.570690133,0.02168792238370009,0,0,0,0,0,0,0,0
-0.04029413398296771,-0.07169199723003672,-1.527,-0.051207960253513846,0.011024059295654297,0.2725974426269531,0,0,0.5,0,0.04029413398296771,0.07169199723003672,2.027,0.051207960253513846,0.010062962333422253,-0.033037814181794016,-15971302.292486459,0.01734298696866263,0,0,0,0,0,0,0,0
-0.03873384844807771,-0.04939889270606739,-1.54,-0.047350782606605996,0.006257320404052734,0.3351561889648437,0,0,0.5,0,0.03873384844807771,0.04939889270606739,2.04,0.047350782606605996,0.010832581835077652,-0.06504852677276099,-15971302.278200237,0.03256915547342931,0,0,0,0,0,0,0,0
-0.039043667888463335,-0.024537139970576667,-1.536,-0.04403465702781698,-0.02229383659362793,0.372288330078125,0,0,0.5,0,0.039043667888463335,0.024537139970576667,2.036,0.04403465702781698,0.02195482349397347,-0.09199204371678499,-15971302.36650942,0.0321926672959458,0,0,0,0,0,0,0,0
-0.04010757975665839,0.00029754959759572056,-1.533,-0.039374627924992495,-0.032341712951660155,0.37145672607421876,0,0,0.5,0,0.04010757975665839,-0.00029754959759572056,2.033,0.039374627924992495,0.026584957750320597,-0.10418848497841166,-15971302.349798907,0.021977341426054262,0,0,0,0,0,0,0,0
-0.040628836007907745,0.02450786826125618,-1.492,-0.028955012290586196,-0.022108173370361327,0.3625655212402344,0,0,0.5,0,0.040628836007907745,-0.02450786826125618,1.992,0.028955012290586196,0.024032490282057412,-0.11284586664464988,-15971302.584637536,-0.016099419411982823,0,0,0,0,0,0,0,0
-0.04115892250675459,0.047993960253278845,-1.527,-0.025237460983838417,-0.018147140502929687,0.35191351318359376,0,0,0.5,0,0.04115892250675459,-0.047993960253278845,2.027,0.025237460983838417,0.02461089123371691,-0.12092486150528381,-15971302.134345017,0.011291759408604437,0,0,0,0,0,0,0,0
-0.040715295292579175,0.07107736806840283,-1.516,-0.02157226955465011,-0.002085282325744629,0.34630877685546874,0,0,0.5,0,0.040715295292579175,-0.07107736806840283,2.016,0.02157226955465011,0.019412094995126403,-0.13068524781582144,-15971302.377697576,0.008020360577017622,0,0,0,0,0,0,0,0
-0.03865578611715567,0.09279807393982371,-1.551,-0.01801179788058163,0.023857521057128905,0.32640115356445315,0,0,0.5,0,0.03865578611715567,-0.09279807393982371,2.051,0.01801179788058163,0.009939393553737358,-0.13474057008734966,-15971302.088787518,0.00507185906882056,0,0,0,0,0,0,0,0
-0.035791637989959255,0.11357166781194507,-1.585,-0.010629055144645544,0.037343009948730466,0.3123271484375,0,0,0.5,0,0.035791637989959255,-0.11357166781194507,2.085,0.010629055144645544,0.004553380553129032,-0.14087110566193792,-15971302.052955799,-0.01932958335515688,0,0,0,0,0,0,0,0
-0.03334277751475311,0.1326980115463412,-1.488,-0.003298672286269372,0.03368146514892578,0.2872693786621094,0,0,0.5,0,0.03334277751475311,-0.1326980115463412,1.988,0.003298672286269372,0.005821284791962854,-0.14221394131239767,-15971302.83392845,-0.02636996055969202,0,0,0,0,0,0,0,0
-0.03129406506353793,0.1493282835003255,-1.465,-0.000034906585040267446,0.02990765380859375,0.24955409240722656,0,0,0.5,0,0.03129406506353793,-0.1493282835003255,1.965,0.000034906585040267446,0.007161641510839866,-0.13800527623838169,-15971302.44101966,-0.010853889865833674,0,0,0,0,0,0,0,0
-0.029466279217914077,0.16274376841279134,-1.442,-0.0016580627893945374,0.027409763336181642,0.20123323059082032,0,0,0.5,0,0.029466279217914077,-0.16274376841279134,1.942,0.0016580627893945374,0.007634824506280592,-0.12841686110130965,-15971302.44672191,0.013329792668603086,0,0,0,0,0,0,0,0
-0.02772864595078918,0.17208622689259676,-1.445,-0.005969026041820619,0.025832107543945312,0.14017990112304687,0,0,0.5,0,0.02772864595078918,-0.17208622689259676,1.945,0.005969026041820619,0.007437328340664639,-0.11224460703470648,-15971302.29168916,0.030070807258523593,0,0,0,0,0,0,0,0
-0.02580503380783248,0.1774661142087886,-1.447,-0.010541788682045833,0.028371980667114258,0.08086910247802734,0,0,0.5,0,0.02580503380783248,-0.1774661142087886,1.947,0.010541788682045833,0.0056833286554652685,-0.0954055524196003,-15971302.28227484,0.035871117192846,0,0,0,0,0,0,0,0
-0.02426193517148934,0.17859362199236486,-1.446,-0.012618730491919222,0.022966907501220702,0.017155677795410156,0,0,0.5,0,0.02426193517148934,-0.17859362199236486,1.946,0.012618730491919222,0.0071834542152094455,-0.07346656374366878,-15971302.287478557,0.026136153541203924,0,0,0,0,0,0,0,0
-0.02312142782380798,0.17707332980622284,-1.433,-0.017208946424664556,0.017394002914428712,-0.022586696624755858,0,0,0.5,0,0.02312142782380798,-0.17707332980622284,1.933,0.017208946424664556,0.008904519442762701,-0.05983875511575433,-15971302.348714221,0.04224877409355555,0,0,0,0,0,0,0,0
-0.021658823319389054,0.17382000559693642,-1.456,-0.018692476288859644,0.02277557182312012,-0.04841510772705078,0,0,0.5,0,0.021658823319389054,-0.17382000559693642,1.956,0.018692476288859644,0.0065843837012586484,-0.05002078545731693,-15971302.123828817,0.02951043249595307,0,0,0,0,0,0,0,0
-0.01995482057709033,0.17070490578118463,-1.44,-0.016842427281745592,0.026428958892822266,-0.046240581512451175,0,0,0.5,0,0.01995482057709033,-0.17070490578118463,1.94,0.016842427281745592,0.004567790007266231,-0.050327226707375695,-15971302.333966818,0.012390123288632073,0,0,0,0,0,0,0,0
-0.01881816773657076,0.16719401667568334,-1.448,-0.012391837689160329,0.01793431091308594,-0.052368721008300784,0,0,0.5,0,0.01881816773657076,-0.16719401667568334,1.948,0.012391837689160329,0.0070931212414796704,-0.04763618755362677,-15971302.189168883,-0.003606743093037424,0,0,0,0,0,0,0,0
-0.018907691922824252,0.16235432271323183,-1.441,-0.007906341511534382,-0.000443192183971405,-0.07260647583007812,0,0,0.5,0,0.018907691922824252,-0.16235432271323183,1.941,0.007906341511534382,0.014068814385717185,-0.03887216863619709,-15971302.265851866,-0.008194521839708247,0,0,0,0,0,0,0,0
-0.01835210418797695,0.15706317058134578,-1.436,-0.007033676885537272,0.008961053848266601,-0.07929891204833985,0,0,0.5,0,0.01835210418797695,-0.15706317058134578,1.936,0.007033676885537272,0.010438435280495522,-0.034833770818813926,-15971302.246482385,0.007655975755448987,0,0,0,0,0,0,0,0
-0.017605907463692273,0.15006091205565253,-1.463,-0.010157816246607193,0.011931442260742187,-0.10495255279541016,0,0,0.5,0,0.017605907463692273,-0.15006091205565253,1.963,0.010157816246607193,0.009173193109787295,-0.02327210197060092,-15971302.042318715,0.02900413789415967,0,0,0,0,0,0,0,0
-0.014444582333277434,0.14074295087709507,-1.495,-0.017819811662862086,0.048837158203125,-0.13928053283691405,0,0,0.5,0,0.014444582333277434,-0.14074295087709507,1.995,0.017819811662862086,-0.005307842935050062,-0.007089065805046337,-15971301.976932138,0.05770101162505098,0,0,0,0,0,0,0,0
-0.011392248368762587,0.12996511085089504,-1.486,-0.02206096174520858,0.04865847396850586,-0.16082609558105468,0,0,0.5,0,0.011392248368762587,-0.12996511085089504,1.986,0.02206096174520858,-0.006178099697664655,0.005019214987457412,-15971302.184974892,0.046758544385291825,0,0,0,0,0,0,0,0
-0.008611905688122375,0.11745445157548859,-1.478,-0.020228366030614647,0.04583461380004883,-0.18669424438476562,0,0,0.5,0,0.008611905688122375,-0.11745445157548859,1.978,0.020228366030614647,-0.005994195264513158,0.020121946610219918,-15971302.173332736,0.016136561020142094,0,0,0,0,0,0,0,0
-0.004431942055371479,0.10513547708458142,-1.453,-0.014294246573833852,0.06642426300048829,-0.1834785919189453,0,0,0.5,0,0.004431942055371479,-0.10513547708458142,1.953,0.014294246573833852,-0.015463364705134153,0.02453037687026567,-15971302.270511951,-0.008326923552257035,0,0,0,0,0,0,0,0
0.000636192379156273,0.09398268765141933,-1.46,-0.005026548245743473,0.07840547943115235,-0.1661881103515625,0,0,0.5,0,-0.000636192379156273,-0.09398268765141933,1.96,0.005026548245743473,-0.022842469595651317,0.023092018925148068,-15971302.07739035,-0.033158946296188443,0,0,0,0,0,0,0,0
0.006876869577174622,0.08450635443953854,-1.492,0.004939281783143706,0.09432347106933593,-0.14167266845703125,0,0,0.5,0,-0.006876869577174622,-0.08450635443953854,1.992,-0.004939281783143706,-0.032205631105505915,0.01835087354902994,-15971301.906172993,-0.04629781425846177,0,0,0,0,0,0,0,0
0.013276403847651845,0.07776863734971119,-1.489,0.009407324668249534,0.09549265289306641,-0.10153865814208984,0,0,0.5,0,-0.013276403847651845,-0.07776863734971119,1.989,-0.009407324668249534,-0.03629156606686844,0.007072178846585054,-15971302.07518465,-0.02655969232411402,0,0,0,0,0,0,0,0
0.020098861702121162,0.0717866024653742,-1.485,0.01040216234188615,0.10148822784423828,-0.09068925476074219,0,0,0.5,0,-0.020098861702121162,-0.0717866024653742,1.985,-0.01040216234188615,-0.04219373016242405,0.005333627111107041,-15971302.071710411,-0.010810107739082652,0,0,0,0,0,0,0,0
0.026860633396032087,0.06525904378933628,-1.458,0.0110653874576436,0.10040259552001952,-0.09896311950683594,0,0,0.5,0,-0.026860633396032087,-0.06525904378933628,1.958,-0.0110653874576436,-0.045400462734672554,0.011089443900264756,-15971302.204341816,-0.010012582893784719,0,0,0,0,0,0,0,0
0.032726325443394086,0.060435332894461916,-1.435,0.00659734457253866,0.08717936706542968,-0.0733248062133789,0,0,0.5,0,-0.032726325443394086,-0.060435332894461916,1.935,-0.00659734457253866,-0.04377800820294602,0.0040509514893841084,-15971302.188682795,0.017721118434086015,0,0,0,0,0,0,0,0
0.03774630222613511,0.05679800000443117,-1.449,0.00567232006898119,0.0749380645751953,-0.055055580139160155,0,0,0.5,0,-0.03774630222613511,-0.05679800000443117,1.949,-0.00567232006898119,-0.04196318120936035,-0.0008995796543721478,-15971301.965629024,0.0022538739973394575,0,0,0,0,0,0,0,0
0.04167275355080735,0.05404676732482895,-1.447,0.006370451769779323,0.05866173553466797,-0.04160190582275391,0,0,0.5,0,-0.04167275355080735,-0.05404676732482895,1.947,-0.006370451769779323,-0.03848001428580182,-0.00452417498139246,-15971302.037759515,-0.0057524645907107725,0,0,0,0,0,0,0,0
0.04644562245027319,0.051607858994902576,-1.463,0.007941248096574122,0.07135852813720703,-0.037038959503173825,0,0,0.5,0,-0.04644562245027319,-0.051607858994902576,1.963,-0.007941248096574122,-0.04584634147990261,-0.005372668165313352,-15971301.912643015,-0.011523888610163948,0,0,0,0,0,0,0,0
0.05360189844074285,0.04984762597446289,-1.481,0.009424777960769208,0.10713108062744141,-0.027255100250244142,0,0,0.5,0,-0.05360189844074285,-0.04984762597446289,1.981,-0.009424777960769208,-0.06258336440805376,-0.008476687493864585,-15971301.874655785,-0.01266108977012365,0,0,0,0,0,0,0,0
0.06009345122018588,0.04831751948030496,-1.521,0.013142329267516987,0.09715265655517578,-0.0238682861328125,0,0,0.5,0,-0.06009345122018588,-0.04831751948030496,2.021,-0.013142329267516987,-0.06267928812045458,-0.00925594716918958,-15971301.712782519,-0.026607755451418837,0,0,0,0,0,0,0,0
0.06602713021649143,0.04796872765466671,-1.564,0.020036379812894606,0.08892874145507812,-0.006401127338409424,0,0,0.5,0,-0.06602713021649143,-0.04796872765466671,2.064,-0.020036379812894606,-0.06305208375292082,-0.015755406697742044,-15971301.648952423,-0.0482704025180609,0,0,0,0,0,0,0,0
0.07111666513449397,0.04832342481835396,-1.603,0.025534166956676846,0.07643429565429688,0.003789854049682617,0,0,0.5,0,-0.07111666513449397,-0.04832342481835396,2.1029999999999998,-0.025534166956676846,-0.061856134104135534,-0.019787222759868696,-15971301.623167923,-0.0479437005686993,0,0,0,0,0,0,0,0
0.0759997341541855,0.04791127124040475,-1.641,0.02930407814098454,0.07306431579589844,-0.00805036163330078,0,0,0.5,0,-0.0759997341541855,-0.04791127124040475,2.141,-0.02930407814098454,-0.06356173323166663,-0.015474698522188739,-15971301.585561428,-0.043383117780188246,0,0,0,0,0,0,0,0
0.08022624403693442,0.04669754288840009,-1.699,0.0349763982099662,0.06283699798583985,-0.020055652618408203,0,0,0.5,0,-0.08022624403693442,-0.04669754288840009,2.199,-0.0349763982099662,-0.06258435352309777,-0.010786970505782837,-15971301.415898427,-0.05817867702040217,0,0,0,0,0,0,0,0
0.08336798828182676,0.045581688418793946,-1.677,0.03881612256435394,0.04651203155517578,-0.018375547409057617,0,0,0.5,0,-0.08336798828182676,-0.045581688418793946,2.177,-0.03881612256435394,-0.05884586115827528,-0.011055963985643218,-15971301.850045659,-0.053800092999949874,0,0,0,0,0,0,0,0
0.08592836485040069,0.0442577423769208,-1.701,0.042463860701021684,0.037606056213378904,-0.02133461570739746,0,0,0.5,0,-0.08592836485040069,-0.0442577423769208,2.201,-0.042463860701021684,-0.05770932341510232,-0.009628385466273115,-15971301.579195753,-0.056877185060366986,0,0,0,0,0,0,0,0
0.08798000319774286,0.041581069209953705,-1.696,0.04886921905584127,0.029042417526245118,-0.041420318603515624,0,0,0.5,0,-0.08798000319774286,-0.041581069209953705,2.1959999999999997,-0.04886921905584127,-0.056456630496837565,-0.001045290444321811,-15971301.730456313,-0.07670176746476279,0,0,0,0,0,0,0,0
0.08929721583661603,0.039030922312485644,-1.693,0.05297074279802769,0.017865989685058595,-0.03917171859741211,0,0,0.5,0,-0.08929721583661603,-0.039030922312485644,2.193,-0.05297074279802769,-0.053736787809456496,-0.00071350126533821,-15971301.707822833,-0.07050118825543661,0,0,0,0,0,0,0,0
0.09081444771543894,0.035758513554922655,-1.716,0.05899212871740819,0.02012764358520508,-0.05022225189208984,0,0,0.5,0,-0.09081444771543894,-0.035758513554922655,2.216,-0.05899212871740819,-0.05615779333206463,0.0045687397704622795,-15971301.535093583,-0.08574735586352268,0,0,0,0,0,0,0,0
0.09108669515649698,0.03165695220217049,-1.739,0.06461208890882995,0.00044931507110595705,-0.06165716552734375,0,0,0.5,0,-0.09108669515649698,-0.03165695220217049,2.239,-0.06461208890882995,-0.050181333409731986,0.010865088003377214,-15971301.502214834,-0.08991629563318936,0,0,0,0,0,0,0,0
0.09301922566300623,0.025472460549704347,-1.798,0.06607816548050537,0.022937746047973634,-0.09444547271728515,0,0,0.5,0,-0.09301922566300623,-0.025472460549704347,2.298,-0.06607816548050537,-0.060437473988895,0.024646929474501846,-15971301.251756182,-0.0732207056626824,0,0,0,0,0,0,0,0
0.09862921577209507,0.015358687005853106,-1.788,0.062412974051317065,0.07394900512695313,-0.15693194580078124,0,0,0.5,0,-0.09862921577209507,-0.015358687005853106,2.2880000000000003,-0.062412974051317065,-0.08396685125763889,0.051061416917761934,-15971301.622424731,-0.04591386712594732,0,0,0,0,0,0,0,0
0.10341635877439463,0.0066016359911971,-1.85,0.06012659273120446,0.06347434997558593,-0.13557879638671874,0,0,0.5,0,-0.10341635877439463,-0.0066016359911971,2.35,-0.06012659273120446,-0.0825863556856609,0.04806314237199057,-15971301.170058923,-0.05038947836284262,0,0,0,0,0,0,0,0
0.10656760635941828,-0.0011872140095005503,-1.919,0.05977752688080605,0.04016277313232422,-0.11946202087402344,0,0,0.5,0,-0.10656760635941828,0.0011872140095005503,2.419,-0.05977752688080605,-0.07603575973337197,0.04672658042573851,-15971301.061667366,-0.059371556915248785,0,0,0,0,0,0,0,0
0.10689737514650266,-0.008933700198578946,-1.975,0.06243042734383718,-0.0020041542053222654,-0.11628526306152344,0,0,0.5,0,-0.10689737514650266,0.008933700198578946,2.475,-0.06243042734383718,-0.06170182717405848,0.05040460365965798,-15971301.070961867,-0.07627686236841555,0,0,0,0,0,0,0,0
0.10454437812763842,-0.017098668764624396,-2.002,0.0658687259702657,-0.04286736679077149,-0.12003388214111328,0,0,0.5,0,-0.10454437812763842,0.017098668764624396,2.502,-0.0658687259702657,-0.04721921029806464,0.05676039834793832,-15971301.184181454,-0.08366167135276303,0,0,0,0,0,0,0,0
0.09885533577609716,-0.025006424644221315,-2.079,0.07077310116837009,-0.09295803833007812,-0.11274222564697266,0,0,0.5,0,-0.09885533577609716,0.025006424644221315,2.579,-0.07077310116837009,-0.02707241717037412,0.059466126452746515,-15971300.836837435,-0.09577663974295655,0,0,0,0,0,0,0,0
0.09091247083904361,-0.03188487754897562,-2.094,0.07225663103256516,-0.12614076232910157,-0.09449342346191406,0,0,0.5,0,-0.09091247083904361,0.03188487754897562,2.594,-0.07225663103256516,-0.011382649418495434,0.05745840442847136,-15971301.147346335,-0.08168265224749474,0,0,0,0,0,0,0,0
0.0825572549231387,-0.0377538982534376,-2.172,0.0707032879982896,-0.1313568115234375,-0.07875767517089843,0,0,0.5,0,-0.0825572549231387,0.0377538982534376,2.672,-0.0707032879982896,-0.005548466644685866,0.05518383664663996,-15971300.728601065,-0.06657759249558957,0,0,0,0,0,0,0,0
0.07238256964977886,-0.04248832203027973,-2.154,0.07173303225696645,-0.15725587463378907,-0.060057159423828124,0,0,0.5,0,-0.07238256964977886,0.04248832203027973,2.654,-0.07173303225696645,0.008832464256120158,0.05170246767918395,-15971301.242614642,-0.07999219614718413,0,0,0,0,0,0,0,0
0.06031439161099477,-0.04569151012816127,-2.099,0.07515387759087575,-0.18400079345703124,-0.0349500846862793,0,0,0.5,0,-0.06031439161099477,0.04569151012816127,2.599,-0.07515387759087575,0.02431339857317648,0.04560047181307627,-15971301.462300673,-0.09461153535400506,0,0,0,0,0,0,0,0
0.0483256400021941,-0.04810779836781962,-2.112,0.07780677805390687,-0.18204499816894532,-0.02263971710205078,0,0,0.5,0,-0.0483256400021941,0.04810779836781962,2.612,-0.07780677805390687,0.029525762987442795,0.04280541512043453,-15971301.063350473,-0.09415416833285808,0,0,0,0,0,0,0,0
0.03671192862564616,-0.04997681514562418,-2.088,0.0796393737685008,-0.17585775756835936,-0.014409723281860352,0,0,0.5,0,-0.03671192862564616,0.04997681514562418,2.588,-0.0796393737685008,0.03311313680578721,0.04125657278868211,-15971301.25531165,-0.09290308942642528,0,0,0,0,0,0,0,0
0.025629034970804532,-0.05101047194815041,-2.073,0.07962192047598156,-0.16694998168945313,-0.0022301788330078127,0,0,0.5,0,-0.025629034970804532,0.05101047194815041,2.573,-0.07962192047598156,0.03546477499126531,0.03737071998400986,-15971301.200506099,-0.08442749611164532,0,0,0,0,0,0,0,0
0.015117049874184536,-0.05061518411952919,-2.092,0.07934266779566186,-0.1567086181640625,0.018452037811279298,0,0,0.5,0,-0.015117049874184536,0.05061518411952919,2.592,-0.07934266779566186,0.037514219758020315,0.029809042207279146,-15971300.985442925,-0.08345657347643715,0,0,0,0,0,0,0,0
0.004278705656873639,-0.04843861298940188,-2.111,0.0813847030204959,-0.15947599792480469,0.04543147277832031,0,0,0.5,0,-0.004278705656873639,0.04843861298940188,2.611,-0.0813847030204959,0.04457327716388276,0.01974737558600601,-15971300.952812875,-0.09643087183449219,0,0,0,0,0,0,0,0
-0.009213509599550146,-0.04619218661724142,-2.082,0.08175122216341399,-0.19897401428222655,0.0500375862121582,0,0,0.5,0,0.009213509599550146,0.04619218661724142,2.582,-0.08175122216341399,0.06584853340985981,0.01854496010379828,-15971301.221895274,-0.08946544430401777,0,0,0,0,0,0,0,0
-0.023560692708487888,-0.04654445908343803,-2.094,0.0803549587618186,-0.21492050170898438,0.012307466506958008,0,0,0.5,0,0.023560692708487888,0.04654445908343803,2.594,-0.0803549587618186,0.07773231417382805,0.03301548418042339,-15971300.974704042,-0.08046010655421333,0,0,0,0,0,0,0,0
-0.03719417388644604,-0.04585221559881816,-2.074,0.07969173364606069,-0.2030088653564453,0.026765235900878905,0,0,0.5,0,0.03719417388644604,0.04585221559881816,2.574,-0.07969173364606069,0.08090349768165825,0.02734533497258822,-15971301.146215735,-0.08370028681572327,0,0,0,0,0,0,0,0
-0.05006577966015099,-0.04462038784908336,-2.125,0.07948229413582192,-0.1909903869628906,0.03378890228271485,0,0,0.5,0,0.05006577966015099,0.04462038784908336,2.625,-0.07948229413582192,0.0835204893946353,0.024118003323692207,-15971300.706211293,-0.08610255799817161,0,0,0,0,0,0,0,0
-0.06081047110462267,-0.04342219731930775,-2.086,0.08154178265317474,-0.1592345275878906,0.03071282386779785,0,0,0.5,0,0.06081047110462267,0.04342219731930775,2.586,-0.08154178265317474,0.07848666230908724,0.02399327855713854,-15971301.175955081,-0.09858248404823604,0,0,0,0,0,0,0,0
-0.07313731873447374,-0.04383948627217799,-2.09,0.08288568617721065,-0.18479817199707033,0.008822057723999023,0,0,0.5,0,0.07313731873447374,0.04383948627217799,2.59,-0.08288568617721065,0.09413657220896932,0.033737215741085846,-15971300.91024697,-0.09690862089326895,0,0,0,0,0,0,0,0
-0.08494453034871355,-0.04496895854769093,-2.145,0.07988371986378022,-0.17790280151367188,-0.002220991134643555,0,0,0.5,0,0.08494453034871355,0.04496895854769093,2.645,-0.07988371986378022,0.0978062025807313,0.0383717494880349,-15971300.578516925,-0.07468983981310863,0,0,0,0,0,0,0,0
-0.09762476105459249,-0.04630259377336493,-2.128,0.07585200929167339,-0.1911932373046875,-0.004762728691101074,0,0,0.5,0,0.09762476105459249,0.04630259377336493,2.628,-0.07585200929167339,0.10944054016263452,0.04043453860832105,-15971300.962671982,-0.06641160455148135,0,0,0,0,0,0,0,0
-0.11119185686517749,-0.046651039367089704,-2.187,0.06928957130417496,-0.20331735229492187,0.010209918975830078,0,0,0.5,0,0.11119185686517749,0.046651039367089704,2.687,-0.06928957130417496,0.12149881143131191,0.035853974769887026,-15971300.506224511,-0.049177674046575234,0,0,0,0,0,0,0,0
-0.1247939354139695,-0.04791592720205313,-2.254,0.06724753607934181,-0.20485519409179687,-0.004801866531372071,0,0,0.5,0,0.1247939354139695,0.04791592720205313,2.754,-0.06724753607934181,0.12926411834102386,0.04165841065331248,-15971300.392244969,-0.06813349656094989,0,0,0,0,0,0,0,0
-0.1367682924128985,-0.04942504758506589,-2.328,0.06206390820091817,-0.18073049926757812,-0.01051605224609375,0,0,0.5,0,0.1367682924128985,0.04942504758506589,2.828,-0.06206390820091817,0.1268733890620411,0.04409345999274391,-15971300.27622464,-0.04814947938435722,0,0,0,0,0,0,0,0
-0.14773410613320095,-0.05050590825968959,-2.365,0.049829150144438054,-0.1651761016845703,-0.005979528427124023,0,0,0.5,0,0.14773410613320095,0.05050590825968959,2.865,-0.049829150144438054,0.12775123254255089,0.04261162410850629,-15971300.43075079,-0.003220606404942525,0,0,0,0,0,0,0,0
-0.1573742129298713,-0.05094631397139014,-2.377,0.03324852225049162,-0.14475115966796875,0.0006045074462890625,0,0,0.5,0,0.1573742129298713,0.05094631397139014,2.877,-0.03324852225049162,0.1265478794048361,0.03977026722161152,-15971300.534777947,0.03283981897676573,0,0,0,0,0,0,0,0
-0.1656389629509074,-0.05159699784865809,-2.383,0.019809487010135678,-0.12422718811035156,-0.0056337623596191405,0,0,0.5,0,0.1656389629509074,0.05159699784865809,2.883,-0.019809487010135678,0.12432427998355153,0.04156114196902354,-15971300.543565638,0.03160675728583778,0,0,0,0,0,0,0,0
-0.17080764928832975,-0.05318525787173544,-2.421,0.011641346110801747,-0.07798699188232422,-0.022283491134643556,0,0,0.5,0,0.17080764928832975,0.05318525787173544,2.921,-0.011641346110801747,0.11186225229931168,0.047604078373543336,-15971300.32655806,0.01606851845680457,0,0,0,0,0,0,0,0
-0.17154712938308242,-0.056560775598995514,-2.422,0.009878563566287852,-0.011680870056152344,-0.05050020980834961,0,0,0.5,0,0.17154712938308242,0.056560775598995514,2.922,-0.009878563566287852,0.08987354819305537,0.059131880912232114,-15971300.50268828,-0.011354979949797908,0,0,0,0,0,0,0,0
-0.1690951088318826,-0.060127725670279054,-2.449,0.009232791743049635,0.036249977111816406,-0.053864971160888675,0,0,0.5,0,0.1690951088318826,0.060127725670279054,2.949,-0.009232791743049635,0.07199000182365221,0.0623464377492247,-15971300.318150185,-0.016088507568525427,0,0,0,0,0,0,0,0
-0.1642902392925511,-0.06118188540812086,-2.513,0.007941248096574089,0.07192398071289062,-0.016477148056030275,0,0,0.5,0,0.1642902392925511,0.06118188540812086,3.013,-0.007941248096574089,0.058001882576220146,0.049737364366387225,-15971300.048342915,-0.011872294213510217,0,0,0,0,0,0,0,0
-0.15559921057303372,-0.06042449929978874,-2.578,0.0062133721370995435,0.1304515380859375,0.010325180053710938,0,0,0.5,0,0.15559921057303372,0.06042449929978874,3.078,-0.0062133721370995435,0.03377053641983148,0.03999941442927765,-15971299.97116255,-0.008176579325184345,0,0,0,0,0,0,0,0
-0.1436704971822691,-0.05895560443660604,-2.639,0.0053058009260626374,0.17906414794921874,0.020921241760253905,0,0,0.5,0,0.1436704971822691,0.05895560443660604,3.139,-0.0053058009260626374,0.011624229836760834,0.035885768852172394,-15971299.923058571,-0.011035679332699687,0,0,0,0,0,0,0,0
-0.12934885913186037,-0.055155010619095494,-2.669,0.002949606435869995,0.2151240234375,0.05586829376220703,0,0,0.5,0,0.12934885913186037,0.055155010619095494,3.169,-0.002949606435869995,-0.007749233980667031,0.021599147255115036,-15971300.04840422,-0.0019154805250227152,0,0,0,0,0,0,0,0
-0.1082759804628404,-0.04642495511296466,-2.703,0.004817108735504167,0.3164780578613281,0.13001791381835937,0,0,0.5,0,0.1082759804628404,0.04642495511296466,3.203,-0.004817108735504167,-0.05386622668670858,-0.008979000855738082,-15971299.978956759,-0.02330220983277992,0,0,0,0,0,0,0,0
-0.08094852436712184,-0.03289043913034579,-2.781,0.012095131716320423,0.4108850402832031,0.20104080200195312,0,0,0.5,0,0.08094852436712184,0.03289043913034579,3.281,-0.012095131716320423,-0.10007372749506083,-0.04096271754257208,-15971299.661826225,-0.05522931903064213,0,0,0,0,0,0,0,0
-0.05495121584608759,-0.0184804003057422,-2.744,0.014748032179351995,0.39254541015625,0.21141827392578125,0,0,0.5,0,0.05495121584608759,0.0184804003057422,3.244,-0.014748032179351995,-0.1053632580378409,-0.0527913658107823,-15971300.299452474,-0.03628785581602414,0,0,0,0,0,0,0,0
-0.029863257772731928,-0.0044130484748703715,-2.766,0.015655603390389343,0.3793903198242187,0.20543756103515626,0,0,0.5,0,0.029863257772731928,0.0044130484748703715,3.266,-0.015655603390389343,-0.11287277042838065,-0.05795819273539842,-15971299.95183502,-0.029482372107738526,0,0,0,0,0,0,0,0
-0.007660269875849334,0.008274699090587766,-2.775,0.012374384396639675,0.3359833984375,0.18507908630371095,0,0,0.5,0,0.007660269875849334,-0.008274699090587766,3.275,-0.012374384396639675,-0.1080770084357594,-0.056769712973616666,-15971299.994797569,-0.006655894989968207,0,0,0,0,0,0,0,0
0.012385651462744904,0.019759396620491546,-2.84,0.010716321607245165,0.3027974853515625,0.1685365295410156,0,0,0.5,0,-0.012385651462744904,-0.019759396620491546,3.34,-0.010716321607245165,-0.1065003528198151,-0.05612521081972148,-15971299.619760357,-0.012564367169033207,0,0,0,0,0,0,0,0
0.030311691412620825,0.030122001885445893,-2.82,0.0044156830075454045,0.2705408630371094,0.15254869079589845,0,0,0.5,0,-0.030311691412620825,-0.030122001885445893,3.32,-0.0044156830075454045,-0.10418739321984552,-0.055426592724538315,-15971300.071807664,0.015114365386308094,0,0,0,0,0,0,0,0
0.02748199627685456,0.03241684051074248,-2.798,-0.005113814708343664,-0.04229301452636719,0.034609668731689455,0,0,0.5,0,-0.02748199627685456,-0.03241684051074248,3.298,0.005113814708343664,0.007105027299492098,-0.013996779249211964,-15971300.078174325,0.039322799283124835,0,0,0,0,0,0,0,0
0.03504137385210504,0.02810326078941148,-2.74,-0.01368338133563591,0.11372006225585937,-0.06412299346923828,0,0,0.5,0,-0.03504137385210504,-0.02810326078941148,3.24,0.01368338133563591,-0.05115539013412276,0.022478856650003307,-15971300.290731726,0.04365713761299954,0,0,0,0,0,0,0,0
0.04113988720544325,0.02489082174701314,-2.746,-0.017034413499464725,0.09212847137451172,-0.04693038940429688,0,0,0.5,0,-0.04113988720544325,-0.02489082174701314,3.246,0.017034413499464725,-0.04632870543916611,0.01780069659492018,-15971299.90994527,0.0222547667188283,0,0,0,0,0,0,0,0
0.0463718191048286,0.021010976084946984,-2.799,-0.021432643214490517,0.07945890808105469,-0.056852462768554685,0,0,0.5,0,-0.0463718191048286,-0.021010976084946984,3.299,0.021432643214490517,-0.0445628766053902,0.023185166535056857,-15971299.593197096,0.031611233835237416,0,0,0,0,0,0,0,0
