0.15087586860204652,0.07827068164719249,0.721,-0.025603980126756815,-0.07154857635498046,-0.04293837356567383,0,0,1,0,-0.15087586860204652,-0.07827068164719249,0.279,0.025603980126756815,-0.07543793430102326,-0.039135340823596244,0.22320000000000004,0.1619938015206976,0,0,0,0,0,0,0,0
0.14671156389563564,0.07241075926763209,0.721,-0.021729349187329404,-0.060193782806396486,-0.08946919250488282,0,0,1,0,-0.14671156389563564,-0.07241075926763209,0.279,0.021729349187329404,-0.05581414948923188,-0.010475660058076142,0.22492980000000004,0.14520822683849885,0,0,0,0,0,0,0,0
0.14289267222824983,0.0674728017970068,0.719,-0.0079412480965742,-0.05566049957275391,-0.0752965087890625,0,0,1,0,-0.14289267222824983,-0.0674728017970068,0.281,0.0079412480965742,-0.05227484532873883,-0.007293186413082735,0.23941121111111116,0.0742254066678601,0,0,0,0,0,0,0,0
0.14042199994601723,0.06302875832867007,0.717,0.00466002910282486,-0.0365295524597168,-0.06695285034179688,0,0,1,0,-0.14042199994601723,-0.06302875832867007,0.28300000000000003,-0.00466002910282486,-0.05917884687736541,-0.007807697879616004,0.2429450225806452,-0.05202584732979959,0,0,0,0,0,0,0,0
0.13951467015524133,0.059277099187098566,0.72,0.01233947781159991,-0.01387204074859619,-0.056210853576660155,0,0,1,0,-0.13951467015524133,-0.059277099187098566,0.28,-0.01233947781159991,-0.0685107468728218,-0.010550105407166086,0.21435203333333333,-0.0995767460679592,0,0,0,0,0,0,0,0
0.13819441549800524,0.05581520380895249,0.714,0.00937241808320955,-0.020443065643310547,-0.05168011474609375,0,0,1,0,-0.13819441549800524,-0.05581520380895249,0.28600000000000003,-0.00937241808320955,-0.06629509549576022,-0.010464804988360017,0.2714628677419355,-0.08289490631502064,0,0,0,0,0,0,0,0
0.13850291742938078,0.051125440263667984,0.717,0.003996803987067014,0.003968019008636475,-0.07038673400878906,0,0,1,0,-0.13850291742938078,-0.051125440263667984,0.28300000000000003,-0.003996803987067014,-0.07636702324001808,-0.007017848649508482,0.22393776153846157,-0.046964385346930065,0,0,0,0,0,0,0,0
0.13545783786716425,0.044998219855009756,0.724,-0.0019198621771937623,-0.046043167114257814,-0.09172501373291016,0,0,1,0,-0.13545783786716425,-0.044998219855009756,0.276,0.0019198621771937623,-0.051420707359177066,0.02041869622713207,0.1809688404255319,0.028805369115330486,0,0,0,0,0,0,0,0
0.13355562472097351,0.03899822563005934,0.726,-0.005061454830783556,-0.0283603572845459,-0.09005452728271485,0,0,1,0,-0.13355562472097351,-0.03899822563005934,0.274,0.005061454830783556,-0.06565188724855985,0.004409321103332937,0.22465934102564106,0.054972267759087166,0,0,0,0,0,0,0,0
0.12983322821837645,0.03134998173137442,0.735,-0.0029146998508305304,-0.055254566192626954,-0.11500479888916015,0,0,1,0,-0.12983322821837645,-0.03134998173137442,0.265,0.0029146998508305304,-0.05246422957488364,0.023603131039957766,0.1781032,0.03805011456202331,0,0,0,0,0,0,0,0
0.1270719193598916,0.02530261959224696,0.748,0.0011344640137963143,-0.04115506362915039,-0.09083077239990234,0,0,1,0,-0.1270719193598916,-0.02530261959224696,0.252,-0.0011344640137963143,-0.05696336773711268,0.018118026642831332,0.1458785032258064,-0.020284013566987318,0,0,0,0,0,0,0,0
0.12174231428742388,0.019222311521452203,0.754,0.0009250245035569946,-0.08004749298095704,-0.09111386871337891,0,0,1,0,-0.12174231428742388,-0.019222311521452203,0.246,-0.0009250245035569946,-0.04104465859016807,0.020678234741471985,0.18268206666666664,-0.017703626328090475,0,0,0,0,0,0,0,0
0.11831141577134788,0.013629531785535123,0.762,0.001710422666954443,-0.05154105758666992,-0.08384405517578125,0,0,1,0,-0.11831141577134788,-0.013629531785535123,0.238,-0.001710422666954443,-0.054465898000480864,0.014684631486630483,0.17557436410256408,-0.026670369856086125,0,0,0,0,0,0,0,0
0.11340196941946637,0.00811992919569686,0.769,-0.00012217304763960306,-0.07378294372558594,-0.08251795959472656,0,0,1,0,-0.11340196941946637,-0.00811992919569686,0.23099999999999998,0.00012217304763960306,-0.04084596272091628,0.02290137399717574,0.16843821111111107,0.004591384685095587,0,0,0,0,0,0,0,0
0.10833982818157534,0.0042208327088608015,0.78,-0.002844886680750757,-0.0759249725341797,-0.058495723724365234,0,0,1,0,-0.10833982818157534,-0.0042208327088608015,0.21999999999999997,0.002844886680750757,-0.0376846972293057,0.016226878355639265,0.13779432580645157,0.03744007621976489,0,0,0,0,0,0,0,0
0.10279369419800875,0.00021423411301993173,0.79,-0.003525565089028546,-0.08302069854736328,-0.06033540725708008,0,0,1,0,-0.10279369419800875,-0.00021423411301993173,0.20999999999999996,0.003525565089028546,-0.03332397880899915,0.018476680511932825,0.13765854444444442,0.043196235566461176,0,0,0,0,0,0,0,0
0.09277028391317875,-0.004230387037861811,0.8,-0.0016929693744344998,-0.15011517333984375,-0.067198974609375,0,0,1,0,-0.09277028391317875,0.004230387037861811,0.19999999999999996,0.0016929693744344998,-0.003115537154161095,0.023556941670110222,0.13000248709677414,0.026488628804623868,0,0,0,0,0,0,0,0
0.08702103635817046,-0.007840238993778526,0.81,0.0024434609527920616,-0.08614691925048829,-0.054293701171875,0,0,1,0,-0.08702103635817046,0.007840238993778526,0.18999999999999995,-0.0024434609527920616,-0.0254326494481665,0.020375390971048964,0.12409554444444439,-0.03382961160453443,0,0,0,0,0,0,0,0
0.08112168185655436,-0.01038075469811481,0.82,0.004014257279586958,-0.08858316802978515,-0.037891399383544924,0,0,1,0,-0.08112168185655436,0.01038075469811481,0.18000000000000005,-0.004014257279586958,-0.028584523003078306,0.01307163557679133,0.12818330512820564,-0.04710100913365877,0,0,0,0,0,0,0,0
0.07708108760717322,-0.01326722367527433,0.832,0.002583087292951608,-0.060782230377197266,-0.04305338668823242,0,0,1,0,-0.07708108760717322,0.01326722367527433,0.16800000000000004,-0.002583087292951608,-0.03070378488229756,0.019491959832380605,0.09675476451612904,-0.03510638663605878,0,0,0,0,0,0,0,0
0.07296356426612575,-0.016875874757872018,0.841,-0.0006806784082777885,-0.0619024658203125,-0.053970046997070316,0,0,1,0,-0.07296356426612575,0.016875874757872018,0.15900000000000003,0.0006806784082777885,-0.029039370240670905,0.025156082019063265,0.10829839999999999,0.014429614408920556,0,0,0,0,0,0,0,0
0.07046982221929186,-0.01836528306421694,0.852,-0.004031710572106902,-0.03739091491699219,-0.022366580963134767,0,0,1,0,-0.07046982221929186,0.01836528306421694,0.14800000000000002,0.004031710572106902,-0.037257466287310914,0.014242916476358263,0.08931968888888886,0.04723743505758566,0,0,0,0,0,0,0,0
0.06852399807900258,-0.02245409836155763,0.864,-0.0013788101090755204,-0.028939851760864256,-0.06144940567016602,0,0,1,0,-0.06852399807900258,0.02245409836155763,0.136,0.0013788101090755204,-0.039579034373130345,0.031234070783891614,0.073932064516129,0.02310094336868619,0,0,0,0,0,0,0,0
0.0652731608512582,-0.024391122204719503,0.874,0.0009250245035569946,-0.04872245025634766,-0.0291225643157959,0,0,1,0,-0.0652731608512582,0.024391122204719503,0.126,-0.0009250245035569946,-0.031289120966355194,0.020035468508657325,0.0789122444444444,-0.017703626328090475,0,0,0,0,0,0,0,0
0.06369757067941798,-0.02619133709722791,0.882,0.00322885911618951,-0.02365882110595703,-0.02698134994506836,0,0,1,0,-0.06369757067941798,0.02619133709722791,0.118,-0.00322885911618951,-0.04198841785325362,0.01845651214932713,0.09309076410256406,-0.04073735304960583,0,0,0,0,0,0,0,0
0.06235010760226783,-0.02835693317597749,0.893,0.001710422666954443,-0.020316726684570314,-0.032418510437011716,0,0,1,0,-0.06235010760226783,0.02835693317597749,0.10699999999999998,-0.001710422666954443,-0.0411645664778287,0.023862374990445752,0.058754825806451555,-0.026670369856086125,0,0,0,0,0,0,0,0
0.062008631656591574,-0.03033689496210484,0.902,-0.0007679448708775049,-0.005172930240631104,-0.029690622329711914,0,0,1,0,-0.062008631656591574,0.03033689496210484,0.09799999999999998,0.0007679448708775049,-0.04709404070060377,0.02381812686824667,0.06426899999999994,0.015637960275834382,1430808699938,0,0,0,0,0,0,0
0.061254638226568174,-0.03287902756283708,0.908,-0.0026529004630313807,-0.011280614852905274,-0.038140663146972655,0,0,1,0,-0.061254638226568174,0.03287902756283708,0.09199999999999997,0.0026529004630313807,-0.044737496805361446,0.028644003991315597,0.07616843225806447,0.03573611852584123,1430808699938,0,0,0,0,0,0,0
0.060025893226771335,-0.03491211951100529,0.912,-0.002129301687433082,-0.01835020637512207,-0.030545167922973633,0,0,1,0,-0.060025893226771335,0.03491211951100529,0.08799999999999997,0.002129301687433082,-0.04193134084713489,0.026824703033399497,0.08517157777777773,0.030863952485297275,1430808699938,0,0,0,0,0,0,0
0.058428561895261064,-0.036840115989431176,0.918,0.0007155849933176752,-0.023898336410522462,-0.02897089958190918,0,0,1,0,-0.058428561895261064,0.036840115989431176,0.08199999999999996,-0.0007155849933176752,-0.041247266689163245,0.02543236515907574,0.07631032307692302,-0.014918811468633868,1430808699938,0,0,0,0,0,0,0
0.05937382574234528,-0.03852991152751847,0.92,0.004014257279586958,0.014160816192626952,-0.025357072830200195,0,0,1,0.0007155849933176752,-0.05937382574234528,0.03852991152751847,0.07999999999999996,-0.003298672286269283,-0.02968691287117264,0.019264955763759237,0.06399999999999997,-0.04132246216586028,1430808699938,0,0,0,0,0,0,0
0.05649006772918969,-0.03913077680891483,0.923,0.004729842272904633,-0.04329220199584961,-0.008839264869689941,0,0,1,0.0007155849933176752,-0.05649006772918969,0.03913077680891483,0.07699999999999996,-0.004014257279586957,-0.012580043440424363,0.02315005275055556,0.045418433333333286,-0.04710100913365877,1430808700266,0,0,0,0,0,0,0
0.055051510425517515,-0.039748559484553796,0.925,0.0009773843811168245,-0.0216219482421875,-0.00916457462310791,0,0,1,0.0007155849933176752,-0.055051510425517515,0.039748559484553796,0.07499999999999996,-0.0002617993877991493,-0.020102073999489857,0.023854727551326296,0.0496597774193548,-0.00763142828368888,1430808700328,0,0,0,0,0,0,0
0.05416016482807767,-0.04151911904280172,0.929,-0.004694935687864747,-0.013396135330200195,-0.026545312881469725,0,0,1,0.0007155849933176752,-0.05416016482807767,0.04151911904280172,0.07099999999999995,0.005410520681182422,-0.023166578258010925,0.03135053692433716,0.03597517777777772,0.05747153328098951,1430808700391,0,0,0,0,0,0,0
0.05412964811430499,-0.04245160946464611,0.934,-0.0038048177693476384,-0.00039207616448402405,-0.013989351272583007,0,0,1,0.0007155849933176752,-0.05412964811430499,0.04245160946464611,0.06599999999999995,0.0045204027626653135,-0.028266571933912788,0.027507598956666414,0.026380793548387033,0.050981369462127425,1430808700453,0,0,0,0,0,0,0
0.05353254583366079,-0.043483698840195234,0.94,0.000645771823237902,-0.008897565841674804,-0.01551530647277832,0,0,1,0.0007155849933176752,-0.05353254583366079,0.043483698840195234,0.06000000000000005,0.00006981317007977324,-0.025160312711172337,0.028767361978303516,0.0168512666666673,0.003161682937324503,1430808700516,0,0,0,0,0,0,0
0.05207223694253206,-0.04310720912372727,0.944,0.006143558967020039,-0.021900981903076173,0.005661489963531494,0,0,1,0.0007155849933176752,-0.05207223694253206,0.04310720912372727,0.05600000000000005,-0.0054279739737023635,-0.02160088850500888,0.02149214655420373,0.02947268205128208,-0.057595061622544706,1430808700594,0,0,0,0,0,0,0
0.05231635837028116,-0.04283484939611701,0.948,0.011292280260403314,0.0036868510246276854,0.004062822341918945,0,0,1,0.0007155849933176752,-0.05231635837028116,0.04283484939611701,0.052000000000000046,-0.010576695267085639,-0.029961440531996515,0.0218020935766284,0.0223267777777778,-0.0898517908185352,1430808700657,0,0,0,0,0,0,0
0.05265781760218549,-0.041292275788178893,0.951,0.00932005820564972,0.005382843971252441,0.02307929229736328,0,0,1,0.0007155849933176752,-0.05265781760218549,0.041292275788178893,0.049000000000000044,-0.008604473212332046,-0.03103001090109018,0.014091851661375363,0.025517316129032287,-0.07830261525470893,1430808700719,0,0,0,0,0,0,0
0.05402716787280399,-0.040524977863846116,0.956,0.0038048177693476384,0.020646629333496095,0.011317535400390625,0,0,1,0.0007155849933176752,-0.05402716787280399,0.040524977863846116,0.04400000000000004,-0.0030892327760299633,-0.037852265179629495,0.01833601384038205,0.010499793548387103,-0.03955431175279778,1430808700781,0,0,0,0,0,0,0
0.05547736997381745,-0.0397515006510873,0.958,-0.0028099800957108703,0.021797018051147463,0.011519308090209962,0,0,1,0.0007155849933176752,-0.05547736997381745,0.0397515006510873,0.04200000000000004,0.0035255650890285454,-0.039253348859346636,0.018234134602254863,0.026279088888888913,0.04319623556646117,1430808700844,0,0,0,0,0,0,0
0.054792698505677626,-0.038901818907430726,0.96,-0.005131268000863328,-0.010305845260620117,0.012716317176818847,0,0,1,0.0007155849933176752,-0.054792698505677626,0.038901818907430726,0.040000000000000036,0.005846852994181004,-0.02739579840834426,0.017631016684555877,0.02493108888888891,0.060521292266109125,1430808700907,0,0,0,0,0,0,0
0.05590235193369506,-0.03841963923552105,0.961,0.00012217304763960306,0.01660746955871582,0.007318008422851563,0,0,1,0.0007155849933176752,-0.05590235193369506,0.03841963923552105,0.039000000000000035,0.0005934119456780722,-0.03716960794606861,0.020246427433135483,0.03105922051282054,0.01316833700850134,1430808700985,0,0,0,0,0,0,0
0.05421906268038341,-0.0383735927721875,0.961,0.0028623399732707008,-0.02524925422668457,0.0006937817335128785,0,0,1,0.0007155849933176752,-0.05421906268038341,0.0383735927721875,0.039000000000000035,-0.0021467549799530257,-0.022182468074741977,0.022365007497217457,0.035788200000000034,-0.031032378395066527,1430808701047,0,0,0,0,0,0,0
0.054990381667952726,-0.03740739140071328,0.963,0.0034033920413889425,0.011611221313476562,0.014459844589233398,0,0,1,0.0007155849933176752,-0.054990381667952726,0.03740739140071328,0.03700000000000003,-0.0026878070480712674,-0.036702111792741896,0.01700972769259268,0.02331018888888891,-0.03604890979473757,1430808701110,0,0,0,0,0,0,0
0.05607171885116179,-0.036497945097712245,0.965,0.0015358897417550098,0.01626639175415039,0.01358641242980957,0,0,1,0.0007155849933176752,-0.05607171885116179,0.036497945097712245,0.03500000000000003,-0.0008203047484373346,-0.03940964236316571,0.017015106132448547,0.021747977419354858,-0.016340934651232823,1430808701172,0,0,0,0,0,0,0
0.05476650956548371,-0.03539622416608032,0.967,-0.0005061454830783556,-0.019552734375,0.016555864334106444,0,0,1,0.0007155849933176752,-0.05476650956548371,0.03539622416608032,0.03300000000000003,0.0012217304763960308,-0.02574658122393937,0.015700541101807734,0.020535088888888907,0.021311319885160405,1430808701235,0,0,0,0,0,0,0
0.05590136200093252,-0.034441677848924344,0.97,0.0018849555921538759,0.01701553726196289,0.014326808929443359,0,0,1,0.0007155849933176752,-0.05590136200093252,0.034441677848924344,0.030000000000000027,-0.0011693705988362006,-0.04031818362310503,0.016168910268863763,0.012496716129032269,-0.020697990807367405,1430808701297,0,0,0,0,0,0,0
0.054551250407196925,-0.03351697113302279,0.971,0.0029146998508305304,-0.020225492477416993,0.0139087495803833,0,0,1,0.0007155849933176752,-0.054551250407196925,0.03351697113302279,0.029000000000000026,-0.0021991148575128553,-0.0260797556997809,0.016169022215693492,0.023259344444444465,-0.03153494065242098,1430808701360,0,0,0,0,0,0,0
0.052842181420973515,-0.03272313821823489,0.973,0.000645771823237902,-0.025601219177246094,0.01198216438293457,0,0,1,0.0007155849933176752,-0.052842181420973515,0.03272313821823489,0.027000000000000024,0.00006981317007977324,-0.025469110889794224,0.01760253499770404,0.018451141025641042,0.003161682937324503,1430808701438,0,0,0,0,0,0,0
0.05190433982695347,-0.03043068205188044,0.976,0.00031415926535897925,-0.014045414924621582,0.034395919799804685,0,0,1,0.0007155849933176752,-0.05190433982695347,0.03043068205188044,0.02400000000000002,0.00040142572795869594,-0.02769662923385127,0.007265763104667224,0.008238816129032267,0.01014760480130631,1430808701500,0,0,0,0,0,0,0
0.05055751053910924,-0.028779705985500253,0.975,-0.002495820830351891,-0.020194658279418944,0.024770986557006835,0,0,1,0.0007155849933176752,-0.05055751053910924,0.028779705985500253,0.025000000000000022,0.0032114058236695662,-0.02515360903687398,0.010390782771583491,0.03168735555555558,0.04059041920522523,1430808701563,0,0,0,0,0,0,0
0.04983704104495624,-0.026782219331983912,0.978,-0.001710422666954443,-0.010881789207458496,0.029935234069824217,0,0,1,0.0007155849933176752,-0.04983704104495624,0.026782219331983912,0.02200000000000002,0.0024260076602721182,-0.028517582377493307,0.0074540441279848865,0.006932716129032266,0.033668325826730405,1430808701625,0,0,0,0,0,0,0
0.04860680940071724,-0.024858180844969893,0.978,0.001064650843716541,-0.018502811431884765,0.028828971862792967,0,0,1,0.0007155849933176752,-0.04860680940071724,0.024858180844969893,0.02200000000000002,-0.00034906585039886577,-0.026828495969441896,0.009328546997961923,0.024039800000000017,-0.009244816991341796,1430808701703,0,0,0,0,0,0,0
0.04603637974439498,-0.02172278472667104,0.979,0.006597344572538566,-0.03850635147094727,0.047071964263916015,0,0,1,0.0007155849933176752,-0.04603637974439498,0.02172278472667104,0.02100000000000002,-0.00588175957922089,-0.017073415774832908,-0.0008876588098188226,0.01781654444444446,-0.06076193398276093,1430808701766,0,0,0,0,0,0,0
0.04474411071348349,-0.019379215038096684,0.981,0.009756390518648303,-0.019151695251464845,0.03528066253662109,0,0,1,0.0007155849933176752,-0.04474411071348349,0.019379215038096684,0.019000000000000017,-0.009040805525330629,-0.02368979239316244,0.002249745915899399,0.010599577419354848,-0.08092787951496053,1430808701828,0,0,0,0,0,0,0
0.04355695764708039,-0.016105517170968857,0.983,0.005462880558742251,-0.01732736396789551,0.04927686309814453,0,0,1,0.0007155849933176752,-0.04355695764708039,0.016105517170968857,0.017000000000000015,-0.0047472955654245756,-0.02407039698977114,-0.0042430197453064734,0.009285888888888896,-0.05267334803400534,1430808701891,0,0,0,0,0,0,0
0.04065670527057379,-0.012964099085738826,0.988,0.0016929693744344998,-0.04324571990966797,0.047358222961425785,0,0,1,0.0007155849933176752,-0.04065670527057379,0.012964099085738826,0.01200000000000001,-0.0009773843811168247,-0.013095244739524812,-0.005279952772117392,-0.011754406451612912,-0.01836553874038235,1430808701953,0,0,0,0,0,0,0
0.0383246268321956,-0.011201838335917426,0.99,-0.0019896753472735357,-0.034936374664306644,0.02649309539794922,0,0,1,0.0007155849933176752,-0.0383246268321956,0.011201838335917426,0.010000000000000009,0.0027052603405912107,-0.015587051793076423,0.0018529627069402681,0.0038232888888888907,0.03620479727522622,1430808702016,0,0,0,0,0,0,0
0.035272117315188985,-0.009910005215113293,0.988,-0.0010821041362364843,-0.04582610702514649,0.019286355972290038,0,0,1,0.0007155849933176752,-0.035272117315188985,0.009910005215113293,0.01200000000000001,0.0017976891295541594,-0.013594752784822625,0.005277994605692494,0.025602358974358995,0.02756998126999183,1430808702094,0,0,0,0,0,0,0
0.03326508595995548,-0.00954814747965528,0.989,0.0021642082724729686,-0.030111326217651366,0.0053952856063842775,0,0,1,0.0007155849933176752,-0.03326508595995548,0.00954814747965528,0.01100000000000001,-0.0014486232791552935,-0.015347791042144154,0.00894358539507217,0.01034174444444445,-0.02387428548808158,1430808702157,0,0,0,0,0,0,0
0.030675695335550698,-0.00986890014737839,0.992,0.005585053606381855,-0.038851181030273435,-0.004727219104766846,0,0,1,0.0007155849933176752,-0.030675695335550698,0.00986890014737839,0.008000000000000007,-0.004869468613064179,-0.010775931518349742,0.012986170205990183,-0.003388583870967743,-0.05357322491330988,1430808702219,0,0,0,0,0,0,0
0.027708989232705646,-0.008230323377022335,0.996,0.005253441048502931,-0.044362625122070315,0.024826805114746095,0,0,1,0.0007155849933176752,-0.027708989232705646,0.008230323377022335,0.0040000000000000036,-0.0045378560551852555,-0.007602972246145978,0.00130482803473333,-0.011850122222222233,-0.05111251133880101,1430808702282,0,0,0,0,0,0,0
0.022903148720061047,-0.007428036539687669,0.997,0.003577924966588375,-0.07202339172363281,0.012412842750549316,0,0,1,0.0007155849933176752,-0.022903148720061047,0.007428036539687669,0.0030000000000000027,-0.0028623399732707,0.0053059927461958645,0.0055239041245109454,0.003945538709677423,-0.0375930492174897,1430808702344,0,0,0,0,0,0,0
0.01885309616637744,-0.008007346967237244,0.999,0.002251474735072685,-0.06078149032592774,-0.00847223949432373,0,0,1,0.0007155849933176752,-0.01885309616637744,0.008007346967237244,0.0010000000000000009,-0.0015358897417550098,0.002582791652653106,0.01361143548620061,-0.003114111111111116,-0.02482371459249641,1430808702407,0,0,0,0,0,0,0
0.014566151087793676,-0.008143204227403363,0.995,0.00017453292519943296,-0.06430860137939454,-0.001893074631690979,0,0,1,0.0007155849933176752,-0.014566151087793676,0.008143204227403363,0.0050000000000000044,0.0005410520681182423,0.0013486482678373816,0.011134105756094931,0.02918471794871797,0.012381866498988573,1430808702485,0,0,0,0,0,0,0
0.009217632974548848,-0.00782167337607482,0.995,0.000017453292519943296,-0.0802269287109375,0.004836965084075928,0,0,1,0.0007155849933176752,-0.009217632974548848,0.00782167337607482,0.0050000000000000044,0.0006981317007977319,0.014922713394210347,0.008597125278796152,0.011267000000000008,0.014675232217309455,1430808702547,0,0,0,0,0,0,0
0.0059522474861045515,-0.007133914701499455,0.999,0.0020594885173533086,-0.048980602264404295,0.010317234992980958,0,0,1,0.0007155849933176752,-0.0059522474861045515,0.007133914701499455,0.0010000000000000009,-0.0013439035240356335,0.004465690057148364,0.006292401594273574,-0.014148922222222237,-0.022709390138075672,1430808702610,0,0,0,0,0,0,0
0.0027183708748631137,-0.007481979782191019,1.002,0.0045204027626653135,-0.048518798828125,-0.005121063232421875,0,0,1,0.0007155849933176752,-0.0027183708748631137,0.007481979782191019,-0.0020000000000000018,-0.0038048177693476384,0.006180499035447462,0.012298587454720662,-0.01127458387096775,-0.04544812635129799,1430808702672,0,0,0,0,0,0,0
-0.0007223672733065358,-0.0069371276119615365,1.007,0.0069464104229374326,-0.051573600769042965,0.008406001091003418,0,0,1,0.0007155849933176752,0.0007223672733065358,0.0069371276119615365,-0.006999999999999895,-0.006230825429619757,0.008764875894170217,0.0070780252522533536,-0.026160977777777095,-0.06314279452734782,1430808702735,0,0,0,0,0,0,0
-0.004984447032820484,-0.00773132279910207,1.004,0.005497787143782138,-0.06401240539550782,-0.011468551635742187,0,0,1,0.0007155849933176752,0.004984447032820484,0.00773132279910207,-0.0040000000000000036,-0.004782202150464462,0.015871735085930358,0.015033373475859188,0.02092748387096713,-0.05293123532524017,1430808702797,0,0,0,0,0,0,0
-0.008432509091586958,-0.010075343322634787,1.004,0.0020594885173533086,-0.0519134521484375,-0.03487542724609375,0,0,1,0.0007155849933176752,0.008432509091586958,0.010075343322634787,-0.0040000000000000036,-0.0013439035240356335,0.008878479573452329,0.02218652007609409,0.003960400000000001,-0.022709390138075672,1430808702876,0,0,0,0,0,0,0
-0.011595712461831992,-0.011244069189061047,1.004,0.0009599310885968812,-0.04748405456542969,-0.01743313217163086,0,0,1,0.0007155849933176752,0.011595712461831992,0.011244069189061047,-0.0040000000000000036,-0.00024434609527920596,0.01311254358397269,0.019053341204801677,0.003935600000000002,-0.007288368879111412,1430808702938,0,0,0,0,0,0,0
-0.014257047533403441,-0.012605936317581275,1.005,0.0026005405854715507,-0.039939617156982424,-0.020389677047729492,0,0,1,0.0007155849933176752,0.014257047533403441,0.012605936317581275,-0.004999999999999893,-0.0018849555921538756,0.011461432142157271,0.020781974639493356,-0.002451455555554852,-0.028455146435920505,1430808703001,0,0,0,0,0,0,0
-0.015292923793772195,-0.014188153630358552,1.004,0.00312413936106985,-0.015599810600280761,-0.023692771911621092,0,0,1,0.0007155849933176752,0.015292923793772195,0.014188153630358552,-0.0040000000000000036,-0.002408554367752175,0.003136680124397233,0.02302699328357967,0.00952446129032196,-0.03350665280444724,1430808703063,0,0,0,0,0,0,0
-0.017121636660044293,-0.01573098075448989,1.008,0.0023387411976724015,-0.027502859115600586,-0.023056596755981446,0,0,1,0.0007155849933176752,0.017121636660044293,0.01573098075448989,-0.008000000000000007,-0.0016231562043547264,0.006542659618361181,0.02191217879222812,-0.017331817948717965,-0.025755320203734444,1430808703141,0,0,0,0,0,0,0
-0.018229530381685115,-0.016272072250680766,1.007,0.0032812189937493396,-0.01663734245300293,-0.008077484130859375,2.1951219512195124,0,1,0,2.2133514816011974,0.016272072250680766,-0.006999999999999895,-0.0032812189937493396,1.1066757408005987,0.008136036125340383,-0.005599999999999917,-0.041176575084089555,0,0,0,0,0,0,0,0
-0.02054831294463973,-0.016761059664577287,1.005,0.004537856055185257,-0.034805618286132815,-0.007220645427703857,2.1951219512195124,0,1,0,2.215670264164152,0.016761059664577287,-0.004999999999999893,-0.004537856055185257,1.1355221536942761,0.01070544039079776,0.004935358974359068,-0.05111251133880102,0,0,0,0,0,0,0,0
-0.023772709119605707,-0.017358692964486,1.004,0.002844886680750757,-0.048406124114990234,-0.008744930267333985,2.1951219512195124,0,1,0,2.218894660339118,0.017358692964486,-0.0040000000000000036,-0.002844886680750757,1.1586219066733205,0.012239627512795812,0.0022913555555549403,-0.03744007621976489,0,0,0,0,0,0,0,0
-0.023414707561341053,-0.01644553802493255,1.002,0.00006981317007977319,0.005408968925476074,0.013681991577148438,2.1951219512195124,0,1,0,2.2185366587808533,0.01644553802493255,-0.0020000000000000018,-0.00006981317007977319,1.1522635445568925,0.0034099204624468407,0.009613722580645169,-0.0031616829373245013,0,0,0,0,0,0,0,0
-0.019632527800809697,-0.014423550417527856,1.01,-0.00020943951023931956,0.05673481369018555,0.03032585334777832,2.1951219512195124,0,1,0,2.214754479020322,0.014423550417527856,-0.010000000000000009,0.00020943951023931956,1.145334274652319,-0.0035885625423727387,-0.05258404444444449,0.006576565531547922,0,0,0,0,0,0,0,0
-0.00911656767752927,-0.01247485014778027,1.006,-0.0012740903539558604,0.1577332763671875,0.029263540267944334,2.1951219512195124,0,1,0,2.2042385188970415,0.01247485014778027,-0.006000000000000005,0.0012740903539558604,1.131094464265621,-0.0019765122375847094,0.012962317948717961,0.021915946319232042,0,0,0,0,0,0,0,0
0.00858218794821057,-0.011091509321598036,1.004,-0.003438298626428829,0.26545468139648437,0.021088342666625976,2.1951219512195124,0,1,0,2.186539763271302,0.011091509321598036,-0.0040000000000000036,0.003438298626428829,1.0479095798718445,-0.004173358917319087,0.011488417021276606,0.04248045294168094,0,0,0,0,0,0,0,0
0.0333606442699015,-0.009980341735381742,1.007,0.000017453292519943296,0.3716173400878906,0.017945348739624025,2.1951219512195124,0,1,0,2.161761306949611,0.009980341735381742,-0.006999999999999895,-0.000017453292519943296,1.0729959529960056,0.000664369792947519,-0.019321338461537888,-0.0012547147051747052,0,0,0,0,0,0,0,0
0.06384379979143696,-0.008651420853854909,1.007,0.007190756518216637,0.4572476806640625,0.019925832748413086,2.1951219512195124,0,1,0,2.1312781514280754,0.008651420853854909,-0.006999999999999895,-0.007190756518216637,1.0130159445113693,-0.0023424720830082972,-0.005903899999999914,-0.0694719994945402,0,0,0,0,0,0,0,0
0.10415418569587895,-0.006934746525961993,1.011,0.011205013797803597,0.6048253173828125,0.021401554107666015,2.1951219512195124,0,1,0,2.0909677655236334,0.006934746525961993,-0.010999999999999899,-0.011205013797803597,0.9476169856082042,-0.005465823496145226,-0.03175274516129026,-0.09337594426202561,0,0,0,0,0,0,0,0
0.14953801023843413,-0.003220290059862132,1.003,0.006981317007977318,0.6813389282226563,0.04808561325073242,2.1951219512195124,0,1,0,2.045583940981078,0.003220290059862132,-0.0029999999999998916,-0.006981317007977318,0.9132385237010767,-0.018247729694016744,0.04165344444444457,-0.06811639399053807,0,0,0,0,0,0,0,0
0.20130075726378943,0.00027172327992987114,1,0.0006632251157578452,0.7767879638671875,0.0469583854675293,2.1951219512195124,0,1,0,1.9938211939557229,-0.00027172327992987114,0,-0.0006632251157578452,0.8596421443723807,-0.01907253032322186,0.016544483870967134,-0.014181888035295156,0,0,0,0,0,0,0,0
0.25769535665760573,0.004304389387753945,0.994,-0.004363323129985824,0.8459589233398438,0.059928943634033206,2.1951219512195124,0,1,0,1.9374265945619067,-0.004304389387753945,0.006000000000000005,0.004363323129985824,0.8225563580438627,-0.023806703098215486,0.03778013333333337,0.049793386072857396,0,0,0,0,0,0,0,0
0.32009140706028294,0.007589184399045013,0.991,-0.005497787143782138,0.9357168579101562,0.053355255126953126,2.1951219512195124,0,1,0,1.8750305441592294,-0.007589184399045013,0.009000000000000008,0.005497787143782138,0.8393046236047008,-0.017844060437405735,0.020378538461538483,0.058087857335637046,0,0,0,0,0,0,0,0
0.3873665373126816,0.011325423913320289,0.986,-0.0016406094968746698,1.0088035888671876,0.06159068298339844,2.1951219512195124,0,1,0,1.8077554139068308,-0.011325423913320289,0.014000000000000012,0.0016406094968746698,0.7170784583903843,-0.026134607705911594,0.039229606451612935,0.02593961685551059,0,0,0,0,0,0,0,0
0.4639826988322102,0.01558269504169731,0.978,0.002303834612632515,1.1491361083984375,0.06574443817138671,2.1951219512195124,0,1,0,1.7311392523873022,-0.01558269504169731,0.02200000000000002,-0.002303834612632515,0.643810174247751,-0.030921245840263598,0.061986844444444494,-0.03252826819529139,0,0,0,0,0,0,0,0
0.554713544674787,0.02296272922642309,0.975,0.003682644721708035,1.361214111328125,0.10756478881835937,2.1951219512195124,0,1,0,1.6404084065447253,-0.02296272922642309,0.025000000000000022,-0.003682644721708035,0.5220703664334588,-0.05276360888594042,0.03703288387096777,-0.04446994832508521,0,0,0,0,0,0,0,0
0.6523650314594737,0.028921928825693638,0.974,0.0014486232791552935,1.465091552734375,0.0839931640625,2.1951219512195124,0,1,0,1.5427569197600386,-0.028921928825693638,0.026000000000000023,-0.0014486232791552935,0.5649894921967151,-0.04071172583438546,0.02553317974683547,-0.02387428548808158,0,0,0,0,0,0,0,0
0.7535961126303601,0.03353859427283265,0.972,-0.0010471975511965976,1.51856494140625,0.06705022430419921,2.1951219512195124,0,1,0,1.4415258385891523,-0.03353859427283265,0.028000000000000025,0.0010471975511965976,0.18340165259824004,-0.05189962119484001,0.038048991304347864,0.01922999427076545,0,0,0,0,0,0,0,0
0.8539474054647149,0.036779994850725806,0.969,-0.003909537524467298,1.5052176513671875,0.050197296142578125,2.1951219512195124,0,1,0,1.3411745457547974,-0.036779994850725806,0.031000000000000028,0.003909537524467298,0.4694634369202341,-0.03304471659959772,0.03876763924050637,0.046278257703334984,0,0,0,0,0,0,0,0
0.9612240855021601,0.039400092038402126,0.967,-0.0012042771838760874,1.6089842529296876,0.0455921745300293,2.1951219512195124,0,1,0,1.2338978657173523,-0.039400092038402126,0.03300000000000003,0.0012042771838760874,0.2624754375093309,-0.035029281513148866,0.0385714225806452,0.021107868589921083,0,0,0,0,0,0,0,0
1.063522744552076,0.03954949370735571,0.965,0.0035081117965086025,1.53447607421875,0.004088962078094482,2.1951219512195124,0,1,0,1.1315992066674363,-0.03954949370735571,0.03500000000000003,-0.0035081117965086025,0.25572346087744,-0.021392282209192908,0.040212711111111146,-0.04305355584808196,0,0,0,0,0,0,0,0
1.1696961843565916,0.038090349147488704,0.965,0.0046251225177849735,1.5925150146484375,-0.02747404670715332,2.1951219512195124,0,1,0,1.0254257668629208,-0.038090349147488704,0.03500000000000003,-0.0046251225177849735,0.17795407189553092,-0.011831754435663519,0.02931860000000003,-0.05176571741402886,0,0,0,0,0,0,0,0
1.2812958440485698,0.030065992874095455,0.966,0.0022165681500327986,1.6734202880859375,-0.12810646057128905,2.1951219512195124,0,1,0,0.9138261071709426,-0.030065992874095455,0.03400000000000003,-0.0022165681500327986,0.22788057438426512,0.019715529438059397,0.02429662051282054,-0.03170157226208106,0,0,0,0,0,0,0,0
1.3932163680775258,0.022167933047644126,0.967,-0.0017453292519943296,1.6785411376953125,-0.1221917953491211,2.1951219512195124,0,1,0,0.8019055831419866,-0.022167933047644126,0.03300000000000003,0.0017453292519943296,-0.15699373849731746,0.046368982331319114,0.020692091489361724,0.027032008869215116,0,0,0,0,0,0,0,0
1.5049844390774396,0.014365511736128163,0.969,-0.003525565089028546,1.6767227783203125,-0.11411006164550781,2.1951219512195124,0,1,0,0.6901375121420728,-0.014365511736128163,0.031000000000000028,0.003525565089028546,0.1244326139389279,0.0263536677217536,0.017806341025641048,0.043196235566461176,0,0,0,0,0,0,0,0
1.6156554492621356,0.007244923416787229,0.971,-0.004171336912266447,1.660431396484375,-0.10095550537109375,2.1951219512195124,0,1,0,0.5794665019573768,-0.007244923416787229,0.029000000000000026,0.004171336912266447,-0.04056780214918798,0.034416278000870326,0.014252288888888909,0.04832185396999333,0,0,0,0,0,0,0,0
1.7242648836416345,0.000629637000458109,0.975,0.0011344640137963143,1.629541259765625,-0.09243275451660156,2.1951219512195124,0,1,0,0.4708570675778778,-0.000629637000458109,0.025000000000000022,-0.0011344640137963143,-0.09023203477239983,0.03550555226515146,-0.00026224516129031566,-0.020284013566987318,0,0,0,0,0,0,0,0
1.829892189139053,-0.004362706271034851,0.98,0.0029146998508305304,1.5843236083984376,-0.07668255615234375,2.1951219512195124,0,1,0,0.36522976208045943,0.004362706271034851,0.020000000000000018,-0.0029146998508305304,-0.11444532917157046,0.028420090545730633,-0.009333377777777777,-0.03805011456202331,0,0,0,0,0,0,0,0
1.9314555321016702,-0.00772036326786543,0.985,0.0009075712110370514,1.523296875,-0.05480503463745117,2.1951219512195124,0,1,0,0.26366641911784217,0.00772036326786543,0.015000000000000013,-0.0009075712110370514,-0.03208498790044467,0.01749030708161502,-0.007874497435897439,-0.017480232992717937,0,0,0,0,0,0,0,0
2.0277327245206966,-0.009832335971441513,0.992,-0.0018675022996339327,1.4441285400390624,-0.03299025344848633,2.1951219512195124,0,1,0,0.16738922669881573,0.009832335971441513,0.008000000000000007,0.0018675022996339327,-0.3406617214396092,0.019253552114532134,-0.04312865957446811,0.028279225198945466,0,0,0,0,0,0,0,0
2.1180424479055024,-0.011220446866127581,1,-0.0016231562043547262,1.354682373046875,-0.01829182434082031,2.1951219512195124,0,1,0,0.07707950331400992,0.011220446866127581,0,0.0016231562043547262,-0.07349348538495004,0.0105363734767705,-0.033298435897435925,0.02575532020373444,1430808705220,0,0,0,0,0,0,0
2.2016983514526403,-0.011882825706060644,1.008,0.0013264502315156904,1.25485302734375,-0.007898871421813964,2.1951219512195124,0,1,0,-0.006576400233127888,0.011882825706060644,-0.008000000000000007,-0.0013264502315156904,-0.18237734098607195,0.008451769070267819,-0.04901189032258068,-0.022512343986122754,1430808705220,0,0,0,0,0,0,0
2.2779796621741952,-0.01152830572735309,1.018,0.0019722220547535923,1.1442257080078124,0.0038000450134277343,2.1951219512195124,0,1,0,-0.08285771095468286,0.01152830572735309,-0.018000000000000016,-0.0019722220547535923,-0.1725739910787964,0.0026383465830132806,-0.0675195555555556,-0.029326750895209742,1430808705220,0,0,0,0,0,0,0
2.4037154893931216,-0.008311424938878664,1.028,-0.0008203047484373349,1.88612890625,0.044533435821533206,2.1951219512195124,0,1,0,-0.20859353817360926,0.008311424938878664,-0.028000000000000025,0.0008203047484373349,-0.5227491496837133,-0.01510881844201691,-0.07658921290322586,0.016340934651232826,0,0,0,0,0,0,0,0
2.515798697801166,-0.002844950763908065,1.035,-0.003560471674068432,1.6811802978515624,0.083376220703125,2.1951219512195124,0,1,0,-0.32067674658165357,0.002844950763908065,-0.03499999999999992,0.003560471674068432,-0.36809625205409435,-0.02387832598717785,-0.057026758227847564,0.04348089079099812,0,0,0,0,0,0,0,0
2.6159076435306083,0.0025772798667907664,1.044,-0.004206243497306334,1.5013350830078125,0.08667945861816406,2.1951219512195124,0,1,0,-0.42078569231109597,-0.0025772798667907664,-0.04400000000000004,0.004206243497306334,-0.6852136627274337,-0.043638842943408196,-0.10189476086956614,0.04859105736698296,0,0,0,0,0,0,0,0
2.704357469137433,0.008080538387276123,1.049,-0.0042935099599060505,1.326388427734375,0.08812875366210937,2.1951219512195124,0,1,0,-0.5092355179179204,-0.008080538387276123,-0.04899999999999993,0.0042935099599060505,-0.3636293519866769,-0.029579730922785846,-0.05995549873417669,0.049260830109403825,0,0,0,0,0,0,0,0
2.781299557892341,0.013550220899147786,1.052,-0.003560471674068432,1.1537684326171875,0.08699974060058593,2.1951219512195124,0,1,0,-0.5861776066728286,-0.013550220899147786,-0.052000000000000046,0.003560471674068432,-0.4482188825816723,-0.03889429844391078,-0.057461483870968416,0.04348089079099812,0,0,0,0,0,0,0,0
2.846367755141003,0.018644730719552846,1.059,-0.0019722220547535923,0.9757446899414063,0.0798922576904297,2.1951219512195124,0,1,0,-0.6512458039214906,-0.018644730719552846,-0.05899999999999994,0.0019722220547535923,-0.4119953134497256,-0.038984607506857866,-0.08538658888888825,0.029326750895209742,0,0,0,0,0,0,0,0
2.9001370098715515,0.023025530640835783,1.06,-0.0022863813201125715,0.8064076538085938,0.06730254364013671,2.1951219512195124,0,1,0,-0.7050150586520392,-0.023025530640835783,-0.06000000000000005,0.0022863813201125715,-0.3852971648782411,-0.03774525555816349,-0.05331486129032325,0.032363775881445137,0,0,0,0,0,0,0,0
2.9432355043675127,0.02641460451490855,1.055,-0.0021118483949131386,0.6463594970703125,0.05231406784057617,2.1951219512195124,0,1,0,-0.7481135531480003,-0.02641460451490855,-0.05499999999999994,0.0021118483949131386,-0.30253626285698365,-0.030122887042416762,-0.021662802564101996,0.030695065760184014,0,0,0,0,0,0,0,0
2.975566724929882,0.028930072790409586,1.052,-0.00027925268031909274,0.4848875427246094,0.03875611877441406,2.1951219512195124,0,1,0,-0.7804447737103697,-0.028930072790409586,-0.052000000000000046,0.00027925268031909274,-0.30984588679511194,-0.030330321623255142,-0.025359633333333968,0.007966941771657184,0,0,0,0,0,0,0,0
2.998172042286778,0.030300875625269633,1.042,0.001780235837034216,0.3390740051269531,0.020656730651855467,2.1951219512195124,0,1,0,-0.8030500910672655,-0.030300875625269633,-0.04200000000000004,-0.001780235837034216,-0.27412022652361945,-0.0249671678167947,0.022164912903225822,-0.027391244787879337,0,0,0,0,0,0,0,0
3.011911883785993,0.0303463692568767,1.027,0.0032114058236695662,0.2060985107421875,0.00031550121307373047,2.1951219512195124,0,1,0,-0.8167899325664805,-0.0303463692568767,-0.026999999999999913,-0.0032114058236695662,-0.23485771412320633,-0.017695436056717202,0.0608765333333341,-0.04059041920522523,0,0,0,0,0,0,0,0
3.011437073370287,0.02503880003261466,1.017,-0.00017453292519943296,-0.007377790451049805,-0.07959025573730469,2.1951219512195124,0,1,0,-0.8163151221507747,-0.02503880003261466,-0.016999999999999904,0.00017453292519943296,-0.16066862852028801,0.01501793472354014,0.04188941290322593,0.005823869764908661,0,0,0,0,0,0,0,0
3.0005852841989262,0.016234000370872585,1.01,-0.0030717794835100195,-0.1627537841796875,-0.13210040283203126,2.1951219512195124,0,1,0,-0.8054633329794139,-0.016234000370872585,-0.010000000000000009,0.0030717794835100195,-0.10270981669269041,0.03827152969790804,0.02986368888888831,0.039405190657887154,0,0,0,0,0,0,0,0
2.981575679490562,0.00791071115610554,0.997,-0.006126105674500097,-0.28475921630859374,-0.12572464752197265,2.1951219512195124,0,1,0,-0.7864537282710495,-0.00791071115610554,0.0030000000000000027,0.006126105674500097,-0.07432756273093095,0.03080400971229402,0.05973153333333339,0.062433315542901775,0,0,0,0,0,0,0,0
2.9533937188574404,-0.006159754960138503,0.989,-0.005864306286700947,-0.4214285278320313,-0.2136427001953125,2.1951219512195124,0,1,0,-0.758271767637928,0.006159754960138503,0.01100000000000001,0.005864306286700947,0.060765696260171226,0.10530016781145769,0.06742436808510645,0.06064167280749837,0,0,0,0,0,0,0,0
2.9233321698908186,-0.019293040218187153,0.973,-0.003996803987067014,-0.4497602233886719,-0.19964022827148437,2.1951219512195124,0,1,0,-0.7282102186713062,0.019293040218187153,0.027000000000000024,0.003996803987067014,-0.004857667375489566,0.0661686375402826,0.09265537179487189,0.046964385346930065,0,0,0,0,0,0,0,0
2.8890725714187333,-0.033191379959195424,0.961,-0.002408554367752175,-0.513056640625,-0.21052735900878905,2.1951219512195124,0,1,0,-0.6939506201992209,0.033191379959195424,0.039000000000000035,0.002408554367752175,0.06333977970012669,0.09160850345649406,0.09737286666666675,0.03350665280444724,0,0,0,0,0,0,0,0
2.856396313074542,-0.0453203634282817,0.952,-0.003089232776029963,-0.48970425415039065,-0.18311476135253907,2.1951219512195124,0,1,0,-0.6612743618550296,0.0453203634282817,0.04800000000000004,0.003089232776029963,0.06970965392323422,0.0892110508537838,0.08901025161290331,0.03955431175279777,0,0,0,0,0,0,0,0
2.826884300347012,-0.055166984204541886,0.945,-0.003787364476827695,-0.4422218017578125,-0.14906614685058595,2.1951219512195124,0,1,0,-0.6317623491274995,0.055166984204541886,0.05500000000000005,0.003787364476827695,0.0626860568541602,0.08159209101996383,0.08366092903225815,0.04530903478049102,0,0,0,0,0,0,0,0
2.7951734071641723,-0.06402429817721829,0.946,-0.003560471674068432,-0.47515679931640625,-0.13466026306152343,2.1951219512195124,0,1,0,-0.6000514559446599,0.06402429817721829,0.05400000000000005,0.003560471674068432,0.04769232400597148,0.07018204195118008,0.039341020253164605,0.04348089079099812,0,0,0,0,0,0,0,0
2.762290550635935,-0.07349105375383494,0.951,-0.0032114058236695662,-0.492734130859375,-0.14375660705566407,2.1951219512195124,0,1,0,-0.5671685994164228,0.07349105375383494,0.049000000000000044,0.0032114058236695662,0.10575503683082865,0.08957116196291581,0.011849393548387124,0.04059041920522523,0,0,0,0,0,0,0,0
2.7341674288353612,-0.07809903460109445,0.953,-0.002495820830351891,-0.4216226806640625,-0.07047407531738281,2.1951219512195124,0,1,0,-0.5390454776158489,0.07809903460109445,0.04700000000000004,0.002495820830351891,0.08703114799244499,0.06452570777435689,0.027660188888888923,0.034311182005236716,0,0,0,0,0,0,0,0
2.7126491770859453,-0.07902356142167892,0.956,-0.0010995574287564276,-0.3227381591796875,-0.014673443794250488,2.1951219512195124,0,1,0,-0.517527225866433,0.07902356142167892,0.04400000000000004,0.0010995574287564276,0.05981604131925558,0.045097126689005826,0.019708616129032287,0.01986576776758538,0,0,0,0,0,0,0,0
2.6905977884844665,-0.07831114837234279,0.958,0.00010471975511965978,-0.3307823791503906,0.010322487831115723,2.1951219512195124,0,1,0,-0.49547583726495414,0.07831114837234279,0.04200000000000004,-0.00010471975511965978,0.06875395048666703,0.03605732710556546,0.02419758888888892,-0.0041429766746051465,0,0,0,0,0,0,0,0
2.6711796787463213,-0.07539215189863147,0.965,0.0005235987755982988,-0.29126705932617186,0.04381544876098633,2.1951219512195124,0,1,0,-0.47605772752680897,0.07539215189863147,0.03500000000000003,-0.0005235987755982988,0.06262209441742642,0.022544904584587615,-0.009590429032258069,-0.0121141372855476,0,0,0,0,0,0,0,0
2.656954029554927,-0.070878492329157,0.969,0.00010471975511965978,-0.21334925842285157,0.06781661224365235,2.1951219512195124,0,1,0,-0.46183207833541484,0.070878492329157,0.031000000000000028,-0.00010471975511965978,0.019493112232399176,0.017328994848524338,0.009249081012658249,-0.0041429766746051465,0,0,0,0,0,0,0,0
2.6495433288239365,-0.06346466720001664,0.977,-0.0010995574287564276,-0.11114886474609376,0.1112190170288086,2.1951219512195124,0,1,0,-0.45442137760442414,0.06346466720001664,0.02300000000000002,0.0010995574287564276,-0.0008093771056374641,-0.007839449470939966,-0.02444809032258065,0.01986576776758538,0,0,0,0,0,0,0,0
2.6424151565989225,-0.05395201201152912,0.983,-0.003979350694547071,-0.10707941436767578,0.14257217407226563,2.1951219512195124,0,1,0,-0.4472932053794101,0.05395201201152912,0.017000000000000015,0.003979350694547071,-0.0022968822821410814,-0.02325172513775344,-0.017313033333333335,0.046827562544513764,0,0,0,0,0,0,0,0
2.640092745464639,-0.04335490873391516,0.985,-0.0017278759594743865,-0.03546843338012695,0.15881666564941407,2.1951219512195124,0,1,0,-0.44497079424512664,0.04335490873391516,0.015000000000000013,0.0017278759594743865,-0.030385067009481743,-0.03525574917426074,0.003222977419354853,0.026851493778346277,0,0,0,0,0,0,0,0
2.6369740220852704,-0.031969748335264295,0.986,-0.0017453292519943296,-0.04707586288452149,0.17069631958007814,2.1951219512195124,0,1,0,-0.44185207086575806,0.031969748335264295,0.014000000000000012,0.0017453292519943296,-0.02739351780523062,-0.04417545385035308,0.008245944444444462,0.027032008869215116,0,0,0,0,0,0,0,0
2.636246488619407,-0.021206185952203256,0.986,-0.0009075712110370514,-0.011194774627685547,0.16143414306640624,2.1951219512195124,0,1,0,-0.44112453739989466,0.021206185952203256,0.014000000000000012,0.0009075712110370514,-0.04298392044176406,-0.04693691129619246,0.013888300000000022,0.017480232992717937,0,0,0,0,0,0,0,0
2.640149758540879,-0.01180601363823401,0.988,-0.0010995574287564276,0.05842105484008789,0.1410556640625,2.1951219512195124,0,1,0,-0.4450278073213667,0.01180601363823401,0.01200000000000001,0.0010995574287564276,-0.07002848878306715,-0.03296312521916575,0.0034075410256410397,0.01986576776758538,0,0,0,0,0,0,0,0
2.6447070203212784,-0.0035089093020331946,0.99,0.00012217304763960306,0.06822203826904297,0.12453165435791015,2.1951219512195124,0,1,0,-0.449585069101766,0.0035089093020331946,0.010000000000000009,-0.00012217304763960306,-0.08294295388627207,-0.041004334965472546,-0.0002662111111111018,-0.004591384685095587,0,0,0,0,0,0,0,0
2.6494405616139494,0.003560993809616158,0.992,-0.0012740903539558604,0.07101607513427734,0.10603987121582031,2.1951219512195124,0,1,0,-0.454318610394437,-0.003560993809616158,0.008000000000000007,0.0012740903539558604,-0.08952998298636472,-0.038377083965126395,-0.0019958225806451513,0.021915946319232042,0,0,0,0,0,0,0,0
2.653629754043973,0.009429451142572615,0.995,-0.002234021442552742,0.06272568130493164,0.08810684967041016,2.1951219512195124,0,1,0,-0.4585078028244607,-0.009429451142572615,0.0050000000000000044,0.002234021442552742,-0.09106486556555018,-0.03406251554023573,-0.009740666666666665,0.03186776708662874,0,0,0,0,0,0,0,0
2.6568981441664925,0.014154788646780601,0.994,-0.001954768762233649,0.048867382049560544,0.07098941040039063,2.1951219512195124,0,1,0,-0.46177619294698014,-0.014154788646780601,0.006000000000000005,0.001954768762233649,-0.09073937114649125,-0.030585695605767217,0.013408361290322602,0.029153475516445655,0,0,0,0,0,0,0,0
2.6588181503204407,0.017770819814891953,0.995,-0.002897246558310587,0.028694009780883788,0.054296661376953125,2.1951219512195124,0,1,0,-0.4636961991009283,-0.017770819814891953,0.0050000000000000044,0.002897246558310587,-0.0868367717317493,-0.02591943703725534,0.001439144444444455,0.03789806589876982,0,0,0,0,0,0,0,0
2.658948358934771,0.020237636861846185,0.996,-0.0016231562043547262,0.001845916509628296,0.03700775909423828,2.1951219512195124,0,1,0,-0.4638264077152585,-0.020237636861846185,0.0040000000000000036,0.0016231562043547262,-0.08043729058710249,-0.018290687934909497,0.001738720512820524,0.02575532020373444,0,0,0,0,0,0,0,0
2.6572244706288073,0.021806266280460593,0.999,-0.00015707963267948963,-0.025896482467651367,0.023487438201904298,2.1951219512195124,0,1,0,-0.4621025194092949,-0.021806266280460593,0.0010000000000000009,0.00015707963267948963,-0.07212448509751622,-0.016996316716261128,-0.013103383870967742,0.005428835233189814,0,0,0,0,0,0,0,0
2.653758514037237,0.022468921366387576,0.997,0.0008203047484373349,-0.051990909576416014,0.009931659698486328,2.1951219512195124,0,1,0,-0.4586365628177247,-0.022468921366387576,0.0030000000000000027,-0.0008203047484373349,-0.06375723028353586,-0.012295449535048374,0.016562111111111135,-0.016340934651232826,0,0,0,0,0,0,0,0
2.6484465450628982,0.022348289798334975,0.999,-0.00047123889803846896,-0.07968099212646484,-0.00174411141872406,2.1951219512195124,0,1,0,-0.45332459384338586,-0.022348289798334975,0.0010000000000000009,0.00047123889803846896,-0.053180251046475696,-0.008011291345371502,-0.007433122580645156,0.011292432346572344,0,0,0,0,0,0,0,0
2.6417880814069443,0.02181750221916736,1.001,-0.0018675022996339327,-0.09987319183349609,-0.008008878707885742,2.1951219512195124,0,1,0,-0.44666613018743195,-0.02181750221916736,-0.0009999999999998899,0.0018675022996339327,-0.045660472712712216,-0.0056155125938653835,-0.008860211111110402,0.028279225198945466,0,0,0,0,0,0,0,0
2.6339851937516885,0.02091147807172252,1.003,-0.0024434609527920616,-0.11701773071289062,-0.013808917045593262,2.1951219512195124,0,1,0,-0.4388632425321761,-0.02091147807172252,-0.0029999999999998916,0.0024434609527920616,-0.03742288639989714,-0.003126319123199042,-0.01065802258064507,0.03382961160453443,0,0,0,0,0,0,0,0
2.6253049824598986,0.01971688427436239,0.999,-0.0010122909661567112,-0.13015899658203126,-0.01823699951171875,2.1951219512195124,0,1,0,-0.43018303124038626,-0.01971688427436239,0.0010000000000000009,0.0010122909661567112,-0.04207315373958927,-0.0025069338900200015,0.02156171898734131,0.01880025112046199,0,0,0,0,0,0,0,0
2.6121464440065654,0.01799748411218531,1,0,-0.19735186767578125,-0.025990793228149414,2.1951219512195124,0,1,0,-0.417024492787053,-0.01799748411218531,0,0,-0.0022539967596224286,0.002654968862149846,-0.002604961290322571,0,0,0,0,0,0,0,0,0
2.596147603674534,0.015698774242800546,1.002,-0.000017453292519943296,-0.23998260498046875,-0.034480648040771486,2.1951219512195124,0,1,0,-0.40102565245502175,-0.015698774242800546,-0.0020000000000000018,0.000017453292519943296,0.017819336171010988,0.006769740666487081,-0.009683511111111109,0.0012547147051747052,0,0,0,0,0,0,0,0
2.579373106326857,0.01477379400770109,1.004,-0.00006981317007977319,-0.25161721801757814,-0.013879095077514648,2.1951219512195124,0,1,0,-0.38425115510734464,-0.01477379400770109,-0.0040000000000000036,0.00006981317007977319,0.02963652448584711,-0.0004083145067849238,-0.011487522580645159,0.0031616829373245013,0,0,0,0,0,0,0,0
2.561394164473494,0.014206156694299364,1.001,-0.00010471975511965978,-0.26968353271484374,-0.008533387184143067,2.1951219512195124,0,1,0,-0.3662722132539815,-0.014206156694299364,-0.0009999999999998899,0.00010471975511965978,0.02174906814302581,-0.0029098759809426285,0.015656538461539075,0.0041429766746051465,0,0,0,0,0,0,0,0
2.5424963983106212,0.013720970273608782,1,0.0012042771838760874,-0.2834657287597656,-0.0073074808120727535,2.1951219512195124,0,1,0,-0.3473744470911089,-0.013720970273608782,0,-0.0012042771838760874,0.08961859813126259,-0.00166577147289244,0.010441808510637491,-0.021107868589921083,0,0,0,0,0,0,0,0
2.525534610555882,0.013508733776418048,1.002,0.001291543646475804,-0.2544304656982422,-0.002877144813537598,2.1951219512195124,0,1,0,-0.33041265933636943,-0.013508733776418048,-0.0020000000000000018,-0.001291543646475804,0.030904813451035226,-0.004325768457972801,-0.00759495897435897,-0.02211563775425926,0,0,0,0,0,0,0,0
2.510326466708774,0.014034283558432694,1.003,-0.0028099800957108703,-0.22811178588867187,0.00817786979675293,2.1951219512195124,0,1,0,-0.31520451548926154,-0.014034283558432694,-0.0029999999999998916,0.0028099800957108703,0.04490219888753606,-0.008549023603215817,-0.004995055555554842,0.03713318819247669,0,0,0,0,0,0,0,0
2.4993443473313275,0.016111157647594774,1.004,-0.004310963252425994,-0.16481867980957032,0.03069009590148926,2.1951219512195124,0,1,0,-0.3042223961118151,-0.016111157647594774,-0.0040000000000000036,0.004310963252425994,0.02601322687613978,-0.018491918027031207,-0.005909461290323201,0.049394238011078485,0,0,0,0,0,0,0,0
2.4875195645240664,0.018270873905976114,1.005,-0.0031764992386296795,-0.17750975036621094,0.03163080215454102,2.1951219512195124,0,1,0,-0.29239761330455405,-0.018270873905976114,-0.004999999999999893,0.0031764992386296795,0.033780915938806624,-0.019961017106491893,-0.006651355555554843,0.040295750291632106,0,0,0,0,0,0,0,0
2.476726241389985,0.02085689281477521,1.005,0.0002617993877991494,-0.16202224731445314,0.03827581405639648,2.1951219512195124,0,1,0,-0.2816042901704727,-0.02085689281477521,-0.004999999999999893,-0.0002617993877991494,0.019719404390150054,-0.02102221766819417,-0.001134799999999899,-0.0076314282836888805,0,0,0,0,0,0,0,0
2.4675254559005477,0.024271798319770506,1.009,0.004468042885105484,-0.13799836730957032,0.05125971221923828,2.1951219512195124,0,1,0,-0.27240350468103536,-0.024271798319770506,-0.008999999999999897,-0.004468042885105484,0.0431244101844179,-0.03666996424939768,-0.03416433404255312,-0.050586926997192014,0,0,0,0,0,0,0,0
2.459617128765835,0.02741957133537267,1.011,0.003577924966588375,-0.11841275787353515,0.04774614334106445,2.1951219512195124,0,1,0,-0.2644951775463227,-0.02741957133537267,-0.010999999999999899,-0.003577924966588375,0.011985106976401032,-0.02715219854189729,-0.015037258974358883,-0.04362286936733896,0,0,0,0,0,0,0,0
2.452993442681941,0.029414373668471404,1.009,-0.00022689280275926284,-0.09924759674072266,0.03027732849121094,2.1951219512195124,0,1,0,-0.2578714914624287,-0.029414373668471404,-0.008999999999999897,0.00022689280275926284,0.014984532346980182,-0.025292522940532726,0.0065915111111112205,0.006937035060322421,0,0,0,0,0,0,0,0
2.44793139045949,0.03237257591737994,1.011,-0.0055152404363020815,-0.07594084930419921,0.044355804443359376,2.1951219512195124,0,1,0,-0.2528094392399778,-0.03237257591737994,-0.010999999999999899,0.0055152404363020815,0.007725985169056045,-0.03258962767627655,-0.01747812258064507,0.058210729645274226,0,0,0,0,0,0,0,0
2.4432331712243656,0.03547315048387785,1.013,-0.008464846872172499,-0.07072872161865235,0.04611923599243164,2.1951219512195124,0,1,0,-0.2481112200048532,-0.03547315048387785,-0.0129999999999999,0.008464846872172499,0.00603711081773076,-0.034889281241412023,-0.018980811111111023,0.07745322048565645,0,0,0,0,0,0,0,0
2.4406437395452154,0.03783033066388661,1.018,-0.004118977034706617,-0.03913937759399414,0.03502765274047852,2.1951219512195124,0,1,0,-0.24552178832570304,-0.03783033066388661,-0.018000000000000016,0.004118977034706617,-0.005673866924154444,-0.03238366742971181,-0.040207106451613545,0.04791663628087411,0,0,0,0,0,0,0,0
2.4362283473647293,0.03873057623463637,1.019,0.0008203047484373349,-0.06628594207763672,0.013230766296386719,2.1951219512195124,0,1,0,-0.2411063961452169,-0.03873057623463637,-0.018999999999999906,-0.0008203047484373349,-0.00015190298278739203,-0.023868789861708324,-0.0174166794871789,-0.016340934651232826,0,0,0,0,0,0,0,0
2.432490927179005,0.03907786780648924,1.022,0.005864306286700947,-0.056057010650634766,0.005255359172821045,2.1951219512195124,0,1,0,-0.2373689759594928,-0.03907786780648924,-0.02200000000000002,-0.005864306286700947,0.0011721708176446882,-0.022178460377727957,-0.032134766666667286,-0.06064167280749837,0,0,0,0,0,0,0,0
2.428151264527227,0.040027441845025095,1.023,0.005009094953223725,-0.06501029205322266,0.014625100135803223,2.1951219512195124,0,1,0,-0.2330293133077146,-0.040027441845025095,-0.02299999999999991,-0.005009094953223725,0.005631870539657989,-0.026332518519668106,-0.022055861290321867,-0.0545924919939281,0,0,0,0,0,0,0,0
2.426185099240261,0.04111380355336062,1.02,0.0023911010752322315,-0.029410484313964844,0.01644295120239258,2.1951219512195124,0,1,0,-0.2310631480207488,-0.04111380355336062,-0.020000000000000018,-0.0023911010752322315,-0.008415699781123456,-0.02780956055567038,0.0025299666666660676,-0.0333445887916046,0,0,0,0,0,0,0,0
2.4238654982637544,0.04034963013394611,1.019,-0.002356194490192345,-0.03482132339477539,-0.011379372596740723,2.1951219512195124,0,1,0,-0.22874354704424205,-0.04034963013394611,-0.018999999999999906,0.002356194490192345,-0.00650272812611743,-0.017328416522335115,-0.007809338709676692,0.03301927248894627,0,0,0,0,0,0,0,0
2.4208467083728165,0.03995740813161066,1.019,-0.003455751918948773,-0.04526786041259766,-0.005990006446838379,2.1951219512195124,0,1,0,-0.2257247571533041,-0.03995740813161066,-0.018999999999999906,0.003455751918948773,-0.002738865842629272,-0.019518908274682948,-0.013574199999999904,0.04262408947066444,0,0,0,0,0,0,0,0
2.4177229234388657,0.03783975484766094,1.018,-0.0024260076602721182,-0.04674672317504883,-0.03192653465270996,2.1951219512195124,0,1,0,-0.22260097221935338,-0.03783975484766094,-0.018000000000000016,0.0024260076602721182,-0.0016938845646377702,-0.00891920489197195,-0.007240638709678034,0.033668325826730405,0,0,0,0,0,0,0,0
2.4152641298766877,0.03681021423962895,1.017,0.002234021442552742,-0.03684432983398438,-0.015532539367675782,2.1951219512195124,0,1,0,-0.22014217865717534,-0.03681021423962895,-0.016999999999999904,-0.002234021442552742,-0.008782818530091871,-0.01602631510632309,-0.007731220512819915,-0.03186776708662874,0,0,0,0,0,0,0,0
2.410995614276462,0.03460934538715622,1.017,0.002967059728390361,-0.06410132598876953,-0.032869911193847655,2.1951219512195124,0,1,0,-0.21587366305694955,-0.03460934538715622,-0.016999999999999904,-0.002967059728390361,0.004672362714157878,-0.00753660387320121,-0.012325499999999903,-0.03850445099562287,0,0,0,0,0,0,0,0
2.409836804095841,0.03258396218285826,1.015,0.002408554367752175,-0.017472217559814453,-0.03032904052734375,2.1951219512195124,0,1,0,-0.21471485287632852,-0.03258396218285826,-0.014999999999999902,-0.002408554367752175,-0.013251769465701214,-0.007519367154017595,0.0004718225806452699,-0.03350665280444724,0,0,0,0,0,0,0,0
2.4060274421823236,0.030053988426435627,1.016,-0.0015358897417550098,-0.05723166656494141,-0.037811870574951174,2.1951219512195124,0,1,0,-0.2109054909628112,-0.030053988426435627,-0.016000000000000014,0.0015358897417550098,0.0019456582652811298,-0.0038219255079617077,-0.017274855555556166,0.02482371459249641,0,0,0,0,0,0,0,0
2.4050126295390726,0.028295155790799918,1.018,-0.0009424777960769379,-0.01518165111541748,-0.02640583801269531,2.1951219512195124,0,1,0,-0.2098906783195602,-0.028295155790799918,-0.018000000000000016,0.0009424777960769379,-0.01579355796962268,-0.009326423439209208,-0.022434058974358975,0.017925618986228662,0,0,0,0,0,0,0,0
2.4034685552124144,0.027043633500765447,1.017,0.0014660765716752368,-0.02314341163635254,-0.018794654846191406,2.1951219512195124,0,1,0,-0.20834660399290206,-0.027043633500765447,-0.016999999999999904,-0.0014660765716752368,-0.009055970484370422,-0.007400118254969735,-0.005292791489360771,-0.02406566380193357,0,0,0,0,0,0,0,0
2.403310728550545,0.024903033196556564,1.017,0.00445058959258554,-0.0024144716262817383,-0.03210549926757812,2.1951219512195124,0,1,0,-0.2081887773310327,-0.024903033196556564,-0.016999999999999904,-0.00445058959258554,-0.021391158893763595,-0.006238650827184385,-0.0128721999999999,-0.050455104292758395,0,0,0,0,0,0,0,0
2.39934159284732,0.021990985172265883,1.016,0.003787364476827695,-0.059730850219726565,-0.043415313720703126,2.1951219512195124,0,1,0,-0.20421964162780748,-0.021990985172265883,-0.016000000000000014,-0.003787364476827695,0.00102546184797064,0.0019147520838827346,-0.00652623870967803,-0.04530903478049102,0,0,0,0,0,0,0,0
2.3960449971521376,0.018941176283541045,1.016,0.003577924966588375,-0.04962184143066406,-0.045559524536132816,2.1951219512195124,0,1,0,-0.20092304593262522,-0.018941176283541045,-0.016000000000000014,-0.003577924966588375,-0.002684046192907706,0.0038247290505107334,-0.012272199999999988,-0.04362286936733896,0,0,0,0,0,0,0,0
2.3904524103443583,0.015577411469947499,1.016,0.0014137166941154068,-0.08406879425048829,-0.05015600204467773,2.1951219512195124,0,1,0,-0.19533045912484592,-0.015577411469947499,-0.016000000000000014,-0.0014137166941154068,0.01215783239566199,0.007455643706503288,-0.012371399999999989,-0.023489205847013188,0,0,0,0,0,0,0,0
2.3843607588938953,0.011887912890436914,1.015,-0.001291543646475804,-0.09145291900634765,-0.0552132453918457,2.1951219512195124,0,1,0,-0.18923880767438295,-0.011887912890436914,-0.014999999999999902,0.001291543646475804,0.009125946191133355,0.006563363351618515,-0.007259520253163959,0.02211563775425926,0,0,0,0,0,0,0,0
2.378521045983998,0.007018739543842651,1.017,0.0004363323129985824,-0.08750128936767577,-0.07315067291259765,2.1951219512195124,0,1,0,-0.18339909476448568,-0.007018739543842651,-0.016999999999999904,-0.0004363323129985824,0.028646435826732618,0.029667842112285008,-0.02858549130434774,-0.010727659828951444,0,0,0,0,0,0,0,0
2.3705149170568656,0.0022830980349777315,1.017,0.004101523742186674,-0.12012291717529297,-0.07098221588134766,2.1951219512195124,0,1,0,-0.1753929658373532,-0.0022830980349777315,-0.016999999999999904,-0.004101523742186674,0.022301489082025706,0.01595025854947665,-0.013502399999999899,-0.04778118277918206,0,0,0,0,0,0,0,0
2.3634121022750234,-0.004820210001898886,1.016,0.006597344572538566,-0.10697834014892578,-0.10611174011230469,2.1951219512195124,0,1,0,-0.16829015105551104,0.004820210001898886,-0.016000000000000014,-0.006597344572538566,0.029435841145867864,0.03865042720379151,-0.007156438709678029,-0.06559531991200274,0,0,0,0,0,0,0,0
2.351290217124894,-0.013547704369857408,1.018,0.0048520153205442364,-0.18268798828125,-0.12970999145507814,2.1951219512195124,0,1,0,-0.1561682659053818,0.013547704369857408,-0.018000000000000016,-0.0048520153205442364,0.061760194976549096,0.05148628518427951,-0.025626111111111106,-0.05344513583535995,0,0,0,0,0,0,0,0
2.3432733576622296,-0.02447243121730863,1.024,0.0029321531433504737,-0.12104657745361327,-0.16328550720214843,2.1951219512195124,0,1,0,-0.14815140644271718,0.02447243121730863,-0.02400000000000002,-0.0029321531433504737,0.04276274430692023,0.07028614296614011,-0.053334767741935504,-0.03820186003550236,0,0,0,0,0,0,0,0
2.3369522583804505,-0.037051888024741624,1.025,0.002844886680750757,-0.09536935424804688,-0.18841302490234374,2.1951219512195124,0,1,0,-0.14183030716093814,0.037051888024741624,-0.02499999999999991,-0.002844886680750757,0.027924459876987755,0.07163931153604382,-0.024945979487178898,-0.03744007621976489,0,0,0,0,0,0,0,0
2.3323970047781226,-0.05177963762112116,1.024,0.0010995574287564276,-0.06895700836181641,-0.22072096252441406,2.1951219512195124,0,1,0,-0.13727505355861025,0.05177963762112116,-0.02400000000000002,-0.0010995574287564276,0.03511508818673344,0.132475001121748,-0.012324791489362516,-0.01986576776758538,0,0,0,0,0,0,0,0
2.328326822710836,-0.06597522979555777,1.021,0.00013962634015954637,-0.061286827087402344,-0.21286662292480468,2.1951219512195124,0,1,0,-0.13320487149132365,0.06597522979555777,-0.020999999999999908,-0.00013962634015954637,0.020452717410227538,0.09411084297800043,-0.004073861538460927,-0.00501885882069882,0,0,0,0,0,0,0,0
2.3251100618753626,-0.07869365493484329,1.018,0.000593411945678072,-0.04827804946899414,-0.19076963806152344,2.1951219512195124,0,1,0,-0.12998811065585025,0.07869365493484329,-0.018000000000000016,-0.000593411945678072,0.02084942877982591,0.10792557300071019,0.0014178666666660768,-0.013168337008501339,0,0,0,0,0,0,0,0
2.3230692639403863,-0.09090952876401182,1.018,-0.0008028514559173916,-0.030720699310302736,-0.18321990966796875,2.1951219512195124,0,1,0,-0.1279473127208739,0.09090952876401182,-0.018000000000000016,0.0008028514559173916,0.014530632452189031,0.11181428822363555,-0.015362199999999987,0.016108318536551185,0,0,0,0,0,0,0,0
2.3241035611407193,-0.10094994165113527,1.019,0.0007679448708775049,0.01563536739349365,-0.15059368896484376,2.1951219512195124,0,1,0,-0.12898160992120689,0.10094994165113527,-0.018999999999999906,-0.0007679448708775049,-0.00396274295292196,0.10627416875707671,-0.021925161290321855,-0.015637960275834382,0,0,0,0,0,0,0,0
2.326237243055391,-0.11116101871794484,1.017,0.0027576202181510408,0.03188759613037109,-0.15319068908691405,2.1951219512195124,0,1,0,-0.13111529183587844,0.11116101871794484,-0.016999999999999904,-0.0027576202181510408,-0.009787722388248857,0.10138594862343295,-0.005838241025640914,-0.03667046180491026,0,0,0,0,0,0,0,0
2.3290173203535125,-0.11856047427577952,1.015,0.0036128315516282617,0.04139492797851563,-0.11110640716552735,2.1951219512195124,0,1,0,-0.13389536913400013,0.11856047427577952,-0.014999999999999902,-0.0036128315516282617,-0.02293555883644433,0.1149263036974228,0.0016105170212767153,-0.04390613599300024,0,0,0,0,0,0,0,0
2.3312451881612044,-0.12329210571683213,1.013,0.0029845130209103033,0.03316138076782227,-0.07109474182128907,2.1951219512195124,0,1,0,-0.13612323694169204,0.12329210571683213,-0.0129999999999999,-0.0029845130209103033,-0.014405393431373245,0.08438314876355205,-0.00281014102564091,-0.03865530119126184,0,0,0,0,0,0,0,0
2.3346496863216326,-0.12753790589893305,1.014,-0.0011519173063162574,0.05087717056274414,-0.06383913040161132,2.1951219512195124,0,1,0,-0.13952773510212024,0.12753790589893305,-0.014000000000000012,0.0011519173063162574,-0.025903703184953622,0.08966563690803049,-0.01822825555555616,0.02049152490793677,0,0,0,0,0,0,0,0
2.340071639553262,-0.13024691695763718,1.017,-0.002775073510670984,0.08137605285644531,-0.04054145431518555,2.1951219512195124,0,1,0,-0.14494968833374955,0.13024691695763718,-0.016999999999999904,0.002775073510670984,-0.04120728970052513,0.08353269889672278,-0.03211358387096702,0.03682502673441678,0,0,0,0,0,0,0,0
2.34184418729858,-0.12952079062518976,1.017,-0.003787364476827695,0.02655788803100586,0.01096563720703125,2.1951219512195124,0,1,0,-0.14672223607906743,0.12952079062518976,-0.016999999999999904,0.003787364476827695,-0.022257600633337208,0.06465877716752193,-0.015285199999999895,0.04530903478049102,0,0,0,0,0,0,0,0
2.3478649504574274,-0.12529568940477875,1.016,-0.0014660765716752368,0.09007077026367187,0.06371810531616211,2.1951219512195124,0,1,0,-0.152742999237915,0.12529568940477875,-0.016000000000000014,0.0014660765716752368,-0.043628135076375404,0.04859878058745189,-0.01012282051282099,0.02406566380193357,0,0,0,0,0,0,0,0
2.3507974650192556,-0.12115176799314406,1.014,-0.0014835298641951804,0.043896541595458985,0.06222324371337891,2.1951219512195124,0,1,0,-0.1556755137997432,0.12115176799314406,-0.014000000000000012,0.0014835298641951804,-0.03559785328704084,0.04284364362757823,-0.001806477419354812,0.02425628416201543,0,0,0,0,0,0,0,0
2.352055175450894,-0.11445340878031125,1.01,-0.0019373154697137059,0.018716577529907227,0.10050326538085938,2.1951219512195124,0,1,0,-0.15693322423138145,0.11445340878031125,-0.010000000000000009,0.0019373154697137059,-0.027648150303545914,0.026395518501616817,0.012262422222222263,0.028979683660958162,0,0,0,0,0,0,0,0
2.3533490449302237,-0.10700873398133796,1.008,-0.0019373154697137059,0.01919166564941406,0.11170751190185547,2.1951219512195124,0,1,0,-0.1582270937107113,0.10700873398133796,-0.008000000000000007,0.0019373154697137059,-0.02959291474789195,0.018523351996570472,0.0028809225806451927,0.028979683660958162,0,0,0,0,0,0,0,0
2.3545736277226896,-0.09808185582556805,1.004,-0.0013962634015954637,0.018109294891357423,0.13393850708007812,2.1951219512195124,0,1,0,-0.15945167650317726,0.09808185582556805,-0.0040000000000000036,0.0013962634015954637,-0.03070888754257418,0.007110451072535592,0.01698762222222227,0.023295479059634645,0,0,0,0,0,0,0,0
2.351551024693497,-0.089554706429218,1,-0.0020769418098732523,-0.045517593383789065,0.12784381103515624,2.1951219512195124,0,1,0,-0.15642907347398483,0.089554706429218,0,0.0020769418098732523,-0.010051532754674177,0.014876320761146637,0.015914117948717995,0.03035588942502546,0,0,0,0,0,0,0,0
2.350206167566774,-0.08120798654726188,0.996,-0.001954768762233649,-0.02043284797668457,0.12515863037109376,2.1951219512195124,0,1,0,-0.15508421634726144,0.08120798654726188,0.0040000000000000036,0.001954768762233649,-0.013656068821747224,-0.012808936440507145,0.03097143404255325,0.029153475516445655,0,0,0,0,0,0,0,0
2.3452540615115702,-0.07346321615593748,0.995,-0.0014137166941154068,-0.07450853729248047,0.11602613067626953,2.1951219512195124,0,1,0,-0.15013211029205786,0.07346321615593748,0.0050000000000000044,0.0014137166941154068,-0.00014495104205295914,0.011295941269845802,0.006510379487179524,0.023489205847013188,0,0,0,0,0,0,0,0
2.337840867106357,-0.06529718686751529,0.992,-0.0015184364492350666,-0.1113709716796875,0.12233311462402344,2.1951219512195124,0,1,0,-0.1427189158868445,0.06529718686751529,0.008000000000000007,0.0015184364492350666,0.02230447826675494,-0.003728608417562229,0.02140828387096779,0.024635298166458465,0,0,0,0,0,0,0,0
2.331279759750778,-0.05968617662023771,0.988,-0.0015882496193148398,-0.09854429626464843,0.08401561737060546,2.1951219512195124,0,1,0,-0.1361578085312658,0.05968617662023771,0.01200000000000001,0.0015882496193148398,0.019329156076732433,0.008768182654605793,0.02997062222222228,0.02538473200686738,0,0,0,0,0,0,0,0
2.323904583826758,-0.052041835158491576,0.988,-0.0005061454830783556,-0.11080961608886719,0.11448927307128906,2.1951219512195124,0,1,0,-0.12878263260724543,0.052041835158491576,0.01200000000000001,0.0005061454830783556,0.02740175293229498,-0.006712590056599715,0.00782280000000004,0.011843416064989868,0,0,0,0,0,0,0,0
2.3140490582969444,-0.04468711393295731,0.989,-0.00019198621771937622,-0.14788870239257812,0.11024597930908203,2.1951219512195124,0,1,0,-0.11892710707743204,0.04468711393295731,0.01100000000000001,0.00019198621771937622,0.03341965461739598,0.0005324100793329539,0.0026793202531645915,0.006205928648124103,0,0,0,0,0,0,0,0
2.3046178295691546,-0.037146811306784565,0.984,-0.002007128639793479,-0.14149014282226563,0.11307737731933594,2.1951219512195124,0,1,0,-0.10949587834964225,0.037146811306784565,0.016000000000000014,0.002007128639793479,0.06572721625496947,-0.027854525748350546,0.04922677826086964,0.02967177643939369,0,0,0,0,0,0,0,0
2.294935898082637,-0.02912879305309505,0.979,-0.001780235837034216,-0.14547007751464844,0.11997853851318359,2.1951219512195124,0,1,0,-0.0998139468631245,0.02912879305309505,0.02100000000000002,0.001780235837034216,0.040914935970334416,-0.009784415283142674,0.037501098734177285,0.027391244787879337,1430808712456,0,0,0,0,0,0,0
2.2888772083627096,-0.020706369670384053,0.978,-0.001064650843716541,-0.09110511016845703,0.12617436218261718,2.1951219512195124,0,1,0,-0.09375525714319721,0.020706369670384053,0.02200000000000002,0.001064650843716541,0.03467064574490253,-0.025890320252426754,0.02193076129032263,0.01944307170959061,1430808712456,0,0,0,0,0,0,0
2.2798429705113468,-0.01091379089803319,0.977,-0.001954768762233649,-0.13566987609863282,0.14674432373046875,2.1951219512195124,0,1,0,-0.0847210192918344,0.01091379089803319,0.02300000000000002,0.001954768762233649,0.05464195185738545,-0.037575129707105914,0.022786055555555608,0.029153475516445655,1430808712456,0,0,0,0,0,0,0
2.2722731558703684,-0.001704539429926875,0.972,-0.002530727415391778,-0.11381703186035157,0.13791654968261718,2.1951219512195124,0,1,0,-0.07715120465085601,0.001704539429926875,0.028000000000000025,0.002530727415391778,0.0504911360098587,-0.03975368179534447,0.04962990645161297,0.0346303586550656,1430808712456,0,0,0,0,0,0,0
2.2649257081343297,0.00797653304209933,0.973,-0.0014137166941154068,-0.11057886505126953,0.14493670654296875,2.1951219512195124,0,1,0,-0.06980375691481733,-0.00797653304209933,0.027000000000000024,0.0014137166941154068,0.043856882752050276,-0.036109434898859774,0.016327520512820562,0.023489205847013188,1430808712456,0,0,0,0,0,0,0
2.2598496169752056,0.01631970284270074,0.97,0.0008726646259971648,-0.07631821441650391,0.12503977966308594,2.1951219512195124,0,1,-0.0014137166941154068,-0.06472766575569322,-0.01631970284270074,0.030000000000000027,-0.0022863813201125715,-0.03236383287784661,-0.00815985142135037,0.02400000000000002,-0.032363775881445137,1430808712456,0,0,0,0,0,0,0
2.2562348984755607,0.023191736162783652,0.971,-0.001239183768915974,-0.05413080215454102,0.10312777709960938,2.1951219512195124,0,1,-0.0014137166941154068,-0.06111294725604832,-0.023191736162783652,0.029000000000000026,-0.00017453292519943294,-0.01481326391308654,-0.04261281057255152,0.01893902051282053,-0.0058238697649086605,1430808712846,0,0,0,0,0,0,0
2.2550408453088204,0.028783745925058103,0.973,-0.0037350045992678655,-0.018014726638793947,0.08385788726806641,2.1951219512195124,0,1,-0.0014137166941154068,-0.05991889408930806,-0.028783745925058103,0.027000000000000024,0.0023212879051524586,-0.024179988361901286,-0.045820827005451356,0.0108851888888889,0.03269234564391713,1430808712909,0,0,0,0,0,0,0
2.251631694655405,0.03389096356482598,0.975,-0.009180431865490174,-0.05142303466796875,0.07641673278808593,2.1951219512195124,0,1,-0.0014137166941154068,-0.056509743435892545,-0.03389096356482598,0.025000000000000022,0.007766715171374767,-0.010214196847069423,-0.046348906219182764,0.00926097741935485,0.07313383179659126,1430808712971,0,0,0,0,0,0,0
2.2494718465413435,0.040108507956617044,0.986,-0.005811946409141117,-0.033252540588378905,0.0929618148803711,2.1951219512195124,0,1,-0.0014137166941154068,-0.0543498953218311,-0.040108507956617044,0.014000000000000012,0.0043982297150257105,-0.016722726242875175,-0.055421207981662834,-0.049271611111111155,0.0500585979654078,1430808713034,0,0,0,0,0,0,0
2.244248588077417,0.04486740615186613,0.987,-0.0014137166941154068,-0.07876242828369141,0.07092691040039062,2.1951219512195124,0,1,-0.0014137166941154068,-0.049126636857904415,-0.04486740615186613,0.013000000000000012,0,0.00307129814124759,-0.050401669586106944,0.005474938709677427,0,1430808713096,0,0,0,0,0,0,0
2.2398127109323234,0.049155755483295496,0.989,0.0044156830075456534,-0.0666290283203125,0.06423110961914062,2.1951219512195124,0,1,-0.0014137166941154068,-0.044690759712811,-0.049155755483295496,0.01100000000000001,-0.00582939970166106,0.00016531035488052959,-0.04981494058734564,-0.0015217111111111119,-0.060400791883266296,1430808713159,0,0,0,0,0,0,0
2.2335409159306,0.05042471001296583,0.989,0.0034033920413889425,-0.09399195861816406,0.019449544906616212,2.1951219512195124,0,1,-0.0014137166941154068,-0.03841896471108752,-0.05042471001296583,0.01100000000000001,-0.004817108735504349,0.006500447893338583,-0.03271259437359677,0.009675200000000009,-0.053188495909712766,1430808713237,0,0,0,0,0,0,0
2.2249306769702906,0.05074042814167791,0.991,0.0010471975511965976,-0.12913671875,0.005175303936004638,2.1951219512195124,0,1,-0.0014137166941154068,-0.029808725750778198,-0.05074042814167791,0.009000000000000008,-0.0024609142453120045,0.031084271073475535,-0.029273297115589538,-0.0031593225806451613,-0.03399051382157771,1430808713299,0,0,0,0,0,0,0
2.2178160557161437,0.04933620686330899,0.992,-0.002775073510670984,-0.10674131774902344,-0.02095155143737793,2.1951219512195124,0,1,-0.0014137166941154068,-0.02269410449663134,-0.04933620686330899,0.008000000000000007,0.0013613568165555773,0.025418094797203843,-0.019298495496513607,0.0018258444444444475,0.02290558509221598,1430808713362,0,0,0,0,0,0,0
2.209813649111393,0.045969644577121715,0.997,-0.0055152404363020815,-0.11989550018310546,-0.05083134841918945,2.1951219512195124,0,1,-0.0014137166941154068,-0.01469169789188074,-0.045969644577121715,0.0030000000000000027,0.004101523742186674,0.03497741193306012,-0.006696668374625639,-0.02482580645161292,0.04778118277918206,1430808713424,0,0,0,0,0,0,0
2.2010425136629563,0.0411812983763534,1.001,-0.0041887902047863905,-0.1311688995361328,-0.07254972076416015,2.1951219512195124,0,1,-0.0014137166941154068,-0.005920562443443966,-0.0411812983763534,-0.0009999999999998899,0.0027750735106709837,0.03349958233915814,-0.0021423276514198897,-0.017756517948717375,0.03682502673441678,1430808713502,0,0,0,0,0,0,0
2.1925167945862745,0.03352712830375297,1,0.001256637061435917,-0.1274037399291992,-0.11534722900390625,2.1951219512195124,0,1,-0.0014137166941154068,0.002605156633237904,-0.03352712830375297,0,-0.002670353755551324,0.0619064244297228,0.03704014987076507,0.00843900851063748,-0.035892684527252035,1430808713549,0,0,0,0,0,0,0
2.184512115828055,0.025587668530412576,1.002,0.004537856055185257,-0.12021974182128906,-0.11894091796875,2.1951219512195124,0,1,-0.0014137166941154068,0.010609835391457434,-0.025587668530412576,-0.0020000000000000018,-0.005951572749300664,0.03842055347068413,0.019436938138603962,-0.009597758974358982,-0.06124179441462912,1430808713627,0,0,0,0,0,0,0
2.17738511416282,0.01567932504838097,1.002,0.003996803987067014,-0.10757836151123047,-0.14813850402832032,2.1951219512195124,0,1,-0.0014137166941154068,0.017736837056692156,-0.01567932504838097,-0.0020000000000000018,-0.0054105206811824215,0.045771819747163066,0.0437129017755486,-0.0006359999999999995,-0.05747153328098951,1430808713690,0,0,0,0,0,0,0
2.1705678263130768,0.006343156141821611,1.005,0.00008726646259971648,-0.10281822204589844,-0.13963270568847655,2.1951219512195124,0,1,-0.0014137166941154068,0.024554124906435604,-0.006343156141821611,-0.004999999999999893,-0.0015009831567151233,0.0482229350250644,0.045999485294017824,-0.020002483870967043,-0.02444615843506541,1430808713752,0,0,0,0,0,0,0
2.1648113344165743,-0.003165663300361111,1.011,-0.004956735075663896,-0.08635982513427734,-0.142624755859375,2.1951219512195124,0,1,-0.0014137166941154068,0.030310616802938117,0.003165663300361111,-0.010999999999999899,0.0035430183815484888,0.04478795892094108,0.05089643406147217,-0.04126963333333328,0.043338680032795215,1430808713815,0,0,0,0,0,0,0
2.160029310343856,-0.013076739720664837,1.007,-0.003787364476827695,-0.07099258422851562,-0.14901986694335936,2.1951219512195124,0,1,-0.0014137166941154068,0.03509264087565622,0.013076739720664837,-0.006999999999999895,0.002373647782712288,0.03692998334630436,0.0475999749717075,0.013157817948718053,0.033182129978241034,1430808713893,0,0,0,0,0,0,0
2.1549413650283036,-0.02251005725436963,1.006,-0.0007853981633974483,-0.07578272247314453,-0.1417877960205078,2.1951219512195124,0,1,-0.0014137166941154068,0.04018058619120879,0.02251005725436963,-0.006000000000000005,-0.0006283185307179585,0.046535656234967,0.06039298792190052,0.001526855555554942,-0.013679807573413577,1430808713956,0,0,0,0,0,0,0
2.1514733800682144,-0.02971190166517485,1.006,0.0011344640137963143,-0.051934913635253904,-0.10806848907470704,2.1951219512195124,0,1,-0.0014137166941154068,0.043648571151297944,0.02971190166517485,-0.006000000000000005,-0.002548180707911721,0.03954485496069024,0.051784022202796126,-0.004066500000000001,-0.03478939624202754,1430808714019,0,0,0,0,0,0,0
2.14884983105196,-0.03735165861884555,1.01,0.0018325957145940458,-0.03948321533203125,-0.1145516357421875,2.1951219512195124,0,1,-0.0014137166941154068,0.046272120167552444,0.03735165861884555,-0.010000000000000009,-0.003246312408709453,0.036687290852073694,0.05895289445870722,-0.02990914516129034,-0.04088402238518587,1430808714081,0,0,0,0,0,0,0
2.1489284756170304,-0.042941314225638356,1.007,-0.0027576202181510408,0.001026012897491455,-0.08384685516357422,2.1951219512195124,0,1,-0.0014137166941154068,0.04619347560248199,0.042941314225638356,-0.006999999999999895,0.001343903524035634,0.021691715865618917,0.04994423457935061,0.011694066666667382,0.022709390138075675,1430808714144,0,0,0,0,0,0,0
2.15068657737552,-0.047179829482726775,1.004,-0.0019024088846738192,0.026546749114990234,-0.06350476455688477,2.1951219512195124,0,1,-0.0014137166941154068,0.04443537384399221,0.047179829482726775,-0.0040000000000000036,0.0004886921905584124,0.011600310563123595,0.04522946714848488,0.014338083870967131,0.011569564425833748,1430808714206,0,0,0,0,0,0,0
2.1518463394037672,-0.04953210899848268,1,0.0009250245035569946,0.017463523864746092,-0.03525103378295898,2.1951219512195124,0,1,-0.0014137166941154068,0.04327561181574513,0.04953210899848268,0,-0.0023387411976724015,0.016078686929477472,0.033419955490006176,0.01855131794871797,-0.03285601238124314,1430808714284,0,0,0,0,0,0,0
2.153769314055429,-0.050767563064043036,0.998,0.0021467549799530253,0.028827465057373047,-0.01855848503112793,2.1951219512195124,0,1,-0.0014137166941154068,0.04135263716408355,0.050767563064043036,0.0020000000000000018,-0.003560471674068432,0.009898589091709382,0.030666051476435002,0.013326311111111128,-0.04348089079099812,1430808714347,0,0,0,0,0,0,0
2.1564051073942294,-0.05040734374675639,0.996,0.0011344640137963143,0.039548408508300784,0.0053184013366699215,2.1951219512195124,0,1,-0.0014137166941154068,0.038716843825282954,0.05040734374675639,0.0040000000000000036,-0.002548180707911721,0.004624450837769604,0.02190133750549103,0.015130322580645178,-0.03478939624202754,1430808714409,0,0,0,0,0,0,0
2.1571263962524103,-0.04860930052314368,0.996,-0.0016755160819145565,0.010849923133850097,0.026958356857299803,2.1951219512195124,0,1,-0.0014137166941154068,0.03799555496710205,0.04860930052314368,0.0040000000000000036,0.0002617993877991496,0.015375496607231899,0.013352921612882852,0.003865200000000008,0.007631428283688884,1430808714472,0,0,0,0,0,0,0
2.1616022721518586,-0.04615354701374475,0.998,-0.0018675022996339327,0.06707632446289062,0.036948741912841795,2.1951219512195124,0,1,-0.0014137166941154068,0.03351967906765374,0.04615354701374475,0.0020000000000000018,0.0004537856055185259,-0.00791450037689894,0.008537201219906547,-0.009012722580645163,0.011011856752296096,1430808714534,0,0,0,0,0,0,0
2.163531647047224,-0.04187862958731218,0.997,-0.002251474735072685,0.02882082176208496,0.06417769622802734,2.1951219512195124,0,1,-0.0014137166941154068,0.03159030417228825,0.04187862958731218,0.0030000000000000027,0.000837758040957278,0.005868123040859947,-0.0032228387350357324,0.008652055555555567,0.016571906698420583,1430808714597,0,0,0,0,0,0,0
2.1653278261232725,-0.03800880823655859,1.001,-0.001361356816555577,0.026811925888061524,0.05810783386230469,2.1951219512195124,0,1,-0.0014137166941154068,0.02979412509623991,0.03800880823655859,-0.0009999999999998899,-0.000052359877559829794,0.00786139919193847,0.0015236775676406474,-0.018060017948717373,-0.0026099117607792403,1430808714675,0,0,0,0,0,0,0
2.1664069738899006,-0.033411120452263035,1.002,0.0024260076602721182,0.016093315124511717,0.06898728942871094,2.1951219512195124,0,1,-0.0014137166941154068,0.028714977329611813,0.033411120452263035,-0.0020000000000000018,-0.003839724354387525,0.009467672874706148,-0.009158123498446646,-0.006568861290323208,-0.0457256732360079,1430808714737,0,0,0,0,0,0,0
2.1668392957334506,-0.026812309502031485,1.003,0.003420845333908886,0.0067249398231506346,0.09896614074707032,2.1951219512195124,0,1,-0.0014137166941154068,0.028282655486061792,0.026812309502031485,-0.0029999999999998916,-0.004834562028024293,0.013119867861477985,-0.02299398315342508,-0.007298155555554849,-0.05331689308088324,1430808714800,0,0,0,0,0,0,0
2.1664732822784853,-0.020874100153604996,1.002,-0.000296705972839036,-0.005185464859008789,0.08909140014648438,2.1951219512195124,0,1,-0.0014137166941154068,0.028648668941027022,0.020874100153604996,-0.0020000000000000018,-0.0011170107212763708,0.017948489343824252,-0.02269575711963514,0.0046901612903219635,-0.02007543528279528,1430808714862,0,0,0,0,0,0,0
2.1678567175249963,-0.014398545477968705,1,-0.0036651914291880917,0.020722707748413085,0.09713947296142578,2.1951219512195124,0,1,-0.0014137166941154068,0.027265233694516056,0.014398545477968705,0,0.002251474735072685,0.007676586335631906,-0.028295977826908146,0.011756111111111127,0.03203352967008245,1430808714925,0,0,0,0,0,0,0
2.169992414205699,-0.009357141439154885,1,-0.003892084231947355,0.03175806999206543,0.07573796844482422,2.1951219512195124,0,1,-0.0014137166941154068,0.025129537013813152,0.009357141439154885,0,0.0024783675378319482,0.0023939402644970117,-0.023242900744645037,0.0006450000000000064,0.03415103610068933,1430808714987,0,0,0,0,0,0,0
2.170981711292281,-0.005199036382199595,1,-0.0008552113334772215,0.014596589088439941,0.06242885971069336,2.1951219512195124,0,1,-0.0014137166941154068,0.024140239927231466,0.005199036382199595,0,-0.0005585053606381854,0.009704784228777255,-0.015480025577660907,0.0006450000000000064,-0.012646731749298003,1430808715065,0,0,0,0,0,0,0
2.1730718454760303,-0.0014132261192948553,1,0.0038222710618675813,0.031303436279296874,0.05681394577026367,2.1951219512195124,0,1,-0.0014137166941154068,0.022050105743482096,0.0014132261192948553,0,-0.005235987755982988,0.0016259298203368886,-0.01973814290581431,0.0006450000000000064,-0.05622884435344996,1430808715128,0,0,0,0,0,0,0
2.173456137779039,0.001040663931100649,0.999,0.001780235837034216,0.005905033588409424,0.03678604888916016,2.1951219512195124,0,1,-0.0014137166941154068,0.021665813440473247,-0.001040663931100649,0.0010000000000000009,-0.003193952531149623,0.011010576255434322,-0.013791865932225648,0.007096361290322591,-0.040443218933557554,1430808715190,0,0,0,0,0,0,0
2.1743696707157447,0.0034180381218270684,1,-0.002251474735072685,0.013766456604003906,0.03563616180419922,2.1951219512195124,0,1,-0.0014137166941154068,0.02075228050376765,-0.0034180381218270684,0,0.000837758040957278,0.0077787582056719675,-0.014357115937480493,-0.004904355555555554,0.016571906698420583,1430808715253,0,0,0,0,0,0,0
2.1763774426976443,0.004612942143902244,1.002,-0.00301941960595019,0.030076148986816407,0.017991321563720703,2.1951219512195124,0,1,-0.0014137166941154068,0.018744508521868042,-0.004612942143902244,-0.0020000000000000018,0.0016057029118347831,0.0006320744772415846,-0.008520959727955267,-0.012251522580645165,0.025570361790360194,1430808715315,0,0,0,0,0,0,0
2.177959372324981,0.004689886614955679,1.001,-0.0022689280275926286,0.023725351333618163,0.0012258093357086183,2.1951219512195124,0,1,-0.0014137166941154068,0.017162578894531322,-0.004689886614955679,-0.0009999999999998899,0.0008552113334772218,0.002494932652974246,-0.002271021601716856,0.005388055555556272,0.01680128019508231,1430808715378,0,0,0,0,0,0,0
2.1819021429012184,0.003443144709237333,1.001,0.0015882496193148398,0.059183837890625,-0.018566892623901366,2.1951219512195124,0,1,-0.0014137166941154068,0.013219808318293946,-0.003443144709237333,-0.0009999999999998899,-0.0030019663134302466,-0.008276759452960499,0.0043473168111868845,-0.00017529999999990392,-0.0388058576164041,1430808715456,0,0,0,0,0,0,0
2.1857492659074254,0.0014574560274589242,1,0.0032812189937493396,0.057659465789794924,-0.02987694549560547,2.1951219512195124,0,1,-0.0014137166941154068,0.009372685312087015,-0.0014574560274589242,0,-0.004694935687864747,-0.01382225937628913,0.010768228261614499,0.00618025555555495,-0.052285328535806246,1430808715519,0,0,0,0,0,0,0
2.1889274507954033,0.00021432335674288218,1.001,0.0004014257279586958,0.047611331939697264,-0.018803314208984376,2.1951219512195124,0,1,-0.0014137166941154068,0.006194500424109073,-0.00021432335674288218,-0.0009999999999998899,-0.0018151424220741027,-0.0119414066307114,0.007374546435964416,-0.0058266612903218615,-0.02774814024128968,1430808715581,0,0,0,0,0,0,0
2.192339392906189,-0.0025188353186794197,1.002,-0.0015184364492350666,0.051162670135498044,-0.04101792144775391,2.1951219512195124,0,1,-0.0014137166941154068,0.0027825583133234133,0.0025188353186794197,-0.0020000000000000018,0.0001047197551196598,-0.014643715214438226,0.016923524868178948,-0.00654965555555617,0.004142976674605147,1430808715644,0,0,0,0,0,0,0
2.196379440208418,-0.005752259874201002,1.002,-0.00322885911618951,0.060674285888671874,-0.04840929412841797,2.1951219512195124,0,1,-0.0014137166941154068,-0.0012574889889056529,0.005752259874201002,-0.0020000000000000018,0.0018151424220741032,-0.020523019990090447,0.02164488942971149,-0.001006499999999993,0.027748140241289684,1430808715706,0,0,0,0,0,0,0
2.2001818662035686,-0.009879702959911855,1.001,-0.005672320068981571,0.05723599624633789,-0.061727161407470706,2.1951219512195124,0,1,-0.0014137166941154068,-0.005059914984056224,0.009879702959911855,-0.0009999999999998899,0.004258603374866164,-0.020773980672397212,0.028447889330265725,0.005342755555556274,0.04899347064305742,1430808715769,0,0,0,0,0,0,0
2.2073068296325156,-0.016625943815079283,0.993,-0.005218534463463045,0.10744673156738281,-0.10058576202392579,2.1951219512195124,0,1,-0.0014137166941154068,-0.012184878413003197,0.016625943815079283,0.007000000000000006,0.0038048177693476384,-0.03527790532181938,0.03929204633542624,0.04213923589743544,0.04544812635129799,1430808715847,0,0,0,0,0,0,0
2.216713127377024,-0.026145422958035167,0.965,-0.003106686068549906,0.14183770751953126,-0.14205393981933595,2.1951219512195124,0,1,-0.0014137166941154068,-0.021591176157511605,0.026145422958035167,0.03500000000000003,0.0016929693744344994,-0.061243997653522744,0.06768128911021225,0.18692331612903246,0.026488628804623864,1430808715909,0,0,0,0,0,0,0
2.226990959916332,-0.036715607853659876,0.942,-0.001291543646475804,0.15465931701660157,-0.15807305908203126,2.1951219512195124,0,1,-0.0014137166941154068,-0.031869008696819634,0.036715607853659876,0.05800000000000005,-0.00012217304763960293,-0.07058269042824164,0.07818194414579221,0.17540197777777794,-0.004591384685095583,1430808715972,0,0,0,0,0,0,0
2.238157765055824,-0.05016118975480429,0.916,0.000017453292519943296,0.16776242065429686,-0.20146722412109375,2.1951219512195124,0,1,-0.0014137166941154068,-0.04303581383631183,0.05016118975480429,0.08399999999999996,-0.0014311699866353502,-0.08237226149098709,0.10239496352690927,0.21571919354838656,-0.023682137019424638,1430808716034,0,0,0,0,0,0,0
2.247960146199801,-0.06500959451959451,0.873,0.00017453292519943296,0.14703182983398438,-0.2227286376953125,2.1951219512195124,0,1,-0.0014137166941154068,-0.052838194980288744,0.06500959451959451,0.127,-0.0015882496193148398,-0.07902558960340872,0.11681738546274337,0.3430339888888891,-0.02538473200686738,0,0,0,0,0,0,0,0
2.2564377950360237,-0.07777842758523228,0.833,-0.0010297442586766543,0.1271313018798828,-0.1915546875,2.1951219512195124,0,1,-0.0014137166941154068,-0.06131584381651134,0.07777842758523228,0.16700000000000004,-0.00038397243543875255,-0.07704459427428051,0.11327501280915213,0.3629869516129034,-0.00985129766447179,0,0,0,0,0,0,0,0
2.2630632615177735,-0.08962187749308528,0.786,-0.003787364476827695,0.09956488037109375,-0.17754931640625,2.1951219512195124,0,1,-0.0014137166941154068,-0.06794131029826112,0.08962187749308528,0.21399999999999997,0.002373647782712288,-0.06238970133740088,0.10029360905495674,0.3846989481012655,0.033182129978241034,0,0,0,0,0,0,0,0
2.2696194704108454,-0.1017069328005368,0.737,-0.007086036763096978,0.09902898406982422,-0.18090206909179687,2.1951219512195124,0,1,-0.0014137166941154068,-0.07449751919133307,0.1017069328005368,0.263,0.005672320068981572,-0.0737872145432803,0.12271782550066654,0.4939146032258067,0.05931081547202134,0,0,0,0,0,0,0,0
2.2717863218678502,-0.11126733197405721,0.687,-0.007190756518216637,0.03351812744140625,-0.1431720733642578,2.1951219512195124,0,1,-0.0014137166941154068,-0.07666437064833787,0.11126733197405721,0.31299999999999994,0.005777039824101229,-0.05038083280245538,0.11309025160761055,0.5370513777777775,0.06003856688271228,0,0,0,0,0,0,0,0
2.2728765749784263,-0.11937044339982127,0.635,-0.0041887902047863905,0.017227378845214844,-0.12142593383789063,2.1951219512195124,0,1,-0.0014137166941154068,-0.07775462375891395,0.11937044339982127,0.365,0.0027750735106709837,-0.04552462903149999,0.11051194627968533,0.5966849870967744,0.03682502673441678,0,0,0,0,0,0,0,0
2.2742995397922074,-0.1256760782415024,0.585,0.0009075712110370514,0.021740478515625,-0.0944942855834961,2.1951219512195124,0,1,-0.0014137166941154068,-0.07917758857269508,0.1256760782415024,0.41500000000000004,-0.002321287905152458,-0.04848563566648241,0.10374445671755977,0.6235288777777781,-0.032692345643917126,0,0,0,0,0,0,0,0
2.273104993563627,-0.12810161151652133,0.536,0.003979350694547071,-0.017951206207275392,-0.03636672210693359,2.1951219512195124,0,1,-0.0014137166941154068,-0.07798304234411457,0.12810161151652133,0.46399999999999997,-0.005393067388662479,-0.03372309120908037,0.08441267522299162,0.664440803225806,-0.057347872041554004,0,0,0,0,0,0,0,0
2.2704497136873276,-0.12890719885607763,0.486,0.0014486232791552935,-0.03987696838378906,-0.011925220489501953,2.1951219512195124,0,1,-0.0014137166941154068,-0.07532776246781525,0.12890719885607763,0.514,-0.0028623399732707003,-0.027811696553612365,0.07574323347650945,0.6561960743589745,-0.03759304921748971,0,0,0,0,0,0,0,0
2.26813688910423,-0.1288935458748334,0.435,-0.0026878070480712674,-0.034692035675048825,0.0002550506591796875,2.1951219512195124,0,1,-0.0014137166941154068,-0.07301493788471758,0.1288935458748334,0.565,0.0012740903539558606,-0.026180970302734315,0.07285777144390901,0.759529933333333,0.021915946319232042,0,0,0,0,0,0,0,0
2.265806526332179,-0.12808382658241158,0.385,-0.005358160803622591,-0.03498796081542969,0.01205179214477539,2.1951219512195124,0,1,-0.0014137166941154068,-0.07068457511266679,0.12808382658241158,0.615,0.003944444109507185,-0.025147785030871263,0.06875188541270325,0.8022676645161293,0.04655331522186528,0,0,0,0,0,0,0,0
2.263595562472311,-0.12582405880822417,0.338,-0.002303834612632515,-0.033345603942871095,0.033718330383300785,2.1951219512195124,0,1,-0.0014137166941154068,-0.0684736112527986,0.12582405880822417,0.6619999999999999,0.000890117918517108,-0.02534582801019647,0.06043142368955618,0.8228913111111107,0.017255402945536204,0,0,0,0,0,0,0,0
2.2622971832700105,-0.1229424301009783,0.295,0.00003490658503988659,-0.019575218200683593,0.043179447174072266,2.1951219512195124,0,1,-0.0014137166941154068,-0.06717523205049813,0.1229424301009783,0.7050000000000001,-0.0014486232791552935,-0.031677677250720244,0.0595734404780519,0.7946279179487187,-0.02387428548808158,0,0,0,0,0,0,0,0
2.261486665637614,-0.11920122431110494,0.251,0.0007155849933176752,-0.012155805587768555,0.05611851119995117,2.1951219512195124,0,1,-0.0014137166941154068,-0.06636471441810166,0.11920122431110494,0.749,-0.002129301687433082,-0.03137462351247771,0.04333342544612043,0.9680590744680846,-0.030863952485297275,0,0,0,0,0,0,0,0
2.2579422040267296,-0.11127576995711412,0.222,-0.0018849555921538759,-0.053081840515136716,0.11891983032226562,2.1951219512195124,0,1,-0.0014137166941154068,-0.06282025280721726,0.11127576995711412,0.778,0.000471238898038469,-0.020223524848428685,0.032535756187063745,0.7997961051282053,0.011292432346572345,0,0,0,0,0,0,0,0
2.2540330981453804,-0.10208148328110728,0.206,-0.006108652381980153,-0.058896446228027345,0.13780352783203126,2.1951219512195124,0,1,-0.0014137166941154068,-0.058911146925868074,0.10208148328110728,0.794,0.004694935687864747,-0.012827492670458327,0.013065291975276033,0.7763589888888891,0.052285328535806246,0,0,0,0,0,0,0,0
2.250696110553,-0.09255195708112834,0.158,-0.005602506898901799,-0.05092706298828125,0.14263446044921874,2.1951219512195124,0,1,-0.0014137166941154068,-0.05557415933348775,0.09255195708112834,0.842,0.004188790204786392,-0.014382980375727994,0.006158009012213889,1.0020582419354835,0.04845654914219041,0,0,0,0,0,0,0,0
2.2485731996883156,-0.08303083308205841,0.112,-0.0008726646259971648,-0.03264329147338867,0.14263621520996095,2.1951219512195124,0,1,-0.0014137166941154068,-0.053451248468803225,0.08303083308205841,0.888,-0.000541052068118242,-0.02305039577911169,0.013117807626435968,0.9812271564102566,-0.01238186649898857,0,0,0,0,0,0,0,0
2.2479848375593074,-0.07183978294805755,0,-0.011135200627723822,-0.008971919059753418,0.1678579864501953,2.1951219512195124,0,1,-0.0014137166941154068,-0.05286288633979508,0.07183978294805755,1,0.009721483933608416,-0.028149132255892384,-0.03275468553804713,1.7031594531914893,0.08494055963641153,0,0,0,0,0,0,0,0
