0,0,0.688,0,-0.0007677623629570008,-0.026651002883911132,0,0,0.5,0,0,0,-0.18799999999999994,0,0,0,-0.15039999999999998,0,0,0,0,0,0,0,0,0
0.0003545907020568848,-0.0018352654774983724,0.683,-0.000645771823237884,0.005318860530853272,-0.027528982162475586,0,0,0.5,0,-0.0003545907020568848,0.0018352654774983724,-0.18300000000000005,0.000645771823237884,-0.002211832166108929,0.011447844494887388,-0.11771147540983673,0.0038216988227684607,0,0,0,0,0,0,0,0
0.000738995486842641,-0.00497087991879206,0.677,-0.0011170107212763458,0.005796443939208984,-0.04703048324584961,0,0,0.5,0,-0.000738995486842641,0.00497087991879206,-0.17700000000000005,0.0011170107212763458,-0.0023193770865374747,0.018390730603639372,-0.11071764705882353,0.0031960058596813244,0,0,0,0,0,0,0,0
0.0016699950842120055,-0.008699858226783368,0.67,-0.0013264502315156745,0.014027464866638183,-0.05591904067993164,0,0,0.5,0,-0.0016699950842120055,0.008699858226783368,-0.17000000000000004,0.0013264502315156745,-0.00617679851061875,0.02574570629039099,-0.0958360655737705,0.0023564806097418813,0,0,0,0,0,0,0,0
0.002703073120006318,-0.01316041775948085,0.662,-0.0016755160819145187,0.01558490753173828,-0.06688777923583984,0,0,0.5,0,-0.002703073120006318,0.01316041775948085,-0.16200000000000003,0.0016755160819145187,-0.006516926738974721,0.028883006543227834,-0.08959999999999999,0.0031715125836238507,0,0,0,0,0,0,0,0
0.005261734061977653,-0.017087916931629494,0.654,-0.003211405823669522,0.03847856903076172,-0.05884809875488281,0,0,0.5,0,-0.005261734061977653,0.017087916931629494,-0.15400000000000003,0.003211405823669522,-0.017556389192488277,0.0314543703033485,-0.07653333333333331,0.010890854532444538,0,0,0,0,0,0,0,0
0.009603055971761745,-0.02018931640896775,0.642,-0.0049043751981040495,0.06526889038085938,-0.046311626434326174,0,0,0.5,0,-0.009603055971761745,0.02018931640896775,-0.14200000000000002,0.0049043751981040495,-0.026822726078988585,0.025826394683735904,-0.05273043478260867,0.01226511160868895,0,0,0,0,0,0,0,0
0.014551696044331302,-0.02301785107004789,0.633,-0.009023352232810589,0.07443679046630859,-0.042063461303710935,0,0,0.5,0,-0.014551696044331302,0.02301785107004789,-0.133,0.009023352232810589,-0.03521171939957444,0.027476459912089246,-0.05559354838709674,0.028953886271713195,0,0,0,0,0,0,0,0
0.018898605560912288,-0.02525123253761497,0.622,-0.012915436464758122,0.06550327301025391,-0.0329110107421875,0,0,0.5,0,-0.018898605560912288,0.02525123253761497,-0.122,0.012915436464758122,-0.03149884380659158,0.023954362843423095,-0.0418028985507246,0.029837541821051743,0,0,0,0,0,0,0,0
0.02221804129223591,-0.027235340107293025,0.614,-0.017470745812463218,0.05017175674438477,-0.029116069793701172,0,0,0.5,0,-0.02221804129223591,0.027235340107293025,-0.11399999999999999,0.017470745812463218,-0.03047239574550575,0.02519163087676851,-0.04453333333333329,0.0402472925509887,0,0,0,0,0,0,0,0
0.024723872713922446,-0.028440486123396416,0.606,-0.02029817920069399,0.037897541046142576,-0.017417783737182616,0,0,0.5,0,-0.024723872713922446,0.028440486123396416,-0.10599999999999998,0.02029817920069399,-0.024714626463866685,0.0201611037044614,-0.04536338028169009,0.032245080841105694,0,0,0,0,0,0,0,0
0.027823674350431583,-0.02858500304439615,0.599,-0.021746802479849392,0.04653144454956055,-0.0012235671281814575,0,0,0.5,0,-0.027823674350431583,0.02858500304439615,-0.09899999999999998,0.021746802479849392,-0.031994013388185756,0.015135516894696534,-0.038366666666666625,0.028989918875626408,1425984233256,0,0,0,0,0,0,0
0.030361035048523794,-0.02881744415282773,0.594,-0.024923301718479004,0.03812722778320313,-0.002658165216445923,0,0,0.5,0,-0.030361035048523794,0.02881744415282773,-0.09399999999999997,0.024923301718479004,-0.028051187731976013,0.01558777117715376,-0.04983768115942026,0.03873416797339036,1425984233256,0,0,0,0,0,0,0
0.03230979157063184,-0.02825869996924465,0.59,-0.02747148242639074,0.029013404846191405,0.009107026100158691,0,0,0.5,0,-0.03230979157063184,0.02825869996924465,-0.08999999999999997,0.02747148242639074,-0.027336285666263713,0.010923440734555478,-0.04904918032786881,0.040003518694809115,1425984233256,0,0,0,0,0,0,0
0.034289732827325045,-0.027201917035019167,0.587,-0.029199358385865175,0.029252496719360352,0.01666153907775879,0,0,0.5,0,-0.034289732827325045,0.027201917035019167,-0.08699999999999997,0.029199358385865175,-0.02718804670123676,0.008240465372887563,-0.054382608695652146,0.03671186255749315,1425984233256,0,0,0,0,0,0,0
0.03525149992684048,-0.025640384620596347,0.584,-0.03235840433197478,0.013736517906188964,0.023834186553955077,0,0,0.5,0,-0.03525149992684048,0.025640384620596347,-0.08399999999999996,0.03235840433197478,-0.02272603003660814,0.004539338597449887,-0.05129090909090905,0.04671770408701845,1425984233256,0,0,0,0,0,0,0
0.035700816626945193,-0.022991751128596843,0.582,-0.03532546406036529,0.005450863361358643,0.03992675399780273,0,0,0.5,-0.03235840433197478,-0.035700816626945193,0.022991751128596843,-0.08199999999999996,0.0029670597283905087,-0.017850408313472597,0.011495875564298421,-0.06559999999999998,0.0029670597283905087,1425984233256,0,0,0,0,0,0,0
0.03696157295568992,-0.0195060514920438,0.583,-0.04344124508213875,0.017052921295166015,0.0529207878112793,0,0,0.5,-0.03235840433197478,-0.03696157295568992,0.0195060514920438,-0.08299999999999996,0.01108284075016397,-0.025714634265724547,-0.010246890201413584,-0.07213770491803276,0.05099651790642689,1425984233652,0,0,0,0,0,0,0
0.03759155125119492,-0.015497948294180145,0.582,-0.048781952593241466,0.006829825878143311,0.060475204467773436,0,0,0.5,-0.03235840433197478,-0.03759155125119492,0.015497948294180145,-0.08199999999999996,0.016423548261266685,-0.021945667103122454,-0.01229154184222821,-0.06059999999999997,0.03931229473742118,1425984233722,0,0,0,0,0,0,0
0.03983899385356015,-0.010651004470920333,0.581,-0.05136503988619311,0.030126291275024412,0.07426153564453125,0,0,0.5,-0.03235840433197478,-0.03983899385356015,0.010651004470920333,-0.08099999999999996,0.019006635554218332,-0.03325178355098059,-0.023427554343199736,-0.05886779661016946,0.032140977721769076,1425984233781,0,0,0,0,0,0,0
0.04214404543655037,-0.007049376860359337,0.581,-0.05290092962794812,0.03175642585754394,0.05572836685180664,0,0,0.5,-0.03235840433197478,-0.04214404543655037,0.007049376860359337,-0.08099999999999996,0.020542525295973342,-0.03197429371890461,-0.013510036754906123,-0.06479999999999997,0.026769105330115277,1425984233855,0,0,0,0,0,0,0
0.04510029332683569,-0.004424985587570226,0.584,-0.05696754678509486,0.04220016479492188,0.041655529022216795,0,0,0.5,-0.03235840433197478,-0.04510029332683569,0.004424985587570226,-0.08399999999999996,0.024609142453120077,-0.040702545989731206,-0.013902190460183109,-0.08562105263157893,0.046012390648629206,1425984233912,0,0,0,0,0,0,0
0.048652938742612124,-0.0028742270473227105,0.585,-0.059550634078046505,0.0518788070678711,0.026257783889770507,0,0,0.5,-0.03235840433197478,-0.048652938742612124,0.0028742270473227105,-0.08499999999999996,0.027192229746071724,-0.04208969645018823,-0.006316679177576222,-0.07299999999999998,0.038262603858721635,1425984233982,0,0,0,0,0,0,0
0.0519959181683364,-0.003100046713319015,0.588,-0.06216862795603795,0.05025740051269531,-0.0003969070911407471,0,0,0.5,-0.03235840433197478,-0.0519959181683364,0.003100046713319015,-0.08799999999999997,0.029810223624063166,-0.045498672400893156,0.00286730474163795,-0.08789999999999999,0.04290019301402038,1425984234042,0,0,0,0,0,0,0
0.05490159756547315,-0.005076256639959924,0.589,-0.06450736915371036,0.04534267807006836,-0.026877996444702148,0,0,0.5,-0.03235840433197478,-0.05490159756547315,0.005076256639959924,-0.08899999999999997,0.03214896482173558,-0.0421897522464737,0.012562381571057034,-0.07627246376811592,0.042317404811615625,1425984234111,0,0,0,0,0,0,0
0.055532097536973475,-0.008508408452670379,0.591,-0.06642723133090411,0.012756512641906739,-0.05076554489135742,0,0,0.5,-0.03235840433197478,-0.055532097536973475,0.008508408452670379,-0.09099999999999997,0.03406882699892933,-0.03138367155578368,0.02394687856155911,-0.08427540983606556,0.04351077213266911,1425984234172,0,0,0,0,0,0,0
0.056641813123702985,-0.016342338270643818,0.592,-0.06799802765769902,0.02440907669067383,-0.11614486694335938,0,0,0.5,-0.03235840433197478,-0.056641813123702985,0.016342338270643818,-0.09199999999999997,0.03563962332572424,-0.033869484495499036,0.047340818225189096,-0.07859999999999999,0.04237160758341671,1425984234242,0,0,0,0,0,0,0
0.05773648344677385,-0.0255510528765368,0.596,-0.06972590361717346,0.025767488479614256,-0.13669583129882812,0,0,0.5,-0.03235840433197478,-0.05773648344677385,0.0255510528765368,-0.09599999999999997,0.037367499285198676,-0.03525381860796699,0.06649302830597746,-0.10013333333333334,0.046006879082570847,1425984234302,0,0,0,0,0,0,0
0.0567703690119636,-0.03509643103361247,0.598,-0.07246607054280452,-0.004481189250946045,-0.14384239196777343,0,0,0.5,-0.03235840433197478,-0.0567703690119636,0.03509643103361247,-0.09799999999999998,0.040107666210829736,-0.023554612331930527,0.06527510630218458,-0.08839999999999999,0.05185123874924856,1425984234372,0,0,0,0,0,0,0
0.05456143082240474,-0.04484040274604752,0.599,-0.07443829259755808,-0.02246476936340332,-0.1481749725341797,0,0,0.5,-0.03235840433197478,-0.05456143082240474,0.04484040274604752,-0.09899999999999998,0.042079888265583294,-0.014395242638775715,0.07926003636222818,-0.08493770491803279,0.051779340993879486,1425984234432,0,0,0,0,0,0,0
0.04949487684133445,-0.05553976672592543,0.599,-0.07407177345463933,-0.06385224533081055,-0.16569798278808595,0,0,0.5,-0.03235840433197478,-0.04949487684133445,0.05553976672592543,-0.09899999999999998,0.04171336912266455,0.00022853190855254626,0.08051322692574116,-0.07919999999999999,0.04014257279586994,1425984234503,0,0,0,0,0,0,0
0.04403977235769094,-0.06694070639718532,0.601,-0.07482226503299694,-0.06894645690917969,-0.1766006622314453,0,0,0.5,-0.03235840433197478,-0.04403977235769094,0.06694070639718532,-0.10099999999999998,0.042463860701022156,0.009801556642408338,0.09997583461427531,-0.09246666666666666,0.046216318592810175,0,0,0,0,0,0,0,0
0.0375905817223907,-0.07794434620875909,0.6,-0.07621852843459231,-0.08412895965576171,-0.17182418823242188,0,0,0.5,-0.03235840433197478,-0.0375905817223907,0.07794434620875909,-0.09999999999999998,0.04386012410261753,0.013917994970037727,0.09478773736598564,-0.07492753623188404,0.04984411010945486,1425984234632,0,0,0,0,0,0,0
0.027883937828454594,-0.08902220301619872,0.6,-0.07644542123735154,-0.1325241394042969,-0.17677207946777343,0,0,0.5,-0.03235840433197478,-0.027883937828454594,0.08902220301619872,-0.09999999999999998,0.04408701690537676,0.040853601454766846,0.10704738993719401,-0.07999999999999999,0.04520288314845492,1425984234632,0,0,0,0,0,0,0
0.020744413184898225,-0.09883437816962197,0.602,-0.07724827269326906,-0.09553961944580078,-0.15493156433105468,0,0,0.5,-0.03235840433197478,-0.020744413184898225,0.09883437816962197,-0.10199999999999998,0.04488986836129428,0.025842773483561454,0.09918909203695792,-0.09174492753623188,0.04838052686528349,0,0,0,0,0,0,0,0
0.012366798539119546,-0.10892193369058503,0.603,-0.07724827269326906,-0.11361239624023438,-0.16055978393554687,0,0,0.5,-0.03235840433197478,-0.012366798539119546,0.10892193369058503,-0.10299999999999998,0.04488986836129428,0.04268601949748252,0.11330504071757705,-0.08823333333333333,0.04488986836129428,0,0,0,0,0,0,0,0
0.003567148649043142,-0.11659159015437992,0.606,-0.07730063257082886,-0.12272293853759765,-0.12488799285888671,0,0,0.5,-0.03235840433197478,-0.003567148649043142,0.11659159015437992,-0.10599999999999998,0.04494222823885408,0.04285233091499642,0.09719984960368577,-0.10001739130434782,0.04516987988041845,0,0,0,0,0,0,0,0
-0.0038620273942971814,-0.12166190831343088,0.605,-0.07731808586334876,-0.10523163604736328,-0.08443328094482422,0,0,0.5,-0.03235840433197478,0.0038620273942971814,0.12166190831343088,-0.10499999999999998,0.04495968153137398,0.04455743361795372,0.08992294359389306,-0.07826229508196719,0.045045517396225934,0,0,0,0,0,0,0,0
-0.013834543311149384,-0.1242437226270778,0.607,-0.0753633171011151,-0.14614950561523438,-0.05016583251953125,0,0,0.5,-0.03235840433197478,0.013834543311149384,0.1242437226270778,-0.10699999999999998,0.04300491276914032,0.0567798512398357,0.07503093288177347,-0.0956,0.03462733235956749,0,0,0,0,0,0,0,0
-0.025394681400541696,-0.12542527349729918,0.608,-0.07321656212116212,-0.17157545471191407,-0.030728744506835937,0,0,0.5,-0.03235840433197478,0.025394681400541696,0.12542527349729918,-0.10799999999999998,0.04085815778918734,0.07902600186891526,0.06949202698762474,-0.09213770491803278,0.0303003464123694,0,0,0,0,0,0,0,0
-0.0343883426382184,-0.12408861460501108,0.607,-0.07346090821644125,-0.13601016235351562,0.010127715110778809,0,0,0.5,-0.03235840433197478,0.0343883426382184,0.12408861460501108,-0.10699999999999998,0.041102503884466464,0.06281419208993304,0.05526415350104419,-0.08052753623188405,0.042164878211767,0,0,0,0,0,0,0,0
-0.04358204417649356,-0.12197139056792157,0.606,-0.07290240285580318,-0.13986448669433593,0.021551151275634766,0,0,0.5,-0.03235840433197478,0.04358204417649356,0.12197139056792157,-0.10599999999999998,0.0405439985238284,0.0745417686193338,0.048837688513775054,-0.07906229508196719,0.03779725084855925,0,0,0,0,0,0,0,0
-0.05397239993252655,-0.11802432943517299,0.603,-0.07115707360380885,-0.1597537841796875,0.04769648742675781,0,0,0.5,-0.03235840433197478,0.05397239993252655,0.11802432943517299,-0.10299999999999998,0.03879866927183407,0.07820626355234139,0.03955482110544562,-0.06761126760563378,0.031424038629604495,0,0,0,0,0,0,0,0
-0.0596480899684981,-0.1130689447283676,0.599,-0.07037167544041123,-0.09020460510253907,0.0680897979736328,0,0,0.5,-0.03235840433197478,0.0596480899684981,0.1130689447283676,-0.09899999999999998,0.03801327110843645,0.06349339265526671,0.02713812240855864,-0.05547118644067794,0.03401972112505871,0,0,0,0,0,0,0,0
-0.06394276423277717,-0.10750716559681668,0.595,-0.07106980714120903,-0.07012670135498048,0.07869058990478515,0,0,0.5,-0.03235840433197478,0.06394276423277717,0.10750716559681668,-0.09499999999999997,0.03871140280923425,0.053755961717804154,0.025541659667352928,-0.055710144927536204,0.04174675803009425,0,0,0,0,0,0,0,0
-0.06679954786922553,-0.10236824874156968,0.591,-0.06960373056953383,-0.0482172966003418,0.07384626007080078,0,0,0.5,-0.03235840433197478,0.06679954786922553,0.10236824874156968,-0.09099999999999997,0.037245326237559044,0.049526778333917984,0.022174109865358196,-0.05021935483870964,0.030151407342356443,0,0,0,0,0,0,0,0
-0.06743346142219298,-0.09664498471136644,0.584,-0.0679282144876192,-0.015456263542175292,0.08497978210449218,0,0,0.5,-0.03235840433197478,0.06743346142219298,0.09664498471136644,-0.08399999999999996,0.035569810155644414,0.03693223424064152,0.019291442927116095,-0.03169275362318835,0.02828495762558081,1425984235544,0,0,0,0,0,0,0
-0.06693072587548407,-0.09170700093660182,0.578,-0.06682865705886286,0.0024960839748382566,0.0744107894897461,0,0,0.5,-0.03235840433197478,0.06693072587548407,0.09170700093660182,-0.07799999999999996,0.03447025272688808,0.030532738915273427,0.017048595115507294,-0.02739999999999994,0.028972465583106392,1425984235544,0,0,0,0,0,0,0
-0.06524619317297127,-0.08753730507122012,0.574,-0.06627015169822469,0.021034870147705078,0.06409319305419922,0,0,0.5,-0.03235840433197478,0.06524619317297127,0.08753730507122012,-0.07399999999999995,0.033911747366249904,0.024078365486783028,0.022618021334398553,-0.03891014492753618,0.031483463189562196,1425984235544,0,0,0,0,0,0,0
-0.06277423748311758,-0.08508901654293342,0.57,-0.06515314097694823,0.03456599807739258,0.03909917068481445,0,0,0.5,-0.03235840433197478,0.06277423748311758,0.08508901654293342,-0.06999999999999995,0.03279473664497345,0.017432530169804113,0.0287235246440418,-0.03341935483870963,0.02738984605815188,1425984235544,0,0,0,0,0,0,0
-0.0586154803783998,-0.08321400152704184,0.569,-0.06312855904463487,0.060417850494384764,0.03212701797485352,0,0,0.5,-0.03235840433197478,0.0586154803783998,0.08321400152704184,-0.06899999999999995,0.030770154712660085,0.008212595455124198,0.03209605503073751,-0.05012753623188402,0.021967624572167204,1425984235544,0,0,0,0,0,0,0
-0.054860423698804464,-0.08295109394555075,0.566,-0.05916666164260774,0.055964862823486325,0.007489166736602783,0,0,0.5,-0.03235840433197478,0.054860423698804464,0.08295109394555075,-0.06599999999999995,0.02680825731063296,0.0055257145517627615,0.03994191941407738,-0.03529999999999994,0.00699877030049733,1425984235864,0,0,0,0,0,0,0
-0.052349719168525516,-0.0856958358214377,0.564,-0.05454153912482272,0.04002920532226562,-0.038872135162353515,0,0,0.5,-0.03235840433197478,0.052349719168525516,0.0856958358214377,-0.06399999999999995,0.02218313479284794,0.013621336932868018,0.05657162729015355,-0.04119999999999995,0.002361181145197861,1425984235934,0,0,0,0,0,0,0
-0.04974288176732134,-0.0905137925103549,0.562,-0.05092870757319455,0.042984142303466796,-0.07003022766113282,0,0,0.5,-0.03235840433197478,0.04974288176732134,0.0905137925103549,-0.062000000000000055,0.01857030324121977,0.00991417710625967,0.07290091004404671,-0.0381245901639351,0.0008022792168189304,1425984235995,0,0,0,0,0,0,0
-0.0462218993912963,-0.09493007782708092,0.562,-0.05005604294719733,0.05611853408813477,-0.06346976470947266,0,0,0.5,-0.03235840433197478,0.0462218993912963,0.09493007782708092,-0.062000000000000055,0.017697638615222548,0.005506037815522936,0.06954646549717051,-0.04960000000000005,0.013957647360948743,1425984236065,0,0,0,0,0,0,0
-0.04329867461655484,-0.10030448408865456,0.56,-0.04813618077000347,0.04782708740234375,-0.07832115936279296,0,0,0.5,-0.03235840433197478,0.04329867461655484,0.10030448408865456,-0.06000000000000005,0.01577777643802869,0.004597192788952233,0.08150294523684015,-0.03633333333333336,0.006178465552059399,0,0,0,0,0,0,0,0
-0.04036058037705102,-0.10504299213694623,0.559,-0.046844637123527814,0.047440448760986326,-0.06887467956542968,0,0,0.5,-0.03235840433197478,0.04036058037705102,0.10504299213694623,-0.05900000000000005,0.014486232791553033,0.00527691361133225,0.07655740645835843,-0.0421275362318841,0.008870825632963222,0,0,0,0,0,0,0,0
-0.03713956669149859,-0.10858387926684822,0.556,-0.045553093477051936,0.050749366760253906,-0.05079256057739258,0,0,0.5,-0.03235840433197478,0.03713956669149859,0.10858387926684822,-0.05600000000000005,0.013194689145077154,0.00008855728110421235,0.07460850513286173,-0.027586885245901666,0.006842835146015454,0,0,0,0,0,0,0,0
-0.032378094034938236,-0.11173970269731918,0.556,-0.043493604959698666,0.07350361633300781,-0.04403587341308594,0,0,0.5,-0.03235840433197478,0.032378094034938236,0.11173970269731918,-0.05600000000000005,0.011135200627723885,-0.0076183162653326655,0.07164896850101443,-0.04480000000000004,0.0023088212676384452,0,0,0,0,0,0,0,0
-0.02854195982448538,-0.11449177011279142,0.554,-0.04132939668722579,0.05928248977661133,-0.03874005126953125,0,0,0.5,-0.03235840433197478,0.02854195982448538,0.11449177011279142,-0.05400000000000005,0.008970992355251006,-0.007739626213306476,0.07303643580090854,-0.03172459016393446,-0.001672654886418887,0,0,0,0,0,0,0,0
-0.023964533489304867,-0.11755413839761795,0.555,-0.04190535534038375,0.0705007095336914,-0.043059371948242185,0,0,0.5,-0.03235840433197478,0.023964533489304867,0.11755413839761795,-0.05500000000000005,0.009546951008408966,-0.011578015862894328,0.07453925890012202,-0.04914705882352945,0.012087945066458787,0,0,0,0,0,0,0,0
-0.018538017577988085,-0.12044613621060703,0.556,-0.0422544211907827,0.08314360046386719,-0.039931880950927735,0,0,0.5,-0.03235840433197478,0.018538017577988085,0.12044613621060703,-0.05600000000000005,0.009896016858807921,-0.021364548774891017,0.07654886221088698,-0.05044516129032263,0.011585045167189962,0,0,0,0,0,0,0,0
-0.012919816878885753,-0.122412790483839,0.556,-0.04324925886441944,0.08544391632080078,-0.02591363525390625,1,0,0.5,0,1.0129198168788858,0.122412790483839,-0.05600000000000005,0.04324925886441944,0.5064599084394429,0.0612063952419195,-0.04480000000000004,0.04324925886441944,0,0,0,0,0,0,0,0
-0.008238472671393361,-0.12370423663954581,0.56,-0.04635594493296936,0.07099205017089844,-0.016317554473876953,1,0,0.5,0,1.0082384726713933,0.12370423663954581,-0.06000000000000005,0.04635594493296936,0.47769229322888446,0.0691425401665049,-0.07058064516129038,0.061388296877565744,0,0,0,0,0,0,0,0
-0.004892941759123023,-0.12599125451708842,0.56,-0.046984263463687344,0.0517187385559082,-0.031942970275878904,1,0,0.5,0,1.004892941759123,0.12599125451708842,-0.06000000000000005,0.046984263463687344,0.48496981686023904,0.0749427355740653,-0.04800000000000004,0.04979763001914101,0,0,0,0,0,0,0,0
-0.004310273409443621,-0.12939015416306138,0.565,-0.04682718383100782,0.011124920845031739,-0.05051673889160156,1,0,0.5,0,1.0043102734094436,0.12939015416306138,-0.06499999999999995,0.04682718383100782,0.49886587989201514,0.08388241379266832,-0.08022580645161226,0.04606712109223593,0,0,0,0,0,0,0,0
-0.0011209362899642385,-0.13289270791893096,0.568,-0.045884706034930896,0.05024693679809571,-0.050241317749023434,1,0,0.5,0,1.0011209362899642,0.13289270791893096,-0.06799999999999995,0.045884706034930896,0.4848383837531826,0.0837124640236113,-0.06918873239436617,0.041902405488126994,0,0,0,0,0,0,0,0
0.004867862288390757,-0.13588922242311804,0.572,-0.04515166774909319,0.09179911804199219,-0.04077994155883789,1,0,0.5,0,0.9951321377116092,0.13588922242311804,-0.07199999999999995,0.04515166774909319,0.462039297628275,0.08572054471097394,-0.08132881355932202,0.041424354431274346,0,0,0,0,0,0,0,0
0.017011665125131054,-0.1391567907749473,0.576,-0.04630358505540955,0.18418368530273438,-0.04074167251586914,1,0,0.5,0,0.9829883348748689,0.1391567907749473,-0.07599999999999996,0.04630358505540955,0.4316303506366019,0.08568612669930803,-0.08051830985915491,0.05117084127928151,0,0,0,0,0,0,0,0
0.034195661378752136,-0.14110967346811293,0.574,-0.04525638750421291,0.2588395690917969,-0.01733089828491211,1,0,0.5,0,0.9658043386212478,0.14110967346811293,-0.07399999999999995,0.04525638750421291,0.38096320848405807,0.08213973406639492,-0.04733559322033894,0.039931654193043536,0,0,0,0,0,0,0,0
0.0571530524465195,-0.14287641818634295,0.571,-0.04406956361285675,0.34520721435546875,-0.010894826889038086,1,0,0.5,0,0.9428469475534805,0.14287641818634295,-0.07099999999999995,0.04406956361285675,0.35982504497509377,0.08002655147345628,-0.04221666666666662,0.03912446406553942,0,0,0,0,0,0,0,0
0.08666795765624868,-0.14326534693981388,0.57,-0.0421322481431431,0.4425507507324219,0.013676053047180175,1,0,0.5,0,0.9133320423437513,0.14326534693981388,-0.06999999999999995,0.0421322481431431,0.28157760043619384,0.07393987793964978,-0.050067796610169454,0.032281491517480464,0,0,0,0,0,0,0,0
0.12089901078888587,-0.14155050071519248,0.568,-0.042463860701022045,0.5119266967773437,0.047326934814453124,1,0,0.5,0,0.8791009892111141,0.14155050071519248,-0.06799999999999995,0.042463860701022045,0.26591471784580323,0.062076755015313796,-0.04425507246376807,0.04390565443093051,0,0,0,0,0,0,0,0
0.164055564328268,-0.1384005610970473,0.571,-0.04235914094590244,0.6447589721679687,0.07468714904785156,1,0,0.5,0,0.835944435671732,0.1384005610970473,-0.07099999999999995,0.04235914094590244,0.1703526483476082,0.05112685650998566,-0.07401311475409833,0.04184412575678965,0,0,0,0,0,0,0,0
0.216251564740614,-0.13293644455376613,0.57,-0.03960152072775138,0.7787669067382812,0.11504297637939453,1,0,0.5,0,0.783748435259386,0.13293644455376613,-0.06999999999999995,0.03960152072775138,0.13814366006967738,0.039906544635932975,-0.05113888888888885,0.02811143648545529,0,0,0,0,0,0,0,0
0.2728589491111903,-0.12459646520184157,0.569,-0.035534903570604535,0.8434921875,0.158618896484375,1,0,0.5,0,0.7271410508888096,0.12459646520184157,-0.06899999999999995,0.035534903570604535,0.02197424044954771,0.011970770994479504,-0.04916551724137927,0.014500676895707058,0,0,0,0,0,0,0,0
0.33456993813712904,-0.11274848358958386,0.57,-0.03256784384221425,0.9187665405273437,0.2104940185546875,1,0,0.5,0,0.665430061862871,0.11274848358958386,-0.06999999999999995,0.03256784384221425,0.019688275002761324,-0.0037242156586892033,-0.06107246376811591,0.01966758415356083,0,0,0,0,0,0,0,0
0.4056831246172003,-0.10030117993023628,0.57,-0.029757863746503375,1.060052490234375,0.22134445190429688,1,0,0.5,0,0.5943168753827996,0.10030117993023628,-0.06999999999999995,0.029757863746503375,-0.11086804211228829,-0.02126836545736798,-0.055999999999999966,0.015938289505302357,0,0,0,0,0,0,0,0
0.4774951073374529,-0.08689411720982167,0.572,-0.026738444140553062,1.07071923828125,0.23306674194335938,1,0,0.5,0,0.5225048926625471,0.08689411720982167,-0.07199999999999995,0.026738444140553062,-0.10301123413377566,-0.02455978128125024,-0.06774492753623186,0.013610532810334312,0,0,0,0,0,0,0,0
0.5476381266638556,-0.07097306853315948,0.57,-0.025150194521238147,1.0453843994140626,0.2668597412109375,1,0,0.5,0,0.4523618733361444,0.07097306853315948,-0.06999999999999995,0.025150194521238147,-0.16978772081968468,-0.05439035342425521,-0.0447096774193548,0.01746511571810146,0,0,0,0,0,0,0,0
0.6148299172874572,-0.055631931509626066,0.566,-0.025394540616517497,1.001771240234375,0.25538990783691407,1,0,0.5,0,0.3851700827125428,0.055631931509626066,-0.06599999999999995,0.025394540616517497,-0.1482428820967801,-0.050001395958762226,-0.03251014492753618,0.026456914943819018,0,0,0,0,0,0,0,0
0.6793837501884425,-0.03840264076643658,0.552,-0.02635447170511432,0.9614330444335938,0.282943115234375,1,0,0.5,0,0.32061624981155745,0.03840264076643658,-0.052000000000000046,0.02635447170511432,-0.21008271960807173,-0.07965526584819677,0.03872786885245841,0.031075444271983933,0,0,0,0,0,0,0,0
0.7480720209824198,-0.020173930489147653,0.543,-0.025499260371637217,1.022760986328125,0.3004862060546875,1,0,0.5,0,0.25192797901758024,0.020173930489147653,-0.04300000000000004,0.025499260371637217,-0.2174773644610959,-0.0810565861418708,0.010599999999999998,0.021834068942449637,0,0,0,0,0,0,0,0
0.8061189303885169,-0.0017992866328364714,0.519,-0.02352703831688366,0.8633932495117187,0.29772994995117186,1,0,0.5,0,0.1938810696114831,0.0017992866328364714,-0.019000000000000017,0.02352703831688366,-0.24166643672982507,-0.10628577917873032,0.1248000000000001,0.013665928043115866,0,0,0,0,0,0,0,0
0.8587164974808076,0.014244161589923792,0.511,-0.021519909677090082,0.7830838623046875,0.2591453857421875,1,0,0.5,0,0.14128350251919242,-0.014244161589923792,-0.01100000000000001,0.021519909677090082,-0.19615750210709565,-0.08850189062055741,0.03177971014492756,0.012793263417118013,0,0,0,0,0,0,0,0
0.9008896705143586,0.029385850394757725,0.513,-0.019914206765255266,0.6275637817382812,0.2406851348876953,1,0,0.5,0,0.09911032948564136,-0.029385850394757725,-0.013000000000000012,0.019914206765255266,-0.19242205758083294,-0.1015714675201965,-0.021875409836065594,0.01201730719885453,1425984238078,0,0,0,0,0,0,0
0.931816762405605,0.045294176412637735,0.542,-0.019530234329816515,0.45906268310546877,0.24781529235839844,1,0,0.5,0,0.06818323759439504,-0.045294176412637735,-0.04200000000000004,0.019530234329816515,-0.12054384065903404,-0.1021887182957189,-0.17860000000000015,0.017884638177936153,1425984238078,0,0,0,0,0,0,0
0.9557804650156216,0.0584418224216021,0.562,-0.01799434458806151,0.35553558349609377,0.20419688415527343,1,0,0.5,0,0.04421953498437836,-0.0584418224216021,-0.062000000000000055,0.01799434458806151,-0.11767849773290812,-0.10591551292975983,-0.1662666666666668,0.010314895879286495,1425984238078,0,0,0,0,0,0,0
0.9731944346124606,0.07068768121237715,0.581,-0.01595230936322814,0.2578620910644531,0.18835818481445313,1,0,0.5,0,0.02680556538753942,-0.07068768121237715,-0.08099999999999996,0.01595230936322814,-0.07492894714526838,-0.0974605156318591,-0.16117681159420238,0.007073895342213482,1425984238078,0,0,0,0,0,0,0
0.984662861186255,0.08019847336842123,0.606,-0.014940018397071514,0.16972882080078125,0.14538783264160157,1,0,0.5,0,0.015337138813744988,-0.08019847336842123,-0.10599999999999998,0.014940018397071514,-0.057072548348418656,-0.09378919240381431,-0.22592903225806463,0.01004183630276526,0,0,0,0,0,0,0,0
0.9917457944519953,0.08599437766741284,0.609,-0.013683381335635542,0.1049333267211914,0.0885160903930664,1,0,0.5,0,0.008254205548004712,-0.08599437766741284,-0.10899999999999999,0.013683381335635542,-0.03180081958844832,-0.07239670339380881,-0.10241739130434784,0.008219741938087836,0,0,0,0,0,0,0,0
0.9963444083166413,0.08877665951022841,0.61,-0.012095131716320623,0.06840170288085938,0.04267416000366211,1,0,0.5,0,0.0036555916833587165,-0.08877665951022841,-0.10999999999999999,0.012095131716320623,-0.024557693545633728,-0.0603522419679904,-0.0937377049180328,0.004284068014771843,0,0,0,0,0,0,0,0
0.9978922517147475,0.08898874855588608,0.599,-0.009896016858807949,0.02317747497558594,0.00346191668510437,1,0,0.5,0,0.0021077482852525087,-0.08898874855588608,-0.09899999999999998,0.009896016858807949,-0.006797505412984944,-0.04557018827765586,-0.02340289855072459,0.0003346479131006719,1425984238538,0,0,0,0,0,0,0
1.0001024056493708,0.08726972881118647,0.59,-0.007766715171374755,0.033405853271484376,-0.025455963134765624,1,0,0.5,0,-0.00010240564937080698,-0.08726972881118647,-0.08999999999999997,0.007766715171374755,-0.012732413924983116,-0.03377163636223482,-0.020360655737704854,-0.002705260340591771,1425984238538,0,0,0,0,0,0,0
0.9994133266980473,0.08235406445712998,0.573,-0.006056292504420329,-0.00976319980621338,-0.07381301879882812,1,0,0.5,0,0.0005866733019527226,-0.08235406445712998,-0.07299999999999995,0.006056292504420329,0.003690204720881085,-0.01694488400434284,0.025402816901408568,-0.0011708455249645712,1425984238538,0,0,0,0,0,0,0
0.9982101969106494,0.07400434659436887,0.547,-0.003926990816987246,-0.017288095474243165,-0.12535276794433595,1,0,0.5,0,0.0017898030893506167,-0.07400434659436887,-0.04700000000000004,0.003926990816987246,0.007913158637829692,0.01170451423558868,0.11406666666666611,-0.00671951762017817,1425984238538,0,0,0,0,0,0,0
0.9964072252756857,0.06425897741882268,0.524,-0.002932153143350518,-0.02647031784057617,-0.14628561401367188,1,0,0.5,0,0.003592774724314296,-0.06425897741882268,-0.02400000000000002,0.002932153143350518,0.010941895655451173,0.017303543340460643,0.09746666666666673,-0.0013932280463743868,1425984238538,0,0,0,0,0,0,0
0.9936317986407183,0.053369109178909774,0.508,-0.0010646508437165683,-0.041152259826660154,-0.1634693908691406,1,0,0.5,-0.002932153143350518,0.006368201359281733,-0.053369109178909774,-0.008000000000000007,-0.0018675022996339496,0.0031841006796408666,-0.026684554589454887,-0.006400000000000006,-0.0018675022996339496,1425984238538,0,0,0,0,0,0,0
0.9914090985335068,0.042731389796574974,0.495,0.0012566370614359454,-0.03317060089111328,-0.1596011962890625,1,0,0.5,-0.002932153143350518,0.008590901466493217,-0.042731389796574974,0.0050000000000000044,-0.004188790204786463,0.015408951269304028,0.0318229020133865,0.06900000000000005,-0.014137166941154378,1425984238929,0,0,0,0,0,0,0
0.989410379677843,0.03387412565623363,0.497,0.0022340214425526648,-0.030147714614868162,-0.13282118225097655,1,0,0.5,-0.002932153143350518,0.010589620322157045,-0.03387412565623363,0.0030000000000000027,-0.005166174585903183,0.016954003485784186,0.03473031132387437,-0.009266666666666675,-0.01005309649148678,1425984238989,0,0,0,0,0,0,0
0.9871010183389036,0.027454496335820037,0.474,0.001396263401595461,-0.0348554573059082,-0.09621681213378906,1,0,0.5,-0.002932153143350518,0.012898981661096376,-0.027454496335820037,0.026000000000000023,-0.004328416544945979,0.017996297525244842,0.018370898434157935,0.13580000000000012,-0.0007380249408436772,1425984239059,0,0,0,0,0,0,0
0.9860193545881302,0.02237379713630026,0.469,0.0009599310885967946,-0.016331350326538086,-0.07618775939941407,1,0,0.5,-0.002932153143350518,0.01398064541186983,-0.02237379713630026,0.031000000000000028,-0.0038920842319473126,0.01290567134297724,0.01659817517922365,0.052143750000000044,-0.0018467765147660645,1425984239123,0,0,0,0,0,0,0
0.9851646379357121,0.018692901424063272,0.472,-0.0009599310885969594,-0.01287374496459961,-0.05520110321044922,1,0,0.5,-0.002932153143350518,0.014835362064287927,-0.018692901424063272,0.028000000000000025,-0.0019722220547535585,0.011691264294234449,0.009058027849153301,0.007400000000000009,0.006255758704648244,1425984239193,0,0,0,0,0,0,0
0.9843358892209413,0.015269747227626865,0.488,-0.0037175513067479174,-0.012381935119628906,-0.05135922241210938,1,0,0.5,-0.002932153143350518,0.015664110779058715,-0.015269747227626865,0.01200000000000001,0.0007853981633973994,0.012748361324610305,0.012671973314199147,-0.08531525423728821,0.01480719588280905,1425984239252,0,0,0,0,0,0,0
0.9848837851082457,0.012284049734826979,0.497,-0.006352998477259369,0.008384873390197754,-0.04475460052490234,1,0,0.5,-0.002932153143350518,0.015116214891754298,-0.012284049734826979,0.0030000000000000027,0.0034208453339088507,0.004894724660369566,0.008371782389252628,-0.04135000000000004,0.014401875211039899,1425984239324,0,0,0,0,0,0,0
0.9870873782586975,0.008827519764871672,0.5,-0.004799655442984468,0.03338261795043945,-0.05163691329956055,1,0,0.5,-0.002932153143350518,0.012912621741302477,-0.008827519764871672,0,0.0018675022996339496,-0.007316146319672643,0.017189552429784833,-0.018750000000000013,-0.006453978241124449,1425984239380,0,0,0,0,0,0,0
0.9873758605210389,0.006804052470740623,0.515,-0.004520402762665326,0.004472862720489502,-0.030330890655517577,1,0,0.5,-0.002932153143350518,0.012624139478961127,-0.006804052470740623,-0.015000000000000013,0.0015882496193148077,0.004848753916009949,0.006861938300077035,-0.0880869565217392,0.0003741075309707123,1425984239449,0,0,0,0,0,0,0
0.990121203873157,0.0048550679516897914,0.516,-0.0043284165449458956,0.04131188201904297,-0.029048318862915038,1,0,0.5,-0.002932153143350518,0.009878796126842948,-0.0048550679516897914,-0.016000000000000014,0.0013962634015953776,-0.010812571989715618,0.008755164084282828,-0.018537704918032805,0.00045206888822113143,1425984239510,0,0,0,0,0,0,0
0.9934063491939846,0.0029457239992943312,0.509,-0.003735004599267927,0.049400684356689456,-0.028426599502563477,1,0,0.5,-0.002932153143350518,0.006593650806015372,-0.0029457239992943312,-0.009000000000000008,0.0008028514559174091,-0.012033852760854334,0.0074374097781983155,0.025466666666666693,-0.0015707963267944654,1425984239585,0,0,0,0,0,0,0
0.9986857727058885,0.0014060319422425978,0.502,-0.002548180707911768,0.07927706146240235,-0.022799440383911133,1,0,0.5,-0.002932153143350518,0.0013142272941114586,-0.0014060319422425978,-0.0020000000000000018,-0.00038397243543874995,-0.03293921779233281,0.009095024391935186,0.042945454545454585,-0.006857557297381436,1425984239640,0,0,0,0,0,0,0
1.0038496507426855,0.00006416846776569366,0.494,-0.0014137166941154133,0.07750920867919922,-0.01993050956726074,1,0,0.5,-0.002932153143350518,-0.0038496507426855064,-0.00006416846776569366,0.006000000000000005,-0.0015184364492351046,-0.028118409615965036,0.0067744696221594194,0.045379710144927574,-0.006450888683132298,1425984239709,0,0,0,0,0,0,0
1.008866702026466,-0.0009067576630255749,0.489,0.0004014257279587319,0.07527628326416015,-0.014457487106323242,1,0,0.5,-0.002932153143350518,-0.008866702026465889,0.0009067576630255749,0.01100000000000001,-0.00333357887130925,-0.03275541471199317,0.005934413440818335,0.03702580645161293,-0.012116526074893823,1425984239771,0,0,0,0,0,0,0
1.0147264327044545,-0.0022629608744209532,0.485,-0.00029670597283895655,0.08788778686523438,-0.02037833023071289,1,0,0.5,-0.002932153143350518,-0.014726432704454506,0.0022629608744209532,0.015000000000000013,-0.0026354471705115614,-0.03708648790724197,0.008010772089216018,0.03228985507246379,0.00039990805034795284,1425984239840,0,0,0,0,0,0,0
1.0219475492967869,-0.001845911249253435,0.485,-0.0013264502315157023,0.10831488800048829,0.0062878823280334475,1,0,0.5,-0.002932153143350518,-0.021947549296786883,0.001845911249253435,0.015000000000000013,-0.0016057029118348156,-0.05240641083390708,-0.0014699520607606826,0.01200000000000001,0.0034586131144442624,1425984239901,0,0,0,0,0,0,0
1.0295851806124272,-0.00035622334326476353,0.486,-0.0026703537555512746,0.11453472900390625,0.022497262954711914,1,0,0.5,-0.002932153143350518,-0.02958518061242721,0.00035622334326476353,0.014000000000000012,-0.0002617993877992433,-0.05353419842902685,-0.007378276257295661,0.006127536231884064,0.005581259412355419,1425984239970,0,0,0,0,0,0,0
1.0372836729778618,0.001819707555830739,0.491,-0.0026703537555512746,0.11538981628417969,0.032947212219238284,1,0,0.5,-0.002932153143350518,-0.03728367297786184,-0.001819707555830739,0.009000000000000008,-0.0002617993877992433,-0.06281351399552304,-0.013394703198955138,-0.021488524590163954,-0.0002617993877992433,1425984240031,0,0,0,0,0,0,0
1.0443448536692095,0.004009872649046682,0.5,-0.003822271061867638,0.10582960510253907,0.03313519668579101,1,0,0.5,-0.002932153143350518,-0.04434485366920948,-0.004009872649046682,0,0.0008901179185171202,-0.057478330291342965,-0.012955761790603055,-0.04500000000000003,0.005826906374158678,1425984240101,0,0,0,0,0,0,0
1.0492409844052686,0.006729466338518842,0.498,-0.0042411500823462955,0.0732854995727539,0.041074321746826174,1,0,0.5,-0.002932153143350518,-0.049240984405268584,-0.006729466338518842,0.0020000000000000018,0.0013089969389957776,-0.05318125482964571,-0.019229029691180354,0.01326666666666668,0.003403392041389065,1425984240161,0,0,0,0,0,0,0
1.0525306354238244,0.010683443765019892,0.496,-0.005497787143782157,0.049092781066894534,0.05951840591430664,1,0,0.5,-0.002932153143350518,-0.05253063542382441,-0.010683443765019892,0.0040000000000000036,0.002565634000431639,-0.04271357280469135,-0.02511160901501519,0.01320000000000001,0.00795122140658533,1425984240231,0,0,0,0,0,0,0
1.0554739518927416,0.01377559666144214,0.489,-0.007243116395776489,0.043894081115722655,0.04662431716918945,1,0,0.5,-0.002932153143350518,-0.055473951892741624,-0.01377559666144214,0.01100000000000001,0.004310963252425971,-0.044624857325404,-0.024629659211832328,0.04896393442622955,0.012894549737643996,1425984240292,0,0,0,0,0,0,0
1.0574478152840034,0.016748351923657496,0.486,-0.008883725892651101,0.029284196853637694,0.04480461120605469,1,0,0.5,-0.002932153143350518,-0.057447815284003445,-0.016748351923657496,0.014000000000000012,0.005951572749300583,-0.03859322459831083,-0.023237952272905524,0.026200000000000022,0.012982756307334635,1425984240362,0,0,0,0,0,0,0
1.0570923265365217,0.0027198487968721815,0.496,-0.007557275661135426,-0.0034627647399902346,-0.21046661376953124,1,0,0.5,-0.002932153143350518,-0.05709232653652174,-0.0027198487968721815,0.0040000000000000036,0.0046251225177849084,-0.02647247890795094,0.08047301050781157,-0.05513333333333338,-0.002007128639793465,1425984240422,0,0,0,0,0,0,0
1.054589945798896,-0.02349939126434622,0.494,-0.00527089434102293,-0.034562477111816405,-0.39356103515625,1,0,0.5,-0.002932153143350518,-0.05458994579889609,0.02349939126434622,0.006000000000000005,0.0023387411976724124,-0.014601737273810674,0.14474584087023745,0.014944927536231896,-0.007602047150642786,1425984240491,0,0,0,0,0,0,0
1.054225182183632,-0.047896163661336394,0.499,-0.0024085543677521415,-0.003542495012283325,-0.365975341796875,1,0,0.5,-0.002932153143350518,-0.054225182183631926,0.047896163661336394,0.0010000000000000009,-0.0005235987755983764,-0.025019685102595356,0.16392956279700527,-0.027888524590163957,-0.014600680611356352,1425984240552,0,0,0,0,0,0,0
1.0541904604895846,-0.06235290500542161,0.5,-0.003124139361069839,0.0000014733076095581055,-0.21685174560546874,1,0,0.5,-0.002932153143350518,-0.054190460489584646,0.06235290500542161,0,0.0001919862177193212,-0.026921621774555926,0.10346015922313687,-0.005000000000000004,0.003258779046223739,1425984240622,0,0,0,0,0,0,0
1.0522071002793643,-0.08665937209937753,0.499,-0.002094395102393204,-0.028611207962036134,-0.3646881713867188,1,0,0.5,-0.002932153143350518,-0.05220710027936426,0.08665937209937753,0.0010000000000000009,-0.000837758040957314,-0.014533948913396544,0.18511741076443164,0.00663333333333334,-0.00598647933434049,1425984240682,0,0,0,0,0,0,0
1.0488022731678652,-0.1212148860132362,0.496,-0.0018675022996339774,-0.04998670196533203,-0.5184385375976562,1,0,0.5,-0.002932153143350518,-0.04880227316786523,0.1212148860132362,0.0040000000000000036,-0.0010646508437165405,-0.007377001026437461,0.2333850125759114,0.018200000000000015,-0.002037048569827511,0,0,0,0,0,0,0,0
1.0441116955343928,-0.16016917849384096,0.481,-0.0027750735106709945,-0.069267333984375,-0.5844447631835937,1,0,0.5,-0.002932153143350518,-0.04411169553439276,0.16016917849384096,0.019000000000000017,-0.00015707963267952343,0.0048573025887932025,0.30359282479137406,0.10126557377049189,0.004306385339633676,0,0,0,0,0,0,0,0
1.039183687557481,-0.2064441373268224,0.478,-0.004171336912266371,-0.07199359130859374,-0.6943268432617188,1,0,0.5,-0.002932153143350518,-0.03918368755748092,0.2064441373268224,0.02200000000000002,0.0012391837689158533,0.005048196105818744,0.33459686282831835,0.032600000000000025,0.007223169775753181,0,0,0,0,0,0,0,0
1.0362886689142963,-0.24961288523733982,0.478,-0.006003932626860525,-0.040723838806152345,-0.6477067260742188,1,0,0.5,-0.002932153143350518,-0.036288668914296274,0.24961288523733982,0.02200000000000002,0.0030717794835100074,-0.0012567257052377157,0.3766241387633548,0.017600000000000015,0.012234758056480777,0,0,0,0,0,0,0,0
1.0332707744496628,-0.29505888680446113,0.481,-0.007836528341454457,-0.0411748046875,-0.6819495239257812,1,0,0.5,-0.002932153143350518,-0.033270774449662754,0.29505888680446113,0.019000000000000017,0.004904375198103939,-0.001327226896980194,0.3780526397571937,-0.000017391304347823267,0.012872182652860165,0,0,0,0,0,0,0,0
1.0307653564424013,-0.33346514767626223,0.475,-0.006248278722139649,-0.03306558609008789,-0.5763707275390625,1,0,0.5,-0.002932153143350518,-0.030765356442401304,0.33346514767626223,0.025000000000000022,0.003316125578789131,-0.0010073289992087228,0.3870963657255144,0.05442622950819677,-0.004494938122759108,0,0,0,0,0,0,0,0
1.0302705542946267,-0.36155492410200013,0.469,-0.0034208453339088776,-0.0047892131805419924,-0.4213847961425781,1,0,0.5,-0.002932153143350518,-0.03027055429462666,0.36155492410200013,0.031000000000000028,0.0004886921905583597,-0.012625411180340508,0.3232618352250329,0.0552347826086957,-0.011804496453923253,0,0,0,0,0,0,0,0
1.026990303766947,-0.3764319745520736,0.471,-0.0008203047484373329,-0.04844009017944336,-0.22332276916503907,1,0,0.5,-0.002932153143350518,-0.026990303766947,0.3764319745520736,0.029000000000000026,-0.002111848394913185,0.005325957701573743,0.2735761128092453,0.011724590163934439,-0.014901392257887995,0,0,0,0,0,0,0,0
1.0249893585342689,-0.3830973591322808,0.475,0.00228638132011258,-0.029932153701782226,-0.10000535583496094,1,0,0.5,-0.002932153143350518,-0.02498935853426887,0.3830973591322808,0.025000000000000022,-0.005218534463463098,-0.002344957072390295,0.22535860134980018,-0.0002898550724637662,-0.018725865196288806,0,0,0,0,0,0,0,0
1.022054731903232,-0.3774078192913192,0.479,0.006579891280018653,-0.04382415771484375,0.08544351959228516,1,0,0.5,-0.002932153143350518,-0.02205473190323204,0.3774078192913192,0.02100000000000002,-0.00951204442336917,0.005810655701873984,0.15605900891883076,-0.006150819672131151,-0.030627667177005588,0,0,0,0,0,0,0,0
1.0189664477934368,-0.3481233370841109,0.484,0.00935496479068962,-0.04343294906616211,0.4395625305175781,1,0,0.5,-0.002932153143350518,-0.018966447793436814,0.3481233370841109,0.016000000000000014,-0.012287117934040137,0.006181985355866067,0.02551719357795537,-0.012562318840579716,-0.02435265493695738,0,0,0,0,0,0,0,0
1.0149306745054911,-0.30139353520978346,0.488,0.011187560505283663,-0.05397671127319336,0.701482666015625,1,0,0.5,-0.002932153143350518,-0.014930674505491126,0.30139353520978346,0.01200000000000001,-0.01411971364863418,0.015690738989565762,-0.11742504642813464,-0.013350819672131158,-0.02313247945811308,0,0,0,0,0,0,0,0
1.012378204181064,-0.23349466839794153,0.491,0.01092576111748464,-0.02689055633544922,1.0188475952148437,1,0,0.5,-0.002932153143350518,-0.012378204181064056,0.23349466839794153,0.009000000000000008,-0.013857914260835158,0.00639349810030564,-0.21796538952137678,-0.007588732394366204,-0.012751719664501261,0,0,0,0,0,0,0,0
1.011146736876781,-0.17476413896919563,0.495,0.010053096491487307,-0.008845962524414063,0.881107177734375,1,0,0.5,-0.002932153143350518,-0.011146736876781027,0.17476413896919563,0.0050000000000000044,-0.012985249634837825,0.0016101908365938238,-0.25521268551641996,-0.01933333333333335,-0.008621926504851163,0,0,0,0,0,0,0,0
1.0100907080862538,-0.10937907644058137,0.5,0.009704030641088462,-0.005979962348937988,0.9808856201171875,1,0,0.5,-0.002932153143350518,-0.010090708086253786,0.10937907644058137,0,-0.012636183784438981,0.0003113137349098384,-0.27697382243210045,-0.02536231884057973,-0.011118506174009224,0,0,0,0,0,0,0,0
1.009416639343047,-0.03246461328889155,0.507,0.0005585053606382562,0.0010849738121032715,1.1537607421875,1,0,0.5,-0.002932153143350518,-0.00941663934304704,0.03246461328889155,-0.007000000000000006,-0.003490658503988774,-0.0008407121285339933,-0.4250801868488564,-0.04576393442622955,0.04148733467855322,1425984241724,0,0,0,0,0,0,0
1.0104298780768286,-0.011079266222278568,0.492,-0.014084807063594301,0.01537773609161377,0.32077166748046876,1,0,0.5,-0.002932153143350518,-0.010429878076828603,0.011079266222278568,0.008000000000000007,0.011152653920243782,-0.010354555803972952,-0.10293676505283961,0.0824869565217392,0.07481922967777664,1425984241724,0,0,0,0,0,0,0
0.9965430889260124,0.02778772895594278,0.499,-0.020542525295973252,-0.21649241638183594,0.5800133056640625,1,0,0.5,-0.002932153143350518,0.0034569110739876008,-0.02778772895594278,0.0010000000000000009,0.017610372152622733,0.08140675394331627,-0.23690121386120863,-0.03936393442622954,0.04936964214792904,1425984241724,0,0,0,0,0,0,0
0.9906212924672385,0.03637174334822327,0.504,-0.01535889741755006,-0.09145307922363281,0.126908447265625,1,0,0.5,-0.002932153143350518,0.009378707532761488,-0.03637174334822327,-0.0040000000000000036,0.012426744274199542,0.0351691884806581,-0.06236829869320237,-0.02893529411764708,-0.010442202248255712,1425984241724,0,0,0,0,0,0,0
0.9932587974851832,0.03820269526492237,0.492,-0.0209439510239319,0.039136104583740235,0.028068653106689455,1,0,0.5,-0.002932153143350518,0.006741202514816802,-0.03820269526492237,0.008000000000000007,0.01801179788058138,-0.011282204397839852,-0.029273302725233978,0.07306666666666672,0.04460729124430443,1425984241724,0,0,0,0,0,0,0
0.9840467858810392,0.021066116150521258,0.49,-0.029234264970905005,-0.1327666473388672,-0.25988613891601564,1,0,0.5,-0.002932153143350518,0.01595321411896078,-0.021066116150521258,0.010000000000000009,0.026302111827554486,0.05470420215296433,0.07639161859199138,0.018144927536231897,0.06234695507526363,1425984242054,0,0,0,0,0,0,0
0.9737700248550142,0.0017571251763642479,0.496,-0.029740410453983377,-0.14561949157714843,-0.2940169677734375,1,0,0.5,-0.002932153143350518,0.026229975144985818,-0.0017571251763642479,0.0040000000000000036,0.026808257310632858,0.07306276022430563,0.11175721809440044,-0.03180000000000003,0.029338984726024718,1425984242114,0,0,0,0,0,0,0
0.9656241618071058,-0.018709406830722773,0.497,-0.02734930937875116,-0.11300501251220703,-0.31049560546875,1,0,0.5,-0.002932153143350518,0.03437583819289425,0.018709406830722773,0.0030000000000000027,0.024417156235400642,0.05791723433598927,0.11168736345079647,-0.002600000000000001,0.014169580198691148,1425984242184,0,0,0,0,0,0,0
0.959047174088941,-0.039499834262016094,0.498,-0.025935592684635776,-0.09008992767333984,-0.3144375915527344,1,0,0.5,-0.002932153143350518,0.040952825911058977,0.039499834262016094,0.0020000000000000018,0.023003439541285257,0.0570152336120002,0.13525229174930425,-0.0039555555555555585,0.016271455283592945,1425984242247,0,0,0,0,0,0,0
0.9558949475325197,-0.059539445977477304,0.499,-0.023963370629882106,-0.03947228240966797,-0.3017192687988281,1,0,0.5,-0.002932153143350518,0.04410505246748031,0.059539445977477304,0.0010000000000000009,0.021031217486531587,0.03876887918445934,0.1360403911767905,-0.004503030303030306,0.012066571783105818,1425984242313,0,0,0,0,0,0,0
0.9559341155819927,-0.07653303813764721,0.506,-0.021938788697568632,0.006695123672485351,-0.2548166198730469,1,0,0.5,-0.002932153143350518,0.044065884418007295,0.07653303813764721,-0.006000000000000005,0.019006635554218113,0.02181183225230114,0.13419808771494404,-0.04431612903225811,0.00921027136560453,1425984242375,0,0,0,0,0,0,0
0.9578850976835688,-0.09295872642502448,0.507,-0.019285888234537283,0.03466265106201172,-0.24568405151367187,1,0,0.5,-0.002932153143350518,0.042114902316431224,0.09295872642502448,-0.007000000000000006,0.016353735091186764,0.011161165135728297,0.1297980719165998,-0.010672463768115951,0.004819385251920031,1425984242444,0,0,0,0,0,0,0
0.9640725988196915,-0.10636905856284985,0.504,-0.017488199104983147,0.09667446899414063,-0.1993277130126953,1,0,0.5,-0.002932153143350518,0.03592740118030846,0.10636905856284985,-0.0040000000000000036,0.014556045961632628,-0.01753835510891081,0.1301290579410787,0.014013114754098372,0.0057149518818581865,0,0,0,0,0,0,0,0
0.9726305753314355,-0.11640378577207941,0.503,-0.015463617172669673,0.13098222351074218,-0.1482530517578125,1,0,0.5,-0.002932153143350518,0.027369424668564513,0.11640378577207941,-0.0030000000000000027,0.012531464029319154,-0.029105170224437475,0.10837552893218748,0.002600000000000001,0.0038546843194042658,0,0,0,0,0,0,0,0
0.9827690995956678,-0.1227637163439968,0.504,-0.015289084247470362,0.15353483581542968,-0.09303597259521484,1,0,0.5,-0.002932153143350518,0.017230900404332172,0.1227637163439968,-0.0040000000000000036,0.012356931104119843,-0.05052594133918923,0.09848145317484983,-0.009033333333333341,0.011484266478123287,0,0,0,0,0,0,0,0
0.9967713736889757,-0.1263979923901309,0.505,-0.014590952546672562,0.21084300231933595,-0.05129666519165039,1,0,0.5,-0.002932153143350518,0.003228626311024274,0.1263979923901309,-0.0050000000000000044,0.011658799403322043,-0.06839705731102734,0.08137037642573589,-0.009000000000000008,0.008666806399902903,0,0,0,0,0,0,0,0
1.0118412565897545,-0.1260480816463998,0.507,-0.010681415022205352,0.22594760131835936,0.008546244621276856,1,0,0.5,-0.002932153143350518,-0.011841256589754545,0.1260480816463998,-0.007000000000000006,0.007749261878854834,-0.09382827854942039,0.0609828948181019,-0.017266666666666684,-0.011798425743481212,0,0,0,0,0,0,0,0
1.0251105979959017,-0.12119856067982211,0.503,-0.007243116395776492,0.19825178527832032,0.07486465454101562,1,0,0.5,-0.002932153143350518,-0.02511059799590165,0.12119856067982211,-0.0030000000000000027,0.004310963252425974,-0.07890200602868634,0.03635167550702262,0.01760000000000001,-0.010424602289411992,0,0,0,0,0,0,0,0
1.0378916654373975,-0.11306875086253237,0.509,-0.005323254218582738,0.1908277130126953,0.12333255767822265,1,0,0.5,-0.002932153143350518,-0.037891665437397526,0.11306875086253237,-0.009000000000000008,0.0023911010752322203,-0.09227982623547837,0.009887925659931629,-0.041626229508196756,-0.007050844058507554,0,0,0,0,0,0,0,0
1.048349613420614,-0.10060416374461728,0.51,-0.0029845130209103267,0.15587171936035157,0.18780120849609375,1,0,0.5,-0.002932153143350518,-0.04834961342061406,0.10060416374461728,-0.010000000000000009,0.00005235987755980876,-0.07646454662638967,-0.012020853717266813,-0.013000000000000012,-0.009970816683893383,0,0,0,0,0,0,0,0
1.0560106631399295,-0.08693229569266268,0.502,-0.0003839724354387821,0.11430317687988281,0.20542007446289062,1,0,0.5,-0.002932153143350518,-0.05601066313992953,0.08693229569266268,-0.0020000000000000018,-0.002548180707911736,-0.07269478826597167,-0.03628641579007048,0.045066666666666706,-0.01555088363526946,1425984243026,0,0,0,0,0,0,0
1.0618867352287145,-0.07296796359194,0.499,0.0013439035240355411,0.0880606460571289,0.20949880981445312,1,0,0.5,-0.002932153143350518,-0.06188673522871446,0.07296796359194,0.0010000000000000009,-0.004276056667386059,-0.0603237280582819,-0.03333767870764344,0.015800000000000012,-0.011681239350847443,1425984243026,0,0,0,0,0,0,0
1.0645779687628754,-0.05867171409238186,0.5,0.0018500490071140206,0.04065665817260742,0.21438929748535157,1,0,0.5,-0.002932153143350518,-0.06457796876287536,0.05867171409238186,0,-0.0047822021504645386,-0.04798784666404292,-0.05405893170123151,-0.005833333333333339,-0.007312929565856936,1425984243026,0,0,0,0,0,0,0
1.063769958242312,-0.042019416618209314,0.499,0.0024958208303519046,-0.011658023834228516,0.24980645751953126,1,0,0.5,-0.002932153143350518,-0.06376995824231191,0.042019416618209314,0.0010000000000000009,-0.0054279739737024225,-0.027844926518338697,-0.06225177906175805,0.005800000000000005,-0.008195567501864781,1425984243026,0,0,0,0,0,0,0
1.0619593365156499,-0.025533287736987723,0.502,0.002268928027592567,-0.026542045593261718,0.24735894775390624,1,0,0.5,-0.002932153143350518,-0.06195933651564989,0.025533287736987723,-0.0020000000000000018,-0.005201081170943085,-0.020417708185629824,-0.08340244127196542,-0.019100000000000016,-0.004066617157146397,1425984243026,0,0,0,0,0,0,0
1.0571985207545203,-0.008382998167631626,0.51,0.002251474735072558,-0.07082836151123047,0.25741571044921874,1,0,0.5,-0.002932153143350518,-0.057198520754520255,0.008382998167631626,-0.010000000000000009,-0.005183627878423076,-0.004450194922254746,-0.08280272336943972,-0.048579710144927575,-0.005107743997901299,1425984243355,0,0,0,0,0,0,0
1.052183779597757,0.009394243071545745,0.522,0.0024260076602720913,-0.07462055206298829,0.26682730102539065,1,0,0.5,-0.002932153143350518,-0.05218377959775711,-0.009394243071545745,-0.02200000000000002,-0.005358160803622609,0.0026812151989427796,-0.10669768602285615,-0.08645245901639352,-0.006216519452144903,1425984243416,0,0,0,0,0,0,0
1.0449563902069676,0.026855207221883982,0.531,0.003909537524467289,-0.10777511596679687,0.26217669677734373,1,0,0.5,-0.002932153143350518,-0.04495639020696762,-0.026855207221883982,-0.031000000000000028,-0.006841690667817807,0.013658751850463606,-0.10073242436263316,-0.06980000000000006,-0.01319967580008294,1425984243486,0,0,0,0,0,0,0
1.0375063204921382,0.04363008082985963,0.537,0.0033510321638291164,-0.11076646423339843,0.2520580749511719,1,0,0.5,-0.002932153143350518,-0.0375063204921382,-0.04363008082985963,-0.03700000000000003,-0.006283185307179634,0.023993141396394795,-0.11806431521479008,-0.06402622950819678,-0.003536437631909932,1425984243547,0,0,0,0,0,0,0
1.0286047556008664,0.05864809171785478,0.539,0.0019547687622336286,-0.13276783752441407,0.22571633911132813,1,0,0.5,-0.002932153143350518,-0.028604755600866394,-0.05864809171785478,-0.039000000000000035,-0.0048869219055841465,0.03020544665592583,-0.10441410029890316,-0.041200000000000035,0.0010970641012536574,1425984243617,0,0,0,0,0,0,0
1.0199474324471411,0.07115252027232491,0.537,-0.0001745329251994542,-0.12949295043945314,0.18781991577148438,1,0,0.5,-0.002932153143350518,-0.019947432447141145,-0.07115252027232491,-0.03700000000000003,-0.0027576202181510637,0.04052733550649338,-0.10851876003723819,-0.01793333333333335,0.007888888219014352,1425984243677,0,0,0,0,0,0,0
1.0111252454991184,0.08139000684561105,0.53,-0.0017802358370341597,-0.13235960388183593,0.15353919982910155,1,0,0.5,-0.002932153143350518,-0.011125245499118419,-0.08139000684561105,-0.030000000000000027,-0.0011519173063163583,0.041941460816717006,-0.09581993112511553,0.013692307692307698,0.0062590192098438205,1425984243742,0,0,0,0,0,0,0
1.0032992436918102,0.08943059864037396,0.523,-0.004118977034706571,-0.11760455322265626,0.12039970397949219,1,0,0.5,-0.002932153143350518,-0.0032992436918102275,-0.08943059864037396,-0.02300000000000002,0.0011868238913560532,0.03804748877087556,-0.08550090987333217,0.0171072463768116,0.011355263881236102,1425984243811,0,0,0,0,0,0,0
