0.15888098926507213,-0.29956761704751317,0.721,-0.10002481943179503,0.009050054550170899,-0.09694027709960938,0,0,1,0,-0.15888098926507213,0.29956761704751317,0.279,0.10002481943179503,-0.07944049463253607,0.14978380852375658,0.22320000000000004,0.4018203493444451,0,0,0,0,0,0,0,0
0.15840326787290984,-0.3041179210196377,0.72,-0.08859291283123216,-0.0003142324090003967,-0.06862896728515624,0,0,1,0,-0.15840326787290984,0.3041179210196377,0.28,0.08859291283123216,-0.07754556678981932,0.17925436992404548,0.23131955555555558,0.3705891757568059,0,0,0,0,0,0,0,0
0.15738262276935253,-0.3063628231328297,0.722,-0.059271381397727425,-0.012270299911499024,-0.034896026611328124,0,0,1,0,-0.15738262276935253,0.3063628231328297,0.278,0.059271381397727425,-0.0750105119204041,0.16949911866119766,0.21480428888888892,0.28348066462887095,0,0,0,0,0,0,0,0
0.15733016097168787,-0.31866136176561877,0.724,-0.029216811678385076,0.010142324447631836,-0.18420074462890626,0,0,1,0,-0.15733016097168787,0.31866136176561877,0.276,0.029216811678385076,-0.08164630135012793,0.22084801846807733,0.21749384102564107,0.17689489115241838,0,0,0,0,0,0,0,0
0.15812727197225707,-0.32934764325150384,0.728,-0.001308996938995747,0.01663418197631836,-0.15987652587890624,0,0,1,0,-0.15812727197225707,0.32934764325150384,0.272,0.001308996938995747,-0.08776047160348549,0.2333731469054529,0.20237395483870968,0.02231443166940565,0,0,0,0,0,0,0,0
0.15713422647872827,-0.34052679930639607,0.731,0.019320794819577228,-0.014676167488098144,-0.1677066955566406,0,0,1,0,-0.15713422647872827,0.34052679930639607,0.269,-0.019320794819577228,-0.0782371549105402,0.24288868371409905,0.20758263333333335,-0.13426930321770478,0,0,0,0,0,0,0,0
0.15539812573634723,-0.348398809323979,0.732,0.025411993909037436,-0.02831791114807129,-0.11755500030517578,0,0,1,0,-0.15539812573634723,0.348398809323979,0.268,-0.025411993909037436,-0.07404892362041866,0.23131710504181083,0.21946573870967745,-0.1611830011665284,0,0,0,0,0,0,0,0
0.15227776536864923,-0.35181132174031593,0.738,0.017872171540421936,-0.04809093475341797,-0.049981868743896485,0,0,1,0,-0.15227776536864923,0.35181132174031593,0.262,-0.017872171540421936,-0.06966792511409448,0.2064826303586008,0.19579842151898733,-0.12747106834651492,0,0,0,0,0,0,0,0
0.14737927113965757,-0.35027286890683845,0.749,0.006719517620178169,-0.07305326843261718,0.024386238098144532,0,0,1,0,-0.14737927113965757,0.35027286890683845,0.251,-0.006719517620178169,-0.044449852280390424,0.18050031385851512,0.1310396478260869,-0.06640265958772959,0,0,0,0,0,0,0,0
0.14092898258252431,-0.3435084333697231,0.761,-0.0028274333882308137,-0.09607034301757812,0.1021143798828125,0,0,1,0,-0.14092898258252431,0.3435084333697231,0.239,0.0028274333882308137,-0.05103197092178603,0.16156841389632312,0.15385884303797465,0.03728679007144631,0,0,0,0,0,0,0,0
0.1331284985061958,-0.3315467255411653,0.775,-0.009250245035569947,-0.11751410675048828,0.17909407043457032,0,0,1,0,-0.1331284985061958,0.3315467255411653,0.22499999999999998,0.009250245035569947,-0.03249936260566029,0.12008639788288646,0.11818614193548378,0.08217295427891795,0,0,0,0,0,0,0,0
0.1303042939135073,-0.32940654059815927,0.786,-0.009023352232810684,-0.04265821075439453,0.031709537506103516,0,0,1,0,-0.1303042939135073,0.32940654059815927,0.21399999999999997,0.009023352232810684,-0.060253142599502624,0.17672742026704108,0.12865548888888884,0.08082369168941027,0,0,0,0,0,0,0,0
0.1261647290106493,-0.32307967551573086,0.795,-0.00731292956585624,-0.0629472770690918,0.09433882904052734,0,0,1,0,-0.1261647290106493,0.32307967551573086,0.20499999999999996,0.00731292956585624,-0.051287095434483565,0.15174082421163956,0.13303114838709673,0.07025668755077132,0,0,0,0,0,0,0,0
0.12149436855007614,-0.3123145678540653,0.806,-0.0019896753472735357,-0.07123439025878907,0.16095999145507814,0,0,1,0,-0.12149436855007614,0.3123145678540653,0.19399999999999995,0.0019896753472735357,-0.04713939427127039,0.12423587233478611,0.1151486888888888,0.029499515882550807,0,0,0,0,0,0,0,0
0.1161473069471258,-0.2974607751531378,0.815,0.0013264502315156904,-0.08064907836914062,0.22264686584472657,0,0,1,0,-0.1161473069471258,0.2974607751531378,0.18500000000000005,-0.0013264502315156904,-0.04094739859810606,0.09460733089643945,0.1194003483870974,-0.022512343986122754,0,0,0,0,0,0,0,0
0.10986147170999239,-0.2788956652694374,0.822,0.0016231562043547262,-0.09391806030273438,0.2786014709472656,0,0,1,0,-0.10986147170999239,0.2788956652694374,0.17800000000000005,-0.0016231562043547262,-0.040640754700967716,0.0880472374660693,0.13458494358974363,-0.02575532020373444,0,0,0,0,0,0,0,0
0.10249015832898442,-0.2568906068475731,0.832,-0.0004014257279586958,-0.11003379058837891,0.3302549133300781,0,0,1,0,-0.10249015832898442,0.2568906068475731,0.16800000000000004,0.0004014257279586958,-0.024854715938191586,0.03971777475973781,0.10349804444444445,0.010147604801306307,0,0,0,0,0,0,0,0
0.09413083484759788,-0.23224317979695633,0.834,-0.0031415926535897933,-0.12553825378417968,0.3696610412597656,0,0,1,0,-0.09413083484759788,0.23224317979695633,0.16600000000000004,0.0031415926535897933,-0.01502067704874533,0.011945592422891893,0.14719247741935487,0.04000000000000001,0,0,0,0,0,0,0,0
0.08482524950750461,-0.20550764086321316,0.842,-0.004084070449666731,-0.1408429718017578,0.40059259033203126,0,0,1,0,-0.08482524950750461,0.20550764086321316,0.15800000000000003,0.004084070449666731,-0.006394316447152416,-0.00951954966847876,0.10863375555555557,0.04764553700785732,0,0,0,0,0,0,0,0
0.07496762514792299,-0.1772213125070091,0.849,-0.002007128639793479,-0.14959597778320313,0.4236875,0,0,1,0,-0.07496762514792299,0.1772213125070091,0.15100000000000002,0.002007128639793479,-0.009515018258731377,-0.0006754481224797715,0.1172457435897436,0.02967177643939369,0,0,0,0,0,0,0,0
0.06447800406743778,-0.14779094222249073,0.856,0.0012740903539558604,-0.1582300567626953,0.44113885498046873,0,0,1,0,-0.06447800406743778,0.14779094222249073,0.14400000000000002,-0.0012740903539558604,0.029308015379286914,-0.10693251537469875,0.09160514042553192,-0.021915946319232042,0,0,0,0,0,0,0,0
0.05379520588878615,-0.11799617113850966,0.863,0.0027576202181510408,-0.15967242431640624,0.4471253662109375,0,0,1,0,-0.05379520588878615,0.11799617113850966,0.137,-0.0027576202181510408,0.004051245180076074,-0.03544168450906944,0.1077911435897436,-0.03667046180491026,0,0,0,0,0,0,0,0
0.04282525951168397,-0.08847216346734287,0.872,0.0013439035240356337,-0.16332733154296875,0.44331219482421874,0,0,1,0,-0.04282525951168397,0.08847216346734287,0.128,-0.0013439035240356337,0.023262185551662352,-0.08262846053836465,0.08198854838709677,-0.022709390138075672,0,0,0,0,0,0,0,0
0.03199446492289576,-0.059633775483342574,0.881,-0.0017976891295541592,-0.16188043212890624,0.43279376220703125,0,0,1,0,-0.03199446492289576,0.059633775483342574,0.119,0.0017976891295541592,0.026719982120933954,-0.09021744308214144,0.07634469999999999,0.02756998126999183,0,0,0,0,0,0,0,0
0.021880032539830375,-0.03203165139602347,0.884,-0.003159045946109736,-0.15246054077148438,0.41375845336914063,0,0,1,0,-0.021880032539830375,0.03203165139602347,0.11599999999999999,0.003159045946109736,0.028568063224362197,-0.09942508473778051,0.10772841612903224,0.040148011311545065,0,0,0,0,0,0,0,0
0.012730389983781456,-0.0057369402353801904,0.888,-0.0021118483949131386,-0.1384899444580078,0.3939851379394531,0,0,1,0,-0.012730389983781456,0.0057369402353801904,0.11199999999999999,0.0021118483949131386,0.01700207369057449,-0.07469833829719996,0.10438878205128205,0.030695065760184014,0,0,0,0,0,0,0,0
0.012708229187665105,0.004376653491017496,0.893,0.0018325957145940458,-0.0006527866125106811,0.15170286560058593,0,0,1,0,-0.012708229187665105,-0.004376653491017496,0.10699999999999998,-0.0018325957145940458,-0.02393763577595481,-0.037100612725334915,0.0816063574468085,-0.027925729094133524,0,0,0,0,0,0,0,0
0.01564127745398787,0.011254798613381465,0.898,0.0034732052114687163,0.044184722900390626,0.10309137725830078,0,0,1,0,-0.01564127745398787,-0.011254798613381465,0.10199999999999998,-0.0034732052114687163,-0.03885230309392992,0.003823051416259854,0.09320010256410255,-0.0427674843895438,0,0,0,0,0,0,0,0
0.019769492229761813,0.014537754952374311,0.903,0.0006806784082777885,0.0620938835144043,0.04902897644042969,0,0,1,0,-0.019769492229761813,-0.014537754952374311,0.09699999999999998,-0.0006806784082777885,-0.05081437079939099,0.014714810765740684,0.0844693222222222,-0.014429614408920556,1430808894182,0,0,0,0,0,0,0
0.0259804749790219,0.01583858938056526,0.908,-0.003996803987067014,0.0931780014038086,0.0194490966796875,0,0,1,0,-0.0259804749790219,-0.01583858938056526,0.09199999999999997,0.003996803987067014,-0.06620841397779786,0.024861420466081287,0.08059169354838706,0.046964385346930065,1430808894182,0,0,0,0,0,0,0
0.03332580486540361,0.013891766495565328,0.915,-0.0037350045992678655,0.11029578399658203,-0.028761743545532226,0,0,1,0,-0.03332580486540361,-0.013891766495565328,0.08499999999999996,0.0037350045992678655,-0.07583642035833256,0.04390641663324571,0.06486411111111107,0.04489047182965165,1430808894182,0,0,0,0,0,0,0
0.03966250748746096,0.010467065680554928,0.923,-0.002007128639793479,0.09524174499511719,-0.051015140533447266,0,0,1,0,-0.03966250748746096,-0.010467065680554928,0.07699999999999996,0.002007128639793479,-0.07365116066473024,0.053763257471466014,0.0533936555555555,0.02967177643939369,1430808894182,0,0,0,0,0,0,0
0.04582131276286777,0.006007171183752887,0.93,0.0016929693744344998,0.09251616668701172,-0.06671286010742188,0,0,1,0,-0.04582131276286777,-0.006007171183752887,0.06999999999999995,-0.0016929693744344998,-0.06951973078344811,0.05693258024672189,0.06137384358974354,-0.026488628804623868,1430808894182,0,0,0,0,0,0,0
0.05313070937160002,0.0013282360583327987,0.937,0.0032463124087094525,0.10952197265625,-0.07036954498291016,0,0,1,0.0016929693744344998,-0.05313070937160002,-0.0013282360583327987,0.06299999999999994,-0.0015533430342749527,-0.02656535468580001,-0.0006641180291663993,0.05039999999999996,-0.025011418652094088,1430808894182,0,0,0,0,0,0,0
0.05799974583026955,-0.0036047470786230718,0.94,0.005585053606381855,0.07279495239257812,-0.07423145294189454,0,0,1,0.0016929693744344998,-0.05799974583026955,0.0036047470786230718,0.06000000000000005,-0.003892084231947355,-0.056415473862029546,0.02923054531788392,0.03171133333333398,-0.046140422109795895,1430808894573,0,0,0,0,0,0,0
0.06180156267303626,-0.007233689200712918,0.945,0.0022165681500327986,0.05672234725952149,-0.05475178146362305,0,0,1,0.0016929693744344998,-0.06180156267303626,0.007233689200712918,0.05500000000000005,-0.0005235987755982988,-0.053111218697504695,0.024170366972438885,0.016493193548387113,-0.0121141372855476,1430808894635,0,0,0,0,0,0,0
0.06968330856419737,-0.011224764613445192,0.95,-0.0022689280275926286,0.11809320068359375,-0.0601280403137207,0,0,1,0.0016929693744344998,-0.06968330856419737,0.011224764613445192,0.050000000000000044,0.003961897402027128,-0.0798167043864739,0.027923298285273013,0.013256222222222239,0.04669053956171678,1430808894698,0,0,0,0,0,0,0
0.07609315640199055,-0.016835035314205386,0.953,-0.00460766922526503,0.09633840942382813,-0.0839356918334961,0,0,1,0.0016929693744344998,-0.07609315640199055,0.016835035314205386,0.04700000000000004,0.0063006385996995295,-0.07589055359271352,0.0403310526609176,0.021989916129032287,0.06361357297131318,1430808894760,0,0,0,0,0,0,0
0.08006197019864232,-0.02162621905810086,0.958,-0.003438298626428829,0.05986271667480469,-0.07159268951416016,0,0,1,0.0016929693744344998,-0.08006197019864232,0.02162621905810086,0.04200000000000004,0.005131268000863329,-0.06012359882459166,0.03272334746827173,0.012817102564102578,0.055476604892455886,1430808894838,0,0,0,0,0,0,0
0.08628372179698543,-0.027362486878172297,0.961,0.0003665191429188092,0.09362156677246093,-0.08572262573242187,0,0,1,0.0016929693744344998,-0.08628372179698543,0.027362486878172297,0.039000000000000035,0.0013264502315156906,-0.08053456887177515,0.04613311818667677,0.01643203333333335,0.022512343986122754,1430808894901,0,0,0,0,0,0,0
0.08751360058289823,-0.03356895943353876,0.965,0.0013962634015954637,0.018414058685302735,-0.09310384368896485,0,0,1,0.0016929693744344998,-0.08751360058289823,0.03356895943353876,0.03500000000000003,0.0002967059728390361,-0.05406967004490766,0.05261286607589975,0.007535054838709688,0.00829553249456026,1430808894963,0,0,0,0,0,0,0
0.09029704530028965,-0.039540242611142626,0.969,0.0027576202181510408,0.041626567840576174,-0.08962745666503906,0,0,1,0.0016929693744344998,-0.09029704530028965,0.039540242611142626,0.031000000000000028,-0.001064650843716541,-0.06455098143825701,0.05398486800528022,0.0048887777777777836,-0.01944307170959061,1430808895026,0,0,0,0,0,0,0
0.09277647207609897,-0.0449729274032298,0.974,0.0043982297150257105,0.036966541290283206,-0.08159252166748047,0,0,1,0.0016929693744344998,-0.09277647207609897,0.0449729274032298,0.026000000000000023,-0.0027052603405912107,-0.06217640251344476,0.048255635563301945,0.0008779025641025666,-0.03620479727522622,1430808895104,0,0,0,0,0,0,0
0.09475335206592544,-0.04949920990972254,0.976,0.0008552113334772215,0.029354299545288086,-0.06802400207519531,0,0,1,0.0016929693744344998,-0.09475335206592544,0.04949920990972254,0.02400000000000002,0.0008377580409572783,-0.06720599702744298,0.060080350434661894,0.006932982978723414,0.016571906698420586,1430808895151,0,0,0,0,0,0,0
0.09593427103673982,-0.05304448321277196,0.979,-0.0009773843811168245,0.017668298721313477,-0.053194229125976565,0,0,1,0.0016929693744344998,-0.09593427103673982,0.05304448321277196,0.02100000000000002,0.002670353755551324,-0.0591222924760458,0.04446865260623126,0.006128861538461544,0.035892684527252035,1430808895229,0,0,0,0,0,0,0
0.09572378486558977,-0.058244217918101415,0.979,-0.00020943951023931956,-0.0030810589790344236,-0.07799906921386719,0,0,1,0.0016929693744344998,-0.09572378486558977,0.058244217918101415,0.02100000000000002,0.0019024088846738194,-0.053151746235764345,0.06041459591949966,0.01972270000000002,0.02863052553414111,1430808895292,0,0,0,0,0,0,0
0.09492642545957274,-0.06286074973091473,0.976,0.0007155849933176752,-0.011945887565612793,-0.06925048065185548,0,0,1,0.0016929693744344998,-0.09492642545957274,0.06286074973091473,0.02400000000000002,0.0009773843811168247,-0.050009755534783464,0.06028625012986634,0.03920698387096777,0.01836553874038235,1430808895354,0,0,0,0,0,0,0
0.09683264406961352,-0.06688081970260555,0.975,0.0028099800957108703,0.02855012130737305,-0.06032149505615234,0,0,1,0.0016929693744344998,-0.09683264406961352,0.06688081970260555,0.025000000000000022,-0.0011170107212763705,-0.06666423633987986,0.058990289659550776,0.02878455555555558,-0.020075435282795276,1430808895417,0,0,0,0,0,0,0
0.09600619047011007,-0.07196500260516148,0.975,0.002513274122871834,-0.012611051559448243,-0.07622760772705078,0,0,1,0.0016929693744344998,-0.09600619047011007,0.07196500260516148,0.025000000000000022,-0.0008203047484373342,-0.05159068066376271,0.06834587457646032,0.023384000000000023,-0.016340934651232816,1430808895479,0,0,0,0,0,0,0
0.09387549245127046,-0.07523205643269716,0.977,0.0011519173063162574,-0.032083534240722654,-0.04892532730102539,0,0,1,0.0016929693744344998,-0.09387549245127046,0.07523205643269716,0.02300000000000002,0.0005410520681182424,-0.04394499990917495,0.05990262997319046,0.010817788888888902,0.012381866498988574,1430808895542,0,0,0,0,0,0,0
0.09052285356445176,-0.0768543514523257,0.972,0.0018325957145940458,-0.05031758117675781,-0.024276479721069336,0,0,1,0.0016929693744344998,-0.09052285356445176,0.0768543514523257,0.028000000000000025,-0.00013962634015954605,-0.03976807749849083,0.0504424713166986,0.04858319743589748,-0.005018858820698812,1430808895620,0,0,0,0,0,0,0
0.08593289345769232,-0.07659356712144538,0.972,0.002722713633111154,-0.06884211730957031,0.004037931442260743,0,0,1,0.0016929693744344998,-0.08593289345769232,0.07659356712144538,0.028000000000000025,-0.0010297442586766543,-0.027138708706598628,0.042035260723372485,0.026320900000000026,-0.019015729709759288,1430808895682,0,0,0,0,0,0,0
0.08027380841350838,-0.07454956411107037,0.964,0.002844886680750757,-0.08480248260498047,0.03089105224609375,0,0,1,0.0016929693744344998,-0.08027380841350838,0.07454956411107037,0.03600000000000003,-0.0011519173063162572,-0.01928659493973759,0.03159951880203183,0.0773921444444445,-0.020491524907936768,1430808895745,0,0,0,0,0,0,0
0.07352990601417243,-0.07076287324455688,0.962,0.0013962634015954637,-0.10099653625488281,0.057087917327880856,0,0,1,0.0016929693744344998,-0.07352990601417243,0.07076287324455688,0.038000000000000034,0.0002967059728390361,-0.009739473743490067,0.020123994764692444,0.0460736225806452,0.00829553249456026,1430808895807,0,0,0,0,0,0,0
0.06578700069176822,-0.06545701406355801,0.959,0.0003316125578789226,-0.11603234100341797,0.0797499771118164,0,0,1,0.0016929693744344998,-0.06578700069176822,0.06545701406355801,0.041000000000000036,0.0013613568165555773,-0.001336755277067593,0.009782929610859793,0.05410826666666671,0.02290558509221598,1430808895870,0,0,0,0,0,0,0
0.05756182405792049,-0.05887489782863894,0.955,-0.0027576202181510408,-0.12334490203857422,0.09877265167236328,0,0,1,0.0016929693744344998,-0.05756182405792049,0.05887489782863894,0.04500000000000004,0.004450589592585541,0.005835257790136786,-0.0008232164678374718,0.06350124516129038,0.0504551042927584,1430808895932,0,0,0,0,0,0,0
0.04879368523415537,-0.05138403622938348,0.952,-0.0022165681500327986,-0.13183143615722656,0.11199980926513672,0,0,1,0.0016929693744344998,-0.04879368523415537,0.05138403622938348,0.04800000000000004,0.003909537524467299,0.0022475930114570566,-0.00019296711917283355,0.05699093924050638,0.04627825770333499,1430808896011,0,0,0,0,0,0,0
0.03966512420786121,-0.043201093874491045,0.949,0.00022689280275926284,-0.13720014953613283,0.12244032287597656,0,0,1,0.0016929693744344998,-0.03966512420786121,0.043201093874491045,0.051000000000000045,0.0014660765716752368,0.01925196443424803,-0.017023259421688336,0.0633514838709678,0.02406566380193357,1430808896073,0,0,0,0,0,0,0
0.03370983223833226,-0.0425237989822855,0.95,0.004276056667386107,-0.08932707214355469,0.010179691314697266,0,0,1,0.0016929693744344998,-0.03370983223833226,0.0425237989822855,0.050000000000000044,-0.002583087292951607,0.0035699945201997964,0.02533727308743523,0.04037544444444448,-0.03510638663605877,1430808896136,0,0,0,0,0,0,0
0.030942064948202046,-0.04418726544400493,0.95,0.004590215932745087,-0.0416228256225586,-0.024774242401123046,0,0,1,0.0016929693744344998,-0.030942064948202046,0.04418726544400493,0.050000000000000044,-0.002897246558310587,-0.012698425256821803,0.03959625324263814,0.04624100000000004,-0.03789806589876982,1430808896198,0,0,0,0,0,0,0
0.02725964099432603,-0.04640763682335764,0.946,-0.001186823891356144,-0.05538865661621094,-0.03305167388916016,0,0,1,0.0016929693744344998,-0.02725964099432603,0.04640763682335764,0.05400000000000005,0.002879793265790644,-0.0061955309301453855,0.0439436671188127,0.0720034222222223,0.037745711608006556,1430808896261,0,0,0,0,0,0,0
0.026526543008650847,-0.049527570506839765,0.949,-0.0007853981633974483,-0.010940919876098633,-0.0468120231628418,0,0,1,0.0016929693744344998,-0.026526543008650847,0.049527570506839765,0.051000000000000045,0.0024783675378319482,-0.022312900988081193,0.05108783720410351,0.03076191612903229,0.03415103610068933,1430808896323,0,0,0,0,0,0,0
0.02682154204963406,-0.05131817025872145,0.948,-0.000645771823237902,0.00444607925415039,-0.026855512619018553,0,0,1,0.0016929693744344998,-0.02682154204963406,0.05131817025872145,0.052000000000000046,0.002338741197672402,-0.028117704838019817,0.042709058642146615,0.05333857974683549,0.032856012381243145,1430808896402,0,0,0,0,0,0,0
0.02881839000966749,-0.05271717530913815,0.952,0.0019896753472735357,0.029966264724731444,-0.020965728759765625,0,0,1,0.0016929693744344998,-0.02881839000966749,0.05271717530913815,0.04800000000000004,-0.00029670597283903586,-0.03926037386622887,0.04369997993442458,0.02342515483870971,-0.008295532494560257,1430808896464,0,0,0,0,0,0,0
0.028605946357021128,-0.05370730994391597,0.956,0.003455751918948773,-0.0032161991596221925,-0.01484564971923828,0,0,1,0.0016929693744344998,-0.028605946357021128,0.05370730994391597,0.04400000000000004,-0.0017627825445142731,-0.026881598180612608,0.042136542119869884,0.020860777777777798,-0.027211923233201013,1430808896527,0,0,0,0,0,0,0
0.031326698062152936,-0.05457650864342294,0.957,0.006579891280018623,0.04076597595214844,-0.013178936004638672,0,0,1,0.0016929693744344998,-0.031326698062152936,0.05457650864342294,0.04300000000000004,-0.004886921905584123,-0.0449755242822551,0.042315534704280226,0.03690443870967745,-0.05370116104871356,1430808896589,0,0,0,0,0,0,0
0.03228141976855666,-0.054682535709148675,0.961,0.0029845130209103033,0.014310050964355468,-0.0016846003532409667,0,0,1,0.0016929693744344998,-0.03228141976855666,0.054682535709148675,0.039000000000000035,-0.0012915436464758035,-0.03462960566020226,0.038364067638029284,0.021705082051282073,-0.022115637754259256,1430808896667,0,0,0,0,0,0,0
0.0333111596730428,-0.054729446914858156,0.964,-0.0021118483949131386,0.015443929672241211,-0.0007497639656066894,0,0,1,0.0016929693744344998,-0.0333111596730428,0.054729446914858156,0.03600000000000003,0.0038048177693476384,-0.0386853062904401,0.03851832793289518,0.015082574468085124,0.04544812635129799,1430808896714,0,0,0,0,0,0,0
0.0355206340120812,-0.05462404824466165,0.968,-0.0006632251157578452,0.03313870239257812,0.0016509675979614257,0,0,1,0.0016929693744344998,-0.0355206340120812,0.05462404824466165,0.03200000000000003,0.002356194490192345,-0.04231313645236482,0.038069414657301855,0.01652388205128207,0.03301927248894627,1430808896792,0,0,0,0,0,0,0
0.03805294918059943,-0.05286853207147959,0.972,0.001117010721276371,0.03796725463867188,0.02635792922973633,0,0,1,0.0016929693744344998,-0.03805294918059943,0.05286853207147959,0.028000000000000025,0.0005759586531581288,-0.0479731372877582,0.028244803444853715,0.009226777777777785,0.012908851787977323,1430808896855,0,0,0,0,0,0,0
0.03945450011507628,-0.04987954603989516,0.975,0.0050789081233034985,0.021073331832885744,0.044811279296875,0,0,1,0.0016929693744344998,-0.03945450011507628,0.04987954603989516,0.025000000000000022,-0.0033859387488689987,-0.04276209413455522,0.019939123000482735,0.012268516129032271,-0.04204807722965507,1430808896917,0,0,0,0,0,0,0
0.03947616933837877,-0.04559732000349809,0.979,0.007679448708775049,0.0006512682437896729,0.06423091125488281,0,0,1,0.0016929693744344998,-0.03947616933837877,0.04559732000349809,0.02100000000000002,-0.0059864793343405494,-0.03523003210521681,0.011168436694471155,0.003914077777777782,-0.06148102055356053,1430808896980,0,0,0,0,0,0,0
0.03789895610321913,-0.04012790171827628,0.984,0.00598647933434055,-0.023027475357055665,0.08222053527832031,0,0,1,0.0016929693744344998,-0.03789895610321913,0.04012790171827628,0.016000000000000014,-0.0042935099599060505,-0.02565239133986661,0.0015969168048473106,-0.005990306451612904,-0.049260830109403825,1430808897042,0,0,0,0,0,0,0
0.034671804227350986,-0.033732517354331915,0.986,0.00301941960595019,-0.04783212661743164,0.09621883392333984,0,0,1,0.0016929693744344998,-0.034671804227350986,0.033732517354331915,0.014000000000000012,-0.0013264502315156902,-0.015232249337671658,-0.006042425266500173,0.009612588888888898,-0.02251234398612275,1430808897105,0,0,0,0,0,0,0
0.029834263538553705,-0.026525193154971108,0.989,0.0026005405854715507,-0.0722363510131836,0.1083284683227539,0,0,1,0.0016929693744344998,-0.029834263538553705,0.026525193154971108,0.01100000000000001,-0.0009075712110370509,-0.009267894434307259,-0.006249835031371685,0.004947961538461542,-0.01748023299271793,1430808897183,0,0,0,0,0,0,0
0.0235776391074784,-0.018539540072195153,0.996,0.002967059728390361,-0.09353754425048828,0.12002845001220704,0,0,1,0.0016929693744344998,-0.0235776391074784,0.018539540072195153,0.0040000000000000036,-0.001274090353955861,0.007326977117989592,-0.022867458780319927,-0.026681829032258093,-0.021915946319232046,1430808897245,0,0,0,0,0,0,0
0.016408116650080545,-0.010017051377310238,0.996,0.0024609142453120045,-0.1071630630493164,0.12815585327148438,0,0,1,0.0016929693744344998,-0.016408116650080545,0.010017051377310238,0.0040000000000000036,-0.0007679448708775047,0.015319393484277119,-0.029332455459280635,0.012859500000000012,-0.01563796027583438,1430808897308,0,0,0,0,0,0,0
0.008647233746542686,-0.0009398947119170897,0.998,0.0035081117965086025,-0.11607781982421875,0.13644342041015625,0,0,1,0.0016929693744344998,-0.008647233746542686,0.0009398947119170897,0.0020000000000000018,-0.0018151424220741027,0.023126977513718755,-0.037760060462407014,-0.000018422580645161002,-0.02774814024128968,1430808897370,0,0,0,0,0,0,0
0.000496937790248023,0.008392027977330843,1.002,0.006178465552059926,-0.12176262664794922,0.1404068603515625,0,0,1,0.0016929693744344998,-0.000496937790248023,-0.008392027977330843,-0.0020000000000000018,-0.004485496177625426,0.019958654460851256,-0.03312347825872132,-0.009892417948717959,-0.05071857816866962,1430808897448,0,0,0,0,0,0,0
-0.007841763496604544,0.017469854979275844,1.008,0.003909537524467298,-0.12423683166503906,0.13693760681152345,2.4324324324324325,0,1,0,2.440274195929037,-0.017469854979275844,-0.008000000000000007,-0.003909537524467298,1.2201370979645185,-0.008734927489637922,-0.006400000000000006,-0.046278257703334984,0,0,0,0,0,0,0,0
-0.009109979782433782,0.023214985008853054,1.009,0.0023387411976724015,-0.018686187744140624,0.08625066375732422,2.4324324324324325,0,1,0,2.4415424122148663,-0.023214985008853054,-0.008999999999999897,-0.0023387411976724015,1.2455059510257893,-0.03756799900739331,-0.01175737948717891,-0.03285601238124314,0,0,0,0,0,0,0,0
-0.013113408111310405,0.027805820747115656,1.009,0.001239183768915974,-0.05989020919799805,0.06900279235839844,2.4324324324324325,0,1,0,2.4455458405437427,-0.027805820747115656,-0.008999999999999897,-0.001239183768915974,1.2794651583763303,-0.0397638069176815,-0.007326899999999917,-0.021513804629489108,0,0,0,0,0,0,0,0
-0.013088093315001525,0.03189711731248454,1.011,0.00008726646259971648,0.0004557696580886841,0.06136893081665039,2.4324324324324325,0,1,0,2.445520525747434,-0.03189711731248454,-0.010999999999999899,-0.00008726646259971648,1.2722305536358596,-0.03959860333540571,-0.020285422580645085,-0.0036688080543273646,0,0,0,0,0,0,0,0
-0.008579334316013876,0.035284255987397574,1.01,-0.00017453292519943296,0.06763581848144531,0.050801177978515626,2.4324324324324325,0,1,0,2.4410117667484466,-0.035284255987397574,-0.010000000000000009,0.00017453292519943296,1.2604487932695874,-0.037235871570382856,-0.0027025444444450618,0.005823869764908661,0,0,0,0,0,0,0,0
0.0037005768358082543,0.03817908950794519,1.01,-0.0009250245035569946,0.1841910858154297,0.04345465087890625,2.4324324324324325,0,1,0,2.428731855596624,-0.03817908950794519,-0.010000000000000009,0.0009250245035569946,1.2250935572209938,-0.0364443637348794,-0.008320100000000006,0.017703626328090475,0,0,0,0,0,0,0,0
0.022176678057246973,0.040093424959116705,1.011,0.001762782544514273,0.27711483764648437,0.02897138214111328,2.4324324324324325,0,1,0,2.4102557543751857,-0.040093424959116705,-0.010999999999999899,-0.001762782544514273,1.197717190159937,-0.03194751485653679,-0.01474495555555486,-0.027211923233201013,0,0,0,0,0,0,0,0
0.04694475639268519,0.04053321335739973,1.009,0.004782202150464463,0.3715322265625,0.00594190502166748,2.4324324324324325,0,1,0,2.385487676039747,-0.04053321335739973,-0.008999999999999897,-0.004782202150464463,1.195446148607463,-0.023821780648388295,0.0013147589743590675,-0.052931235325240175,0,0,0,0,0,0,0,0
0.07864738365654848,0.03933554267611659,1.015,0.003996803987067014,0.47544805908203125,-0.020238971710205077,2.4324324324324325,0,1,0,2.353785048775884,-0.03933554267611659,-0.014999999999999902,-0.003996803987067014,1.1294367868049915,-0.014843623740002546,-0.04588743333333328,-0.046964385346930065,0,0,0,0,0,0,0,0
0.11715191557448326,0.03986373487918917,1.014,0.0024260076602721182,0.5775950317382812,0.0056143999099731445,2.4324324324324325,0,1,0,2.3152805168579493,-0.03986373487918917,-0.014000000000000012,-0.0024260076602721182,1.0833006739868904,-0.024990331183553947,-0.006195738709678048,-0.033668325826730405,0,0,0,0,0,0,0,0
0.16479933675444725,0.03898356585624835,1.018,0.003298672286269283,0.7146771850585938,-0.014936389923095704,2.4324324324324325,0,1,0,2.267633095677985,-0.03898356585624835,-0.018000000000000016,-0.003298672286269283,1.0264194495405492,-0.016924285053115558,-0.03737652222222225,-0.04132246216586028,0,0,0,0,0,0,0,0
0.21553483892966419,0.03697515758477756,1.017,0.0035953782591083183,0.7609290161132812,-0.0326363525390625,2.4324324324324325,0,1,0,2.216897593502768,-0.03697515758477756,-0.016999999999999904,-0.0035953782591083183,1.055392090494124,-0.012086226654142898,-0.009999720512819932,-0.043764617270728584,0,0,0,0,0,0,0,0
0.273445472954053,0.03515483885447526,1.018,0.0008203047484373349,0.8685557250976562,-0.030427757263183593,2.4324324324324325,0,1,0,2.1589869594783795,-0.03515483885447526,-0.018000000000000016,-0.0008203047484373349,0.8329939145145846,-0.006797818416343646,-0.022818308510639138,-0.016340934651232826,0,0,0,0,0,0,0,0
0.3383624773738085,0.033981025666393425,1.016,-0.00020943951023931956,0.9737402954101563,-0.018405967712402344,2.4324324324324325,0,1,0,2.094069955058624,-0.033981025666393425,-0.016000000000000014,0.00020943951023931956,0.9568243096619742,-0.014764418376048477,-0.004921941025641027,0.006576565531547922,0,0,0,0,0,0,0,0
0.4208571386071181,0.03525356662598167,1.013,0.0016231562043547262,1.2374158935546875,0.019347278594970704,2.4324324324324325,0,1,0,2.0115752938253144,-0.03525356662598167,-0.0129999999999999,-0.0016231562043547262,0.7536473282159499,-0.028070070393682773,0.005358583870968469,-0.02575532020373444,0,0,0,0,0,0,0,0
0.5139025492326087,0.03221528111769059,1.01,0.0024260076602721182,1.3956053466796876,-0.04783963012695312,2.4324324324324325,0,1,0,1.9185298831998239,-0.03221528111769059,-0.010000000000000009,-0.0024260076602721182,0.6679880815005255,-0.002690821010210745,0.0074267666666660605,-0.033668325826730405,0,0,0,0,0,0,0,0
0.6085522147830393,0.029710557482303113,1.007,0.0010995574287564276,1.419649658203125,-0.04101505279541016,2.4324324324324325,0,1,0,1.8238802176493931,-0.029710557482303113,-0.006999999999999895,-0.0010995574287564276,0.6145776258868578,-0.00436245967441227,0.010052183870968474,-0.01986576776758538,0,0,0,0,0,0,0,0
0.7051714172416371,0.027657314804488936,1.007,-0.0002617993877991494,1.4492532958984374,-0.03239219665527344,2.4324324324324325,0,1,0,1.7272610151907952,-0.027657314804488936,-0.006999999999999895,0.0002617993877991494,0.6805055853434552,-0.00847786587433639,-0.00693789999999991,0.0076314282836888805,0,0,0,0,0,0,0,0
0.8028529241665668,0.025175479808299574,1.004,-0.0004363323129985824,1.4652322998046876,-0.03684392929077149,2.4324324324324325,0,1,0,1.6295795082658655,-0.025175479808299574,-0.0040000000000000036,0.0004363323129985824,0.5328038476510957,-0.002820850124071239,0.012103566666666066,0.010727659828951444,0,0,0,0,0,0,0,0
0.9015554291470615,0.021159132254881797,1.002,-0.0006806784082777885,1.480563720703125,-0.05959920120239258,2.4324324324324325,0,1,0,1.530877003285371,-0.021159132254881797,-0.0020000000000000018,0.0006806784082777885,0.4784275106792897,0.007941094568641206,0.008314822580645174,0.014429614408920556,0,0,0,0,0,0,0,0
1.0029136990612753,0.017325182829787043,0.998,0.002844886680750757,1.520412841796875,-0.056474342346191406,2.4324324324324325,0,1,0,1.4295187333711572,-0.017325182829787043,0.0020000000000000018,-0.002844886680750757,0.4308444045927714,0.00837570992062928,0.022459322222222248,-0.03744007621976489,0,0,0,0,0,0,0,0
1.10638070705277,0.009588760647836455,0.994,0.005148721293383272,1.551668701171875,-0.12046113586425782,2.4324324324324325,0,1,0,1.3260517253796624,-0.009588760647836455,0.006000000000000005,-0.005148721293383272,0.36634597247870404,0.03455810269442421,0.02605494516129035,-0.05560233097639755,0,0,0,0,0,0,0,0
1.212623376416551,0.00013019428121563772,0.991,0.004433136300065597,1.592888427734375,-0.150081787109375,2.4324324324324325,0,1,0,1.2198090560158814,-0.00013019428121563772,0.009000000000000008,-0.004433136300065597,0.31476033116779134,0.04816080555229375,0.022597666666666693,-0.05032310915787337,0,0,0,0,0,0,0,0
1.3207229947613652,-0.007898516994723836,0.986,0.003298672286269283,1.6209444580078125,-0.1276177673339844,2.4324324324324325,0,1,0,1.1117094376710672,0.007898516994723836,0.014000000000000012,-0.003298672286269283,0.37455651762144276,0.03571544724303338,0.03247609743589747,-0.04132246216586028,0,0,0,0,0,0,0,0
1.4304671228723416,-0.014135485762001946,0.98,0.0005235987755982988,1.6458443603515625,-0.09898416137695312,2.4324324324324325,0,1,0,1.0019653095600909,0.014135485762001946,0.020000000000000018,-0.0005235987755982988,0.19143572464172298,0.03810399774650393,0.048835167741935526,-0.0121141372855476,0,0,0,0,0,0,0,0
1.5416581886199647,-0.018756048528711954,0.976,-0.0011519173063162574,1.6678294677734375,-0.07018172454833985,2.4324324324324325,0,1,0,0.8907742438124677,0.018756048528711954,0.02400000000000002,0.0011519173063162574,0.14324723031386477,0.030993540729989416,0.040537622222222264,0.02049152490793677,0,0,0,0,0,0,0,0
1.6541553546148613,-0.02186746859369067,0.973,-0.0020769418098732523,1.6875101318359376,-0.04472745895385742,2.4324324324324325,0,1,0,0.7782770778175712,0.02186746859369067,0.027000000000000024,0.0020769418098732523,0.07448746149585261,0.02457950402812155,0.03781828387096778,0.03035588942502546,0,0,0,0,0,0,0,0
1.7678191850544633,-0.023629282130830286,0.973,0.0015358897417550098,1.7050086669921876,-0.022886051177978515,2.4324324324324325,0,1,0,0.6646132473779691,0.023629282130830286,0.027000000000000024,-0.0015358897417550098,0.025441531815460716,0.01783266014947374,0.021052900000000027,-0.02482371459249641,0,0,0,0,0,0,0,0
1.8819599263723976,-0.02354318158152023,0.972,0.004223696789826277,1.712111083984375,-0.0013381061553955078,2.4324324324324325,0,1,0,0.5504725060600348,0.02354318158152023,0.028000000000000025,-0.004223696789826277,-0.04109307917820415,0.007661673128474536,0.027671661290322613,-0.04872537967794916,0,0,0,0,0,0,0,0
1.9955778751386144,-0.022215667523944674,0.972,0.0056374134839416844,1.704338134765625,0.012714238166809081,2.4324324324324325,0,1,0,0.43685455729381806,0.022215667523944674,0.028000000000000025,-0.0056374134839416844,0.04652133288720062,0.0017780799668444596,0.022247700000000026,-0.0590672387989777,0,0,0,0,0,0,0,0
2.1075778567870858,-0.019660609028871588,0.973,0.004136430327226561,1.6801890869140625,0.02885446548461914,2.4324324324324325,0,1,0,0.3248545756453467,0.019660609028871588,0.027000000000000024,-0.004136430327226561,-0.13635186139598993,-0.00791987942128744,0.015969938709677445,-0.048051898598442305,0,0,0,0,0,0,0,0
2.216698570730431,-0.01654938477431437,0.974,0.002181661564992912,1.63698974609375,0.03989743041992187,2.4324324324324325,0,1,0,0.21573386170200148,0.01654938477431437,0.026000000000000023,-0.002181661564992912,-0.16352132269429015,-0.012232092305575962,0.015423344444444466,-0.03136786762936763,0,0,0,0,0,0,0,0
2.321690972729062,-0.01278059667354179,0.975,-0.0009250245035569946,1.575005615234375,0.053095821380615235,2.4324324324324325,0,1,0,0.11074145970337046,0.01278059667354179,0.025000000000000022,0.0009250245035569946,-0.2018037816099637,-0.018028084162511476,0.014688738709677442,0.017703626328090475,0,0,0,0,0,0,0,0
2.4714797811867406,0.005121772690554124,0.979,-0.001954768762233649,2.246582763671875,0.2706138000488281,2.4324324324324325,0,1,0,-0.03904734875430815,-0.005121772690554124,0.02100000000000002,0.001954768762233649,-0.5164051875823996,-0.10519372689291084,-0.004956022222222217,0.029153475516445655,1430808899652,0,0,0,0,0,0,0
2.6245645426419695,0.029457756765384587,0.985,0.0009424777960769379,2.295553466796875,0.3695277404785156,2.4324324324324325,0,1,0,-0.19213211020953702,-0.029457756765384587,0.015000000000000013,-0.0009424777960769379,-0.6261669099115339,-0.1554673047051005,-0.021311767741935488,-0.017925618986228662,0,0,0,0,0,0,0,0
2.772413145926201,0.05618820354407582,0.994,0.0037000980142279784,2.21810595703125,0.3988663635253906,2.4324324324324325,0,1,0,-0.3399807134937687,-0.05618820354407582,0.006000000000000005,-0.0037000980142279784,-0.501978111478719,-0.1518345532894365,-0.03497861538461541,-0.04461034294046854,0,0,0,0,0,0,0,0
2.909123976295392,0.08485128959685849,1.003,0.003420845333908886,2.0522392578125,0.422355712890625,2.4324324324324325,0,1,0,-0.47669154386295975,-0.08485128959685849,-0.0029999999999998916,-0.003420845333908886,-0.6694180766866819,-0.20599571393170546,-0.05181289999999932,-0.042336573165932076,0,0,0,0,0,0,0,0
3.033169692033947,0.11821050940956032,1.014,-0.0003316125578789226,1.8623865966796875,0.494020263671875,2.4324324324324325,0,1,0,-0.6007372596015146,-0.11821050940956032,-0.014000000000000012,0.0003316125578789226,-0.6759189651209643,-0.25248703839851844,-0.07279647419354907,0.008934029631460307,0,0,0,0,0,0,0,0
3.1424119981058256,0.14733625795426417,1.025,-0.003979350694547071,1.6384896240234375,0.4374295959472656,2.4324324324324325,0,1,0,-0.7099795656733932,-0.14733625795426417,-0.02499999999999991,0.003979350694547071,-0.641656617102323,-0.2414696688711993,-0.08076831111111046,0.046827562544513764,0,0,0,0,0,0,0,0
3.2365651441330674,0.17113262857570344,1.036,-0.006021385919380436,1.4108656005859375,0.362562744140625,2.4324324324324325,0,1,0,-0.8041327117006349,-0.17113262857570344,-0.03600000000000003,0.006021385919380436,-0.6183268078442371,-0.2269535126241632,-0.09077717419354908,0.061719782172795425,0,0,0,0,0,0,0,0
3.316118376157513,0.18827667139203277,1.048,-0.002181661564992912,1.1917283935546874,0.26434124755859373,2.4324324324324325,0,1,0,-0.8836859437250806,-0.18827667139203277,-0.04800000000000004,0.002181661564992912,-0.5741233501226625,-0.19762200909271999,-0.10524946666666675,0.03136786762936763,0,0,0,0,0,0,0,0
3.376986571905881,0.2006650049952273,1.052,0.003996803987067014,0.9126153564453126,0.18781646728515625,2.4324324324324325,0,1,0,-0.9445541394734485,-0.2006650049952273,-0.052000000000000046,-0.003996803987067014,-0.44308908953263226,-0.16572535704493005,-0.060137117948718,-0.046964385346930065,0,0,0,0,0,0,0,0
3.428709062691169,0.2080187116659618,1.058,0.010140362954087054,0.7762720336914063,0.107203857421875,2.4324324324324325,0,1,0,-0.9962766302587367,-0.2080187116659618,-0.05800000000000005,-0.010140362954087054,-0.493982533469354,-0.15661611020605287,-0.08121896774193554,-0.08736330920925549,0,0,0,0,0,0,0,0
3.4724978048700823,0.2126606695777988,1.059,0.00731292956585624,0.65750341796875,0.06296539688110352,2.4324324324324325,0,1,0,-1.0400653724376498,-0.2126606695777988,-0.05899999999999994,-0.00731292956585624,-0.4737183034678431,-0.1445526462080552,-0.054075255555554896,-0.07025668755077132,0,0,0,0,0,0,0,0
3.5041328332955293,0.21390888382780673,1.055,0.002530727415391778,0.474649658203125,0.015252573013305664,2.4324324324324325,0,1,0,-1.0717004008630968,-0.21390888382780673,-0.05499999999999994,-0.002530727415391778,-0.428766898242303,-0.1276702478465684,-0.023443977777777708,-0.0346303586550656,0,0,0,0,0,0,0,0
3.5276989822327076,0.2110530050847843,1.052,-0.001954768762233649,0.3533826904296875,-0.04373263549804687,2.4324324324324325,0,1,0,-1.0952665498002752,-0.2110530050847843,-0.052000000000000046,0.001954768762233649,-0.40462517914263996,-0.10449441736546239,-0.026653116129032903,0.029153475516445655,0,0,0,0,0,0,0,0
3.54024486051572,0.20475966436262183,1.045,-0.005602506898901799,0.18837234497070313,-0.09403206634521484,2.4324324324324325,0,1,0,-1.1078124280832875,-0.20475966436262183,-0.04499999999999993,0.005602506898901799,-0.35454194863344807,-0.08379662500781722,0.0006167888888896009,0.05882315886476824,0,0,0,0,0,0,0,0
3.541575101904355,0.197284048331531,1.037,-0.0044156830075456534,0.020581537246704102,-0.11202069091796875,2.4324324324324325,0,1,0,-1.1091426694719226,-0.197284048331531,-0.03699999999999992,0.0044156830075456534,-0.3001280902272143,-0.08301620567253054,0.0037367358974359985,0.05019094068679135,0,0,0,0,0,0,0,0
3.5371129844631386,0.18592694711642202,1.029,0.0009250245035569946,-0.06617887115478516,-0.17065040588378907,2.4324324324324325,0,1,0,-1.1046805520307061,-0.18592694711642202,-0.028999999999999915,-0.0009250245035569946,-0.2740979457722271,-0.0489584189899451,0.01850104444444456,-0.017703626328090475,0,0,0,0,0,0,0,0
3.5244484544229415,0.17450243934718668,1.022,0.002251474735072685,-0.19012638854980468,-0.1711918182373047,2.4324324324324325,0,1,0,-1.092016021990509,-0.17450243934718668,-0.02200000000000002,-0.002251474735072685,-0.2278324066855134,-0.04292989796000843,0.019036329032257465,-0.03203352967008245,0,0,0,0,0,0,0,0
3.5032602586437256,0.16118161744138665,1.013,0.002234021442552742,-0.31827200317382814,-0.19909625244140625,2.4324324324324325,0,1,0,-1.0708278262112931,-0.16118161744138665,-0.0129999999999999,-0.002234021442552742,-0.17776564007066273,-0.02777355407353259,0.03663830000000075,-0.03186776708662874,0,0,0,0,0,0,0,0
3.4760361371019934,0.15035970045532587,1.003,-0.0006632251157578452,-0.40872344970703123,-0.1614160614013672,2.4324324324324325,0,1,0,-1.043603704669561,-0.15035970045532587,-0.0029999999999998916,0.0006632251157578452,-0.1678463672310994,-0.04898008347557606,0.039486694871795014,0.014181888035295156,0,0,0,0,0,0,0,0
3.442649673319864,0.14164445419327132,0.996,-0.0036477381366681488,-0.5007101440429688,-0.13106080627441405,2.4324324324324325,0,1,0,-1.0102172408874317,-0.14164445419327132,0.0040000000000000036,0.0036477381366681488,-0.029438073477869753,-0.028947303154491857,0.05236135957446732,0.044188491777777644,0,0,0,0,0,0,0,0
3.4021798538325467,0.13487714058608244,0.988,-0.004153883619746505,-0.6066729736328125,-0.10372337341308593,2.4324324324324325,0,1,0,-0.9697474214001143,-0.13487714058608244,0.01200000000000001,0.004153883619746505,-0.08379445240066208,-0.06115030728255678,0.04262473589743595,0.048186970806715766,0,0,0,0,0,0,0,0
3.3596679057995718,0.13084404073197253,0.98,-0.004328416544945937,-0.6374224243164063,-0.06314481353759765,2.4324324324324325,0,1,0,-0.9272354733671393,-0.13084404073197253,0.020000000000000018,0.004328416544945937,-0.009895878760442789,-0.0675436420331017,0.0584125903225807,0.049527465995954284,0,0,0,0,0,0,0,0
3.314983901967331,0.12838771598219081,0.972,-0.002617993877991494,-0.6700942993164063,-0.039745681762695315,2.4324324324324325,0,1,0,-0.8825514695348984,-0.12838771598219081,0.028000000000000025,0.002617993877991494,0.015143711220323985,-0.07624557283542711,0.06427214444444451,0.03542195230608704,0,0,0,0,0,0,0,0
3.2645055381244537,0.12494787504201693,0.966,-0.0007330382858376184,-0.7570377807617188,-0.05357971572875977,2.4324324324324325,0,1,0,-0.8320731056920212,-0.12494787504201693,0.03400000000000003,0.0007330382858376184,0.07193807971642957,-0.06952812088016268,0.05870946774193554,0.015160418201874594,0,0,0,0,0,0,0,0
3.211780409847147,0.12253299584105239,0.963,0.0008377580409572782,-0.7908501586914063,-0.03680292129516602,2.4324324324324325,0,1,0,-0.7793479774147145,-0.12253299584105239,0.03700000000000003,-0.0008377580409572782,0.10134962535111142,-0.07509510051290133,0.04413826666666672,-0.016571906698420586,0,0,0,0,0,0,0,0
3.1605352055593037,0.12239207558464976,0.96,0.002513274122871834,-0.7686795654296875,-0.001469836950302124,2.4324324324324325,0,1,0,-0.7281027731268712,-0.12239207558464976,0.040000000000000036,-0.002513274122871834,0.1188280545436817,-0.08840394923777256,0.047055083870967795,-0.03447095504051014,0,0,0,0,0,0,0,0
3.1099975875881047,0.12052821755723193,0.96,0.002583087292951608,-0.7581321411132812,-0.026052560806274414,2.4324324324324325,0,1,0,-0.6775651551556723,-0.12052821755723193,0.040000000000000036,-0.002583087292951608,0.07629577444993846,-0.08084419238983238,0.03043160000000004,-0.03510638663605878,0,0,0,0,0,0,0,0
3.058431008648639,0.1124899570563118,0.96,0.0026005405854715507,-0.7738075561523438,-0.11857549285888672,2.4324324324324325,0,1,0,-0.6259985762162064,-0.1124899570563118,0.040000000000000036,-0.0026005405854715507,0.15784490430637607,-0.04124021159358157,0.03068360000000004,-0.03526434596341201,0,0,0,0,0,0,0,0
3.0135331532349308,0.10335634733647844,0.963,0.0002443460952792061,-0.6738218383789063,-0.13525230407714844,2.4324324324324325,0,1,0,-0.5811007208024983,-0.10335634733647844,0.03700000000000003,-0.0002443460952792061,0.13958443344018623,-0.03123927828347787,0.01185003333333336,-0.0072883688791114155,0,0,0,0,0,0,0,0
2.9755658314536726,0.09304373327334625,0.963,-0.0004188790204786391,-0.569547607421875,-0.154550048828125,2.4324324324324325,0,1,0,-0.5431333990212401,-0.09304373327334625,0.03700000000000003,0.0004188790204786391,0.12009979239750773,-0.019185748908272862,0.028746100000000042,0.010439647043116973,0,0,0,0,0,0,0,0
2.9448152523176447,0.08163783456172692,0.961,-0.0002443460952792061,-0.46118698120117185,-0.17128167724609375,2.4324324324324325,0,1,0,-0.5123828198852123,-0.08163783456172692,0.039000000000000035,0.0002443460952792061,0.08875196573917515,-0.008847383667991454,0.041702911111111164,0.0072883688791114155,0,0,0,0,0,0,0,0
2.9209444604561225,0.06928768243069815,0.959,0.002129301687433082,-0.3580166015625,-0.18533976745605468,2.4324324324324325,0,1,0,-0.4885120280236901,-0.06928768243069815,0.041000000000000036,-0.002129301687433082,0.06157650652649144,0.0032506055526904387,0.043736322580645214,-0.030863952485297275,0,0,0,0,0,0,0,0
2.903927580294188,0.05646845220333153,0.961,0.003892084231947355,-0.2556620635986328,-0.1917445068359375,2.4324324324324325,0,1,0,-0.4714951478617557,-0.05646845220333153,0.039000000000000035,-0.003892084231947355,0.006996905977098233,-0.00371042287636536,0.022293340506329154,-0.046140422109795895,0,0,0,0,0,0,0,0
2.8936388578025305,0.043181471765121174,0.977,0.0013439035240356337,-0.15510537719726564,-0.19870252990722656,2.4324324324324325,0,1,0,-0.46120642537009804,-0.043181471765121174,0.02300000000000002,-0.0013439035240356337,-0.008027955901350123,0.020878431883508734,-0.07182588064516132,-0.022709390138075672,0,0,0,0,0,0,0,0
2.888255285981317,0.03013007621722693,0.982,-0.00010471975511965978,-0.0810166015625,-0.1956622314453125,2.4324324324324325,0,1,0,-0.4558228535488844,-0.03013007621722693,0.018000000000000016,0.00010471975511965978,-0.03638061956480282,0.024714915586085795,-0.013167677777777768,0.0041429766746051465,0,0,0,0,0,0,0,0
2.886876205173876,0.017165811180008553,0.984,-0.002251474735072685,-0.020665847778320312,-0.1944661407470703,2.4324324324324325,0,1,0,-0.45444377274144365,-0.017165811180008553,0.016000000000000014,0.002251474735072685,-0.060632229301763735,0.031768234177109625,0.0018189774193548575,0.03203352967008245,0,0,0,0,0,0,0,0
2.8884039904303616,0.0044873708134683925,0.986,-0.00031415926535897925,0.023344898223876955,-0.19012452697753907,2.4324324324324325,0,1,0,-0.4559715579979291,-0.0044873708134683925,0.014000000000000012,0.00031415926535897925,-0.07959328033649841,0.021777523264614414,0.0026441410256410423,0.008617738760127537,0,0,0,0,0,0,0,0
2.8921322645014507,-0.007491305525391008,0.986,0.002129301687433082,0.05598055648803711,-0.17966256713867187,2.4324324324324325,0,1,0,-0.4596998320690182,0.007491305525391008,0.014000000000000012,-0.002129301687433082,-0.1045263030016291,0.060114541934245855,0.011684300000000024,-0.030863952485297275,0,0,0,0,0,0,0,0
2.8969666208279983,-0.018563592982884257,0.988,0.004171336912266447,0.07216153717041016,-0.16623834228515624,2.4324324324324325,0,1,0,-0.4645341883955658,0.018563592982884257,0.01200000000000001,-0.004171336912266447,-0.10449572929401064,0.026275913937277618,0.001203541025641042,-0.04832185396999333,0,0,0,0,0,0,0,0
2.902042416996441,-0.02859735977719456,0.989,0.0027576202181510408,0.07550846862792969,-0.15082278442382813,2.4324324324324325,0,1,0,-0.4696099845640087,0.02859735977719456,0.01100000000000001,-0.0027576202181510408,-0.11649841334124506,0.03753276840289014,0.003891644444444462,-0.03667046180491026,0,0,0,0,0,0,0,0
2.905943768065269,-0.03724505097482144,0.986,0.00015707963267948963,0.058162338256835935,-0.12987625122070312,2.4324324324324325,0,1,0,-0.4735113356328364,0.03724505097482144,0.014000000000000012,-0.00015707963267948963,-0.11520974758782686,0.03516199605997458,0.02886948387096778,-0.005428835233189814,0,0,0,0,0,0,0,0
2.897871240186775,-0.044901612372915,0.979,-0.003455751918948773,-0.12110595703125,-0.11482939910888672,2.4324324324324325,0,1,0,-0.46543880775434276,0.044901612372915,0.02100000000000002,0.003455751918948773,-0.04723461500098493,0.03299199752909503,0.05655518888888895,0.04262408947066444,0,0,0,0,0,0,0,0
2.8884673275758153,-0.05095231392144096,0.98,-0.002722713633111154,-0.14074420166015625,-0.09124744415283204,2.4324324324324325,0,1,0,-0.4560348951433828,0.05095231392144096,0.020000000000000018,0.002722713633111154,-0.04874006421323788,0.021028908011905215,0.012535120512820536,0.03636034987133076,0,0,0,0,0,0,0,0
2.8763540385004385,-0.05355327380910634,0.978,-0.0014311699866353504,-0.18159243774414063,-0.03950896835327149,2.4324324324324325,0,1,0,-0.443921606068006,0.05355327380910634,0.02200000000000002,0.0014311699866353504,0.003238449187140627,0.014799354698345285,0.033619317021276636,0.02368213701942464,0,0,0,0,0,0,0,0
2.8624389981920597,-0.057586416441980495,0.982,0.000645771823237902,-0.20863880920410155,-0.0607957992553711,2.4324324324324325,0,1,0,-0.43000656575962726,0.057586416441980495,0.018000000000000016,-0.000645771823237902,-0.02092414261489997,0.015993684726836353,-0.0022826179487179347,-0.013931978769220513,0,0,0,0,0,0,0,0
2.845692860775879,-0.05836223844151328,0.984,0.00019198621771937622,-0.25119952392578127,-0.011475114822387696,2.4324324324324325,0,1,0,-0.4132604283434467,0.05836223844151328,0.016000000000000014,-0.00019198621771937622,0.01698207470667329,0.003025647033781308,0.002874977419354859,-0.006205928648124103,0,0,0,0,0,0,0,0
2.829582847284897,-0.059367004804681156,0.987,-0.002007128639793479,-0.24165309143066407,-0.015025101661682128,2.4324324324324325,0,1,0,-0.3971504148524647,0.059367004804681156,0.013000000000000012,0.002007128639793479,0.01750046208424827,0.00510443737662423,-0.004819466666666654,0.02967177643939369,0,0,0,0,0,0,0,0
2.812940806096625,-0.06036605708677081,0.985,-0.005934119456780722,-0.24960003662109376,-0.015486794471740723,2.4324324324324325,0,1,0,-0.3805083736641923,0.06036605708677081,0.015000000000000013,0.005934119456780722,0.027909262519756034,0.006036008990535323,0.024830522580645196,0.061122006015909724,0,0,0,0,0,0,0,0
2.796118460684425,-0.06134579915932352,0.989,-0.003298672286269283,-0.2522435302734375,-0.01619325065612793,2.4324324324324325,0,1,0,-0.3636860282519927,0.06134579915932352,0.01100000000000001,0.003298672286269283,0.03353968105209913,0.006715558805836223,-0.011812722222222218,0.04132246216586028,0,0,0,0,0,0,0,0
2.7797563566741275,-0.062432607504452876,0.99,-0.000593411945678072,-0.24537644958496094,-0.01711163330078125,2.4324324324324325,0,1,0,-0.347323924241695,0.062432607504452876,0.010000000000000009,0.000593411945678072,0.038476566401893744,0.008338242030670566,0.0040263387096774374,0.013168337008501339,0,0,0,0,0,0,0,0
2.764270023360807,-0.06380986498869962,0.991,0.003525565089028546,-0.23228269958496095,-0.02079670524597168,2.4324324324324325,0,1,0,-0.3318375909283744,0.06380986498869962,0.009000000000000008,-0.003525565089028546,0.020754640837304897,0.009569380851658399,0.004454520512820532,-0.043196235566461176,0,0,0,0,0,0,0,0
2.75002093910649,-0.06540728114381554,0.993,0.0026529004630313807,-0.21381941223144532,-0.02320755386352539,2.4324324324324325,0,1,0,-0.3175885066740576,0.06540728114381554,0.007000000000000006,-0.0026529004630313807,0.03554999738790912,0.013474687463634468,-0.0037253111111110997,-0.03573611852584123,0,0,0,0,0,0,0,0
2.7370426243116053,-0.06710646907589186,0.994,0.0015184364492350666,-0.1947416534423828,-0.024971277236938476,2.4324324324324325,0,1,0,-0.3046101918791728,0.06710646907589186,0.006000000000000005,-0.0015184364492350666,0.034253672698755955,0.015457997281995225,0.0009778387096774357,-0.024635298166458465,0,0,0,0,0,0,0,0
2.7256344238453067,-0.06876358039085595,0.994,-0.003560471674068432,-0.17116055297851562,-0.0245968017578125,2.4324324324324325,0,1,0,-0.2932019914128743,0.06876358039085595,0.006000000000000005,0.003560471674068432,0.028224811571736147,0.016333747528821822,0.0066608000000000205,0.04348089079099812,0,0,0,0,0,0,0,0
2.7156801183438692,-0.07001653940544209,0.993,-0.0028623399732707008,-0.14924671936035155,-0.01932589530944824,2.4324324324324325,0,1,0,-0.2832476859114368,0.07001653940544209,0.007000000000000006,0.0028623399732707008,0.012280496348077638,0.013922434059982176,0.012002579487179511,0.03759304921748971,0,0,0,0,0,0,0,0
2.7068273481458562,-0.0711131259606529,0.993,-0.001239183768915974,-0.13274392700195312,-0.016828824996948242,2.4324324324324325,0,1,0,-0.2743949157134238,0.0711131259606529,0.007000000000000006,0.001239183768915974,0.03667535434135111,0.017348777133070578,0.007548300000000021,0.021513804629489108,0,0,0,0,0,0,0,0
2.6992041540619303,-0.07156992587171312,0.994,0.002408554367752175,-0.1143393325805664,-0.006993691444396973,2.4324324324324325,0,1,0,-0.2667717216294978,0.07156992587171312,0.006000000000000005,-0.002408554367752175,0.006687887621496358,0.012019095609059435,0.0023079205128205297,-0.03350665280444724,0,0,0,0,0,0,0,0
2.6927118192690345,-0.07145936185820292,0.995,0.002722713633111154,-0.09738074493408203,0.0018930122852325439,2.4324324324324325,0,1,0,-0.260279386836602,0.07145936185820292,0.0050000000000000044,-0.002722713633111154,0.010156181387891844,0.009750019871855057,0.000471044444444459,-0.03636034987133076,0,0,0,0,0,0,0,0
2.686954087200476,-0.07113788138853233,1,0.0020943951023931952,-0.08635253143310546,0.005057338714599609,2.4324324324324325,0,1,0,-0.25452165476804334,0.07113788138853233,0,-0.0020943951023931952,0.007350434750815177,0.008865690199987557,-0.02575117777777778,-0.03052571313475552,0,0,0,0,0,0,0,0
2.6820047659910706,-0.07046515851782797,1.003,-0.002478367537831948,-0.07421852111816406,0.010246308326721191,2.4324324324324325,0,1,0,-0.24957233355863817,0.07046515851782797,-0.0029999999999998916,0.002478367537831948,0.004230063011279286,0.006954586247912072,-0.017327483870967025,0.03415103610068933,0,0,0,0,0,0,0,0
2.677569305139534,-0.06944868969541684,1.003,-0.0042935099599060505,-0.06656949615478516,0.0150820951461792,2.4324324324324325,0,1,0,-0.24513687270710172,0.06944868969541684,-0.0029999999999998916,0.0042935099599060505,-0.003501281725572434,0.006224602675864953,-0.00041539999999989615,0.049260830109403825,0,0,0,0,0,0,0,0
2.674015754300065,-0.06848306766130255,1.004,-0.0028623399732707008,-0.053364959716796875,0.01425533962249756,2.4324324324324325,0,1,0,-0.24158332186763243,0.06848306766130255,-0.0040000000000000036,0.0028623399732707008,-0.0034072410746432136,0.005369746178164211,-0.006796155555556163,0.03759304921748971,0,0,0,0,0,0,0,0
2.6708700079909238,-0.06787233775042952,1.006,0.001710422666954443,-0.047212223052978515,0.009025848388671875,2.4324324324324325,0,1,0,-0.23843757555849132,0.06787233775042952,-0.006000000000000005,-0.001710422666954443,-0.005296384703159504,0.0074020877212682655,-0.014168122580645157,-0.026670369856086125,0,0,0,0,0,0,0,0
2.6678343690116018,-0.06738142501510563,1.006,0.0027052603405912107,-0.04552192306518555,0.007441563606262207,2.4324324324324325,0,1,0,-0.2354019365791693,0.06738142501510563,-0.006000000000000005,-0.0027052603405912107,-0.00615518171125232,0.00830151020888254,-0.0029155999999999874,-0.03620479727522622,0,0,0,0,0,0,0,0
2.6649829688566125,-0.0670985949572415,1.006,0.001256637061435917,-0.04275936889648437,0.004358141899108887,2.4324324324324325,0,1,0,-0.23255053642418,0.0670985949572415,-0.006000000000000005,-0.001256637061435917,-0.00693934217765561,0.009706778148312665,-0.002952799999999987,-0.021715340932759255,0,0,0,0,0,0,0,0
2.6622019899927722,-0.06687006888814453,1.006,-0.0036651914291880917,-0.04171034240722656,0.0034803085327148437,2.4324324324324325,0,1,0,-0.2297695575603398,0.06687006888814453,-0.006000000000000005,0.0036651914291880917,-0.0076431321596410196,0.010340828569392812,-0.0029905999999999874,0.044329331741006506,0,0,0,0,0,0,0,0
2.6595816220790267,-0.0665712008388904,1.005,-0.0038571776469074684,-0.03932168579101562,0.004338928699493408,2.4324324324324325,0,1,0,-0.22714918964659425,0.0665712008388904,-0.004999999999999893,0.0038571776469074684,-0.008398756242387556,0.01018656692016414,0.0034235612903233143,0.04586413112197943,0,0,0,0,0,0,0,0
2.6568076867888455,-0.06616520434891868,1.006,-0.0017278759594743865,-0.04163220977783203,0.005929409027099609,2.4324324324324325,0,1,0,-0.22437525435641303,0.06616520434891868,-0.006000000000000005,0.0017278759594743865,-0.011107169561492174,0.010365036489995533,-0.007555579487179976,0.026851493778346277,0,0,0,0,0,0,0,0
2.65378213175193,-0.06596396664727384,1.008,0.0005585053606381855,-0.04538847351074219,0.0029401443004608155,2.4324324324324325,0,1,0,-0.22134969931949744,0.06596396664727384,-0.008000000000000007,-0.0005585053606381855,-0.006627401587636122,0.011383782519358744,-0.01582991111111111,-0.012646731749298005,0,0,0,0,0,0,0,0
2.6506036216639437,-0.06572341726569363,1.007,0.002251474735072685,-0.04767562866210937,0.003634868383407593,2.4324324324324325,0,1,0,-0.21817118923151124,0.06572341726569363,-0.006999999999999895,-0.002251474735072685,-0.005256244901254415,0.011431040189668434,0.0016829612903233133,-0.03203352967008245,0,0,0,0,0,0,0,0
2.6478109299344377,-0.06597825553525472,1.005,-0.0015707963267948967,-0.04189887619018555,-0.0037282493114471436,2.4324324324324325,0,1,0,-0.21537849750200522,0.06597825553525472,-0.004999999999999893,0.0015707963267948967,-0.00764503162755229,0.01474783055585704,0.008717411111111224,0.02519842099789747,0,0,0,0,0,0,0,0
2.6449316205427227,-0.06650916886932622,1.005,-0.0023212879051524586,-0.04317707824707031,-0.008031532287597657,2.4324324324324325,0,1,0,-0.21249918811029023,0.06650916886932622,-0.004999999999999893,0.0023212879051524586,-0.006783660029818117,0.017006967307670876,-0.002424699999999895,0.03269234564391713,0,0,0,0,0,0,0,0
2.642345205401764,-0.06709636821624856,1.003,-0.0026878070480712674,-0.03877567672729492,-0.00889802360534668,2.4324324324324325,0,1,0,-0.20991277296933175,0.06709636821624856,-0.0029999999999998916,0.0026878070480712674,-0.01194412802935734,0.01743505298198365,0.008012359493671,0.03604890979473757,0,0,0,0,0,0,0,0
2.639304492994616,-0.0677916655127617,1.001,-0.0008203047484373349,-0.04558248901367187,-0.010552014350891113,2.4324324324324325,0,1,0,-0.20687206056218344,0.0677916655127617,-0.0009999999999998899,0.0008203047484373349,0.0003016707100004616,0.020783332714586884,0.015964391304347948,0.016340934651232826,0,0,0,0,0,0,0,0
2.6360984755835903,-0.06846881157623995,0.998,-0.0009250245035569946,-0.048081912994384766,-0.010196636199951172,2.4324324324324325,0,1,0,-0.20366604315115788,0.06846881157623995,0.0020000000000000018,0.0009250245035569946,-0.008636262991352157,0.019372518046113972,0.016453939240505873,0.017703626328090475,0,0,0,0,0,0,0,0
2.632628918913231,-0.0690186963608167,0.996,-0.0013788101090755204,-0.05203569793701172,-0.008296409606933593,2.4324324324324325,0,1,0,-0.20019648648079835,0.0690186963608167,0.0040000000000000036,0.0013788101090755204,-0.0027603704680686306,0.020179550450586056,0.016077922580645193,0.02310094336868619,0,0,0,0,0,0,0,0
2.6287140829496893,-0.06948363348716262,0.998,-0.0014660765716752368,-0.05871286773681641,-0.007055017471313476,2.4324324324324325,0,1,0,-0.19628165051725688,0.06948363348716262,0.0020000000000000018,0.0014660765716752368,0.0004937747097480266,0.02036327430943117,-0.008090322580645147,0.02406566380193357,0,0,0,0,0,0,0,0
2.624319455216741,-0.0695555895059368,0.998,-0.000017453292519943296,-0.06591776275634766,-0.0011759819984436036,2.4324324324324325,0,1,0,-0.19188702278430858,0.0695555895059368,0.0020000000000000018,0.000017453292519943296,0.003796918409713433,0.01861256312448039,0.003212600000000023,0.0012547147051747052,0,0,0,0,0,0,0,0
2.6195774345266734,-0.06929438583455716,1,0.0005235987755982988,-0.07113037872314452,0.003916813611984253,2.4324324324324325,0,1,0,-0.1871450020942409,0.06929438583455716,0,-0.0005235987755982988,0.001571897190285193,0.01745063408225293,-0.007361758974358961,-0.0121141372855476,0,0,0,0,0,0,0,0
2.6146885535599784,-0.06880890357507638,0.998,0.0004886921905584122,-0.07332939147949219,0.007320630073547363,2.4324324324324325,0,1,0,-0.18225612112754597,0.06880890357507638,0.0020000000000000018,-0.0004886921905584122,0.008750275957248525,0.016116333137444077,0.014336311111111144,-0.011569564425833746,0,0,0,0,0,0,0,0
2.60956671794938,-0.06829854678914711,0.999,-0.00027925268031909274,-0.07682378387451172,0.007692895889282227,2.4324324324324325,0,1,0,-0.17713428551694754,0.06829854678914711,0.0010000000000000009,0.00027925268031909274,0.011966099501716773,0.0161006830261729,-0.0032137612903225623,0.007966941771657184,0,0,0,0,0,0,0,0
2.6042980761507883,-0.06756610185308046,1.001,-0.0038222710618675813,-0.0790326919555664,0.010964604377746582,2.4324324324324325,0,1,0,-0.1718656437183559,0.06756610185308046,-0.0009999999999998899,0.0038222710618675813,0.013874310935639105,0.014972034838291712,-0.010286011111110393,0.04558700540550849,0,0,0,0,0,0,0,0
2.5988441392146235,-0.06653335008436312,1,-0.0044156830075456534,-0.08186766815185546,0.015178467750549316,2.4324324324324325,0,1,0,-0.16641170678219108,0.06653335008436312,0,0.0044156830075456534,0.017087648279171926,0.01310725395088443,0.00727026129032198,0.05019094068679135,0,0,0,0,0,0,0,0
2.593209941575611,-0.06524386958061014,1,-0.003926990816987242,-0.08459754943847657,0.01896883773803711,2.4324324324324325,0,1,0,-0.16077750914317868,0.06524386958061014,0,0.003926990816987242,0.019404593113691374,0.011539819808235636,0.001625100000000022,0.046415888336127795,0,0,0,0,0,0,0,0
2.5874510403426436,-0.06384209443170871,1.004,0.00015707963267948963,-0.08646542358398437,0.020687238693237305,2.4324324324324325,0,1,0,-0.15501860791021116,0.06384209443170871,-0.0040000000000000036,-0.00015707963267948963,0.015615024075226625,0.012210664452969242,-0.019554817948717947,-0.005428835233189814,0,0,0,0,0,0,0,0
2.582027143213696,-0.06261315183447586,1.004,0.0018325957145940458,-0.08135556030273437,0.018446918487548827,2.4324324324324325,0,1,0,-0.14959471078126363,0.06261315183447586,-0.0040000000000000036,-0.0018325957145940458,0.022177036066618427,0.011336832211587596,-0.0016308999999999811,-0.027925729094133524,0,0,0,0,0,0,0,0
2.5766684920519527,-0.06115793552313691,1.004,0.004084070449666731,-0.08033963012695312,0.02197551155090332,2.4324324324324325,0,1,0,-0.14423605961952024,0.06115793552313691,-0.0040000000000000036,-0.004084070449666731,0.023099184588768477,0.00984756316464718,-0.0016560999999999813,-0.04764553700785732,0,0,0,0,0,0,0,0
2.5718506733949975,-0.059470687002358164,1.004,0.00038397243543875244,-0.07216331481933594,0.025603660583496092,2.4324324324324325,0,1,0,-0.13941824096256505,0.059470687002358164,-0.0040000000000000036,-0.00038397243543875244,0.02207077997740779,0.007932402190012323,-0.0016808999999999813,-0.009851297664471789,0,0,0,0,0,0,0,0
2.567266300949279,-0.05794295840807519,1.005,-0.003787364476827695,-0.06875678253173828,0.022942331314086913,2.4324324324324325,0,1,0,-0.13483386851684642,0.05794295840807519,-0.004999999999999893,0.003787364476827695,0.021784885252121595,0.00857098748814607,-0.008067955555554835,0.04530903478049102,0,0,0,0,0,0,0,0
2.563004449259689,-0.056363944048575275,1.004,-0.005794493116621174,-0.06401702117919922,0.023442928314208984,2.4324324324324325,0,1,0,-0.1305720168272564,0.056363944048575275,-0.0040000000000000036,0.005794493116621174,0.02169636896620922,0.00770452710173474,0.003907961290321978,0.060159429675267356,0,0,0,0,0,0,0,0
2.5629233092024486,-0.061790480981838536,1.009,-0.003961897402027128,-0.0007454226016998291,-0.08140373992919922,2.4324324324324325,0,1,0,-0.13049087677001614,0.061790480981838536,-0.008999999999999897,0.003961897402027128,-0.0029756400267093243,0.044163397272497906,-0.028243297435896854,0.04669053956171678,0,0,0,0,0,0,0,0
2.5606219052038766,-0.06456956517794912,1.007,-0.0005061454830783556,-0.03435563278198242,-0.04182270431518555,2.4324324324324325,0,1,0,-0.1281894727714441,0.06456956517794912,-0.006999999999999895,0.0005061454830783556,0.009788956063524245,0.03704923906287231,0.006859611111111228,0.011843416064989868,0,0,0,0,0,0,0,0
2.555330232539237,-0.06655370271930829,1.007,0.0021467549799530253,-0.07936001586914063,-0.029802234649658203,2.4324324324324325,0,1,0,-0.1228978001068044,0.06655370271930829,-0.006999999999999895,-0.0021467549799530253,0.028759593952819438,0.034215360588509346,-0.004294899999999892,-0.031032378395066527,0,0,0,0,0,0,0,0
2.5520639186166165,-0.06911260275764877,1.006,0.0037000980142279784,-0.049076995849609374,-0.03827823257446289,2.4324324324324325,0,1,0,-0.11963148618418407,0.06911260275764877,-0.006000000000000005,-0.0037000980142279784,0.01791291532268891,0.03894555488601002,0.0020228555555549623,-0.04461034294046854,0,0,0,0,0,0,0,0
2.5491841774317283,-0.07009363780003823,1.004,0.00047123889803846896,-0.04325027084350586,-0.014555595397949218,2.4324324324324325,0,1,0,-0.11675174499929586,0.07009363780003823,-0.0040000000000000036,-0.00047123889803846896,0.01673934010021411,0.031192642683198123,0.009332822580645191,-0.011292432346572344,0,0,0,0,0,0,0,0
2.5485923745026566,-0.07205328643044107,1.001,-0.0012740903539558604,-0.008890894889831543,-0.02939054298400879,2.4324324324324325,0,1,0,-0.11615994207022418,0.07205328643044107,-0.0009999999999998899,0.0012740903539558604,0.0033346245170271876,0.03797523849273569,0.017102866666667407,0.021915946319232042,0,0,0,0,0,0,0,0
2.5506402588212245,-0.07402881147352403,0.999,-0.0043982297150257105,0.03075599479675293,-0.029593713760375978,2.4324324324324325,0,1,0,-0.11820782638879201,0.07402881147352403,0.0010000000000000009,0.0043982297150257105,-0.011088357244881693,0.03751802435793057,0.01101835897435851,0.0500585979654078,0,0,0,0,0,0,0,0
2.5492906743096584,-0.07203215815574851,1.001,-0.0028274333882308137,-0.020375297546386718,0.0298604736328125,2.4324324324324325,0,1,0,-0.11685824187722593,0.07203215815574851,-0.0009999999999998899,0.0028274333882308137,0.005669760660368444,0.01683033161017674,-0.010852522580644428,0.03728679007144631,0,0,0,0,0,0,0,0
2.5472452959802574,-0.07281298897124641,1.001,-0.0008028514559173916,-0.030647436141967774,-0.011799162864685058,2.4324324324324325,0,1,0,-0.11481286354782494,0.07281298897124641,-0.0009999999999998899,0.0008028514559173916,0.009713719483122519,0.03328884784313338,0.00043150000000011473,0.016108318536551185,0,0,0,0,0,0,0,0
2.5466416954845714,-0.07293207903442951,0.999,0.001308996938995747,-0.009052570343017579,-0.001793619394302368,2.4324324324324325,0,1,0,-0.11420926305213897,0.07293207903442951,0.0010000000000000009,-0.001308996938995747,0.0013516315119916004,0.030134905404493352,0.01332802258064457,-0.02231443166940565,0,0,0,0,0,0,0,0
2.5465136413589646,-0.07135387908871503,1,0.002181661564992912,-0.0018898223638534545,0.023675493240356445,2.4324324324324325,0,1,0,-0.11408120892653217,0.07135387908871503,0,-0.002181661564992912,-0.0019990633855815243,0.020355274778960146,-0.004317855555555534,-0.03136786762936763,0,0,0,0,0,0,0,0
2.5482077403856715,-0.07068023766467839,1,0.00020943951023931956,0.025433469772338867,0.010049158096313477,2.4324324324324325,0,1,0,-0.11577530795323909,0.07068023766467839,0,-0.00020943951023931956,-0.013698570407449887,0.025489064684661743,0.0012377000000000265,-0.006576565531547922,0,0,0,0,0,0,0,0
2.548263063601592,-0.06834615035319774,1,-0.0023911010752322315,0.0008371809720993042,0.03501113510131836,2.4324324324324325,0,1,0,-0.11583063116915948,0.06834615035319774,0,0.0023911010752322315,-0.00546629487868941,0.018124104652073612,0.0012377000000000265,0.0333445887916046,0,0,0,0,0,0,0,0
2.546248759509667,-0.06713083001604435,1.002,-0.004485496177625427,-0.030258064270019532,0.018157506942749025,2.4324324324324325,0,1,0,-0.11381632707723455,0.06713083001604435,-0.0020000000000000018,0.004485496177625427,0.006262637794801101,0.021661057767107673,-0.011486011111111095,0.05071857816866963,0,0,0,0,0,0,0,0
2.5430663821151636,-0.06656880499026767,1,-0.0002617993877991494,-0.04777299499511719,0.00821617317199707,2.4324324324324325,0,1,0,-0.1106339496827311,0.06656880499026767,0,0.0002617993877991494,0.013942351394196504,0.02537182957630412,0.012515422580645197,0.0076314282836888805,0,0,0,0,0,0,0,0
2.536746426992258,-0.067205934224525,1,0.003193952531149623,-0.09479682159423829,-0.009581756591796876,2.4324324324324325,0,1,0,-0.10431399455982548,0.067205934224525,0,-0.003193952531149623,0.03359097890519404,0.03282612035573956,0.0012251000000000267,-0.040443218933557554,0,0,0,0,0,0,0,0
2.52973509702845,-0.06723407260852843,1.001,0.004485496177625427,-0.10517076110839843,-0.00008616635203361511,2.4324324324324325,0,1,0,-0.09730266459601733,0.06723407260852843,-0.0009999999999998899,-0.004485496177625427,0.04096259407805132,0.029876279657077304,-0.005226261290321843,-0.05071857816866963,1430808906560,0,0,0,0,0,0,0
2.5233775579917066,-0.07045575187832047,1,0.0031764992386296795,-0.09557888793945313,-0.04789695358276367,2.4324324324324325,0,1,0,-0.09094512555927414,0.07045575187832047,0,-0.0031764992386296795,0.0393079821152708,0.04967036297816972,0.00677445555555497,-0.040295750291632106,1430808906560,0,0,0,0,0,0,0
2.515660109766324,-0.07093674891736113,0.999,-0.0007155849933176752,-0.1157840576171875,-0.006847202777862549,2.4324324324324325,0,1,0,-0.08322767733389158,0.07093674891736113,0.0010000000000000009,0.0007155849933176752,0.041827444399824165,0.034724270020711434,0.006513879487179519,0.014918811468633868,1430808906560,0,0,0,0,0,0,0
2.5080492804338927,-0.07346820802361417,1,-0.0028274333882308137,-0.11413523864746093,-0.03805356979370117,2.4324324324324325,0,1,0,-0.07561684800146029,0.07346820802361417,0,0.0028274333882308137,0.05349881837281716,0.04857767737126136,-0.004418461290322557,0.03728679007144631,1430808906560,0,0,0,0,0,0,0
2.5039114707833363,-0.077037095941947,0.999,-0.0007853981633974483,-0.06191553497314453,-0.05370859527587891,2.4324324324324325,0,1,-0.0028274333882308137,-0.07147903835090386,0.077037095941947,0.0010000000000000009,-0.0020420352248333652,-0.03573951917545193,0.0385185479709735,0.0008000000000000008,-0.030014807504872308,1430808906560,0,0,0,0,0,0,0
2.4997885192991496,-0.07582442913113441,0.999,-0.0027576202181510408,-0.061858539581298826,0.01814142417907715,2.4324324324324325,0,1,-0.0028274333882308137,-0.06735608686671712,0.07582442913113441,0.0010000000000000009,-0.00006981317007977291,-0.010820925051523243,0.031536626287722025,0.0008062000000000008,-0.003161682937324493,1430808906888,0,0,0,0,0,0,0
2.5003565089457984,-0.07408256826861023,0.999,-0.0032463124087094525,0.008447761535644532,0.02615130805969238,2.4324324324324325,0,1,-0.0028274333882308137,-0.06792407651336596,0.07408256826861023,0.0010000000000000009,0.0004188790204786388,-0.03796306571422881,0.028301110983209424,0.0008125000000000008,0.010439647043116966,1430808906951,0,0,0,0,0,0,0
2.497669446131005,-0.07510225065122504,1,-0.003316125578789226,-0.04025607681274414,-0.015426000595092774,2.4324324324324325,0,1,-0.0028274333882308137,-0.06523701369857271,0.07510225065122504,0,0.0004886921905584121,-0.01869960276808926,0.04470986243511641,-0.005632661290322584,0.011569564425833744,1430808907013,0,0,0,0,0,0,0
2.49478708636404,-0.07577968883541975,1.003,-0.002530727415391778,-0.04320146179199219,-0.010304890632629394,2.4324324324324325,0,1,-0.0028274333882308137,-0.06235465393160755,0.07577968883541975,-0.0029999999999998916,-0.00029670597283903586,-0.01998002655101181,0.04292317830931961,-0.015872438461537887,-0.008295532494560257,1430808907091,0,0,0,0,0,0,0
2.491368256458088,-0.07583738565025795,1.004,0.0002443460952792061,-0.051280094146728517,-0.0009952312111854553,2.4324324324324325,0,1,-0.0028274333882308137,-0.05893582402565567,0.07583738565025795,-0.0040000000000000036,-0.00307177948351002,-0.012582073432884554,0.040710553382597006,-0.00879165555555618,-0.039405190657887154,1430808907154,0,0,0,0,0,0,0
2.483845990199389,-0.07668915962514115,1.006,0.0018500490071139892,-0.11283711242675781,-0.012749038696289062,2.4324324324324325,0,1,-0.0028274333882308137,-0.05141355776695633,0.07668915962514115,-0.006000000000000005,-0.004677482395344803,0.014331202459908703,0.04609977677061708,-0.016163622580645173,-0.052155668617465546,1430808907216,0,0,0,0,0,0,0
2.479246736391023,-0.07719407423144989,1.005,-0.0006108652381980154,-0.06900270080566406,-0.0074460735321044925,2.4324324324324325,0,1,-0.0028274333882308137,-0.04681430395859065,0.07719407423144989,-0.004999999999999893,-0.002216568150032798,-0.0005770970034807664,0.04483523641647436,0.001450755555556263,-0.03170157226208106,1430808907279,0,0,0,0,0,0,0
2.4732450680442972,-0.07859364772316152,1.006,-0.0016231562043547262,-0.0900121841430664,-0.02104859161376953,2.4324324324324325,0,1,-0.0028274333882308137,-0.04081263561186477,0.07859364772316152,-0.006000000000000005,-0.0012042771838760874,0.003484551659916471,0.0496231099312198,-0.009438779487179992,-0.021107868589921083,1430808907357,0,0,0,0,0,0,0
2.467078143526734,-0.07903704196633422,1.005,-0.0032463124087094525,-0.09249295043945313,-0.006801053047180176,2.4324324324324325,0,1,-0.0028274333882308137,-0.03464571109430148,0.07903704196633422,-0.004999999999999893,0.0004188790204786388,0.02539852196412635,0.04723801571086585,0.0032717085106392166,0.010439647043116966,1430808907404,0,0,0,0,0,0,0
2.4608425431576166,-0.07850066490871303,1.004,-0.004276056667386107,-0.09355963134765626,0.0077419734001159665,2.4324324324324325,0,1,-0.0028274333882308137,-0.02841011072518418,0.07850066490871303,-0.0040000000000000036,0.001448623279155293,0.010351075369726275,0.04187344021436519,0.001080879487178991,0.023874285488081577,1430808907482,0,0,0,0,0,0,0
2.453231435773922,-0.07719713880908508,1.003,-0.0028274333882308137,-0.11424917602539063,0.019064531326293946,2.4324324324324325,0,1,-0.0028274333882308137,-0.02079900334148954,0.07719713880908508,-0.0029999999999998916,0,0.028329267183384868,0.036873027604800185,0.002930355555556266,0,1430808907545,0,0,0,0,0,0,0
2.4440281452287818,-0.07644756386871358,1.003,-0.00047123889803846896,-0.13808059692382812,0.010853254318237304,2.4324324324324325,0,1,-0.0028274333882308137,-0.0115957127963493,0.07644756386871358,-0.0029999999999998916,-0.002356194490192345,0.04252914865622047,0.03998255525761923,-0.00264379999999991,-0.03301927248894627,1430808907607,0,0,0,0,0,0,0
2.436734880327762,-0.07286595633330804,1.003,0.0013439035240356337,-0.10942427825927735,0.05367255401611328,2.4324324324324325,0,1,-0.0028274333882308137,-0.004302447895329742,0.07286595633330804,-0.0029999999999998916,-0.004171336912266448,0.03471275449496972,0.02298445881125541,-0.0026626999999999094,-0.048321853969993334,1430808907670,0,0,0,0,0,0,0
2.4273909101419258,-0.06790258913689866,1.002,-0.001256637061435917,-0.1400593719482422,0.07463880157470704,2.4324324324324325,0,1,-0.0028274333882308137,0.005041522290506695,0.06790258913689866,-0.0020000000000000018,-0.0015707963267948967,0.04083399646945831,0.018658715578392663,0.0026088794871789948,-0.02519842099789747,1430808907748,0,0,0,0,0,0,0
2.4202182600232294,-0.0653813120220052,0.999,-0.004537856055185257,-0.10763719177246094,0.03768392562866211,2.4324324324324325,0,1,-0.0028274333882308137,0.012214172409203083,0.0653813120220052,0.0010000000000000009,0.0017104226669544436,0.05596300874016687,0.021201420781650934,0.022866825531914912,0.026670369856086132,1430808907795,0,0,0,0,0,0,0
2.413928576647131,-0.06319803935508884,0.997,-0.003193952531149623,-0.09449288940429687,0.032320629119873046,2.4324324324324325,0,1,-0.0028274333882308137,0.01850385578530167,0.06319803935508884,0.0030000000000000027,0.0003665191429188092,0.03406176678168585,0.0295814607061219,0.011124158974358988,0.009550465008875592,1430808907873,0,0,0,0,0,0,0
2.408796414820762,-0.06263546079174619,0.997,0.00022689280275926284,-0.07700898742675781,0.008192757606506347,2.4324324324324325,0,1,-0.0028274333882308137,0.023636017611670557,0.06263546079174619,0.0030000000000000027,-0.0030543261909900766,0.03752333405586812,0.03630940087871885,0.0021684000000000065,-0.03925578686726607,1430808907935,0,0,0,0,0,0,0
2.40483657819999,-0.06275004999497427,0.997,0.0017453292519943296,-0.059397937774658204,-0.0017053611278533935,2.4324324324324325,0,1,-0.0028274333882308137,0.027595854232442374,0.06275004999497427,0.0030000000000000027,-0.004572762640225143,0.03270431730765075,0.04057447420844897,0.0021873000000000066,-0.05137429187986905,1430808907998,0,0,0,0,0,0,0
2.4030139895119875,-0.05932797123112392,1.002,0.0028274333882308137,-0.02724919891357422,0.05137881851196289,2.4324324324324325,0,1,-0.0028274333882308137,0.02941844292044493,0.05932797123112392,-0.0020000000000000018,-0.005654866776461627,0.022087720769829434,0.019276474993433334,-0.03005090645161292,-0.059189089783931295,1430808908060,0,0,0,0,0,0,0
2.401697174461883,-0.0575648001019518,1.001,-0.00027925268031909274,-0.0196773681640625,0.02650330924987793,2.4324324324324325,0,1,-0.0028274333882308137,0.030735257970549323,0.0575648001019518,-0.0009999999999998899,-0.002548180707911721,0.018605841678597718,0.03025041611655724,0.003454279487180082,-0.03478939624202754,1430808908138,0,0,0,0,0,0,0
2.4012829339112365,-0.056188230207897705,1.002,-0.005026548245743668,-0.006219374179840088,0.020646812438964844,2.4324324324324325,0,1,-0.0028274333882308137,0.031149498521195973,0.056188230207897705,-0.0020000000000000018,0.0021991148575128544,0.01613534917373997,0.027486828772185036,-0.009289108510639127,0.03153494065242097,1430808908185,0,0,0,0,0,0,0
2.4042122691995687,-0.054920261875941165,1.004,-0.0038397243543875246,0.0438438720703125,0.019240150451660155,2.4324324324324325,0,1,-0.0028274333882308137,0.028220163232863804,0.054920261875941165,-0.0040000000000000036,0.001012290966156711,-0.0013384244720918564,0.03184267356182102,-0.012447858974358982,0.018800251120461988,1430808908263,0,0,0,0,0,0,0
2.4038644129184554,-0.05403227523400722,1.005,-0.0015358897417550098,-0.005268949985504151,0.01329966640472412,2.4324324324324325,0,1,-0.0028274333882308137,0.028568019513977028,0.05403227523400722,-0.004999999999999893,-0.001291543646475804,0.014092470303351392,0.03249542594252163,-0.009860555555554852,-0.02211563775425926,1430808908326,0,0,0,0,0,0,0
2.4057646224859024,-0.05185377688945426,1.005,0.0012217304763960308,0.02845292091369629,0.032721214294433594,2.4324324324324325,0,1,-0.0028274333882308137,0.026667809946530063,0.05185377688945426,-0.004999999999999893,-0.004049163864626845,0.0008211180080677834,0.02456334610565416,-0.004336499999999909,-0.04737366425995947,1430808908389,0,0,0,0,0,0,0
2.409330564216529,-0.048884602279362935,1.01,0.001064650843716541,0.05354349899291992,0.04447223663330078,2.4324324324324325,0,1,-0.0028274333882308137,0.023101868215903654,0.048884602279362935,-0.010000000000000009,-0.0038920842319473546,-0.010392217676435138,0.01872314234249417,-0.036624306451613554,-0.04614042210979589,1430808908451,0,0,0,0,0,0,0
2.4144446189265034,-0.047191484595324414,1.009,-0.0011344640137963143,0.0767378158569336,0.025315080642700195,2.4324324324324325,0,1,-0.0028274333882308137,0.01798781350592904,0.047191484595324414,-0.008999999999999897,-0.0016929693744344994,-0.015626305255709808,0.027408823712216125,-0.003181520512819922,-0.026488628804623864,1430808908529,0,0,0,0,0,0,0
2.418363004156556,-0.044843131668509534,1.009,-0.0032114058236695662,0.05873577880859375,0.03529195022583008,2.4324324324324325,0,1,-0.0028274333882308137,0.01406942827587665,0.044843131668509534,-0.008999999999999897,0.00038397243543875255,-0.01631798591531064,0.02106807677054723,-0.007725399999999911,0.00985129766447179,1430808908592,0,0,0,0,0,0,0
2.4226274854130563,-0.04225595853749973,1.006,-0.00301941960595019,0.06384226226806641,0.03901282119750977,2.4324324324324325,0,1,-0.0028274333882308137,0.009804947019376176,0.04225595853749973,-0.006000000000000005,0.00019198621771937627,-0.020694313550919028,0.018477872686407153,0.011572883870967133,0.006205928648124104,1430808908654,0,0,0,0,0,0,0
2.428626931077903,-0.041033441509498766,1.006,-0.0034732052114687163,0.08993590545654297,0.01860939407348633,2.4324324324324325,0,1,-0.0028274333882308137,0.0038055013545292837,0.041033441509498766,-0.006000000000000005,0.0006457718232379026,-0.03292663090590011,0.025938373197783735,-0.005400399999999997,0.013931978769220522,1430808908717,0,0,0,0,0,0,0
2.4343289207059207,-0.039627564638999434,1.002,-0.003560471674068432,0.08545608520507812,0.021385087966918945,2.4324324324324325,0,1,-0.0028274333882308137,-0.001896488273488206,0.039627564638999434,-0.0020000000000000018,0.0007330382858376184,-0.034647781379515824,0.02433648524166519,0.020367845161290345,0.015160418201874594,1430808908779,0,0,0,0,0,0,0
2.4387778009104153,-0.03836817141340023,0.999,-0.00031415926535897925,0.06666551971435547,0.019128379821777345,2.4324324324324325,0,1,-0.0028274333882308137,-0.006345368477982838,0.03836817141340023,0.0010000000000000009,-0.0025132741228718345,-0.029439547313350533,0.024888280765966,0.01686016666666669,-0.03447095504051015,1430808908842,0,0,0,0,0,0,0
2.4437809273060433,-0.03676655415309319,1.001,0.0015707963267948967,0.07503934478759766,0.024047834396362305,2.4324324324324325,0,1,-0.0028274333882308137,-0.011348494873610893,0.03676655415309319,-0.0009999999999998899,-0.0043982297150257105,-0.03553892550249029,0.022270666042870552,-0.012703022580644447,-0.0500585979654078,1430808908904,0,0,0,0,0,0,0
2.4476524450719044,-0.034453074763448964,0.998,0.0009948376736367678,0.05812720489501953,0.03461092758178711,2.4324324324324325,0,1,-0.0028274333882308137,-0.015220012639471925,0.034453074763448964,0.0020000000000000018,-0.0038222710618675817,-0.02672214012804064,0.020043050829777045,0.014464438461537983,-0.045587005405508495,1430808908982,0,0,0,0,0,0,0
2.4495734757782923,-0.032710263129410146,0.995,0.001308996938995747,0.028841453552246092,0.026113494873046875,2.4324324324324325,0,1,-0.0028274333882308137,-0.017141043345859863,0.032710263129410146,0.0050000000000000044,-0.004136430327226561,-0.021090841764357268,0.0200764300759258,0.02010106666666669,-0.048051898598442305,1430808909045,0,0,0,0,0,0,0
2.452602197498389,-0.032182245407197316,0.993,-0.001553343034274953,0.04544115447998047,0.007860790252685547,2.4324324324324325,0,1,-0.0028274333882308137,-0.02016976506595647,0.032182245407197316,0.007000000000000006,-0.0012740903539558606,-0.029155484967996758,0.026713492786075054,0.016368122580645184,-0.021915946319232042,1430808909107,0,0,0,0,0,0,0
2.454554991648671,-0.030526581165296506,0.995,-0.003490658503988659,0.029253299713134766,0.024880434036254884,2.4324324324324325,0,1,-0.0028274333882308137,-0.022122559216238624,0.030526581165296506,0.0050000000000000044,0.0006632251157578455,-0.02402248794320798,0.019860588655279465,-0.007601811111111108,0.014181888035295161,1430808909170,0,0,0,0,0,0,0
2.4549309535068344,-0.030596837644316238,0.993,-0.0027925268031909274,0.005643072128295898,-0.0010341554880142212,2.4324324324324325,0,1,-0.0028274333882308137,-0.022498521074401978,0.030596837644316238,0.007000000000000006,-0.00003490658503988624,-0.015623468640836042,0.02968016112116736,0.016443022580645183,-0.0019917354429142826,1430808909232,0,0,0,0,0,0,0
2.4550798718087847,-0.02871445833091507,0.992,0.0012217304763960308,0.0021549170017242433,0.028241817474365234,2.4324324324324325,0,1,-0.0028274333882308137,-0.022647439376352274,0.02871445833091507,0.008000000000000007,-0.004049163864626845,-0.014420435640382192,0.020119761241506644,0.010502279487179505,-0.04737366425995947,1430808909310,0,0,0,0,0,0,0
2.4525548132297694,-0.02996196457166405,0.991,0.0014835298641951804,-0.037898712158203125,-0.01866630554199219,2.4324324324324325,0,1,-0.0028274333882308137,-0.02012238079733697,0.02996196457166405,0.009000000000000008,-0.004310963252425994,0.006219369325226362,0.03862084952823656,0.014304208510638319,-0.049394238011078485,1430808909357,0,0,0,0,0,0,0
2.4495654576515054,-0.030195702540462038,0.991,0.0008028514559173916,-0.04484548568725586,-0.0034395437240600586,2.4324324324324325,0,1,-0.0028274333882308137,-0.017133025219072895,0.030195702540462038,0.009000000000000008,-0.0036302848441482054,0.002190556832250343,0.0307321291207326,0.0069276000000000155,-0.04404742700918437,1430808909435,0,0,0,0,0,0,0
2.4470819241466413,-0.03141208320855739,0.988,0.0003665191429188092,-0.03726763916015625,-0.018215795516967774,2.4324324324324325,0,1,-0.0028274333882308137,-0.014649491714208818,0.03141208320855739,0.01200000000000001,-0.003193952531149623,0.003723665116566721,0.037247061738336355,0.026069866666666698,-0.040443218933557554,1430808909498,0,0,0,0,0,0,0
2.443746622675302,-0.03322156549158234,0.989,-0.0004363323129985824,-0.05003946685791016,-0.027123895645141602,2.4324324324324325,0,1,-0.0028274333882308137,-0.011314190242869504,0.03322156549158234,0.01100000000000001,-0.002391101075232231,0.010352074269935244,0.041814925547246126,0.003026238709677432,-0.0333445887916046,1430808909560,0,0,0,0,0,0,0
2.44031207556547,-0.03485788379054093,0.996,-0.0012217304763960308,-0.051507492065429684,-0.024567251205444337,2.4324324324324325,0,1,-0.0028274333882308137,-0.007879643133037462,0.03485788379054093,0.0040000000000000036,-0.001605702911834783,0.012272208592397166,0.04172852724138547,-0.035792288888888905,-0.02557036179036019,1430808909623,0,0,0,0,0,0,0
2.436812248599095,-0.0351518725738568,0.994,-0.001780235837034216,-0.05249197769165039,-0.004473966121673584,2.4324324324324325,0,1,-0.0028274333882308137,-0.004379816166662387,0.0351518725738568,0.006000000000000005,-0.0010471975511965976,0.010611494004835905,0.034378229460638704,0.013717758974358996,-0.01922999427076545,1430808909701,0,0,0,0,0,0,0
2.4323398909180862,-0.034471047785611754,0.993,-0.002495820830351891,-0.06710343933105468,0.010092927932739257,2.4324324324324325,0,1,-0.0028274333882308137,0.00009254151434623381,0.034471047785611754,0.007000000000000006,-0.00033161255787892254,0.021990335645843753,0.029153444294914975,0.011143055555555573,-0.008934029631460307,1430808909764,0,0,0,0,0,0,0
2.4295343787117716,-0.03314350149208518,0.992,-0.0022165681500327986,-0.042132251739501955,0.019808101654052734,2.4324324324324325,0,1,-0.0028274333882308137,0.002898053720660876,0.03314350149208518,0.008000000000000007,-0.0006108652381980151,0.014402197027525083,0.024983307844769886,0.0120822612903226,-0.013425290262178388,1430808909826,0,0,0,0,0,0,0
2.4251660561159647,-0.03266565968243507,0.98,-0.002775073510670984,-0.06554056549072265,0.007022369384765625,2.4324324324324325,0,1,-0.0028274333882308137,0.00726637631646776,0.03266565968243507,0.020000000000000018,-0.00005235987755982958,0.025063026455201157,0.02978971682299327,0.08282976666666675,-0.002609911760779233,1430808909889,0,0,0,0,0,0,0
2.4260129124356538,-0.029160559137730975,0.959,-0.002670353755551324,0.012556892395019531,0.05261155700683594,2.4324324324324325,0,1,-0.0028274333882308137,0.0064195199967787,0.029160559137730975,0.041000000000000036,-0.0001570796326794896,-0.004369700060630869,0.011085780823921344,0.15176568709677432,-0.005428835233189813,1430808909951,0,0,0,0,0,0,0
2.4335523100065064,-0.016989429502046908,0.94,-0.002775073510670984,0.11260304260253906,0.1828682861328125,2.4324324324324325,0,1,-0.0028274333882308137,-0.0011198775740739464,0.016989429502046908,0.06000000000000005,-0.00005235987755982958,-0.04525135562069261,-0.04272327953931711,0.1543508555555557,-0.002609911760779233,1430808910014,0,0,0,0,0,0,0
2.4441946928083453,-0.004771083577131598,0.902,-0.003996803987067014,0.15912652587890624,0.18371748352050782,2.4324324324324325,0,1,-0.0028274333882308137,-0.01176226037591288,0.004771083577131598,0.09799999999999998,0.0011693705988362006,-0.05653303239537514,-0.036003762386504705,0.25047252051282015,0.020697990807367405,1430808910092,0,0,0,0,0,0,0
2.4566688001916273,0.010017784886119818,0.867,-0.00450294947014537,0.18622349548339845,0.2225791015625,2.4324324324324325,0,1,-0.0028274333882308137,-0.0242363677591948,-0.010017784886119818,0.133,0.001675516081914556,-0.08558441789542987,-0.07211994345930059,0.3063649451612905,0.026306262126191682,0,0,0,0,0,0,0,0
2.4706784394352934,0.027488701175477886,0.831,-0.003333578871309169,0.20896240234375,0.26300735473632814,2.4324324324324325,0,1,-0.0028274333882308137,-0.03824600700286096,-0.027488701175477886,0.16900000000000004,0.0005061454830783555,-0.10024316836142946,-0.09460367869695513,0.3386490000000002,0.011843416064989867,0,0,0,0,0,0,0,0
2.4844668049316527,0.04351767211445386,0.782,-0.002373647782712288,0.2060228271484375,0.24112269592285157,2.4324324324324325,0,1,-0.0028274333882308137,-0.05203437249922027,-0.04351767211445386,0.21799999999999997,-0.00045378560551852546,-0.1074661822444927,-0.09631345394997622,0.45581350322580605,-0.011011856752296089,0,0,0,0,0,0,0,0
2.4975939468918904,0.057715170278346814,0.736,-0.004101523742186674,0.19640107727050782,0.21342926025390624,2.4324324324324325,0,1,-0.0028274333882308137,-0.06516151445945795,-0.057715170278346814,0.264,0.0012740903539558606,-0.1095312900546039,-0.09216467213566878,0.47321935555555583,0.021915946319232042,0,0,0,0,0,0,0,0
2.509953014273487,0.0694009302429304,0.686,-0.005270894341022875,0.18466551208496093,0.1760452880859375,2.4324324324324325,0,1,-0.0028274333882308137,-0.0775205818410547,-0.0694009302429304,0.31399999999999995,0.002443460952792061,-0.11193212241855136,-0.08449067687121678,0.5374197777777774,0.033829611604534425,0,0,0,0,0,0,0,0
2.5209554969641976,0.07805760251641464,0.64,-0.007539822368615503,0.16435052490234375,0.1307181701660156,2.4324324324324325,0,1,-0.0028274333882308137,-0.08852306453176517,-0.07805760251641464,0.36,0.00471238898038469,-0.09883247285174245,-0.06335101586826981,0.5056602564102566,0.05241482788417794,0,0,0,0,0,0,0,0
2.5301162235910284,0.08326636855635151,0.596,-0.008831366015091307,0.13681790161132812,0.07916531372070312,2.4324324324324325,0,1,-0.0028274333882308137,-0.09768379115859593,-0.08326636855635151,0.404,0.006003932626860493,-0.1063621403775501,-0.05703193253947224,0.5853418967741938,0.061600459202808044,0,0,0,0,0,0,0,0
2.537009629258479,0.08506551589884202,0.545,-0.009599310885968814,0.10315872192382812,0.02789931869506836,2.4324324324324325,0,1,-0.0028274333882308137,-0.10457719682604649,-0.08506551589884202,0.45499999999999996,0.006771877497738,-0.09705059835877021,-0.03905835755571786,0.6639546333333329,0.06674716202759456,0,0,0,0,0,0,0,0
2.5414048873598345,0.08343193666253423,0.496,-0.00973893722612836,0.06616104888916016,-0.02386969757080078,2.4324324324324325,0,1,-0.0028274333882308137,-0.10897245492740204,-0.08343193666253423,0.504,0.006911503837897547,-0.08643909937224384,-0.019541764661556063,0.6995590032258067,0.0676615244649194,0,0,0,0,0,0,0,0
2.5430670895825997,0.07872274647866123,0.445,-0.011746065865921838,0.02561977767944336,-0.07039168548583985,2.4324324324324325,0,1,-0.0028274333882308137,-0.11063465715016729,-0.07872274647866123,0.5549999999999999,0.008918632477691025,-0.07238971472206375,-0.0007427734537312353,0.7505759333333328,0.08019714750652274,0,0,0,0,0,0,0,0
2.542317205480169,0.0718785625886628,0.394,-0.013892820845874865,-0.010041629791259766,-0.10278779602050782,2.4324324324324325,0,1,-0.0028274333882308137,-0.10988477304773658,-0.0718785625886628,0.606,0.01106538745764405,-0.05922838476333393,0.01470802567470346,0.7997030258064519,0.09259861546994935,0,0,0,0,0,0,0,0
2.5389856967772113,0.0633766359735505,0.345,-0.012130038301360588,-0.04819612884521484,-0.12821083068847655,2.4324324324324325,0,1,-0.0028274333882308137,-0.10655326434477885,-0.0633766359735505,0.655,0.009302604913129776,-0.04767788506774261,0.01797779997083463,0.775980594871795,0.08248274909780641,0,0,0,0,0,0,0,0
2.534033981165852,0.05386751900572835,0.296,-0.012199851471440362,-0.07254012298583984,-0.14352720642089845,2.4324324324324325,0,1,-0.0028274333882308137,-0.10160154873341964,-0.05386751900572835,0.704,0.009372418083209547,-0.03328166335813759,0.03707174997518434,0.8719662222222219,0.08289490631502063,0,0,0,0,0,0,0,0
2.527473248221234,0.04381769533781289,0.258,-0.010105456369047167,-0.09656462097167968,-0.15193670654296876,2.4324324324324325,0,1,-0.0028274333882308137,-0.09504081578880141,-0.04381769533781289,0.742,0.007278022980816353,-0.021063685462833957,0.0457294400437197,0.8492605290322582,0.07003293990142254,0,0,0,0,0,0,0,0
2.520097580541904,0.03410809936535641,0.233,-0.010175269539126942,-0.1091575927734375,-0.14675450134277343,2.4324324324324325,0,1,-0.0028274333882308137,-0.08766514810947168,-0.03410809936535641,0.767,0.007347836150896128,-0.013988606159529827,0.047578681306242626,0.7984653888888891,0.0704800794789871,0,0,0,0,0,0,0,0
2.5122106806105458,0.02387625754209468,0.201,-0.00788888821901437,-0.11673572540283203,-0.15467343139648437,2.4324324324324325,0,1,-0.0028274333882308137,-0.0797782481781133,-0.02387625754209468,0.7989999999999999,0.005061454830783556,-0.006992890691234634,0.05636476696351275,0.870775461290322,0.054972267759087166,0,0,0,0,0,0,0,0
2.5053441001027488,0.01202330938294414,0.174,-0.004310963252425994,-0.10159291839599609,-0.17860122680664062,2.4324324324324325,0,1,-0.0028274333882308137,-0.07291166767031632,-0.01202330938294414,0.8260000000000001,0.0014835298641951806,-0.010394096649050284,0.07030480879987554,0.8669341000000008,0.024256284162015432,0,0,0,0,0,0,0,0
2.4985432816249142,0.003947732079433887,0,-0.011938052083641213,-0.10148912811279297,-0.12157230377197266,2.4324324324324325,0,1,-0.0028274333882308137,-0.06611084919248178,-0.003947732079433887,1,0.0091106186954104,-0.015140528351825035,0.04469865796957374,1.6447033307692305,0.08134396230047303,0,0,0,0,0,0,0,0
