0,0,0.656,0,0.029583511352539064,0.050675346374511716,0,0,0.5,0,0,0,-0.15600000000000003,0,0,0,-0.12480000003828944,0,0,0,0,0,0,0,0,0
0.0019666380564371745,0.003116475168863932,0.656,-0.0023038346126325183,0.02949957084655762,0.04674712753295898,0,0,0.5,0,-0.0019666380564371745,-0.003116475168863932,-0.15600000000000003,0.0023038346126325183,-0.011412460236597543,-0.018084999843558873,0.702472727234438,0.01277581012459851,0,0,0,0,0,0,0,0
0.003199646698304917,0.007560864640779281,0.657,-0.003944444109507186,0.018341493606567384,0.06670827484130859,0,0,0.5,0,-0.003199646698304917,-0.007560864640779281,-0.15700000000000003,0.003944444109507186,-0.008016928696604832,-0.027569225924328984,0.6962039772344379,0.011307551891358255,0,0,0,0,0,0,0,0
0.005786705098389818,0.011105668459162926,0.657,-0.008936085770210976,0.03859584045410156,0.05332471084594727,0,0,0.5,0,-0.005786705098389818,-0.011105668459162926,-0.15700000000000003,0.008936085770210976,-0.016491024796283726,-0.02457109785267086,0.7015070075374682,0.03153115793310351,0,0,0,0,0,0,0,0
0.009588682461608728,0.016841009309867233,0.663,-0.012705996954518727,0.056258621215820315,0.08653629302978516,0,0,0.5,0,-0.009588682461608728,-0.016841009309867233,-0.16300000000000003,0.012705996954518727,-0.025036101557532296,-0.03941826767352664,0.6638945075374681,0.029574207509304822,0,0,0,0,0,0,0,0
0.018802902481487516,0.022661162800177152,0.667,-0.017505652397503138,0.13709291076660157,0.08905134582519532,0,0,0.5,0,-0.018802902481487516,-0.022661162800177152,-0.16700000000000004,0.017505652397503138,-0.057916120967933735,-0.04277139552109897,0.671142268731498,0.03898465814039369,0,0,0,0,0,0,0,0
0.028370908757616886,0.028522184441528348,0.677,-0.02010619298297467,0.14195916748046875,0.09041413879394532,0,0,0.5,0,-0.028370908757616886,-0.028522184441528348,-0.17700000000000005,0.02010619298297467,-0.06463489269486879,-0.04592540404278155,0.6303297687314979,0.03127684783127359,0,0,0,0,0,0,0,0
0.04337256392819882,0.03500985172714788,0.688,-0.022497294058206926,0.22302284240722656,0.10181942749023437,0,0,0.5,0,-0.04337256392819882,-0.03500985172714788,-0.18799999999999994,0.022497294058206926,-0.1005204533108821,-0.05244275970788859,0.6163827099079692,0.032743951067214935,0,0,0,0,0,0,0,0
0.059131682354807695,0.04050167605708489,0.707,-0.025132741228718364,0.23447384643554686,0.08767413330078125,0,0,0.5,0,-0.059131682354807695,-0.04050167605708489,-0.20699999999999996,0.025132741228718364,-0.11241686312432941,-0.04990768650181345,0.5581057868310455,0.0365071494467072,0,0,0,0,0,0,0,0
0.07597152393236672,0.045251003523798135,0.729,-0.028326693759867974,0.2507275848388672,0.07756521606445313,0,0,0.5,0,-0.07597152393236672,-0.045251003523798135,-0.22899999999999998,0.028326693759867974,-0.12684080141838755,-0.04815736766170467,0.5238391201643788,0.042360651314229066,0,0,0,0,0,0,0,0
0.09339489539378908,0.04828383736747088,0.755,-0.03090978105281958,0.2599572448730469,0.05287646484375,0,0,0.5,0,-0.09339489539378908,-0.04828383736747088,-0.255,0.03090978105281958,-0.138694571139132,-0.040431126613323,0.4815006586259173,0.04212436058472834,0,0,0,0,0,0,0,0
0.10909119418224497,0.05249641401087377,0.784,-0.03223623128433527,0.23337918090820312,0.07043484497070313,0,0,0.5,0,-0.10909119418224497,-0.05249641401087377,-0.28400000000000003,0.03223623128433527,-0.13724309844815596,-0.04888987616434059,0.4421468124720711,0.03765094745577057,0,0,0,0,0,0,0,0
0.12354047755995629,0.05545244189409298,0.813,-0.03466223894460739,0.21519752502441405,0.051303028106689456,0,0,0.5,0,-0.12354047755995629,-0.05545244189409298,-0.31299999999999994,0.03466223894460739,-0.13775304177146389,-0.04360185832034574,0.4189468124720718,0.04515183555645701,0,0,0,0,0,0,0,0
0.13827018200441582,0.05461927196164834,0.843,-0.03691371367968008,0.22124595642089845,-0.004833107471466065,0,0,0.5,0,-0.13827018200441582,-0.05461927196164834,-0.34299999999999997,0.03691371367968008,-0.14658278016327392,-0.02339095640662574,0.38972293187505624,0.046621819581681476,0,0,0,0,0,0,0,0
0.1490224103755211,0.05460460869300759,0.874,-0.03666936758440087,0.16118167114257811,0.005732419013977051,0,0,0.5,0,-0.1490224103755211,-0.05460460869300759,-0.374,0.03666936758440087,-0.13020707207267052,-0.02785983308998285,0.35945418187505623,0.03467831334412776,0,0,0,0,0,0,0,0
0.15891446842472257,0.052013987651163614,0.898,-0.03804817769347639,0.14970574951171875,-0.03339337921142578,0,0,0.5,0,-0.15891446842472257,-0.052013987651163614,-0.398,0.03804817769347639,-0.1305214147485583,-0.012693980713351219,0.37794648956736393,0.04354861362714818,0,0,0,0,0,0,0,0
0.1657615036108467,0.04799755279030413,0.926,-0.03895574890451345,0.10492291259765625,-0.05629610443115234,0,0,0.5,0,-0.1657615036108467,-0.04799755279030413,-0.42600000000000005,0.03895574890451345,-0.1177970838253013,-0.0031246293942028443,0.33433436835524266,0.04231418984710132,0,0,0,0,0,0,0,0
0.17215988273562083,0.04199053634618015,0.954,-0.03925245487735248,0.09941210174560547,-0.08629902648925782,0,0,0.5,0,-0.17215988273562083,-0.04199053634618015,-0.45399999999999996,0.03925245487735248,-0.1185426855521804,0.010764871861336825,0.31193436835524335,0.03974746501588711,0,0,0,0,0,0,0,0
0.17536793083525654,0.033624909426504555,0.976,-0.03836233695883536,0.053007961273193356,-0.12349937438964843,0,0,0.5,0,-0.17536793083525654,-0.033624909426504555,-0.476,0.03836233695883536,-0.10348080126172297,0.027268784820324854,0.32567765193733234,0.03354321027040214,0,0,0,0,0,0,0,0
0.17763936863779986,0.02514890773540194,0.996,-0.03871140280923424,0.038922691345214845,-0.12573973846435546,0,0,0.5,0,-0.17763936863779986,-0.02514890773540194,-0.496,0.03871140280923424,-0.09957323394788181,0.03210111135817552,0.3204468827065631,0.039611585823490246,0,0,0,0,0,0,0,0
0.17788027222328234,0.014184919402064943,1.022,-0.04005530633326987,0.009975727081298829,-0.16419676208496095,0,0,0.5,0,-0.17788027222328234,-0.014184919402064943,-0.522,0.04005530633326987,-0.08858920174107157,0.05118928247456329,0.266834382706563,0.045618790942698134,0,0,0,0,0,0,0,0
0.1745419417603157,-0.00048514645584899624,1.034,-0.04028219913602914,-0.041222938537597655,-0.22187971496582032,0,0,0.5,0,-0.1745419417603157,0.00048514645584899624,-0.534,0.04028219913602914,-0.06764723778716991,0.07848011745893456,0.33261899809117845,0.04069024964725882,0,0,0,0,0,0,0,0
0.17169263874053195,-0.014297259420903553,1.053,-0.04085815778918724,-0.03436139678955078,-0.20873480224609375,0,0,0.5,0,-0.17169263874053195,0.014297259420903553,-0.5529999999999999,0.04085815778918724,-0.0688558109713397,0.08076642759529594,0.27972669039887144,0.042877281456103866,0,0,0,0,0,0,0,0
0.16550656616850595,-0.02296375158760504,1.066,-0.04239404753094225,-0.08740367126464844,-0.13367910766601562,0,0,0.5,0,-0.16550656616850595,0.02296375158760504,-0.5660000000000001,0.04239404753094225,-0.04833188896465829,0.058219565030533625,0.30066997398095974,0.04871137010202412,0,0,0,0,0,0,0,0
0.15942061218730194,-0.03030680105279777,1.081,-0.04290019301402061,-0.08653916168212891,-0.11391574096679688,0,0,0.5,0,-0.15942061218730194,0.03030680105279777,-0.581,0.04290019301402061,-0.04583643551761401,0.054653512489254,0.277732473980961,0.044390589372555654,0,0,0,0,0,0,0,0
0.15314006250588166,-0.036846546210888134,1.097,-0.04359832471481835,-0.08991451263427734,-0.10204623413085938,0,0,0.5,0,-0.15314006250588166,0.036846546210888134,-0.597,0.04359832471481835,-0.04164833767573936,0.053597900337747965,0.259547858596345,0.04597481130898135,0,0,0,0,0,0,0,0
0.14868915594781765,-0.04490376010641091,1.109,-0.045553093477052,-0.06143260955810547,-0.1236532211303711,0,0,0.5,0,-0.14868915594781765,0.04490376010641091,-0.609,0.045553093477052,-0.04898072160826991,0.06555358277955926,0.2708433809844047,0.05355631318212203,0,0,0,0,0,0,0,0
0.1451372977972539,-0.052212178758758374,1.128,-0.04818854064756342,-0.04823051452636719,-0.11193869018554688,0,0,0.5,0,-0.1451372977972539,0.052212178758758374,-0.6279999999999999,0.04818854064756342,-0.05212146351150514,0.06511281811961803,0.21736213098440535,0.05938244039143553,0,0,0,0,0,0,0,0
0.14001070544486935,-0.05710176219129073,1.142,-0.04963716392671873,-0.07327665710449219,-0.07696282196044922,0,0,0.5,0,-0.14001070544486935,0.05710176219129073,-0.6419999999999999,0.04963716392671873,-0.0412073041438389,0.054730453367167704,0.2326772824995563,0.05543640961897212,0,0,0,0,0,0,0,0
0.1339917625775936,-0.060794297810888694,1.154,-0.051050880620834134,-0.08742476654052735,-0.059799423217773436,0,0,0.5,0,-0.1339917625775936,0.060794297810888694,-0.6539999999999999,0.051050880620834134,-0.03360485211884926,0.05041544566921617,0.23337140014661512,0.056696126673205616,0,0,0,0,0,0,0,0
0.12922696685071225,-0.06461101400701268,1.171,-0.05274384999526862,-0.06845738983154297,-0.06082327651977539,0,0,0.5,0,-0.12922696685071225,0.06461101400701268,-0.671,0.05274384999526862,-0.0384183804707863,0.053036315271935634,0.19108287555645043,0.05976246988527492,0,0,0,0,0,0,0,0
0.12473062757962523,-0.06739752372706989,1.185,-0.05532693728822024,-0.06514775085449219,-0.04529518508911133,0,0,0.5,0,-0.12473062757962523,0.06739752372706989,-0.685,0.05532693728822024,-0.03759384355536418,0.04896635397100411,0.19579196646554192,0.06639154771694078,0,0,0,0,0,0,0,0
0.11798949411829203,-0.0698336495892236,1.201,-0.05656612105713623,-0.09894155883789063,-0.04207761383056641,0,0,0.5,0,-0.11798949411829203,0.0698336495892236,-0.7010000000000001,0.05656612105713623,-0.022135923492602794,0.048297734590292844,0.17222273569631114,0.06142809983646157,0,0,0,0,0,0,0,0
0.11573203068010991,-0.0726665321533969,1.218,-0.057473692268173275,-0.0314053955078125,-0.044339691162109375,0,0,0.5,0,-0.11573203068010991,0.0726665321533969,-0.718,0.057473692268173275,-0.044429348610868155,0.05178678550979528,0.15339885509929685,0.060850838698786915,0,0,0,0,0,0,0,0
0.11122521698156361,-0.07398007425468904,1.233,-0.05880014249968898,-0.06635879516601563,-0.023553808212280272,0,0,0.5,0,-0.11122521698156361,0.07398007425468904,-0.7330000000000001,0.05880014249968898,-0.029679551426238418,0.04400277621110158,0.15250996621040663,0.06417195093258193,0,0,0,0,0,0,0,0
0.10889241090306771,-0.07618367633958054,1.246,-0.05965535383316619,-0.03298915481567383,-0.03505326080322266,0,0,0.5,0,-0.10889241090306771,0.07618367633958054,-0.746,0.05965535383316619,-0.040219343264184956,0.049897207934466926,0.1528791969796387,0.06285221350588151,0,0,0,0,0,0,0,0
0.107569257699596,-0.07747631661174098,1.261,-0.06099925735720182,-0.01865598487854004,-0.020538408279418944,0,0,0.5,0,-0.107569257699596,0.07747631661174098,-0.7609999999999999,0.06099925735720182,-0.04491198645424398,0.04571266997273097,0.13027313637357815,0.06641744516881902,0,0,0,0,0,0,0,0
0.1064025197836909,-0.07881154358143094,1.27,-0.06159266930287987,-0.01624755859375,-0.02105804443359375,0,0,0.5,0,-0.1064025197836909,0.07881154358143094,-0.77,0.06159266930287987,-0.04517085366011175,0.04660959644427335,0.15538082868126918,0.0635470498297698,0,0,0,0,0,0,0,0
0.10689690684469029,-0.08047708115351303,1.28,-0.06187192198319899,0.008939544677734374,-0.024479219436645508,0,0,0.5,0,-0.10689690684469029,0.08047708115351303,-0.78,0.06187192198319899,-0.05409556572667959,0.049167868377138914,0.14215694808425483,0.06241961923236237,0,0,0,0,0,0,0,0
0.10256117862678912,-0.0814346844308837,1.291,-0.06190682856823887,-0.0640233154296875,-0.01835789489746094,0,0,0.5,0,-0.10256117862678912,0.0814346844308837,-0.7909999999999999,0.06190682856823887,-0.025093727846059278,0.04571370171187194,0.12780139252869996,0.06129097298273919,0,0,0,0,0,0,0,0
0.09891266292736743,-0.08192940627078897,1.3,-0.0622733477111577,-0.05416379165649414,-0.010792469024658203,0,0,0.5,0,-0.09891266292736743,0.08192940627078897,-0.8,0.0622733477111577,-0.026913778806466854,0.04350638834223536,0.1312074531347593,0.06316482193419871,0,0,0,0,0,0,0,0
0.09630946937258077,-0.08174116016576244,1.31,-0.06255260039147678,-0.039147941589355466,0.00038814592361450194,0,0,0.5,0,-0.09630946937258077,0.08174116016576244,-0.81,0.06255260039147678,-0.03099251659704793,0.03989698910257309,0.11806039431123044,0.063059075514813,0,0,0,0,0,0,0,0
0.09448793573078644,-0.08141511648978997,1.319,-0.06373942428283291,-0.02757529067993164,0.0031730794906616212,0,0,0.5,0,-0.09448793573078644,0.08141511648978997,-0.819,0.06373942428283291,-0.03449434605917203,0.038956077751182365,0.11650555560155373,0.06863737300796133,0,0,0,0,0,0,0,0
0.09436018311607161,-0.0806755784054665,1.327,-0.06525786073206799,-0.0026189851760864257,0.010948484420776367,0,0,0.5,0,-0.09436018311607161,0.0806755784054665,-0.827,0.06525786073206799,-0.043412641865114975,0.03639353533140174,0.11540858590458344,0.07166313926573707,0,0,0,0,0,0,0,0
0.0938113455762093,-0.08023689821883259,1.335,-0.06640977803838424,-0.008644145011901855,0.006029338359832764,0,0,0.5,0,-0.0938113455762093,0.08023689821883259,-0.835,0.06640977803838424,-0.040835414910783574,0.037819511866074504,0.10900858590458344,0.07109699808962133,0,0,0,0,0,0,0,0
0.0967280622409672,-0.08102640220778057,1.347,-0.0670380965691022,0.04444019317626953,-0.008913112640380859,0,0,0.5,0,-0.0967280622409672,0.08102640220778057,-0.847,0.0670380965691022,-0.06067171220705747,0.04472736176136154,0.0781964646924622,0.0693453221858016,0,0,0,0,0,0,0,0
0.09806473273449333,-0.07958322879927919,1.354,-0.06880087911361649,0.018554893493652344,0.022942087173461915,0,0,0.5,0,-0.09806473273449333,0.07958322879927919,-0.8540000000000001,0.06880087911361649,-0.05283210653180341,0.03198366599392203,0.09951954161553846,0.07634409248629893,0,0,0,0,0,0,0,0
0.09644164536063804,-0.07830378509528843,1.362,-0.06948155752189428,-0.025608072280883788,0.017472524642944336,0,0,0.5,0,-0.09644164536063804,0.07830378509528843,-0.8620000000000001,0.06948155752189428,-0.036083405097437335,0.032225565627753056,0.08773492623092366,0.07203044411194676,0,0,0,0,0,0,0,0
0.09566089295562745,-0.07565581165385035,1.368,-0.07133160652900827,-0.014440587997436524,0.038810699462890626,0,0,0.5,0,-0.09566089295562745,0.07565581165385035,-0.8680000000000001,0.07133160652900827,-0.04002857652869152,0.023857675846643406,0.09322904387798249,0.07903948105510283,0,0,0,0,0,0,0,0
0.09579628861726917,-0.07313212793533322,1.372,-0.07335618846132169,-0.0006722166538238526,0.03790373611450195,0,0,0.5,0,-0.09579628861726917,0.07313212793533322,-0.8720000000000001,0.07335618846132169,-0.04518598584091413,0.023286332448056755,0.10114015498909361,0.08189517215503254,0,0,0,0,0,0,0,0
0.09670656253570993,-0.0701274292095945,1.381,-0.0758345559991536,0.01031415367126465,0.045949985504150394,0,0,0.5,0,-0.09670656253570993,0.0701274292095945,-0.881,0.0758345559991536,-0.04981354418289853,0.019193902277071163,0.06701707806601734,0.08646793479525751,0,0,0,0,0,0,0,0
0.09538603641329839,-0.0667154646214134,1.388,-0.07791149780902686,-0.023628416061401366,0.04953169250488281,0,0,0.5,0,-0.09538603641329839,0.0667154646214134,-0.8879999999999999,0.07791149780902686,-0.037323280905051784,0.015328176773058871,0.07202313867207803,0.08672021420531865,0,0,0,0,0,0,0,0
0.09268453433681201,-0.06477503933506908,1.394,-0.08025023900669927,-0.04266503143310547,0.025864105224609375,0,0,0.5,0,-0.09268453433681201,0.06477503933506908,-0.8939999999999999,0.08025023900669927,-0.028420317617961814,0.02240544468680663,0.07269188867207743,0.09028614003329963,0,0,0,0,0,0,0,0
0.08839097570908959,-0.06252462565497101,1.402,-0.07956956059842148,-0.06690214538574218,0.02848472595214844,0,0,0.5,0,-0.08839097570908959,0.06252462565497101,-0.9019999999999999,0.07956956059842148,-0.01795682497674817,0.019660895491327563,0.05584412747804757,0.0760856723446478,0,0,0,0,0,0,0,0
0.08636251750452988,-0.058531745497365506,1.418,-0.08164650240829473,-0.03509125137329101,0.05728520202636719,0,0,0.5,0,-0.08636251750452988,0.058531745497365506,-0.9179999999999999,0.08164650240829473,-0.02932986381363936,0.008135341863656031,-0.0007058725219524775,0.09108895892710406,0,0,0,0,0,0,0,0
0.08362811870403096,-0.056143626863019824,1.421,-0.08370599092564805,-0.04380082321166992,0.032357357025146485,0,0,0.5,0,-0.08362811870403096,0.056143626863019824,-0.921,0.08370599092564805,-0.024161445819871116,0.01558230613326684,0.06689412747804688,0.09306789378667311,0,0,0,0,0,0,0,0
0.08254975249982976,-0.05401772414881373,1.421,-0.08360127117052836,-0.018785003662109376,0.030424484252929686,0,0,0.5,0,-0.08254975249982976,0.05401772414881373,-0.921,0.08360127117052836,-0.032539361313219786,0.015931286653838483,0.08304797363189365,0.08297452046629335,0,0,0,0,0,0,0,0
0.07884218875805113,-0.051421012982307154,1.426,-0.08422958970124632,-0.05867175674438477,0.03417068862915039,0,0,0.5,0,-0.07884218875805113,0.051421012982307154,-0.9259999999999999,0.08422958970124632,-0.01674286522790465,0.012136219581112963,0.05253282211674278,0.08693483120536426,0,0,0,0,0,0,0,0
0.07544464327107638,-0.05112173634680119,1.427,-0.08529424054496286,-0.0511601791381836,0.00018570053577423096,0,0,0.5,0,-0.07544464327107638,0.05112173634680119,-0.927,0.08529424054496286,-0.016688128684134825,0.02416994620048444,0.07294494332886274,0.08998281074452891,0,0,0,0,0,0,0,0
0.06980448119076926,-0.04998697461856644,1.427,-0.08658578419143868,-0.08574494171142578,0.009752193450927734,0,0,0.5,0,-0.06980448119076926,0.04998697461856644,-0.927,0.08658578419143868,-0.0016037381491949346,0.01903350623550647,0.07841369332886335,0.09233791440393886,0,0,0,0,0,0,0,0
0.06391855489555139,-0.049152971107116195,1.427,-0.08756316857255551,-0.08903998565673828,0.0048281726837158204,0,0,0.5,0,-0.06391855489555139,0.049152971107116195,-0.927,0.08756316857255551,0.002662570771010432,0.02023597180092872,0.07841369332886335,0.09186533294493726,0,0,0,0,0,0,0,0
0.06103757740065347,-0.04696493611369453,1.428,-0.08911651160683046,-0.04591929626464844,0.02891560363769531,0,0,0.5,0,-0.06103757740065347,0.04696493611369453,-0.9279999999999999,0.08911651160683046,-0.011832275028691892,0.011961484324066423,0.07231066302583372,0.09603666985720362,0,0,0,0,0,0,0,0
0.05592219980569772,-0.04483986170479457,1.429,-0.09040805525330625,-0.0792631072998047,0.02492070198059082,0,0,0.5,0,-0.05592219980569772,0.04483986170479457,-0.929,0.09040805525330625,0.002756798922943551,0.01123796565165638,0.07151066302583244,0.09611990863691412,0,0,0,0,0,0,0,0
0.05145513005180023,-0.04429738903854999,1.438,-0.09117600012418374,-0.06746704864501953,0.002054220676422119,0,0,0.5,0,-0.05145513005180023,0.04429738903854999,-0.938,0.09117600012418374,0.0016036510480954237,0.019234051854793523,0.02251961824971424,0.09454338137824694,0,0,0,0,0,0,0,0
0.048731766887188846,-0.04322473312123562,1.44,-0.09222319767538033,-0.04214574432373047,0.012303585052490235,0,0,0.5,0,-0.048731766887188846,0.04322473312123562,-0.94,0.09222319767538033,-0.006721926198966125,0.01575226139019308,0.059808507138602536,0.09692035359762972,0,0,0,0,0,0,0,0
0.04558977266988806,-0.04025075806775866,1.442,-0.0924151838930997,-0.05103784561157226,0.04007974243164063,0,0,0.5,0,-0.04558977266988806,0.04025075806775866,-0.942,0.0924151838930997,-0.0029309159321143853,0.004182520868652966,0.05820850713860253,0.09322501557227086,0,0,0,0,0,0,0,0
0.04415754812296706,-0.035933601571710834,1.448,-0.09208357133522081,-0.027367740631103515,0.062498447418212894,0,0,0.5,0,-0.04415754812296706,0.035933601571710834,-0.948,0.09208357133522081,-0.011421255729929617,-0.0052085728393678875,0.03187004560014097,0.09047679328086151,0,0,0,0,0,0,0,0
0.04137062540920106,-0.032772504411279914,1.451,-0.09089674744386463,-0.0459868392944336,0.0433715591430664,0,0,0.5,0,-0.04137062540920106,0.032772504411279914,-0.9510000000000001,0.09089674744386463,-0.0027332657823428246,-0.0005641865354923305,0.04562389175398645,0.08534284015807166,0,0,0,0,0,0,0,0
0.04081451009521812,-0.02901219390154806,1.454,-0.0889943385591908,-0.01342723560333252,0.05541461181640625,0,0,0.5,0,-0.04081451009521812,0.02901219390154806,-0.954,0.0889943385591908,-0.014108679616755373,-0.0055745607792437105,0.0432238917539877,0.08023631936302032,0,0,0,0,0,0,0,0
0.042629001549863536,-0.02383215809743579,1.455,-0.08628907821859962,0.02020387840270996,0.07981204223632812,0,0,0.5,0,-0.042629001549863536,0.02383215809743579,-0.9550000000000001,0.08628907821859962,-0.028185962947568928,-0.016051941427857694,0.0535350028650975,0.07370795685139413,0,0,0,0,0,0,0,0
0.046580652244884536,-0.018822740351305135,1.458,-0.08330456519768932,0.05257839584350586,0.0799701156616211,0,0,0.5,0,-0.046580652244884536,0.018822740351305135,-0.958,0.08330456519768932,-0.04166956882017874,-0.017637937681022026,0.040365772095868,0.06943458530593408,0,0,0,0,0,0,0,0
0.048435944141751466,-0.01241769839823502,1.461,-0.08154178265317504,0.01973858642578125,0.09805809020996094,0,0,0.5,0,-0.048435944141751466,0.01241769839823502,-0.9610000000000001,0.08154178265317504,-0.031480160535976985,-0.028241496118599677,0.03796577209586673,0.07322512310867438,0,0,0,0,0,0,0,0
0.05347886926257469,-0.005134871165407712,1.458,-0.07965682706102119,0.06649458312988281,0.11504073333740235,0,0,0.5,0,-0.05347886926257469,0.005134871165407712,-0.958,0.07965682706102119,-0.050905738677975,-0.03653783167311965,0.07218395391404983,0.07078483548179525,0,0,0,0,0,0,0,0
0.058737754376403384,0.0018471962433244237,1.459,-0.0769690200129499,0.07029942321777344,0.11067586517333984,0,0,0.5,0,-0.058737754376403384,-0.0018471962433244237,-0.9590000000000001,0.0769690200129499,-0.05469804273568804,-0.03840938940158864,0.04984549237558699,0.06439156017564349,0,0,0,0,0,0,0,0
0.06221534950306475,0.008830989564016206,1.459,-0.07574728953655387,0.043954410552978516,0.10845779418945313,0,0,0.5,0,-0.06221534950306475,-0.008830989564016206,-0.9590000000000001,0.07574728953655387,-0.047131594097398366,-0.041910302019932684,0.0550693729726025,0.06973435166197242,0,0,0,0,0,0,0,0
0.06278695984404224,0.015701870589888697,1.458,-0.07339109504636156,0.0007502731680870057,0.10341653442382813,0,0,0.5,0,-0.06278695984404224,-0.015701870589888697,-0.958,0.07339109504636156,-0.031273039347421115,-0.04471845200609509,0.06142492852815876,0.06197594758227406,0,0,0,0,0,0,0,0
0.0648331033042532,0.023175598093954978,1.459,-0.07265805676052388,0.022389339447021483,0.11405464172363282,0,0,0.5,0,-0.0648331033042532,-0.023175598093954978,-0.9590000000000001,0.07265805676052388,-0.04011560489164344,-0.051652228900064996,0.05001886792209688,0.06862089204350288,0,0,0,0,0,0,0,0
0.07022898441476416,0.026876387442020526,1.458,-0.07307693578100254,0.07669483184814453,0.061241016387939454,0,0,0.5,0,-0.07022898441476416,-0.026876387442020526,-0.958,0.07307693578100254,-0.06057730571364142,-0.03349461820136661,0.061424928528158756,0.07427575881996488,0,0,0,0,0,0,0,0
0.07789779157785286,0.028710345182243715,1.456,-0.07363544114164075,0.11271658325195312,0.03583465957641602,0,0,0.5,0,-0.07789779157785286,-0.028710345182243715,-0.956,0.07363544114164075,-0.07703907625395093,-0.024040310361242875,0.0685804840837137,0.07549915151469623,0,0,0,0,0,0,0,0
0.08308192628402404,0.03180155884363896,1.453,-0.07206464481484584,0.0741400375366211,0.05196342086791992,0,0,0.5,0,-0.08308192628402404,-0.03180155884363896,-0.9530000000000001,0.07206464481484584,-0.0664548502748982,-0.032253183440580174,0.07628351438674333,0.06424971115411439,0,0,0,0,0,0,0,0
0.08914300301663541,0.0330031497353986,1.457,-0.06977826349473326,0.08938241577148437,0.024523252487182616,0,0,0.5,0,-0.08914300301663541,-0.0330031497353986,-0.9570000000000001,0.06977826349473326,-0.07420738416818952,-0.0226790870499606,0.035391206694436204,0.058660629864843335,0,0,0,0,0,0,0,0
0.09637653558884614,0.032261923871931754,1.456,-0.06841690667817771,0.1090141372680664,-0.0035263235569000244,0,0,0.5,0,-0.09637653558884614,-0.032261923871931754,-0.956,0.06841690667817771,-0.08404171930065507,-0.012005657992026119,0.06270635820958842,0.0615039298826379,0,0,0,0,0,0,0,0
0.10643898985373822,0.029876160905191025,1.448,-0.06649704450098395,0.15303018188476564,-0.025384145736694334,0,0,0.5,0,-0.10643898985373822,-0.029876160905191025,-0.948,0.06649704450098395,-0.10407480389429011,-0.0020917464155366747,0.10622757033079999,0.0570454069752705,0,0,0,0,0,0,0,0
0.11728455800666023,0.02580805526361496,1.444,-0.06435028952103089,0.16637873840332032,-0.05007671737670898,0,0,0.5,0,-0.11728455800666023,-0.02580805526361496,-0.944,0.06435028952103089,-0.11378024204591479,0.009142617908257105,0.08755257033079998,0.053835091982383176,0,0,0,0,0,0,0,0
0.12613514389911834,0.020573638710518365,1.437,-0.06314601233715485,0.13753306579589844,-0.06981656646728515,0,0,0.5,0,-0.12613514389911834,-0.020573638710518365,-0.937,0.06314601233715485,-0.1074633228204152,0.01803996186222364,0.10930641648464547,0.05698071231886261,0,0,0,0,0,0,0,0
0.1294284906258455,0.015086165002840282,1.436,-0.06206390820091835,0.0544959716796875,-0.07903070068359375,0,0,0.5,0,-0.1294284906258455,-0.015086165002840282,-0.9359999999999999,0.06206390820091835,-0.07918640067599667,0.022146314163809154,0.07779872417695442,0.05646248378711634,0,0,0,0,0,0,0,0
0.1311917243524331,0.011618309194728053,1.435,-0.06047565858160352,0.02962394142150879,-0.05027724075317383,0,0,0.5,0,-0.1311917243524331,-0.011618309194728053,-0.935,0.06047565858160352,-0.07182894753853902,0.013005376454818364,0.07859872417695314,0.05253817809205531,0,0,0,0,0,0,0,0
0.13084291455894595,0.007048161622816933,1.438,-0.060842177724522314,-0.0010793683528900146,-0.06874311828613282,0,0,0.5,0,-0.13084291455894595,-0.007048161622816933,-0.938,0.060842177724522314,-0.06062147947722591,0.021048690797932305,0.05530320178889467,0.061657393185273954,0,0,0,0,0,0,0,0
0.12938622086502896,0.0021692432774037696,1.435,-0.06098180406468186,-0.017360061645507813,-0.07437696838378906,0,0,0.5,0,-0.12938622086502896,-0.0021692432774037696,-0.935,0.06098180406468186,-0.0538343925497917,0.02517674013822819,0.0905157017888934,0.06073345951249949,0,0,0,0,0,0,0,0
0.12541425041881313,-0.001541775599943748,1.434,-0.061016710649721764,-0.05607634353637695,-0.05919282913208008,0,0,0.5,0,-0.12541425041881313,0.001541775599943748,-0.9339999999999999,0.061016710649721764,-0.03830460942969,0.020743560133471547,0.0805464710196639,0.06028504415083338,0,0,0,0,0,0,0,0
0.11584537459085782,-0.004669370204334133,1.433,-0.059742620295765894,-0.1404052734375,-0.0555791015625,0,0,0.5,0,-0.11584537459085782,0.004669370204334133,-0.933,0.059742620295765894,-0.003382988690961271,0.019165842119743717,0.08134647101966262,0.05296942946305085,0,0,0,0,0,0,0,0
0.10560231049625146,-0.006336349146130265,1.436,-0.05803219762881144,-0.15187889099121094,-0.03413382720947265,0,0,0.5,0,-0.10560231049625146,0.006336349146130265,-0.9359999999999999,0.05803219762881144,0.0053137841643399256,0.012253642470823774,0.05773434980754266,0.0492756781006483,0,0,0,0,0,0,0,0
0.09907602992599801,-0.0058998549958434185,1.44,-0.058224183846530844,-0.09810916137695312,0.0008585624694824219,0,0,0.5,0,-0.09907602992599801,0.0058998549958434185,-0.94,0.058224183846530844,-0.011133291209980595,0.0008806138467554667,0.04923131950451176,0.05811497743052159,0,0,0,0,0,0,0,0
0.09120594806697725,-0.004275804431416043,1.442,-0.05846852994181006,-0.11926876831054688,0.01744992446899414,0,0,0.5,0,-0.09120594806697725,0.004275804431416043,-0.942,0.05846852994181006,0.0000376028128922061,-0.006325945973137993,0.05840055027374254,0.058600984499153776,0,0,0,0,0,0,0,0
0.07905619808529245,-0.005487866219808924,1.447,-0.05775294494849236,-0.18087242126464845,-0.02879945945739746,0,0,0.5,0,-0.07905619808529245,0.005487866219808924,-0.9470000000000001,0.05775294494849236,0.029516912849553607,0.009790074350544225,0.03799430027374183,0.053385722528038054,0,0,0,0,0,0,0,0
0.06887129421185692,-0.006478002938670989,1.455,-0.05667084081225587,-0.1516615753173828,-0.0236455078125,0,0,0.5,0,-0.06887129421185692,0.006478002938670989,-0.9550000000000001,0.05667084081225587,0.024029424203390652,0.00909016156634779,0.015440454119896255,0.050611991578330184,0,0,0,0,0,0,0,0
0.060243725554693775,-0.008245330839739934,1.464,-0.056025068989017955,-0.12770423889160157,-0.03379740905761719,0,0,0.5,0,-0.060243725554693775,0.008245330839739934,-0.964,0.056025068989017955,0.020207875312638887,0.014033779453783873,0.0030165735228819875,0.051919946529712796,0,0,0,0,0,0,0,0
0.04907394224099277,-0.008912039540219048,1.47,-0.055867989356338486,-0.166723876953125,-0.01936684799194336,0,0,0.5,0,-0.04907394224099277,0.008912039540219048,-0.97,0.055867989356338486,0.03969550337243084,0.008348122550797792,0.01462282352288139,0.05405361154027603,0,0,0,0,0,0,0,0
0.04134177282651055,-0.009329052111701267,1.476,-0.056461401302016566,-0.11545230102539063,-0.012721770286560059,0,0,0.5,0,-0.04134177282651055,0.009329052111701267,-0.976,0.056461401302016566,0.02505135939157078,0.007212111218863311,0.009822823522881385,0.05811083077068125,0,0,0,0,0,0,0,0
0.03577611452204909,-0.0118814247119847,1.481,-0.05628686837681711,-0.08119132995605469,-0.04293574905395508,0,0,0.5,0,-0.03577611452204909,0.0118814247119847,-0.9810000000000001,0.05628686837681711,0.016168359489843617,0.019986389981780796,0.011207438907496084,0.05439193690297009,0,0,0,0,0,0,0,0
0.03215533679983857,-0.016931982543671335,1.489,-0.05679301385989548,-0.049963703155517576,-0.07869380950927735,0,0,0.5,0,-0.03215533679983857,0.016931982543671335,-0.9890000000000001,0.05679301385989548,0.007664987687496896,0.03575962088233806,-0.011101652001594254,0.05799207515094766,0,0,0,0,0,0,0,0
0.029370571035855594,-0.0215589337377146,1.494,-0.05607742886657781,-0.03776457977294922,-0.07166342163085937,0,0,0.5,0,-0.029370571035855594,0.0215589337377146,-0.994,0.05607742886657781,0.004690143922031068,0.03586022598420776,0.0005699897894511988,0.05180605518869251,0,0,0,0,0,0,0,0
0.02780780464699398,-0.026709977711718742,1.499,-0.056234508499257305,-0.019074058532714842,-0.07845805358886719,0,0,0.5,0,-0.02780780464699398,0.026709977711718742,-0.9990000000000001,0.056234508499257305,-0.0013173583008790277,0.04134737452654804,-0.0034300102105501275,0.056118680659453746,0,0,0,0,0,0,0,0
0.02521879289108029,-0.03264111321730639,1.499,-0.05592034923389831,-0.03377340698242187,-0.09100912475585937,0,0,0.5,0,-0.02521879289108029,0.03264111321730639,-0.9990000000000001,0.05592034923389831,0.0055030841688967,0.04851343514171457,0.023493066712527415,0.05362957263391711,0,0,0,0,0,0,0,0
0.02470241372261164,-0.04079771728781455,1.499,-0.05642649471697668,-0.000895343005657196,-0.12259072875976562,0,0,0.5,0,-0.02470241372261164,0.04079771728781455,-0.9990000000000001,0.05642649471697668,-0.005229959665138136,0.0643934644151835,0.023493066712527415,0.057864376064438026,0,0,0,0,0,0,0,0
0.023393808251099282,-0.047444890565323625,1.499,-0.05529203070318035,-0.013974676132202149,-0.10065592193603516,0,0,0.5,0,-0.023393808251099282,0.047444890565323625,-0.9990000000000001,0.05529203070318035,-0.00037445683748350486,0.05971249381833684,0.023493066712527415,0.04927259615575672,0,0,0,0,0,0,0,0
0.0237906268081899,-0.05322614255082144,1.498,-0.05503023131538119,0.010735596656799316,-0.08625730895996093,0,0,0.5,0,-0.0237906268081899,0.05322614255082144,-0.998,0.05503023131538119,-0.009755918577737136,0.057940466700255884,0.02967768209714349,0.05303847965717525,0,0,0,0,0,0,0,0
0.026789029668053594,-0.05785539652506403,1.498,-0.05511749777798093,0.04872726440429687,-0.06685990142822265,0,0,0.5,0,-0.026789029668053594,0.05785539652506403,-0.998,0.05511749777798093,-0.025482534163459254,0.053955104563325154,0.02420893209714288,0.05476199229351983,0,0,0,0,0,0,0,0
0.03326467231882508,-0.06094052126616457,1.492,-0.05461135229490256,0.09953650665283204,-0.04085548782348633,0,0,0.5,0,-0.03326467231882508,0.06094052126616457,-0.992,0.05461135229490256,-0.04744395436296387,0.04718312490926437,0.061316624404835214,0.051517022445773275,0,0,0,0,0,0,0,0
0.03889837874987608,-0.06214901991328359,1.487,-0.055100044485460985,0.08536908721923828,-0.013487783432006836,0,0,0.5,0,-0.03889837874987608,0.06214901991328359,-0.9870000000000001,0.055100044485460985,-0.04579599429209287,0.03783556918898251,0.060013594101804235,0.056527704061953475,0,0,0,0,0,0,0,0
0.043380511518702314,-0.06336981402703518,1.483,-0.0538957673015849,0.06813843536376953,-0.014581509590148926,0,0,0.5,0,-0.043380511518702314,0.06336981402703518,-0.9830000000000001,0.0538957673015849,-0.041836279418372604,0.03851217260464906,0.05782897871718945,0.04750972207299505,0,0,0,0,0,0,0,0
0.048896861980976244,-0.061044779820910396,1.481,-0.05363396791378577,0.08074637603759766,0.03928233337402344,0,0,0.5,0,-0.048896861980976244,0.061044779820910396,-0.9810000000000001,0.05363396791378577,-0.049997084391400534,0.018826671741038435,0.04898121752315959,0.0514679725183763,0,0,0,0,0,0,0,0
0.055206171713177675,-0.05592220860890746,1.484,-0.054454272662223094,0.09038437652587891,0.08180154418945312,0,0,0.5,0,-0.055206171713177675,0.05592220860890746,-0.984,0.054454272662223094,-0.05748823526491727,0.0009663556341408461,0.019237467523160266,0.057360640405422034,0,0,0,0,0,0,0,0
0.061628298563105526,-0.050858693452056854,1.482,-0.05497787143782139,0.09205520629882813,0.08108323669433594,0,0,0.5,0,-0.061628298563105526,0.050858693452056854,-0.982,0.05497787143782139,-0.06130677547763884,-0.0012474078011565325,0.04776054444623661,0.05651482699868633,0,0,0,0,0,0,0,0
0.06595709036616336,-0.0443577386854417,1.479,-0.055344390580740185,0.059475341796875,0.10093500518798829,0,0,0.5,0,-0.06595709036616336,0.0443577386854417,-0.9790000000000001,0.055344390580740185,-0.0521993672806369,-0.01223794462165784,0.055545159830851315,0.056156363221545914,0,0,0,0,0,0,0,0
0.06916465098469605,-0.04024132417234258,1.482,-0.05600761569649802,0.04462417984008789,0.06431312561035156,0,0,0.5,0,-0.06916465098469605,0.04024132417234258,-0.982,0.05600761569649802,-0.04776574890399866,-0.0014563197438902664,0.020837467523160264,0.05818900051963778,0,0,0,0,0,0,0,0
0.0726887210507899,-0.035553582136759986,1.487,-0.05632177496185701,0.048841983795166015,0.07316494750976563,0,0,0.5,0,-0.0726887210507899,0.035553582136759986,-0.9870000000000001,0.05632177496185701,-0.05118119149893217,-0.006784737520923605,0.006389706329129153,0.05694017836530042,0,0,0,0,0,0,0,0
0.07360359007174658,-0.03109150232768043,1.492,-0.05665338751973593,0.009933584213256836,0.06759756469726562,0,0,0.5,0,-0.07360359007174658,0.03109150232768043,-0.992,0.05665338751973593,-0.03736955779381665,-0.007781687124274883,0.002389706329130452,0.05735360323186652,0,0,0,0,0,0,0,0
0.07441485041588704,-0.02522060605081692,1.496,-0.05920156822764764,0.007162957668304443,0.08861119842529297,0,0,0.5,0,-0.07441485041588704,0.02522060605081692,-0.996,0.05920156822764764,-0.03721729509072262,-0.01830307008923564,0.00457432171374524,0.07013209847839112,0,0,0,0,0,0,0,0
0.07366023476720952,-0.02006088506651392,1.5,-0.062325707588717506,-0.015878682136535646,0.0765904998779297,0,0,0.5,0,-0.07366023476720952,0.02006088506651392,-1,0.062325707588717506,-0.028408347305056307,-0.017053525159907462,0.001374321713745237,0.07591450854634478,0,0,0,0,0,0,0,0
0.07054662532397386,-0.01518116697811693,1.508,-0.06349507818755368,-0.0511724853515625,0.07014466857910157,0,0,0.5,0,-0.07054662532397386,0.01518116697811693,-1.008,0.06349507818755368,-0.014149268305048467,-0.017985676303073593,-0.026564139824716324,0.06806186947333313,0,0,0,0,0,0,0,0
0.0656021098957973,-0.01113042078778333,1.514,-0.06375687757535284,-0.07787371826171875,0.0559326286315918,0,0,0.5,0,-0.0656021098957973,0.01113042078778333,-1.014,0.06375687757535284,-0.0021125763412689173,-0.015680599184476424,-0.02091637863068647,0.0642599171699218,0,0,0,0,0,0,0,0
0.05866741716747667,-0.00923661443521997,1.515,-0.06490879488166909,-0.10561896514892578,0.02172185516357422,0,0,0.5,0,-0.05866741716747667,0.00923661443521997,-1.015,0.06490879488166909,0.012071109331359476,-0.005013210926610657,0.005206698292391159,0.06952007102324001,0,0,0,0,0,0,0,0
0.050327781541779124,-0.007187905096131521,1.52,-0.06625269840570472,-0.12682439422607422,0.022551891326904296,0,0,0.5,0,-0.050327781541779124,0.007187905096131521,-1.02,0.06625269840570472,0.023924208614238253,-0.006884691303713963,-0.02066830170761017,0.07176390994283521,0,0,0,0,0,0,0,0
0.044371101793312176,-0.006685153233796537,1.523,-0.06969099703213354,-0.08965343475341797,0.0016093711853027344,0,0,0.5,0,-0.044371101793312176,0.006685153233796537,-1.023,0.06969099703213354,0.014071247611076192,0.0011883191784064348,-0.01229907093837811,0.08486864750338645,0,0,0,0,0,0,0,0
0.0385321426986099,-0.006727014317058099,1.522,-0.07312929565856237,-0.08732805633544923,-0.0067252955436706546,0,0,0.5,0,-0.0385321426986099,0.006727014317058099,-1.022,0.07312929565856237,0.016366450964220753,0.004097348673958294,0.009713050273741853,0.08830694612981535,0,0,0,0,0,0,0,0
0.030182448026910762,-0.008007072720495795,1.525,-0.0737052543117205,-0.12350777435302734,-0.028300504684448242,0,0,0.5,0,-0.030182448026910762,0.008007072720495795,-1.025,0.0737052543117205,0.0338558051477809,0.011303575785702093,-0.01389907093837811,0.07587226854083391,0,0,0,0,0,0,0,0
0.023284285239245136,-0.010253859350288752,1.524,-0.07433357284243845,-0.10070976257324218,-0.0412298583984375,0,0,0.5,0,-0.023284285239245136,0.010253859350288752,-1.024,0.07433357284243845,0.02948894562758715,0.01763242878097305,0.008439390600082163,0.07674224804490494,0,0,0,0,0,0,0,0
0.01659212634452044,-0.012663217257334592,1.533,-0.07321656212116208,-0.09742121124267578,-0.04349547958374023,0,0,0.5,0,-0.01659212634452044,0.012663217257334592,-1.033,0.07321656212116208,0.031708441285428796,0.01972616940697268,-0.05344810939991659,0.06744400645490514,0,0,0,0,0,0,0,0
0.011156840041012642,-0.016372590320120443,1.532,-0.07391469382195982,-0.07724069213867188,-0.06145549011230469,0,0,0.5,0,-0.011156840041012642,0.016372590320120443,-1.032,0.07391469382195982,0.027860332095004853,0.028371979886261185,-0.00040930342976853995,0.07626964153812431,0,0,0,0,0,0,0,0
0.007875218190142159,-0.022505522804823458,1.528,-0.0737052543117205,-0.04229640579223633,-0.09537789154052734,0,0,0.5,0,-0.007875218190142159,0.022505522804823458,-1.028,0.0737052543117205,0.017723290545079793,0.044692286717222175,0.019196946570232083,0.0718059619761487,0,0,0,0,0,0,0,0
0.006747820292684073,-0.03208384842473939,1.523,-0.07403686686959941,-0.0062850465774536134,-0.1445301055908203,0,0,0.5,0,-0.006747820292684073,0.03208384842473939,-1.023,0.07403686686959941,0.006687322052357465,0.06803356640909583,0.028581561954848164,0.07463473792534261,0,0,0,0,0,0,0,0
0.003200880317685874,-0.043192762304615384,1.519,-0.07222172444752532,-0.04073257827758789,-0.17011268615722655,0,0,0.5,0,-0.003200880317685874,0.043192762304615384,-1.019,0.07222172444752532,0.02129169699650868,0.08170477927306448,0.026478531651817273,0.06306161832166395,0,0,0,0,0,0,0,0
0.0016297413254511865,-0.05314635885222179,1.517,-0.07106980714120907,-0.01273203182220459,-0.15061531066894532,0,0,0.5,0,-0.0016297413254511865,0.05314635885222179,-1.017,0.07106980714120907,0.011272104868138068,0.08036343588601837,0.017141031651817268,0.06501856874546255,0,0,0,0,0,0,0,0
0.0011105760795210185,-0.0627869454333468,1.511,-0.06951646410693409,0.0025008499622344972,-0.14479673767089843,0,0,0.5,0,-0.0011105760795210185,0.0627869454333468,-1.011,0.06951646410693409,0.005953038836457975,0.08352382783917951,0.043153152863938504,0.06164056331137515,0,0,0,0,0,0,0,0
0.0031322598934964093,-0.07364997435135578,1.507,-0.06935938447425462,0.041570281982421874,-0.16044546508789062,0,0,0.5,0,-0.0031322598934964093,0.07364997435135578,-1.007,0.06935938447425462,-0.008739298008482728,0.09553772411217465,0.03558392209470773,0.06792777630144421,0,0,0,0,0,0,0,0
0.007644172171916258,-0.08373896449488985,1.5,-0.06787585461005945,0.07800403594970703,-0.14628059387207032,0,0,0.5,0,-0.007644172171916258,0.08373896449488985,-1,0.06787585461005945,-0.023812606538215597,0.09659819608002665,0.05662509856529532,0.060592260121738586,0,0,0,0,0,0,0,0
0.013930349354540576,-0.09342985166984659,1.496,-0.06571164633758649,0.10393461608886718,-0.13863330078125,0,0,0.5,0,-0.013930349354540576,0.09342985166984659,-0.996,0.06571164633758649,-0.03665870632439594,0.09926651405809776,0.04341884856529592,0.05523737181046348,0,0,0,0,0,0,0,0
0.020035743059161153,-0.10247025981792028,1.493,-0.06370451769779299,0.1002877426147461,-0.1292998504638672,0,0,0.5,0,-0.020035743059161153,0.10247025981792028,-0.9930000000000001,0.06370451769779299,-0.03872274353137328,0.10022941095386795,0.04035009856529522,0.053966553948854995,0,0,0,0,0,0,0,0
0.025261427364260885,-0.1133523325221315,1.488,-0.06290166624187558,0.08861779022216797,-0.15790986633300783,0,0,0.5,0,-0.025261427364260885,0.1133523325221315,-0.988,0.06290166624187558,-0.03652467490529352,0.11574205034735069,0.05528759856529654,0.058808751792356735,0,0,0,0,0,0,0,0
0.0284570663902349,-0.12175936208105541,1.483,-0.06162757588791975,0.055766799926757815,-0.12284287261962891,0,0,0.5,0,-0.0284570663902349,0.12175936208105541,-0.9830000000000001,0.06162757588791975,-0.02751778027359395,0.10701623526337142,0.059287598565295294,0.055424636521810955,0,0,0,0,0,0,0,0
0.03338713501920017,-0.12882144944966378,1.481,-0.06251769380643685,0.08033480072021484,-0.10117567443847657,0,0,0.5,0,-0.03338713501920017,0.12882144944966378,-0.9810000000000001,0.06251769380643685,-0.039467976479435,0.10319212634438757,0.04448134856529588,0.06645948071754493,0,0,0,0,0,0,0,0
0.036413216864516595,-0.1343578757143096,1.478,-0.06340781172495397,0.05049103927612305,-0.08004824829101563,0,0,0.5,0,-0.036413216864516595,0.1343578757143096,-0.978,0.06340781172495397,-0.03072878087475331,0.0977452412246044,0.05226596394991196,0.06734959863606214,0,0,0,0,0,0,0,0
0.037195451966388765,-0.13991891532249573,1.478,-0.06424556976591125,0.016995603561401368,-0.08250446319580078,0,0,0.5,0,-0.037195451966388765,0.13991891532249573,-0.978,0.06424556976591125,-0.019398310959935806,0.10065433819644537,0.03659432215886659,0.06795290946406496,0,0,0,0,0,0,0,0
0.036335074988329885,-0.14198039944036778,1.48,-0.06365215782023317,-0.010893777847290039,-0.0316870288848877,0,0,0.5,0,-0.036335074988329885,0.14198039944036778,-0.98,0.06365215782023317,-0.00998508765878344,0.08254688616772626,0.02405682215886658,0.0606508882060336,0,0,0,0,0,0,0,0
0.037176895221167405,-0.14210702842734846,1.486,-0.06442010269111068,0.012722553253173828,-0.0010923757553100587,0,0,0.5,0,-0.037176895221167405,0.14210702842734846,-0.986,0.06442010269111068,-0.019571675064644353,0.07219174995641695,-0.002281639379594979,0.0677020183840907,0,0,0,0,0,0,0,0
0.036302929246795075,-0.14075735605621892,1.492,-0.06550220682734718,-0.014385585784912109,0.019359161376953125,0,0,0.5,0,-0.036302929246795075,0.14075735605621892,-0.992,0.06550220682734718,-0.009895843269405149,0.06356759876564329,-0.007081639379594984,0.07023408836044572,0,0,0,0,0,0,0,0
0.03322987407128939,-0.13819496044383228,1.498,-0.06696828339902243,-0.04851281356811524,0.03533628845214844,0,0,0.5,0,-0.03322987407128939,0.13819496044383228,-0.998,0.06696828339902243,0.003302520991024571,0.05585529286187446,-0.011881639379594989,0.07344549418411522,0,0,0,0,0,0,0,0
0.02587025095633554,-0.13195511469402252,1.505,-0.06791076119509935,-0.11641028594970704,0.08600048828125,0,0,0.5,0,-0.02587025095633554,0.13195511469402252,-1.005,0.06791076119509935,0.029714132227393303,0.033233740470331785,-0.022784669682624624,0.07200797754565431,0,0,0,0,0,0,0,0
0.01851954722512169,-0.12490492966231341,1.512,-0.0695339173994541,-0.11718263244628906,0.09802688598632812,0,0,0.5,0,-0.01851954722512169,0.12490492966231341,-1.012,0.0695339173994541,0.033340706213172096,0.025277105006590268,-0.028384669682625933,0.07682181378881132,0,0,0,0,0,0,0,0
0.011292300055985536,-0.11939250783833157,1.519,-0.07232644420264502,-0.11389160919189453,0.07495450592041016,0,0,0.5,0,-0.011292300055985536,0.11939250783833157,-1.019,0.07232644420264502,0.036289563694244895,0.030801157520823144,-0.03398466968262465,0.08501143566355383,0,0,0,0,0,0,0,0
0.0030317137503323116,-0.11214789345835041,1.527,-0.0741066800396792,-0.1314376525878906,0.09943103790283203,0,0,0.5,0,-0.0030317137503323116,0.11214789345835041,-1.027,0.0741066800396792,0.045817897112459184,0.018130083247254083,-0.04560855027964017,0.0822590253834683,0,0,0,0,0,0,0,0
-0.00811037010308397,-0.10586870438784445,1.53,-0.0741415866247191,-0.17364610290527344,0.08155511474609375,0,0,0.5,0,0.00811037010308397,0.10586870438784445,-1.03,0.0741415866247191,0.06714712875349654,0.02027015837319353,-0.02066480027964085,0.07411270109978503,0,0,0,0,0,0,0,0
-0.017310139242483417,-0.10100890139509773,1.535,-0.07581710270663368,-0.14301718139648437,0.062474868774414063,0,0,0.5,0,0.017310139242483417,0.10100890139509773,-1.035,0.07581710270663368,0.06160059317534713,0.025254960268099848,-0.035112561473669465,0.08313422985427274,0,0,0,0,0,0,0,0
-0.029175601338359253,-0.09620513977461419,1.54,-0.07576474282907382,-0.1829285125732422,0.0583682746887207,0,0,0.5,0,0.029175601338359253,0.09620513977461419,-1.04,0.07576474282907382,0.08234272953704276,0.023164420414875694,-0.039112561473670794,0.07485388921731082,0,0,0,0,0,0,0,0
-0.037944417681059224,-0.09076075233484084,1.546,-0.07476990515543706,-0.13733638000488282,0.07147555541992187,0,0,0.5,0,0.037944417681059224,0.09076075233484084,-1.046,0.07476990515543706,0.07030553144155105,0.01704496856239155,-0.04921559177670052,0.06957506156150635,0,0,0,0,0,0,0,0
-0.047907539270403234,-0.08477865381760034,1.547,-0.0747000919853573,-0.15573223876953124,0.07831705474853516,0,0,0.5,0,0.047907539270403234,0.08477865381760034,-1.047,0.0747000919853573,0.0817179666412294,0.011158551963563627,-0.02309251485362289,0.07377459225399735,0,0,0,0,0,0,0,0
-0.05663140317029972,-0.07840608448222368,1.557,-0.0765152344074314,-0.1376268615722656,0.08555595397949219,0,0,0.5,0,0.05663140317029972,0.07840608448222368,-1.057,0.0765152344074314,0.07940697257107562,0.005869732121295898,-0.079554053315162,0.0842895297167815,0,0,0,0,0,0,0,0
-0.06775783342445985,-0.07360098355848511,1.562,-0.07637560806727185,-0.17191770935058595,0.05910796356201172,0,0,0.5,0,0.06775783342445985,0.07360098355848511,-1.062,0.07637560806727185,0.09771106987985678,0.01177951414538624,-0.057038901800011144,0.07526459082101453,0,0,0,0,0,0,0,0
-0.07566449848444137,-0.06884098636633625,1.57,-0.07614871526451261,-0.1237021484375,0.06214247131347656,0,0,0.5,0,0.07566449848444137,0.06884098636633625,-1.07,0.07614871526451261,0.08405631150418336,0.009646176581442959,-0.07984515180001056,0.07462863647481921,0,0,0,0,0,0,0,0
-0.0820072775053545,-0.06544011184226309,1.563,-0.07604399550939295,-0.09874680328369141,0.043627368927001954,0,0,0.5,0,0.0820072775053545,0.06544011184226309,-1.063,0.07604399550939295,0.07893436595897416,0.015153208013747265,0.005300302745444727,0.07507924875442488,0,0,0,0,0,0,0,0
-0.08941133442527603,-0.06279068956715005,1.559,-0.07384488065188011,-0.11375907135009766,0.031189109802246092,0,0,0.5,0,0.08941133442527603,0.06279068956715005,-1.059,0.07384488065188011,0.08835096772128789,0.017874778216745213,-0.0076535434084020314,0.0632136949627897,0,0,0,0,0,0,0,0
-0.09541736496679115,-0.06145850320193596,1.558,-0.07447319918259804,-0.09131922149658203,0.013281661987304688,0,0,0.5,0,0.09541736496679115,0.06145850320193596,-1.058,0.07447319918259804,0.08382614864678015,0.02430149377974796,-0.023007389562248882,0.07689170605457273,0,0,0,0,0,0,0,0
-0.10024582161323167,-0.05998021403324831,1.553,-0.07675958050271062,-0.07387596130371094,0.0167239990234375,0,0,0.5,0,0.10024582161323167,0.05998021403324831,-1.053,0.07675958050271062,0.08008887154796893,0.02279912559516912,0.0018881328258120895,0.08660224911824344,0,0,0,0,0,0,0,0
-0.10571194975320387,-0.05905333791179087,1.548,-0.07764969842122774,-0.08281664276123046,0.007574716091156006,0,0,0.5,0,0.10571194975320387,0.05905333791179087,-1.048,0.07764969842122774,0.0863092015982064,0.02535122763648059,0.00588813282581079,0.08094738234178184,0,0,0,0,0,0,0,0
-0.10684406948508388,-0.05869185205925962,1.545,-0.07761479183618783,-0.01735124206542969,0.004088642597198486,0,0,0.5,0,0.10684406948508388,0.05869185205925962,-1.045,0.07761479183618783,0.06353829311288071,0.028214893850586772,-0.0024810979434187006,0.07664313189417105,0,0,0,0,0,0,0,0
-0.10770371303981768,-0.05703310534004993,1.543,-0.07716100623066932,-0.01478504467010498,0.02380648422241211,0,0,0.5,0,0.10770371303981768,0.05703310534004993,-1.043,0.07716100623066932,0.06250093547484503,0.020400269670405723,-0.006265713328034685,0.07425605850182822,0,0,0,0,0,0,0,0
-0.10694775332747447,-0.055199092873307626,1.547,-0.07773696488382745,0.009185048103332519,0.02830242347717285,0,0,0.5,0,0.10694775332747447,0.055199092873307626,-1.047,0.07773696488382745,0.053423553411335624,0.01853952479647431,-0.04177340563572701,0.07958468296426312,0,0,0,0,0,0,0,0
-0.10585116982881718,-0.05264059202089131,1.545,-0.07794640439406678,0.013418729782104493,0.03953900146484375,0,0,0.5,0,0.10585116982881718,0.05264059202089131,-1.045,0.07794640439406678,0.05109588367379909,0.013475633549581029,-0.00883012205363743,0.07815299198382127,0,0,0,0,0,0,0,0
-0.10373956425052733,-0.05103973709938932,1.544,-0.07890633548266364,0.029708093643188476,0.02640629577636719,0,0,0.5,0,0.10373956425052733,0.05103973709938932,-1.044,0.07890633548266364,0.04448917888666363,0.017912332273517746,-0.01349887205363813,0.08263085234596906,0,0,0,0,0,0,0,0
-0.10208224288190157,-0.04923723724379962,1.544,-0.07899360194526336,0.022651252746582032,0.028912933349609374,0,0,0.5,0,0.10208224288190157,0.04923723724379962,-1.044,0.07899360194526336,0.04583859318019228,0.016044291565850344,-0.01829339260158281,0.0791318258250189,0,0,0,0,0,0,0,0
-0.0986317760899266,-0.04727114073675345,1.544,-0.0800757060814998,0.04926839065551758,0.03348370361328125,0,0,0.5,0,0.0986317760899266,0.04727114073675345,-1.044,0.0800757060814998,0.03329265464330437,0.014074022139745089,-0.01829339260158281,0.08535964206627283,0,0,0,0,0,0,0,0
-0.09520530946630823,-0.042050258436786295,1.542,-0.08100073058505683,0.044968017578125,0.08217354583740234,0,0,0.5,0,0.09520530946630823,0.042050258436786295,-1.042,0.08100073058505683,0.03170116131591274,-0.005046202017808719,-0.006548465065350919,0.08560171164513676,0,0,0,0,0,0,0,0
-0.08663860294430224,-0.03546934440123553,1.547,-0.08255407361933177,0.12009213256835938,0.10878731536865234,0,0,0.5,0,0.08663860294430224,0.03546934440123553,-1.047,0.08255407361933177,-0.001599675242439709,-0.016014257542910908,-0.0500645940976083,0.0901953056344984,0,0,0,0,0,0,0,0
-0.07724649209622585,-0.026735454999433438,1.544,-0.08356636458548848,0.129598876953125,0.1421793212890625,0,0,0.5,0,0.07724649209622585,0.026735454999433438,-1.044,0.08356636458548848,-0.010672874819881589,-0.031798495852720515,-0.005240351673367102,0.0887482690182995,0,0,0,0,0,0,0,0
-0.06819951679977787,-0.016203322025129606,1.552,-0.08429940287132612,0.12204444885253907,0.16875784301757812,0,0,0.5,0,0.06819951679977787,0.016203322025129606,-1.052,0.08429940287132612,-0.013278942736836576,-0.04705480440932653,-0.07275146278447765,0.08815153263595109,0,0,0,0,0,0,0,0
-0.060195327810229356,-0.003682900871667406,1.55,-0.08644615785127915,0.1038232650756836,0.19724864196777345,0,0,0.5,0,0.060195327810229356,0.003682900871667406,-1.05,0.08644615785127915,-0.011833646076165924,-0.06370159502643716,-0.018912656814328355,0.09662836236567457,0,0,0,0,0,0,0,0
-0.053268271964462884,0.009319297512820991,1.55,-0.08950048404226923,0.08667897796630859,0.20327577209472655,0,0,0.5,0,0.053268271964462884,-0.009319297512820991,-1.05,0.08950048404226923,-0.009406602118991077,-0.07283741345085587,-0.029850156814328364,0.1039369286084008,0,0,0,0,0,0,0,0
-0.041727975950422776,0.021603861996421257,1.549,-0.09232791743050003,0.15594148254394533,0.19900318908691406,0,0,0.5,0,0.041727975950422776,-0.021603861996421257,-1.049,0.09232791743050003,-0.04001727410902298,-0.07511551314941221,-0.02366554142971229,0.10571716444543491,0,0,0,0,0,0,0,0
-0.03129414682003042,0.03386521971654535,1.541,-0.0943175927777736,0.13888397216796874,0.1975664978027344,0,0,0.5,0,0.03129414682003042,-0.03386521971654535,-1.041,0.0943175927777736,-0.03936656126093562,-0.08112312583952488,0.019855670691499284,0.10389884869744834,0,0,0,0,0,0,0,0
-0.0204019142716761,0.04487578864753287,1.534,-0.09522516398881062,0.14710304260253906,0.17981156921386718,0,0,0.5,0,0.0204019142716761,-0.04487578864753287,-1.034,0.09522516398881062,-0.04728100363183106,-0.07989339374812936,0.020071055306883214,0.09981209312585512,0,0,0,0,0,0,0,0
-0.01048315950715232,0.05362040230801324,1.532,-0.09665633397544596,0.13563552856445313,0.1447212677001953,0,0,0.5,0,0.01048315950715232,-0.05362040230801324,-1.032,0.09665633397544596,-0.04699857756269772,-0.07206440296794646,-0.00525202161619313,0.10365987284602118,0,0,0,0,0,0,0,0
0.0020269731948912156,0.06178375079643316,1.524,-0.09894271529555855,0.17495893859863282,0.13998820495605468,0,0,0.5,0,-0.0020269731948912156,-0.06178375079643316,-1.024,0.09894271529555855,-0.06720721742344127,-0.07301618782413863,0.0334556706914992,0.10989338339756725,0,0,0,0,0,0,0,0
0.01283692549199548,0.06889629025795257,1.524,-0.1012116433231512,0.15081744384765625,0.12218362426757813,0,0,0.5,0,-0.01283692549199548,-0.06889629025795257,-1.024,0.1012116433231512,-0.06345737600693578,-0.07091425510235713,-0.009621252385423912,0.11208175776737557,0,0,0,0,0,0,0,0
0.022406771414522214,0.0745902062099097,1.521,-0.10222393428930791,0.1341834716796875,0.0994755630493164,0,0,0.5,0,-0.022406771414522214,-0.0745902062099097,-1.021,0.10222393428930791,-0.0618593985108148,-0.06645947442617689,0.008219924085164997,0.10755006169778547,0,0,0,0,0,0,0,0
0.03166293678344428,0.08005809825626721,1.517,-0.10309659891530508,0.12974803161621093,0.09575853729248048,0,0,0.5,0,-0.03166293678344428,-0.08005809825626721,-1.017,0.10309659891530508,-0.06474481145302766,-0.06793773208491326,0.016975479640719944,0.10775783898968957,0,0,0,0,0,0,0,0
0.03909264243871362,0.08673825181541037,1.521,-0.10309659891530508,0.10054161071777344,0.11113957214355469,0,0,0.5,0,-0.03909264243871362,-0.08673825181541037,-1.021,0.10309659891530508,-0.058624881207147664,-0.07780537085640758,-0.029301443436203167,0.10373015610047188,0,0,0,0,0,0,0,0
0.044442912648446846,0.09066769920419243,1.517,-0.10478956828973958,0.07376199340820312,0.06688801574707032,0,0,0.5,0,-0.044442912648446846,-0.09066769920419243,-1.017,0.10478956828973958,-0.05010305622066598,-0.06495859978731582,0.016975479640719944,0.1132368302799887,0,0,0,0,0,0,0,0
0.048205864822721566,0.09389274925408696,1.513,-0.10747737533781083,0.05107466125488281,0.05401434326171875,0,0,0.5,0,-0.048205864822721566,-0.09389274925408696,-1.013,0.10747737533781083,-0.04343743519379599,-0.0627782160644071,0.020175479640719945,0.12051619582176805,0,0,0,0,0,0,0,0
0.051336928310513744,0.09605262990262523,1.521,-0.10918779800476526,0.04321957778930664,0.03724933242797852,0,0,0.5,0,-0.051336928310513744,-0.09605262990262523,-1.021,0.10918779800476526,-0.04170205588890268,-0.058293838620397276,-0.04891108752345921,0.11785027051357248,0,0,0,0,0,0,0,0
0.05428593239274552,0.09742526732864161,1.517,-0.10965903690280375,0.04172797393798828,0.02528728675842285,0,0,0.5,0,-0.05428593239274552,-0.09742526732864161,-1.017,0.10965903690280375,-0.04218092055586012,-0.05467492096023892,0.01991391247654084,0.11251283549481753,0,0,0,0,0,0,0,0
0.056792959201987146,0.09858579825483257,1.516,-0.10986847641304309,0.03547440719604492,0.021418914794921876,0,0,0.5,0,-0.056792959201987146,-0.09858579825483257,-1.016,0.10986847641304309,-0.04105455633668783,-0.05411307450119752,0.004560066322693991,0.11151397013829158,0,0,0,0,0,0,0,0
0.05919519624022282,0.09794813679080078,1.517,-0.10976375665792343,0.03686506271362305,-0.005556258678436279,0,0,0.5,0,-0.05919519624022282,-0.09794813679080078,-1.017,0.10976375665792343,-0.04169142224269668,-0.04411166936028983,-0.007009164446535503,0.10995928454305341,0,0,0,0,0,0,0,0
0.060281892145585804,0.09601825850226146,1.524,-0.11107275359691916,0.019373426437377928,-0.026988357543945313,0,0,0.5,0,-0.060281892145585804,-0.09601825850226146,-1.024,0.11107275359691916,-0.03525841570287149,-0.03629406523757123,-0.044427346264718615,0.11769426645530096,0,0,0,0,0,0,0,0
0.060540994984903944,0.09313648048814493,1.534,-0.11178833859023685,0.008654031753540039,-0.042529495239257815,0,0,0.5,0,-0.060540994984903944,-0.09313648048814493,-1.034,0.11178833859023685,-0.03099921601471699,-0.02980522314033076,-0.06833643717380895,0.11571252442280931,0,0,0,0,0,0,0,0
0.06104372583032347,0.08897528004691885,1.534,-0.11245156370599471,0.014456974983215331,-0.06118716812133789,0,0,0.5,0,-0.06104372583032347,-0.08897528004691885,-1.034,0.11245156370599471,-0.03258292209579371,-0.02072778152146232,-0.013648937173808912,0.11613031261250553,0,0,0,0,0,0,0,0
0.059523364548964675,0.0833979534535621,1.533,-0.11164871225007726,-0.013273508071899413,-0.08569060516357421,0,0,0.5,0,-0.059523364548964675,-0.0833979534535621,-1.033,0.11164871225007726,-0.020929168464769506,-0.010313823559465012,-0.0074643217891928355,0.10856095390270201,0,0,0,0,0,0,0,0
0.05658346137020654,0.07832832725591463,1.53,-0.10835003996380796,-0.035351348876953126,-0.08048424530029297,0,0,0.5,0,-0.05658346137020654,-0.07832832725591463,-1.03,0.10835003996380796,-0.011815529735547847,-0.010512781822152732,0.005704908980036661,0.09374310855327031,0,0,0,0,0,0,0,0
0.05401624965262896,0.07148907883092438,1.528,-0.10588912571849601,-0.027188602447509765,-0.10615133666992188,0,0,0.5,0,-0.05401624965262896,-0.07148907883092438,-1.028,0.10588912571849601,-0.012508317989080173,0.0022912026868570686,0.002001878677006944,0.09509018540321908,0,0,0,0,0,0,0,0
0.05051801615799703,0.0640122853810281,1.527,-0.10363765098342329,-0.04032611083984375,-0.11706973266601563,0,0,0.5,0,-0.05051801615799703,-0.0640122853810281,-1.027,0.10363765098342329,-0.0058219645452638755,0.009410519998428141,-0.002501151626022685,0.09379070844196097,0,0,0,0,0,0,0,0
0.049243067848615554,0.058397276315273375,1.524,-0.1031489587928649,-0.010308334350585938,-0.08575166320800781,0,0,0.5,0,-0.049243067848615554,-0.058397276315273375,-1.024,0.1031489587928649,-0.01734308124741155,0.0020363911805313644,0.010836348373976023,0.10156505942881355,0,0,0,0,0,0,0,0
0.04926068402181814,0.052241152131223594,1.523,-0.10269517318734633,0.009770923614501954,-0.09182384490966797,0,0,0.5,0,-0.04926068402181814,-0.052241152131223594,-1.023,0.10269517318734633,-0.024104091854974342,0.007941174039769197,0.0011885871799474125,0.10126757196526434,0,0,0,0,0,0,0,0
0.049224716812902095,0.04736321226301209,1.516,-0.10363765098342329,0.00696424674987793,-0.07283891296386719,0,0,0.5,0,-0.049224716812902095,-0.04736321226301209,-1.016,0.10363765098342329,-0.023793074129555093,0.0033900734966343495,0.03960108717994615,0.10875503445632027,0,0,0,0,0,0,0,0
0.04769628156436968,0.04393731034942431,1.512,-0.10461503536454012,-0.01748725700378418,-0.05348460006713867,0,0,0.5,0,-0.04769628156436968,-0.04393731034942431,-1.012,0.10461503536454012,-0.014992490138123822,-0.002715641456084079,0.026647241026100582,0.10989352615300578,0,0,0,0,0,0,0,0
0.04456157623849152,0.04224819544679209,1.509,-0.10478956828973957,-0.04411774063110351,-0.030108295440673827,0,0,0.5,0,-0.04456157623849152,-0.04224819544679209,-1.009,0.10478956828973957,-0.004907038580169373,-0.01108131815377476,0.023744210723070956,0.10641873427858077,0,0,0,0,0,0,0,0
0.04062691500722291,0.041488827155151675,1.503,-0.10442304914682074,-0.057504745483398435,-0.017501401901245116,0,0,0.5,0,-0.04062691500722291,-0.041488827155151675,-1.003,0.10442304914682074,0.0014350508930689055,-0.01578618578681596,0.044950460723070365,0.10351603356635752,0,0,0,0,0,0,0,0
0.03801164453498706,0.03953985938073589,1.497,-0.10414379646650163,-0.035968158721923826,-0.03316424942016601,0,0,0.5,0,-0.03801164453498706,-0.03953985938073589,-0.9970000000000001,0.10414379646650163,-0.0043617256502203215,-0.00840616622312532,0.049750460723069,0.10363954917496015,0,0,0,0,0,0,0,0
0.03399144282371828,0.03957589388560376,1.498,-0.10302678574522528,-0.060032489776611325,-0.005731250762939453,0,0,0.5,0,-0.03399144282371828,-0.03957589388560376,-0.998,0.10302678574522528,0.005098768139679609,-0.018950710714184676,0.011829248601858702,0.09871454735842367,0,0,0,0,0,0,0,0
0.027852404668370124,0.0407827192524834,1.5,-0.10145598941843037,-0.09345901489257813,0.00853588581085205,0,0,0.5,0,-0.027852404668370124,-0.0407827192524834,-1,0.10145598941843037,0.019577406531627248,-0.025858381885380192,0.004844633217242714,0.09504935592923539,0,0,0,0,0,0,0,0
0.022194778163518836,0.04311879122940757,1.493,-0.09913470151327794,-0.08797703552246093,0.02626565170288086,0,0,0.5,0,-0.022194778163518836,-0.04311879122940757,-0.9930000000000001,0.09913470151327794,0.01992836570061314,-0.03283871660201269,0.0567681626290068,0.0894170757666233,0,0,0,0,0,0,0,0
0.017283248166852852,0.04830710884904189,1.489,-0.09541715020653,-0.08101373291015625,0.07015106964111328,0,0,0.5,0,-0.017283248166852852,-0.04830710884904189,-0.9890000000000001,0.09541715020653,0.018172295572093607,-0.05153426210454837,0.04303267875803968,0.07894341122634867,0,0,0,0,0,0,0,0
0.013458542792526779,0.053689529255653526,1.488,-0.09199630487262112,-0.06480155944824219,0.0749032211303711,0,0,0.5,0,-0.013458542792526779,-0.053689529255653526,-0.988,0.09199630487262112,0.014321184352908642,-0.055254805269097575,0.027923587848949435,0.07687122940534465,0,0,0,0,0,0,0,0
0.009594125833069015,0.059735217644349026,1.485,-0.08951793733478916,-0.06605208587646484,0.0849766845703125,0,0,0.5,0,-0.009594125833069015,-0.059735217644349026,-0.9850000000000001,0.08951793733478916,0.01646722444488509,-0.061849092443896886,0.04109281861817893,0.07874275938786772,0,0,0,0,0,0,0,0
0.004016078315260722,0.0668168732128537,1.49,-0.08635889138867942,-0.09283202362060547,0.09831947326660156,0,0,0.5,0,-0.004016078315260722,-0.0668168732128537,-0.99,0.08635889138867942,0.028483489671830536,-0.07096820504250635,-0.005984104458742902,0.07244212078816817,0,0,0,0,0,0,0,0
-0.0012218700874033616,0.07242474429323811,1.492,-0.08307767239493011,-0.08553174591064452,0.07702787017822266,0,0,0.5,0,0.0012218700874033616,-0.07242474429323811,-0.992,0.08307767239493011,0.029325826704498802,-0.0660732663910255,0.008087537332301307,0.0686138582975253,0,0,0,0,0,0,0,0
-0.0036441670829593237,0.07862260957327798,1.5,-0.07990117315630041,-0.04392382049560547,0.08963222503662109,0,0,0.5,0,0.0036441670829593237,-0.07862260957327798,-1,0.07990117315630041,0.015138881569654244,-0.0723987298104112,-0.03112496266769872,0.06592823291101876,0,0,0,0,0,0,0,0
-0.0057801251403976,0.08498153296211261,1.505,-0.07655014099247127,-0.03955032730102539,0.09252227783203125,0,0,0.5,0,0.0057801251403976,-0.08498153296211261,-1.005,0.07655014099247127,0.01466503554697046,-0.0764454274752619,-0.018971116513851874,0.061771664169346076,0,0,0,0,0,0,0,0
-0.008889733254906051,0.09100130213339012,1.504,-0.07468263869283738,-0.053412986755371095,0.08646497344970704,0,0,0.5,0,0.008889733254906051,-0.09100130213339012,-1.004,0.07468263869283738,0.021383135361415003,-0.07765676696779472,0.013647065304328701,0.066647479434236,0,0,0,0,0,0,0,0
-0.011579203385108056,0.09664746932801814,1.512,-0.07189011188964643,-0.046548782348632814,0.08144638061523438,0,0,0.5,0,0.011579203385108056,-0.09664746932801814,-1.012,0.07189011188964643,0.02043024082484013,-0.07843671475530678,-0.04197168469567074,0.059518900270621365,0,0,0,0,0,0,0,0
-0.012688477414367887,0.1026515574234097,1.52,-0.07007496946757232,-0.023065074920654297,0.08863353729248047,0,0,0.5,0,0.012688477414367887,-0.1026515574234097,-1.02,0.07007496946757232,0.012605050031443367,-0.08333682418583954,-0.04837168469567074,0.062146414126351024,0,0,0,0,0,0,0,0
-0.012915319537391966,0.10923582604502541,1.53,-0.06979571678725323,-0.010309504508972169,0.09828339385986327,0,0,0.5,0,0.012915319537391966,-0.10923582604502541,-1.03,0.06979571678725323,0.007966914674762893,-0.08975300748400819,-0.06714091546490153,0.06895588333105515,0,0,0,0,0,0,0,0
-0.011541111012777237,0.11589665995410497,1.528,-0.06946410422937428,0.013595135688781738,0.10110678863525391,0,0,0.5,0,0.011541111012777237,-0.11589665995410497,-1.028,0.06946410422937428,-0.0013412315363688157,-0.09349569906335337,-0.0009255308495168674,0.06838260979982301,0,0,0,0,0,0,0,0
-0.010340447451328562,0.12078224544706012,1.526,-0.06935938447425465,0.012880020141601563,0.07435708618164062,0,0,0.5,0,0.010340447451328562,-0.12078224544706012,-1.026,0.06935938447425465,-0.001021249118485295,-0.0865242956637166,0.0006744691504831342,0.0693092209663366,0,0,0,0,0,0,0,0
-0.008439778433375907,0.12328415511927247,1.515,-0.0699877030049726,0.02584060859680176,0.03941426467895508,0,0,0.5,0,0.008439778433375907,-0.12328415511927247,-1.015,0.0699877030049726,-0.005740843777867672,-0.07494007300351542,0.05793600761202234,0.07332079312399731,0,0,0,0,0,0,0,0
-0.006769618248270238,0.12478732616218767,1.515,-0.07068583470577036,0.023414306640625,0.02424429512023926,0,0,0.5,0,0.006769618248270238,-0.12478732616218767,-1.015,0.07068583470577036,-0.005334722462782876,-0.07031383513644987,-0.0012947616187475378,0.0743411394559326,0,0,0,0,0,0,0,0
-0.005440201758623422,0.12437017526097856,1.52,-0.07206464481484587,0.020333381652832033,-0.004833247661590576,0,0,0.5,0,0.005440201758623422,-0.12437017526097856,-1.02,0.07206464481484587,-0.004164656962827855,-0.05976506460209911,-0.032217838541825174,0.07886154221859772,0,0,0,0,0,0,0,0
-0.004518166343212748,0.12400912364232176,1.516,-0.07333873516880174,0.014184581756591796,-0.004405887603759766,0,0,0.5,0,0.004518166343212748,-0.12400912364232176,-1.016,0.07333873516880174,-0.002465320488977896,-0.059882034988123924,0.01870943418544818,0.07965963368564614,0,0,0,0,0,0,0,0
-0.0021605205030912423,0.12377207216450364,1.506,-0.07517133088339578,0.035530166625976564,-0.0009549368619918824,0,0,0.5,0,0.0021605205030912423,-0.12377207216450364,-1.006,0.07517133088339578,-0.01125722899462639,-0.060421085753662375,0.05852761600363003,0.0840308901304137,0,0,0,0,0,0,0,0
-0.000982927771708459,0.12237926213569411,1.506,-0.07620107514207244,0.019183019638061523,-0.019506582260131834,0,0,0.5,0,0.000982927771708459,-0.12237926213569411,-1.006,0.07620107514207244,-0.005392609921902892,-0.05340412616352332,0.0038401160036299897,0.08129726818947765,0,0,0,0,0,0,0,0
-0.0005877071902556382,0.12076894524657648,1.49,-0.077562431958628,0.007749942779541016,-0.023633352279663088,0,0,0.5,0,0.0005877071902556382,-0.12076894524657648,-0.99,0.077562431958628,-0.0013774470976218138,-0.051427776932690156,0.10279396215747622,0.08418914450393578,0,0,0,0,0,0,0,0
0.0020570766139122944,0.11940408299759235,1.483,-0.0804247719318987,0.041138824462890626,-0.01733742904663086,0,0,0.5,0,-0.0020570766139122944,-0.11940408299759235,-0.9830000000000001,0.0804247719318987,-0.014812871737402533,-0.052067024639686134,0.05993242369593703,0.09397909904666103,0,0,0,0,0,0,0,0
0.003026504291177353,0.11823072412342664,1.477,-0.08237954069413234,0.01590839385986328,-0.016375263214111327,0,0,0.5,0,-0.003026504291177353,-0.11823072412342664,-0.9770000000000001,0.08237954069413234,-0.006276437200404201,-0.05251151722085632,0.05934780831132224,0.09174507760410817,0,0,0,0,0,0,0,0
0.003978609170811813,0.11799540111690635,1.475,-0.08292059276225061,0.014523598670959472,-0.002342695236206055,0,0,0.5,0,-0.003978609170811813,-0.11799540111690635,-0.9750000000000001,0.08292059276225061,-0.006661997413792932,-0.05729404308589313,0.04005228592326253,0.08595605492245618,0,0,0,0,0,0,0,0
0.004155357742653442,0.11661165951371062,1.472,-0.08337437836776912,0.004361257553100586,-0.02046521759033203,0,0,0.5,0,-0.004155357742653442,-0.11661165951371062,-0.972,0.08337437836776912,-0.002510141891471706,-0.05032175808372651,0.04792103592326323,0.08600077898453828,0,0,0,0,0,0,0,0
0.004143341785771341,0.11599251123365205,1.472,-0.08377580409572782,0.0005938065052032471,-0.009269973754882813,0,0,0.5,0,-0.004143341785771341,-0.11599251123365205,-0.972,0.08377580409572782,-0.0014877095275951824,-0.054129224914435725,0.03176718976941647,0.08616054373914404,0,0,0,0,0,0,0,0
0.005102634115835083,0.11435457645983055,1.479,-0.0847357351843247,0.01639480209350586,-0.02327878189086914,0,0,0.5,0,-0.005102634115835083,-0.11435457645983055,-0.9790000000000001,0.0847357351843247,-0.006894281785830603,-0.04814249995046665,-0.009340056607395807,0.08954875900442863,0,0,0,0,0,0,0,0
0.006300528786808289,0.11038236461021361,1.476,-0.08571311956544152,0.02294673538208008,-0.05784865188598633,0,0,0.5,0,-0.006300528786808289,-0.11038236461021361,-0.976,0.08571311956544152,-0.008862258946207579,-0.03276300096781552,0.05043699257293348,0.0906119792503976,0,0,0,0,0,0,0,0
0.005387674512456848,0.10654937021960482,1.476,-0.08461356213668507,-0.00872050952911377,-0.058456062316894535,0,0,0.5,0,-0.005387674512456848,-0.10654937021960482,-0.976,0.08461356213668507,0.0026204686516192854,-0.031573759155389514,0.03476535078188811,0.08021268237444742,0,0,0,0,0,0,0,0
0.004265824190872313,0.1035444101936798,1.479,-0.08504989444968368,-0.012958195686340332,-0.04633530044555664,0,0,0.5,0,-0.004265824190872313,-0.1035444101936798,-0.9790000000000001,0.08504989444968368,0.004306757143666672,-0.0345299257214934,0.01621150462804126,0.08773773657246939,0,0,0,0,0,0,0,0
0.0014972685442110538,0.0986174480557204,1.486,-0.0826064334968916,-0.035100238800048825,-0.07716502380371094,0,0,0.5,0,-0.0014972685442110538,-0.0986174480557204,-0.986,0.0826064334968916,0.014696454713510637,-0.02155549560232572,-0.01126349537195746,0.07179524468628347,0,0,0,0,0,0,0,0
-0.0013951123648593819,0.09587096561927864,1.488,-0.08061675814961809,-0.03983848190307617,-0.04463661956787109,0,0,0.5,0,0.0013951123648593819,-0.09587096561927864,-0.988,0.08061675814961809,0.016799294286882396,-0.0317454043163954,0.013651656143193486,0.07186823118227616,0,0,0,0,0,0,0,0
-0.002543831907282016,0.09134916760110302,1.488,-0.08035495876181893,-0.011712761878967285,-0.06899427032470704,0,0,0.5,0,0.002543831907282016,-0.09134916760110302,-0.988,0.08035495876181893,0.007984708237682474,-0.01992511371335599,0.024420886912424264,0.07958124391512784,0,0,0,0,0,0,0,0
-0.001976165175544296,0.0852241691782305,1.49,-0.07873180255746422,0.01586219310760498,-0.09089503479003906,0,0,0.5,0,0.001976165175544296,-0.0852241691782305,-0.99,0.07873180255746422,-0.0015412050659729063,-0.008229996938167193,0.012051656143193486,0.07167490240359366,0,0,0,0,0,0,0,0
-0.0029005465959709106,0.07910283460183927,1.493,-0.07810348402674623,-0.0066010794639587405,-0.09262612915039062,0,0,0.5,0,0.0029005465959709106,-0.07910283460183927,-0.9930000000000001,0.07810348402674623,0.006955091078971434,-0.005189058054101594,0.004267040758577408,0.07563814236658364,0,0,0,0,0,0,0,0
-0.002933293036781652,0.07278307035827417,1.498,-0.07888888219014369,0.006906709671020508,-0.0945457992553711,0,0,0.5,0,0.002933293036781652,-0.07278307035827417,-0.998,0.07888888219014369,0.0021703528706759484,-0.0009607084936905019,-0.010502190010652088,0.0829483868105139,0,0,0,0,0,0,0,0
0.0006840657682212319,0.06749399740357179,1.502,-0.08040731863937876,0.0603438720703125,-0.07481324768066407,0,0,0.5,0,-0.0006840657682212319,-0.06749399740357179,-1.002,0.08040731863937876,-0.018706040502493682,-0.00370038024174161,-0.008478309413637742,0.08774908424111147,0,0,0,0,0,0,0,0
0.001411357571204976,0.06297694000205332,1.513,-0.08112290363269643,0.016316328048706055,-0.06666069793701172,0,0,0.5,0,-0.001411357571204976,-0.06297694000205332,-1.013,0.08112290363269643,-0.003264632486693385,-0.00566381159745692,-0.05555955941363708,0.0847013030348163,0,0,0,0,0,0,0,0
0.002953726097037224,0.0587878920569105,1.512,-0.08367108434060815,0.028151269912719726,-0.06075431060791016,0,0,0.5,0,-0.002953726097037224,-0.0587878920569105,-1.012,0.08367108434060815,-0.008424691411101453,-0.005335492389985085,0.009855825201746313,0.09570761781008513,0,0,0,0,0,0,0,0
0.005855557676696061,0.0552088445149234,1.513,-0.08515461420480334,0.04786190032958984,-0.04986015701293945,0,0,0.5,0,-0.005855557676696061,-0.0552088445149234,-1.013,0.08515461420480334,-0.017195792875381734,-0.00683058617444547,-0.0017134055674831814,0.09227737454943488,0,0,0,0,0,0,0,0
0.0068396537015743145,0.05083580644384302,1.512,-0.08625417163355979,0.020286970138549805,-0.06410240173339844,0,0,0.5,0,-0.0068396537015743145,-0.05083580644384302,-1.012,0.08625417163355979,-0.00736157251592541,-0.00036873352071067206,0.009855825201746313,0.09160475150693556,0,0,0,0,0,0,0,0
0.008836975656058628,0.04586023014120353,1.513,-0.08770279491271503,0.03627793502807617,-0.07177523040771484,0,0,0.5,0,-0.008836975656058628,-0.04586023014120353,-1.013,0.08770279491271503,-0.013653204767229074,0.005266642407410404,-0.0013919359922822984,0.09461635620578687,0,0,0,0,0,0,0,0
0.011301393406286053,0.04058162426217471,1.51,-0.08970992355250854,0.043759517669677735,-0.07563687896728516,0,0,0.5,0,-0.011301393406286053,-0.04058162426217471,-1.01,0.08970992355250854,-0.01740054485019031,0.009537643065944276,0.022546525546177976,0.09920120189468008,0,0,0,0,0,0,0,0
0.014312254426082558,0.035768205925992974,1.509,-0.09143779951198294,0.05144979095458985,-0.06786480712890625,0,0,0.5,0,-0.014312254426082558,-0.035768205925992974,-1.009,0.09143779951198294,-0.021894336990544466,0.009400357859090144,0.012409025546179269,0.09962008091515871,0,0,0,0,0,0,0,0
0.016304420851198945,0.03206468892827913,1.507,-0.09286896949861831,0.034830207824707034,-0.05259209823608398,0,0,0.5,0,-0.016304420851198945,-0.03206468892827913,-1.007,0.09286896949861831,-0.017405141616363563,0.005275724535427665,0.019393640930794064,0.09968183871946006,0,0,0,0,0,0,0,0
0.01964748440924884,0.02761115078115951,1.504,-0.09344492815177641,0.056124881744384764,-0.061864891052246095,0,0,0.5,0,-0.01964748440924884,-0.02761115078115951,-1.004,0.09344492815177641,-0.02624052182761166,0.011479878492199884,0.027096671233823696,0.09637047312953967,0,0,0,0,0,0,0,0
0.022456172956095737,0.023470710512831356,1.504,-0.09683086690064542,0.047741626739501955,-0.05790450668334961,0,0,0.5,0,-0.022456172956095737,-0.023470710512831356,-1.004,0.09683086690064542,-0.024811059223443458,0.011889731087318296,0.011187580324733364,0.11252904867709465,0,0,0,0,0,0,0,0
0.023441375894836258,0.017911906798494127,1.505,-0.10068804454755288,0.02277016258239746,-0.0815627212524414,0,0,0.5,0,-0.023441375894836258,-0.017911906798494127,-1.005,0.10068804454755288,-0.015331473773481968,0.022425808039849043,0.004918830324734055,0.11859515865855734,0,0,0,0,0,0,0,0
