0.07856323484591175,0.21555337738915156,0.719,0.9106604438130813,-0.07386672973632813,0.015004399299621583,0,0,1,0,-0.07856323484591175,-0.21555337738915156,0.281,-0.9106604438130813,-0.039281617422955876,-0.10777668869457578,0.22480000000000003,-1,0,0,0,0,0,0,0,0
0.07643737149614618,0.2130647843594563,0.719,0.9111491360036397,-0.04904088973999023,0.0022975943088531492,0,0,1,0,-0.07643737149614618,-0.2130647843594563,0.281,-0.9111491360036397,-0.02688988924535676,-0.09404918348955241,0.22657030000000003,-1,0,0,0,0,0,0,0,0
0.07246249347082277,0.2103991932749655,0.715,0.8908335035104257,-0.06813494110107422,0.02261109924316406,0,0,1,0,-0.07246249347082277,-0.2103991932749655,0.28500000000000003,-0.8908335035104257,-0.014723242073046636,-0.09279868817125568,0.2541179451612904,-1,0,0,0,0,0,0,0,0
0.06926012057320818,0.20690049598347923,0.718,0.8325918663713751,-0.07101165771484375,0.0043544602394104005,0,0,1,0,-0.06926012057320818,-0.20690049598347923,0.28200000000000003,-0.8325918663713751,-0.021731490150544222,-0.09201157228197247,0.21787536153846154,-1,0,0,0,0,0,0,0,0
0.06477134162348741,0.20391831077383496,0.719,0.7517482154189976,-0.07839944458007812,0.019700361251831056,0,0,1,0,-0.06477134162348741,-0.20391831077383496,0.281,-0.7517482154189976,-0.00932712127260545,-0.0909367521440983,0.22675164444444446,-1,0,0,0,0,0,0,0,0
0.059384760353911735,0.19982178586926613,0.722,0.6606769350499335,-0.1009869384765625,0.010291376113891602,0,0,1,0,-0.059384760353911735,-0.19982178586926613,0.278,-0.6606769350499335,-0.0015315569136086712,-0.08356953655722384,0.2146953161290323,-1,0,0,0,0,0,0,0,0
0.05733839568997982,0.19583711421867003,0.729,0.5628337771831313,-0.06091443252563476,-0.02835675621032715,0,0,1,0,-0.05733839568997982,-0.19583711421867003,0.271,-0.5628337771831313,-0.019909033967275308,-0.08379945364208385,0.1888492111111111,-1,0,0,0,0,0,0,0,0
0.05510506547271771,0.18921895074268388,0.738,0.46252970507101726,-0.08130275726318359,-0.0660842514038086,0,0,1,0,-0.05510506547271771,-0.18921895074268388,0.262,-0.46252970507101726,-0.017895203550978865,-0.06643999385656557,0.17135604838709675,-1,0,0,0,0,0,0,0,0
0.05130816139641263,0.18119160598380943,0.753,0.36222563295890314,-0.10469789123535156,-0.08234481811523438,0,0,1,0,-0.05130816139641263,-0.18119160598380943,0.247,-0.36222563295890314,-0.0078335906855913,-0.05633206909096535,0.1283852666666666,-0.9475734044118783,0,0,0,0,0,0,0,0
0.05032550836273029,0.17037142010525175,0.764,0.26050784415267364,-0.07129635620117188,-0.1465478973388672,0,0,1,0,-0.05032550836273029,-0.17037142010525175,0.236,-0.26050784415267364,-0.024419374133253534,-0.04829511687829902,0.1554004256410256,-0.7606308681731846,0,0,0,0,0,0,0,0
0.04964382705841155,0.157273666185689,0.773,0.16496852089850403,-0.06048429489135742,-0.18720367431640625,0,0,1,0,-0.04964382705841155,-0.157273666185689,0.22699999999999998,-0.16496852089850403,-0.024947464833133655,-0.017334519353715633,0.14816034838709674,-0.5609112232785678,0,0,0,0,0,0,0,0
0.049212679736473,0.1417983460289923,0.787,0.08527678725244295,-0.04450006103515625,-0.22791624450683592,0,0,1,0,-0.049212679736473,-0.1417983460289923,0.21299999999999997,-0.08527678725244295,-0.026494869066322337,0.0015448785983007973,0.11133092222222216,-0.36128280851888744,0,0,0,0,0,0,0,0
0.05251041847097522,0.1245144797992616,0.795,0.02267182698340634,0.027204425811767578,-0.2625290832519531,0,0,1,0,-0.05251041847097522,-0.1245144797992616,0.20499999999999996,-0.02267182698340634,-0.04948083297736137,0.021011033655062947,0.1388184096774193,-0.14937723694946145,0,0,0,0,0,0,0,0
0.054914598780398644,0.10436985787852676,0.807,-0.018867009214058702,0.029203292846679687,-0.3029092102050781,0,0,1,0,-0.054914598780398644,-0.10436985787852676,0.19299999999999995,0.018867009214058702,-0.04576917532935487,0.04477016814991086,0.10892893333333327,0.13215860644718758,0,0,0,0,0,0,0,0
0.05684947870556518,0.08210545614749254,0.811,-0.04014257279586957,0.03531859970092773,-0.3333590393066406,0,0,1,0,-0.05684947870556518,-0.08210545614749254,0.18899999999999995,0.04014257279586957,-0.04465523404031044,0.06916488776523431,0.15098675483870966,0.21862351804668403,0,0,0,0,0,0,0,0
0.05954252321693851,0.06078440842593717,0.812,-0.038397243543875255,0.05319790267944336,-0.3179369201660156,0,0,1,0,-0.05954252321693851,-0.06078440842593717,0.18799999999999994,0.038397243543875255,-0.047480642834953304,0.04811941400211251,0.16982222025316454,0.21223977430168095,0,0,0,0,0,0,0,0
0.05906658573057708,0.04073162566665067,0.814,-0.02757620218151041,0.004412935733795166,-0.30084408569335935,0,0,1,0,-0.05906658573057708,-0.04073162566665067,0.18600000000000005,0.02757620218151041,-0.03299093318816646,0.07663412429170384,0.1625154774193555,0.17020920603709538,0,0,0,0,0,0,0,0
0.061624185667295675,0.019660345401371192,0.822,-0.013037609512397642,0.04706429672241211,-0.3148912353515625,0,0,1,0,-0.061624185667295675,-0.019660345401371192,0.17800000000000005,0.013037609512397642,-0.05155359793817619,0.09090737939278433,0.12408275555555556,0.10329803395974617,0,0,0,0,0,0,0,0
0.06366407962894544,-0.001507069981344724,0.826,0.0006632251157578452,0.034735279083251955,-0.3170853271484375,0,0,1,0,-0.06366407962894544,0.001507069981344724,0.17400000000000004,-0.0006632251157578452,-0.05027490410404302,0.1039312367122717,0.14382535483870973,-0.014181888035295156,0,0,0,0,0,0,0,0
0.06880222034192268,-0.019874650163995294,0.828,0.010838494654884786,0.07688936614990234,-0.27556475830078125,0,0,1,0,-0.06880222034192268,0.019874650163995294,0.17200000000000004,-0.010838494654884786,-0.07030712420322467,0.09578887529078002,0.1547784888888889,-0.09132844321175676,0,0,0,0,0,0,0,0
0.07343357022687377,-0.03830746444413404,0.83,0.013334315485236677,0.06646946716308594,-0.2772289123535156,0,0,1,0,-0.07343357022687377,0.03830746444413404,0.17000000000000004,-0.013334315485236677,-0.07067757819036576,0.10725688623051108,0.15405327741935487,-0.10485936585971371,0,0,0,0,0,0,0,0
0.07649077023005606,-0.0554045826396371,0.834,0.006562437987498679,0.04243434906005859,-0.2570454406738281,0,0,1,0,-0.07649077023005606,0.0554045826396371,0.16600000000000004,-0.006562437987498679,-0.0603762942497701,0.08889922948365173,0.14548968205128207,-0.0653637386049313,0,0,0,0,0,0,0,0
0.08002663949738793,-0.07087088936456572,0.839,0.0005410520681182421,0.05151445770263672,-0.23233766174316406,0,0,1,0,-0.08002663949738793,0.07087088936456572,0.16100000000000003,-0.0005410520681182421,-0.06857390972162873,0.10628495764197171,0.13267492222222224,-0.012381866498988571,0,0,0,0,0,0,0,0
0.08267251870185544,-0.08424706189623399,0.841,-0.0037524578917878084,0.03957962417602539,-0.2006640319824219,0,0,1,0,-0.08267251870185544,0.08424706189623399,0.15900000000000003,0.0037524578917878084,-0.06570211565189968,0.103082100830409,0.1485481774193549,0.04503020884776718,0,0,0,0,0,0,0,0
0.08632568199750947,-0.09666107021164799,0.849,-0.00476474885794452,0.05549580764770508,-0.18600318908691407,0,0,1,0,-0.08632568199750947,0.09666107021164799,0.15100000000000002,0.00476474885794452,-0.07343148587490395,0.10335413120541061,0.10994535555555554,0.052802370399992735,0,0,0,0,0,0,0,0
0.09039728634138294,-0.10774894944476328,0.854,-0.0027052603405912107,0.0618658332824707,-0.16602529907226563,0,0,1,0,-0.09039728634138294,0.10774894944476328,0.14600000000000002,0.0027052603405912107,-0.07414705472952104,0.0905251040153846,0.12909270256410255,0.03620479727522622,0,0,0,0,0,0,0,0
0.09512045181955668,-0.1166327625437245,0.861,0.0027925268031909274,0.07120771789550781,-0.13306504821777343,0,0,1,0,-0.09512045181955668,0.1166327625437245,0.139,-0.0027925268031909274,-0.09385819298043707,0.11191793528992677,0.09445424042553191,-0.03697926796536719,0,0,0,0,0,0,0,0
0.09787953725924135,-0.12318202093267251,0.867,0.003089232776029963,0.04111178588867188,-0.09835406494140625,0,0,1,0,-0.09787953725924135,0.12318202093267251,0.133,-0.003089232776029963,-0.07320919879921295,0.07938502715453694,0.11589622307692306,-0.03955431175279777,0,0,0,0,0,0,0,0
0.10235856694924364,-0.12819886863024407,0.875,-0.0007504915783575615,0.06695265197753907,-0.07545990753173829,0,0,1,0,-0.10235856694924364,0.12819886863024407,0.125,0.0007504915783575615,-0.0889876701951772,0.08162150051147947,0.09203300967741934,0.01540011480070201,0,0,0,0,0,0,0,0
0.10554526172623753,-0.13262704932681332,0.882,-0.003490658503988659,0.047850257873535154,-0.0663868179321289,0,0,1,0,-0.10554526172623753,0.13262704932681332,0.118,0.003490658503988659,-0.08366496758053127,0.08095123071857724,0.09344881111111109,0.04291063931580578,0,0,0,0,0,0,0,0
0.10575617427835392,-0.13454351517623436,0.889,-0.003909537524467298,0.003264014720916748,-0.028735769271850585,0,0,1,0,-0.10575617427835392,0.13454351517623436,0.11099999999999999,0.003909537524467298,-0.06791288763977754,0.06896138839492809,0.08790977096774188,0.046278257703334984,0,0,0,0,0,0,0,0
0.10727269240144556,-0.13448049313345856,0.899,-0.0008552113334772215,0.022743902206420898,0.0010342564582824707,0,0,1,0,-0.10727269240144556,0.13448049313345856,0.10099999999999998,0.0008552113334772215,-0.07512212734107682,0.058877275175020574,0.07534190512820507,0.016801280195082303,0,0,0,0,0,0,0,0
0.10822898115783859,-0.13443216438781366,0.909,0.0022165681500327986,0.014343706130981446,0.0007371983528137207,0,0,1,0,-0.10822898115783859,0.13443216438781366,0.09099999999999997,-0.0022165681500327986,-0.07642535816657776,0.05940783827802774,0.03817331489361693,-0.03170157226208106,0,0,0,0,0,0,0,0
0.1071873404786287,-0.13320584131939925,0.912,0.0002443460952792061,-0.015583798408508301,0.018429433822631836,0,0,1,0,-0.1071873404786287,0.13320584131939925,0.08799999999999997,-0.0002443460952792061,-0.06494527114420844,0.054690845503244545,0.09746626153846151,-0.0072883688791114155,0,0,0,0,0,0,0,0
0.10722033366607765,-0.13120152615028294,0.919,-0.002356194490192345,0.0005022439956665039,0.030064605712890626,0,0,1,0,-0.10722033366607765,0.13120152615028294,0.08099999999999996,0.002356194490192345,-0.07049458001461906,0.04888290497780894,0.06694921111111105,0.03301927248894627,0,0,0,0,0,0,0,0
0.1076561823126268,-0.12854198154278773,0.924,-0.003543018381548489,0.006443715572357177,0.03990846252441406,0,0,1,0,-0.1076561823126268,0.12854198154278773,0.07599999999999996,0.003543018381548489,-0.07365711309034316,0.044471618964376916,0.07408349354838704,0.043338680032795215,0,0,0,0,0,0,0,0
0.10769347779646186,-0.12407154169748863,0.93,-0.003193952531149623,0.00032184648513793946,0.06705815887451172,0,0,1,0,-0.10769347779646186,0.12407154169748863,0.06999999999999995,0.003193952531149623,-0.07210099096685665,0.03319583110421131,0.06461696666666661,0.040443218933557554,0,0,0,0,0,0,0,0
0.10574481680453088,-0.1192572457359149,0.936,0.0004014257279586958,-0.02946041488647461,0.07212071228027343,0,0,1,0,-0.10574481680453088,0.1192572457359149,0.06399999999999995,-0.0004014257279586958,-0.060574575603051836,0.029186377762883083,0.05967613225806446,-0.010147604801306307,0,0,0,0,0,0,0,0
0.10323530666149196,-0.1143774518416772,0.94,0.001710422666954443,-0.03761326599121094,0.0732120132446289,0,0,1,0,-0.10323530666149196,0.1143774518416772,0.06000000000000005,-0.001710422666954443,-0.057028985546227304,0.02753456988570089,0.06850287777777841,-0.026670369856086125,0,0,0,0,0,0,0,0
0.10065153831535743,-0.1097529668075454,0.945,-0.0005410520681182421,-0.03863782119750977,0.06943346405029296,0,0,1,0,-0.10065153831535743,0.1097529668075454,0.05500000000000005,0.0005410520681182421,-0.058870074066504206,0.03243747220490735,0.06471820256410259,0.012381866498988571,0,0,0,0,0,0,0,0
0.09795388896423048,-0.10592844607115598,0.95,-0.003106686068549906,-0.04049577331542969,0.057345909118652345,0,0,1,0,-0.09795388896423048,0.10592844607115598,0.050000000000000044,0.003106686068549906,-0.05474525037421968,0.03069611800650003,0.055691322222222235,0.03970315227955121,0,0,0,0,0,0,0,0
0.09462152134315718,-0.10338263298080244,0.956,-0.002513274122871834,-0.05010390853881836,0.03803172302246094,0,0,1,0,-0.09462152134315718,0.10338263298080244,0.04400000000000004,0.002513274122871834,-0.049840908135997515,0.0369399957001296,0.04507093225806453,0.03447095504051014,0,0,0,0,0,0,0,0
0.08902145507840298,-0.1007263460743592,0.96,-0.0008552113334772215,-0.08410086822509766,0.039633060455322264,0,0,1,0,-0.08902145507840298,0.1007263460743592,0.040000000000000036,0.0008552113334772215,-0.03530198362158718,0.03586080425699648,0.05377167777777779,0.016801280195082303,0,0,0,0,0,0,0,0
0.0849965673546563,-0.09833274244567072,0.965,0.0017976891295541592,-0.06040399932861328,0.03585240936279297,0,0,1,0,-0.0849965673546563,0.09833274244567072,0.03500000000000003,-0.0017976891295541592,-0.047003598601517996,0.03944761821087944,0.04983100256410257,-0.02756998126999183,1430808472755,0,0,0,0,0,0,0
0.08168415640595372,-0.09553073971916361,0.97,0.0023387411976724015,-0.04961052703857422,0.042119293212890624,0,0,1,0,-0.08168415640595372,0.09553073971916361,0.030000000000000027,-0.0023387411976724015,-0.039124812250941485,0.02837016267681034,0.0311738574468085,-0.03285601238124314,1430808472755,0,0,0,0,0,0,0
0.07803782331385123,-0.09295329781488329,0.975,-0.0016929693744344998,-0.054604427337646484,0.038789440155029296,0,0,1,0,-0.07803782331385123,0.09295329781488329,0.025000000000000022,0.0016929693744344998,-0.04621547971596205,0.037107010755927705,0.042167002564102565,0.026488628804623868,1430808472755,0,0,0,0,0,0,0
0.07351372712420293,-0.09016745499260426,0.979,-0.003316125578789226,-0.06793209075927735,0.04167269515991211,0,0,1,0,-0.07351372712420293,0.09016745499260426,0.02100000000000002,0.003316125578789226,-0.0356444514360581,0.032370684185308224,0.03931297777777778,0.04146809217655185,1430808472755,0,0,0,0,0,0,0
0.06886411920702762,-0.08878793573447463,0.984,-0.0016929693744344998,-0.0698123550415039,0.020461395263671876,0,0,1,0,-0.06886411920702762,0.08878793573447463,0.016000000000000014,0.0016929693744344998,-0.033056204053324684,0.040053197241089536,0.029858222222222223,0.026488628804623868,1430808472755,0,0,0,0,0,0,0
0.0647542182418993,-0.08719233059690894,0.987,0.0002617993877991494,-0.061688945770263674,0.023829673767089842,0,0,1,-0.0016929693744344998,-0.0647542182418993,0.08719233059690894,0.013000000000000012,-0.0019547687622336494,-0.03237710912094965,0.04359616529845447,0.01040000000000001,-0.029153475516445662,1430808472755,0,0,0,0,0,0,0
0.060390093335011975,-0.08433561805393057,0.992,-0.0006283185307179585,-0.06545065307617187,0.04286782455444336,0,0,1,-0.0016929693744344998,-0.060390093335011975,0.08433561805393057,0.008000000000000007,-0.0010646508437165414,-0.006330365883920344,0.026828498181936337,-0.02132737777777779,-0.019443071709590615,1430808473131,0,0,0,0,0,0,0
0.058468598613824384,-0.08224677058587156,0.994,-0.0035081117965086025,-0.02884210205078125,0.03131459617614746,0,0,1,-0.0016929693744344998,-0.058468598613824384,0.08224677058587156,0.006000000000000005,0.0018151424220741027,-0.019130114586721106,0.03037274879623287,-0.006402722580645164,0.02774814024128968,1430808473193,0,0,0,0,0,0,0
0.05556378102093592,-0.0806942061263782,0.997,-0.005689773361501514,-0.04365369415283203,0.023135467529296874,0,0,1,-0.0016929693744344998,-0.05556378102093592,0.0806942061263782,0.0030000000000000027,0.003996803987067014,-0.015923812985040336,0.03505112684718454,-0.010950538461538472,0.046964385346930065,1430808473271,0,0,0,0,0,0,0
0.054336204714889515,-0.07999560955271011,0.999,-0.003560471674068432,-0.018472969055175783,0.01037401008605957,0,0,1,-0.0016929693744344998,-0.054336204714889515,0.07999560955271011,0.0010000000000000009,0.0018675022996339323,-0.02186691247160368,0.038291344219761186,-0.010193811111111119,0.028279225198945462,1430808473334,0,0,0,0,0,0,0
0.054881058141337,-0.08040908100981299,1.003,-0.00034906585039886593,0.008194831848144532,-0.006172933578491211,0,0,1,-0.0016929693744344998,-0.054881058141337,0.08040908100981299,-0.0029999999999998916,-0.001343903524035634,-0.03237525558410915,0.04521182139079779,-0.024881945161289627,-0.022709390138075675,1430808473396,0,0,0,0,0,0,0
0.05573929855838349,-0.08041186212250741,1.003,-0.0006108652381980154,0.01287362003326416,-0.000037222951650619504,0,0,1,-0.0016929693744344998,-0.05573929855838349,0.08041186212250741,-0.0029999999999998916,-0.0010821041362364843,-0.0340144356439462,0.04351879075924401,-0.002324699999999912,-0.01965498790582427,1430808473474,0,0,0,0,0,0,0
0.056399667050233596,-0.07930223990572333,1.011,-0.002373647782712288,0.009895358085632324,0.016650381088256835,0,0,1,-0.0016929693744344998,-0.056399667050233596,0.07930223990572333,-0.010999999999999899,0.0006806784082777884,-0.035676257235834695,0.03506107665903392,-0.06835086808510635,0.014429614408920554,1430808473521,0,0,0,0,0,0,0
0.05748441968934025,-0.07916301949130938,1.014,-0.001117010721276371,0.016266286849975584,0.002126922607421875,0,0,1,-0.0016929693744344998,-0.05748441968934025,0.07916301949130938,-0.014000000000000012,-0.0005759586531581288,-0.03661685411456136,0.04324737518364532,-0.024747138461538983,-0.012908851787977323,1430808473599,0,0,0,0,0,0,0
0.05922240128569895,-0.0791738452319311,1.01,-0.0012217304763960308,0.026069889068603514,-0.00013326585292816162,0,0,1,-0.0016929693744344998,-0.05922240128569895,0.0791738452319311,-0.010000000000000009,-0.000471238898038469,-0.04264691956308128,0.04443643327012623,0.014073622222222235,-0.011292432346572345,1430808473662,0,0,0,0,0,0,0
0.06110570652449862,-0.07937367689120557,1.006,-0.0028274333882308137,0.02825321960449219,-0.002962959289550781,0,0,1,-0.0016929693744344998,-0.06110570652449862,0.07937367689120557,-0.006000000000000005,0.0011344640137963139,-0.04494353608176275,0.04609640484055207,0.017594845161290337,0.02028401356698731,1430808473724,0,0,0,0,0,0,0
0.06410461066852736,-0.0785671595716794,1.005,-0.003351032163829113,0.044949176788330075,0.012224899291992188,0,0,1,-0.0016929693744344998,-0.06410461066852736,0.0785671595716794,-0.004999999999999893,0.0016580627893946131,-0.05287586394699269,0.040579385563427994,0.0013382555555562642,0.026123261116109294,1430808473787,0,0,0,0,0,0,0
0.06589469790908198,-0.07709859614724769,1.004,-0.0026878070480712674,0.026777339935302735,0.02211830711364746,0,0,1,-0.0016929693744344998,-0.06589469790908198,0.07709859614724769,-0.0040000000000000036,0.0009948376736367676,-0.04762420731304811,0.036513489526485074,0.002203061290321958,0.018583530511066947,1430808473849,0,0,0,0,0,0,0
0.06688665212830297,-0.07572570983029213,1.003,-0.001658062789394613,0.014823908805847169,0.02063321304321289,0,0,1,-0.0016929693744344998,-0.06688665212830297,0.07572570983029213,-0.0029999999999998916,-0.00003490658503988689,-0.043947095907837595,0.036967249530614886,0.0028945555555562664,-0.0019917354429143073,1430808473912,0,0,0,0,0,0,0
0.06925565551434516,-0.0718854565315691,1.007,-0.0011693705988362008,0.035439491271972656,0.057662639617919925,0,0,1,-0.0016929693744344998,-0.06925565551434516,0.0718854565315691,-0.006999999999999895,-0.000523598775598299,-0.05079107833932791,0.02600306981990493,-0.023864317948717878,-0.012114137285547603,1430808473990,0,0,0,0,0,0,0
0.07163101482651546,-0.06829129749393734,1.01,0.0013439035240356337,0.03556732177734375,0.05395401382446289,0,0,1,-0.0016929693744344998,-0.07163101482651546,0.06829129749393734,-0.010000000000000009,-0.0030368728984701337,-0.05520201332810121,0.02157169470265296,-0.025313083870968388,-0.039106098224986424,1430808474052,0,0,0,0,0,0,0
0.07127205860643573,-0.06377340982935417,1.008,0.0008377580409572782,-0.005293264389038086,0.0677754898071289,0,0,1,-0.0016929693744344998,-0.07127205860643573,0.06377340982935417,-0.008000000000000007,-0.0025307274153917782,-0.040068061524945714,0.014904754908437255,0.004283111111111118,-0.0346303586550656,1430808474115,0,0,0,0,0,0,0
0.07214042721617595,-0.05956468144956414,1.01,-0.002949606435870417,0.013078413009643554,0.06311999130249023,0,0,1,-0.0016929693744344998,-0.07214042721617595,0.05956468144956414,-0.010000000000000009,0.0012566370614359172,-0.04784579856265793,0.014510117126807675,-0.019780322580645174,0.021715340932759255,1430808474177,0,0,0,0,0,0,0
0.0711397594204711,-0.05528282941531193,1.01,-0.00471238898038469,-0.015199398040771485,0.0641832275390625,0,0,1,-0.0016929693744344998,-0.0711397594204711,0.05528282941531193,-0.010000000000000009,0.00301941960595019,-0.03857204956738934,0.017594645461638185,-0.008569000000000004,0.038956122546160744,1430808474256,0,0,0,0,0,0,0
0.07121941091319231,-0.049836232666532816,1.01,-0.003438298626428829,0.0008097633123397827,0.08170367431640625,0,0,1,-0.0016929693744344998,-0.07121941091319231,0.049836232666532816,-0.010000000000000009,0.0017453292519943294,-0.04397886690570889,-0.007370672712568402,-0.008615000000000003,0.027032008869215116,1430808474302,0,0,0,0,0,0,0
0.07095798621503759,-0.04609370987347158,1.008,-0.002007128639793479,-0.004114365577697754,0.05612402725219726,0,0,1,-0.0016929693744344998,-0.07095798621503759,0.04609370987347158,-0.008000000000000007,0.0003141592653589792,-0.042644467993346015,0.01598290601603311,0.001782559493670891,0.008617738760127535,1430808474381,0,0,0,0,0,0,0
0.06963746156146626,-0.041558526168373765,1.012,0.0004188790204786391,-0.01994437026977539,0.06798786163330078,0,0,1,-0.0016929693744344998,-0.06963746156146626,0.041558526168373765,-0.01200000000000001,-0.002111848394913139,-0.03611959395901122,0.004951930713656679,-0.03293324516129034,-0.03069506576018402,1430808474443,0,0,0,0,0,0,0
0.06899452399382826,-0.03731126296363054,1.01,0.0032637657012293962,-0.009617376327514648,0.06371298217773437,0,0,1,-0.0016929693744344998,-0.06899452399382826,0.03731126296363054,-0.010000000000000009,-0.004956735075663896,-0.04011548995784415,0.005069296871457973,0.002295511111111117,-0.05421139063203819,1430808474506,0,0,0,0,0,0,0
0.0683999958829611,-0.03329166985684021,1.008,0.0009773843811168245,-0.008721089363098145,0.06032268142700195,0,0,1,-0.0016929693744344998,-0.0683999958829611,0.03329166985684021,-0.008000000000000007,-0.002670353755551324,-0.0404579741751757,0.004170563954892886,0.004025122580645166,-0.035892684527252035,1430808474568,0,0,0,0,0,0,0
0.06668759433971386,-0.029838030042713723,1.008,-0.003106686068549906,-0.025635377883911133,0.05182967758178711,0,0,1,-0.0016929693744344998,-0.06668759433971386,0.029838030042713723,-0.008000000000000007,0.0014137166941154064,-0.033864770418439064,0.0061360871901407,-0.007315600000000003,0.02348920584701318,1430808474631,0,0,0,0,0,0,0
0.06484884098689558,-0.02544537676726279,1.007,-0.003455751918948773,-0.027785865783691407,0.06580379486083984,0,0,1,-0.0016929693744344998,-0.06484884098689558,0.02544537676726279,-0.006999999999999895,0.0017627825445142731,-0.03248073921329722,-0.0015128264877537594,-0.0009138387096767004,0.027211923233201013,1430808474693,0,0,0,0,0,0,0
0.06265143458797426,-0.021735483055939524,1.004,-0.003333578871309169,-0.033153205871582034,0.055534168243408205,0,0,1,-0.0016929693744344998,-0.06265143458797426,0.021735483055939524,-0.0040000000000000036,0.0016406094968746694,-0.032390619535166615,0.004952040695739297,0.009271338461537975,0.025939616855510588,1430808474771,0,0,0,0,0,0,0
0.06210257419339415,-0.018342297713614352,1.002,0.00010471975511965978,-0.008402531623840331,0.050870052337646486,0,0,1,-0.0016929693744344998,-0.06210257419339415,0.018342297713614352,-0.0020000000000000018,-0.0017976891295541596,-0.039318368059197716,0.0011669337816541357,0.008508311111111123,-0.027569981269991835,1430808474834,0,0,0,0,0,0,0
0.05944703279353967,-0.014605756577076407,0.999,0.0028099800957108703,-0.03982725143432617,0.056052288055419924,0,0,1,-0.0016929693744344998,-0.05944703279353967,0.014605756577076407,0.0010000000000000009,-0.00450294947014537,-0.026417433861616817,-0.002853128799934629,0.01673888387096776,-0.05085005869654341,1430808474896,0,0,0,0,0,0,0
0.05788595267202075,-0.010819845788443874,1,0.002129301687433082,-0.023256534576416014,0.0568542366027832,0,0,1,-0.0016929693744344998,-0.05788595267202075,0.010819845788443874,0,-0.0038222710618675817,-0.032319867476226866,-0.004617379496726932,-0.006552155555555556,-0.045587005405508495,1430808474959,0,0,0,0,0,0,0
0.055119035980948375,-0.0071782135141017596,0.999,-0.0013962634015954637,-0.04138734436035156,0.05471273422241211,0,0,1,-0.0016929693744344998,-0.055119035980948375,0.0071782135141017596,0.0010000000000000009,-0.0002967059728390361,-0.024584567004295906,-0.005591425587145709,0.005365255555555565,-0.00829553249456026,1430808475022,0,0,0,0,0,0,0
0.05189753234012232,-0.0034688564854611485,0.996,-0.00460766922526503,-0.04840019607543945,0.055572830200195315,0,0,1,-0.0016929693744344998,-0.05189753234012232,0.0034688564854611485,0.0040000000000000036,0.00291469985083053,-0.020481431629413665,-0.008133225488312376,0.01916998387096776,0.038050114562023306,1430808475084,0,0,0,0,0,0,0
0.04712060593155932,-0.0003991821537481467,0.994,-0.005113814708343385,-0.07186529541015625,0.04571446990966797,0,0,1,-0.0016929693744344998,-0.04712060593155932,0.0003991821537481467,0.006000000000000005,0.0034208453339088854,-0.015211490608952931,-0.0024992100168856578,0.012855658974358992,0.04233657316593207,1430808475162,0,0,0,0,0,0,0
0.045764209623705594,0.002245972610251403,0.998,-0.0016231562043547262,-0.020548580169677734,0.03957275772094727,0,0,1,-0.0016929693744344998,-0.045764209623705594,-0.002245972610251403,0.0020000000000000018,-0.00006981317007977357,-0.028720998124293504,-0.004757061577187976,-0.021528322222222236,-0.003161682937324513,1430808475225,0,0,0,0,0,0,0
0.04260491565914895,0.0034827920994785905,0.995,0.0016231562043547262,-0.04741946029663086,0.0184753475189209,0,0,1,-0.0016929693744344998,-0.04260491565914895,-0.0034827920994785905,0.0050000000000000044,-0.0033161255787892262,-0.01710631266926878,0.0023161941079217416,0.02006038387096776,-0.041468092176551855,1430808475287,0,0,0,0,0,0,0
0.03877015848482629,0.00652734913826381,0.991,0.0034732052114687163,-0.057447154998779296,0.04576166152954102,0,0,1,-0.0016929693744344998,-0.03877015848482629,-0.00652734913826381,0.009000000000000008,-0.005166174585903216,-0.011963703550011997,-0.00917936697836906,0.028603822222222252,-0.055727915076882045,1430808475350,0,0,0,0,0,0,0
0.035206599434017466,0.009409559481137102,0.987,0.003106686068549906,-0.053302906036376954,0.043418548583984376,0,0,1,-0.0016929693744344998,-0.035206599434017466,-0.009409559481137102,0.013000000000000012,-0.004799655442984406,-0.01577041295006555,-0.006712656071007172,0.02763171794871798,-0.05305994357542024,1430808475428,0,0,0,0,0,0,0
0.031487881526060225,0.012783196942838996,0.985,0,-0.05562328720092773,0.050777610778808595,0,0,1,-0.0016929693744344998,-0.031487881526060225,-0.012783196942838996,0.015000000000000013,-0.0016929693744344998,-0.0023567959477625473,-0.020649392860821725,0.026247117021276623,-0.026488628804623868,1430808475475,0,0,0,0,0,0,0
0.02839325109393132,0.0158623488593429,0.985,-0.003961897402027128,-0.046419456481933595,0.0461872787475586,0,0,1,-0.0016929693744344998,-0.02839325109393132,-0.0158623488593429,0.015000000000000013,0.0022689280275926286,-0.01483736606041956,-0.011006570296212425,0.011470500000000015,0.032198864474372896,1430808475553,0,0,0,0,0,0,0
0.024975803434504,0.019616718596752493,0.985,-0.007382742735936014,-0.05148442840576172,0.056112010955810546,0,0,1,-0.0016929693744344998,-0.024975803434504,-0.019616718596752493,0.015000000000000013,0.005689773361501514,-0.00787761116874744,-0.02038269421375454,0.011563500000000015,0.05943241637702436,1430808475615,0,0,0,0,0,0,0
0.022330493360784263,0.023984979575773793,0.988,-0.005148721293383272,-0.040162311553955075,0.06522918701171875,0,0,1,-0.0016929693744344998,-0.022330493360784263,-0.023984979575773793,0.01200000000000001,0.003455751918948772,-0.01129151440254236,-0.025792023913527716,-0.007427566666666666,0.042624089470664435,1430808475678,0,0,0,0,0,0,0
0.017974459982909384,0.026896777636627168,0.988,-0.0007504915783575615,-0.06556451416015625,0.04333997344970703,0,0,1,-0.0016929693744344998,-0.017974459982909384,-0.026896777636627168,0.01200000000000001,-0.0009424777960769383,0.0006694045624126635,-0.019584136113548985,0.009313500000000014,-0.01792561898622867,1430808475740,0,0,0,0,0,0,0
0.013856382424361694,0.028384283310624873,0.988,0.0029845130209103033,-0.061787891387939456,0.022266220092773438,0,0,1,-0.0016929693744344998,-0.013856382424361694,-0.028384283310624873,0.01200000000000001,-0.004677482395344803,-0.0034915942980265104,-0.010786421609430486,0.009407100000000014,-0.052155668617465546,1430808475818,0,0,0,0,0,0,0
0.012421679085065352,0.031090881298636408,0.988,0.0036477381366681488,-0.0213992862701416,0.04066301727294922,0,0,1,-0.0016929693744344998,-0.012421679085065352,-0.031090881298636408,0.01200000000000001,-0.005340707511102648,-0.010627216630094343,-0.02576665973011504,0.009463500000000014,-0.05697608517652259,1430808475865,0,0,0,0,0,0,0
0.006802118785523672,0.032910610957931456,0.986,0.00005235987755982989,-0.08419327545166015,0.02760324287414551,0,0,1,-0.0016929693744344998,-0.006802118785523672,-0.032910610957931456,0.014000000000000012,-0.0017453292519943296,0.006661521658907866,-0.014943163992634493,0.020147058974359,-0.027032008869215116,1430808475943,0,0,0,0,0,0,0
0.003940423407393255,0.03559208928724322,0.988,-0.003892084231947355,-0.04292332458496094,0.040224422454833986,0,0,1,-0.0016929693744344998,-0.003940423407393255,-0.03559208928724322,0.01200000000000001,0.0021991148575128553,-0.0012501233662850463,-0.023239781549908967,-0.001462811111111106,0.03153494065242098,1430808476006,0,0,0,0,0,0,0
0.00015180967928217192,0.035701501853547986,0.992,-0.002897246558310587,-0.056835163116455076,0.0014199925661087037,2.1951219512195124,0,1,0,2.1949701415402303,-0.035701501853547986,0.008000000000000007,0.002897246558310587,1.0974850707701151,-0.017850750926773993,0.006400000000000006,0.03789806589876982,0,0,0,0,0,0,0,0
-0.0025999345311637214,0.03450999905737497,0.995,-0.001780235837034216,-0.04122420883178711,-0.017992053985595703,2.1951219512195124,0,1,0,2.197721885750676,-0.03450999905737497,0.0050000000000000044,0.001780235837034216,1.1279940585913766,-0.010852952544009985,-0.012635166666666676,0.027391244787879337,0,0,0,0,0,0,0,0
-0.006141231149934754,0.03343290401584904,0.997,0.001710422666954443,-0.05309060287475586,-0.016250965118408203,2.1951219512195124,0,1,0,2.201263182369447,-0.03343290401584904,0.0030000000000000027,-0.001710422666954443,1.1475375254332023,-0.012361522877231688,-0.0065194589743589795,-0.026670369856086125,0,0,0,0,0,0,0,0
-0.008286822906943473,0.033391680074832876,0.996,0.0015707963267948967,-0.03218488693237305,-0.0005633102059364319,2.1951219512195124,0,1,0,2.203408774126456,-0.033391680074832876,0.0040000000000000036,-0.0015707963267948967,1.1590537199607815,-0.01702398378435204,0.010720508510638308,-0.02519842099789747,0,0,0,0,0,0,0,0
-0.00393379756781061,0.034666972959585804,0.993,-0.0007853981633974483,0.06532534790039063,0.019026803970336913,2.1951219512195124,0,1,0,2.199055748787323,-0.034666972959585804,0.007000000000000006,0.0007853981633974483,1.1385192251663774,-0.023961487483223763,0.019189838461538482,0.015874010519682,0,0,0,0,0,0,0,0
0.004239257118375301,0.03475077369952422,0.99,-0.002129301687433082,0.12259479522705079,0.001353297233581543,2.1951219512195124,0,1,0,2.1908826941011372,-0.03475077369952422,0.010000000000000009,0.002129301687433082,1.1223622054373545,-0.018965409321215227,0.02485796666666669,0.030863952485297275,0,0,0,0,0,0,0,0
0.01840951829889347,0.03514776269650643,0.988,-0.0006806784082777885,0.21254075622558594,0.006407412528991699,2.1951219512195124,0,1,0,2.176712432920619,-0.03514776269650643,0.01200000000000001,0.0006806784082777885,1.0941851414088792,-0.02115732720054806,0.02115602258064518,0.014429614408920556,0,0,0,0,0,0,0,0
0.038474208306003024,0.032724175386496364,0.991,0.0010297442586766543,0.3009950256347656,-0.0361489372253418,2.1951219512195124,0,1,0,2.1566477429135094,-0.032724175386496364,0.009000000000000008,-0.0010297442586766543,1.0662625870362026,-0.004446254987529666,-0.009144266666666673,-0.019015729709759288,0,0,0,0,0,0,0,0
0.06830177492526261,0.030740984777863575,0.991,0.001780235837034216,0.4473826293945313,-0.03020856475830078,2.1951219512195124,0,1,0,2.12682017629425,-0.030740984777863575,0.009000000000000008,-0.001780235837034216,1.0455668560547455,-0.008259881090756907,0.007592600000000007,-0.027391244787879337,0,0,0,0,0,0,0,0
0.10724055118131115,0.0311878574006809,0.993,0.0007679448708775049,0.5840926513671875,0.005663276195526123,2.1951219512195124,0,1,0,2.087881400038201,-0.0311878574006809,0.007000000000000006,-0.0007679448708775049,0.9530683052802009,-0.02009828236830714,-0.0052543225806451635,-0.015637960275834382,0,0,0,0,0,0,0,0
0.15263339257655956,0.03227188257875448,0.993,-0.003438298626428829,0.6809049072265625,0.0157374849319458,2.1951219512195124,0,1,0,2.042488558642953,-0.03227188257875448,0.007000000000000006,0.003438298626428829,0.9108727827193819,-0.02434330188596554,0.006080100000000006,0.04248045294168094,0,0,0,0,0,0,0,0
0.2063151884951828,0.033457905354786655,0.99,-0.004904375198104066,0.8051610107421875,0.020558841705322267,2.1951219512195124,0,1,0,1.9888067627243295,-0.033457905354786655,0.010000000000000009,0.004904375198104066,0.8455025425699758,-0.025816680051470333,0.02547758387096776,0.05382894496943857,0,0,0,0,0,0,0,0
0.269344931660346,0.03397677333743147,0.989,-0.002234021442552742,0.9453966064453125,0.012419730186462403,2.1951219512195124,0,1,0,1.9257770195591664,-0.03397677333743147,0.01100000000000001,0.002234021442552742,0.7789972227189639,-0.02247747775370311,0.014966955555555567,0.03186776708662874,0,0,0,0,0,0,0,0
0.3342126383945473,0.03399466883878659,0.982,-0.0017453292519943296,0.9730125732421875,0.0024421677589416503,2.1951219512195124,0,1,0,1.860909312824965,-0.03399466883878659,0.018000000000000016,0.0017453292519943296,0.7420775798499288,-0.01991561553911962,0.05463912903225812,0.027032008869215116,0,0,0,0,0,0,0,0
0.40794762074580626,0.03489379204551908,0.978,0.0007504915783575615,1.10599951171875,0.015417203903198243,2.1951219512195124,0,1,0,1.787174330473706,-0.03489379204551908,0.02200000000000002,-0.0007504915783575615,0.7544766152057947,-0.024570852938617202,0.03644331794871798,-0.01540011480070201,0,0,0,0,0,0,0,0
0.4895299083889747,0.03402974879000681,0.975,0.002234021442552742,1.2237242431640625,-0.013879047393798829,2.1951219512195124,0,1,0,1.7055920428305376,-0.03402974879000681,0.025000000000000022,-0.002234021442552742,0.6020578701972178,-0.015518451210139502,0.037718766666666695,-0.03186776708662874,0,0,0,0,0,0,0,0
0.5748080860191219,0.03193035569960712,0.973,0.00006981317007977319,1.27909912109375,-0.034348514556884764,2.1951219512195124,0,1,0,1.6203138652003903,-0.03193035569960712,0.027000000000000024,-0.00006981317007977319,0.5412905914303624,-0.007615550571583739,0.0341098225806452,-0.0031616829373245013,0,0,0,0,0,0,0,0
0.667005857625186,0.029698377294155365,0.975,-0.004031710572106902,1.3829642333984375,-0.03357622528076172,2.1951219512195124,0,1,0,1.5281160935943263,-0.029698377294155365,0.025000000000000022,0.004031710572106902,0.47401806202802343,-0.006138193722618495,0.0102658888888889,0.04723743505758566,0,0,0,0,0,0,0,0
0.7670972512476832,0.023530800491027834,0.974,-0.006841690667817772,1.501731689453125,-0.08645982360839843,2.1951219512195124,0,1,0,1.4280246999718291,-0.023530800491027834,0.026000000000000023,0.006841690667817772,0.3800038998403499,0.01921678950972038,0.027983361290322604,0.06720512078032921,0,0,0,0,0,0,0,0
0.8817028927958479,0.0073165069642244125,0.971,-0.004241150082346221,1.7207083740234375,-0.23144735717773438,2.1951219512195124,0,1,0,1.3134190584236645,-0.0073165069642244125,0.029000000000000026,0.004241150082346221,0.25930967130558347,0.08254028493738166,0.0415875666666667,0.048859517098708324,0,0,0,0,0,0,0,0
0.9999680070173308,-0.010629280067143681,0.972,0.00047123889803846896,1.7751024169921874,-0.26166070556640625,2.1951219512195124,0,1,0,1.1951539442021817,0.010629280067143681,0.028000000000000025,-0.00047123889803846896,0.31552052897695726,0.08204264580379479,0.01985212051282053,-0.011292432346572344,0,0,0,0,0,0,0,0
1.117450963528755,-0.02717499155159352,0.969,0.00445058959258554,1.762127197265625,-0.24901608276367188,2.1951219512195124,0,1,0,1.0776709876907573,0.02717499155159352,0.031000000000000028,-0.00445058959258554,0.14156208079713806,0.10188135590240283,0.04360126666666671,-0.050455104292758395,0,0,0,0,0,0,0,0
1.2398993635764886,-0.041312070898103834,0.971,0.005375614096142535,1.8357640380859375,-0.22022857666015624,2.1951219512195124,0,1,0,0.9552225876430238,0.041312070898103834,0.029000000000000026,-0.005375614096142535,0.04770238453539477,0.09709150414231044,0.014224077419354855,-0.057224077330473154,0,0,0,0,0,0,0,0
1.360037655372921,-0.054019615364952575,0.968,0.0020245819323134223,1.801023681640625,-0.20029762268066406,2.1951219512195124,0,1,0,0.8350842958465914,0.054019615364952575,0.03200000000000003,-0.0020245819323134223,0.016700283287786166,0.09457697612766594,0.04478266666666671,-0.029843538405887687,0,0,0,0,0,0,0,0
1.4796404579826812,-0.06462842340292724,0.969,0.0009424777960769379,1.7937161865234375,-0.16276397705078124,2.1951219512195124,0,1,0,0.7154814932368312,0.06462842340292724,0.031000000000000028,-0.0009424777960769379,-0.046407289841111865,0.08957303958391824,0.02186303870967744,-0.017925618986228662,0,0,0,0,0,0,0,0
1.613676525158238,-0.07597114642811335,0.972,0.0004363323129985824,2.0103797607421874,-0.17203565979003907,2.1951219512195124,0,1,0,0.5814454260612745,0.07597114642811335,0.028000000000000025,-0.0004363323129985824,-0.17922992337997523,0.09884971476427144,0.008617933333333345,-0.010727659828951444,0,0,0,0,0,0,0,0
1.7439308985251403,-0.08436176481886161,0.975,0.0032637657012293962,1.953760498046875,-0.12671177673339845,2.1951219512195124,0,1,0,0.4511910526943721,0.08436176481886161,0.025000000000000022,-0.0032637657012293962,-0.2322218543208011,0.08791933312514266,0.006104116129032267,-0.04103042910640607,0,0,0,0,0,0,0,0
1.8688436630212777,-0.08888425856097136,0.982,0.00460766922526503,1.8734600830078125,-0.07395232391357422,2.1951219512195124,0,1,0,0.3262782881982347,0.08888425856097136,0.018000000000000016,-0.00460766922526503,-0.11733231402881183,0.06380072422214479,-0.013830256410256422,-0.05163540715190928,0,0,0,0,0,0,0,0
2.0140713238911343,-0.08464102735546877,0.99,0.0063006385996995295,2.17868505859375,0.05361041259765625,2.1951219512195124,0,1,0,0.18105062732837807,0.08464102735546877,0.010000000000000009,-0.0063006385996995295,-0.43511986914349154,0.018345599244003894,-0.03320144444444447,-0.06361357297131318,0,0,0,0,0,0,0,0
2.1494610615116434,-0.07716991839938069,1.001,0.0037350045992678655,2.0315118408203126,0.09926886749267579,2.1951219512195124,0,1,0,0.04566088970786897,0.07716991839938069,-0.0009999999999998899,-0.0037350045992678655,-0.4600082081939159,-0.0035136101174182144,-0.05965997419354772,-0.04489047182965165,1430808477959,0,0,0,0,0,0,0
2.2740044434033737,-0.06757645675317747,1.01,0.001064650843716541,1.8686751708984375,0.1369233856201172,2.1951219512195124,0,1,0,-0.07888249218386134,0.06757645675317747,-0.010000000000000009,-0.001064650843716541,-0.45038763009459015,-0.019006003333857394,-0.05482620000000066,-0.01944307170959061,1430808477959,0,0,0,0,0,0,0
2.3865996994977436,-0.05641054411565626,1.024,-0.0016406094968746698,1.689106201171875,0.1656904754638672,2.1951219512195124,0,1,0,-0.19147774827823127,0.05641054411565626,-0.02400000000000002,0.0016406094968746698,-0.32150623090244373,-0.020955402405665846,-0.07903391282051289,0.02593961685551059,0,0,0,0,0,0,0,0
2.4866362962969712,-0.04462237459144036,1.036,-0.0026878070480712674,1.5002568359375,0.17928411865234375,2.1951219512195124,0,1,0,-0.2915143450774589,0.04462237459144036,-0.03600000000000003,0.0026878070480712674,-0.6126129036433238,-0.06432054900224862,-0.11534430212765966,0.03604890979473757,0,0,0,0,0,0,0,0
2.5737254415853807,-0.03324854664699274,1.047,0.00034906585039886593,1.3058739013671874,0.17411798095703124,2.1951219512195124,0,1,0,-0.3786034903658684,0.03324854664699274,-0.04699999999999993,-0.00034906585039886593,-0.30494182938674746,-0.03300029061588211,-0.08450817435897384,-0.0092448169913418,0,0,0,0,0,0,0,0
2.668751793103385,-0.012228043776753465,1.057,0.0026529004630313807,1.4255052490234374,0.3148099670410156,2.1951219512195124,0,1,0,-0.4736298418838727,0.012228043776753465,-0.05699999999999994,-0.0026529004630313807,-0.49257842195549684,-0.10917766943350332,-0.09906385555555555,-0.03573611852584123,0,0,0,0,0,0,0,0
2.7497505694813706,0.006973223183101807,1.07,0.005009094953223725,1.215741455078125,0.2847947692871094,2.1951219512195124,0,1,0,-0.5546286182618583,-0.006973223183101807,-0.07000000000000006,-0.005009094953223725,-0.46584348945018833,-0.11043521436276181,-0.1277293967741943,-0.0545924919939281,0,0,0,0,0,0,0,0
2.8206220186459627,0.025365270660377085,1.077,0.0032114058236695662,1.0644403076171876,0.27055224609375,2.1951219512195124,0,1,0,-0.6255000674264504,-0.025365270660377085,-0.07699999999999996,-0.0032114058236695662,-0.44169898062139457,-0.1135748318800531,-0.09931628888888827,-0.04059041920522523,0,0,0,0,0,0,0,0
2.882615036182329,0.04583141615702082,1.082,-0.0020245819323134223,0.9308763427734374,0.30400433349609374,2.1951219512195124,0,1,0,-0.6874930849628167,-0.04583141615702082,-0.08200000000000007,0.0020245819323134223,-0.3625014589532062,-0.11382261638815212,-0.08750289743589801,0.029843538405887687,0,0,0,0,0,0,0,0
2.9350406013844887,0.06210982206856082,1.084,-0.003892084231947355,0.7858875122070312,0.24576768493652343,2.1951219512195124,0,1,0,-0.7399186501649764,-0.06210982206856082,-0.08400000000000007,0.003892084231947355,-0.5044212076949859,-0.15164063893515461,-0.08195541702127666,0.046140422109795895,0,0,0,0,0,0,0,0
2.975106519255012,0.07308339069936877,1.076,-0.001256637061435917,0.6003435668945313,0.16694137573242188,2.1951219512195124,0,1,0,-0.7799845680354998,-0.07308339069936877,-0.07600000000000007,0.001256637061435917,-0.3199178659420894,-0.08571567407765054,-0.025357164102564125,0.021715340932759255,0,0,0,0,0,0,0,0
3.002603360166138,0.08205848169672032,1.069,0.0019024088846738192,0.4122831115722656,0.13514456176757814,2.1951219512195124,0,1,0,-0.8074814089466256,-0.08205848169672032,-0.06899999999999995,-0.0019024088846738192,-0.3141138082471364,-0.09213744637689994,-0.016566270967741235,-0.02863052553414111,0,0,0,0,0,0,0,0
3.019484466142461,0.08667396356006997,1.064,0.0045204027626653135,0.25334783935546873,0.06875038146972656,2.1951219512195124,0,1,0,-0.8243625149229485,-0.08667396356006997,-0.06400000000000006,-0.0045204027626653135,-0.26630766525235006,-0.06996696291112955,-0.024707822222222866,-0.050981369462127425,0,0,0,0,0,0,0,0
3.0256549324386284,0.09006521711553069,1.057,0.0033684854563490563,0.09278599548339844,0.05044989013671875,2.1951219512195124,0,1,0,-0.830532981219116,-0.09006521711553069,-0.05699999999999994,-0.0033684854563490563,-0.2155915582716738,-0.06572360142443381,-0.00772287096774122,-0.04190345769695803,0,0,0,0,0,0,0,0
3.0231701390128447,0.08866864799448405,1.048,0.0010821041362364843,-0.03734225463867188,-0.02082286834716797,2.1951219512195124,0,1,0,-0.8280481877933323,-0.08866864799448405,-0.04800000000000004,-0.0010821041362364843,-0.17482494585515032,-0.0403061027089231,-0.00002878461538512178,-0.01965498790582427,0,0,0,0,0,0,0,0
3.010954366324232,0.0854716164536983,1.038,0.0005061454830783556,-0.18328837585449217,-0.04775716400146485,2.1951219512195124,0,1,0,-0.8158324151047198,-0.0854716164536983,-0.038000000000000034,-0.0005061454830783556,-0.09470942667226873,-0.02207281869166726,0.0403208666666667,-0.011843416064989868,0,0,0,0,0,0,0,0
2.990195328356215,0.08129940660677605,1.024,-0.0005759586531581287,-0.3114172058105469,-0.06242553329467773,2.1951219512195124,0,1,0,-0.7950733771367027,-0.08129940660677605,-0.02400000000000002,0.0005759586531581287,-0.08645529320739269,-0.025211083016650638,0.041237512820512856,0.012908851787977321,0,0,0,0,0,0,0,0
2.964943378826279,0.07432233880979373,1.013,0.00013962634015954637,-0.37871890258789065,-0.10487416076660157,2.1951219512195124,0,1,0,-0.7698214276067668,-0.07432233880979373,-0.0129999999999999,-0.00013962634015954637,-0.029200412645679547,-0.0015181290126171781,0.04923317419354915,-0.00501885882069882,0,0,0,0,0,0,0,0
2.936881827617147,0.06743773925520825,1.003,-0.00006981317007977319,-0.42093768310546875,-0.10321022033691406,2.1951219512195124,0,1,0,-0.7417598763976345,-0.06743773925520825,-0.0029999999999998916,0.00006981317007977319,-0.006496545536591014,0.00036041526313959626,0.05067305555555568,0.0031616829373245013,0,0,0,0,0,0,0,0
2.9046043046094785,0.05991702510378551,0.996,0.001954768762233649,-0.4841549682617188,-0.11284451293945312,2.1951219512195124,0,1,0,-0.7094823533899661,-0.05991702510378551,0.0040000000000000036,-0.001954768762233649,0.031557742089210195,0.007957155883147764,0.04025842903225748,-0.029153475516445655,0,0,0,0,0,0,0,0
2.8681441378819423,0.052045427127107774,0.989,0.0024434609527920616,-0.5471322631835938,-0.11700467681884766,2.1951219512195124,0,1,0,-0.67302218666243,-0.052045427127107774,0.01100000000000001,-0.0024434609527920616,0.02379151098387866,0.003900319845093432,0.03744185822784814,-0.03382961160453443,0,0,0,0,0,0,0,0
2.830619737841999,0.04461671154614889,0.988,0.0016755160819145565,-0.5631365966796875,-0.11005506134033204,2.1951219512195124,0,1,0,-0.6354977866224867,-0.04461671154614889,0.01200000000000001,-0.0016755160819145565,0.16360977638381824,0.029058108453435146,0.014893095652173931,-0.026306262126191686,0,0,0,0,0,0,0,0
2.792105729475248,0.03649676060606226,0.984,-0.0002443460952792061,-0.5779133911132812,-0.12083113098144531,2.1951219512195124,0,1,0,-0.5969837782557357,-0.03649676060606226,0.016000000000000014,0.0002443460952792061,0.06327055192212683,0.012281389762869372,0.0283323189873418,0.0072883688791114155,0,0,0,0,0,0,0,0
2.755772420979128,0.030158270968553294,0.981,-0.0037350045992678655,-0.5449763793945313,-0.09521051025390626,2.1951219512195124,0,1,0,-0.5606504697596155,-0.030158270968553294,0.019000000000000017,0.0037350045992678655,0.11243687729181889,0.015070983452138004,0.030064083870967772,0.04489047182965165,0,0,0,0,0,0,0,0
2.724716530541806,0.02191794643406268,0.978,-0.00450294947014537,-0.4653734436035156,-0.12534391021728516,2.1951219512195124,0,1,0,-0.5295945793222936,-0.02191794643406268,0.02200000000000002,0.00450294947014537,0.09488945998030451,0.029791419192517564,0.03260048387096777,0.05085005869654341,0,0,0,0,0,0,0,0
2.694700300948357,0.015405178253397257,0.98,-0.00312413936106985,-0.44979898071289065,-0.09971794891357422,2.1951219512195124,0,1,0,-0.49957834972884463,-0.015405178253397257,0.020000000000000018,0.00312413936106985,0.09819155171518479,0.022614835026193242,0.0030798888888888976,0.03985171433783713,0,0,0,0,0,0,0,0
2.6698351250975487,0.00698644582274075,0.979,0.0005061454830783556,-0.372581298828125,-0.12744560241699218,2.1951219512195124,0,1,0,-0.47471317387803635,-0.00698644582274075,0.02100000000000002,-0.0005061454830783556,0.05173905283248144,0.02836402498685747,0.019641979487179512,-0.011843416064989868,0,0,0,0,0,0,0,0
2.6488270177751194,-0.002328634939751136,0.977,0.0026005405854715507,-0.3151922912597656,-0.1395666961669922,2.1951219512195124,0,1,0,-0.45370506655560705,0.002328634939751136,0.02300000000000002,-0.0026005405854715507,0.10497953805909638,0.0646237691808333,0.03175651702127663,-0.03526434596341201,0,0,0,0,0,0,0,0
2.6357718273472215,-0.009650556277682382,0.979,0.0010471975511965976,-0.19611280822753907,-0.1093191909790039,2.1951219512195124,0,1,0,-0.4406498761277091,0.009650556277682382,0.02100000000000002,-0.0010471975511965976,0.010207694527465519,0.031847156723664075,0.006452341025641038,-0.01922999427076545,0,0,0,0,0,0,0,0
2.624171696393911,-0.01717070668480007,0.982,-0.0031764992386296795,-0.1741199951171875,-0.11261997985839843,2.1951219512195124,0,1,0,-0.42904974517439864,0.01717070668480007,0.018000000000000016,0.0031764992386296795,0.020251279115054976,0.045311377050026184,-0.0037971838709677363,0.040295750291632106,0,0,0,0,0,0,0,0
2.6182653111513465,-0.022690479507214402,0.978,-0.00445058959258554,-0.08833232879638672,-0.08307759857177735,2.1951219512195124,0,1,0,-0.42314335993183416,0.022690479507214402,0.02200000000000002,0.00445058959258554,-0.01213269030395394,0.036427156075432926,0.03869912222222226,0.050455104292758395,0,0,0,0,0,0,0,0
2.6158770637861917,-0.02825606115312221,0.976,-0.0033684854563490563,-0.03545180511474609,-0.083642333984375,2.1951219512195124,0,1,0,-0.4207551125666793,0.02825606115312221,0.02400000000000002,0.0033684854563490563,-0.03313453426060004,0.03964245354750415,0.029339211111111145,0.04190345769695803,0,0,0,0,0,0,0,0
2.617276630256237,-0.032177228982320276,0.977,-0.0010471975511965976,0.021191503524780272,-0.05874646759033203,2.1951219512195124,0,1,0,-0.42215467903672454,0.032177228982320276,0.02300000000000002,0.0010471975511965976,-0.056675270864967334,0.02852910566430982,0.01312032051282053,0.01922999427076545,0,0,0,0,0,0,0,0
2.6190375523626725,-0.03440461821243372,0.976,0.0008203047484373349,0.02644880485534668,-0.03338315963745117,2.1951219512195124,0,1,0,-0.4239156011431602,0.03440461821243372,0.02400000000000002,-0.0008203047484373349,-0.06384459200046524,0.02483509652363578,0.02420146129032261,-0.016340934651232826,0,0,0,0,0,0,0,0
2.6224229555420204,-0.032643529604147604,0.975,-0.0005061454830783556,0.05080270004272461,0.026374664306640625,2.1951219512195124,0,1,0,-0.42730100432250806,0.032643529604147604,0.025000000000000022,0.0005061454830783556,-0.07709639604766881,0.0018024093940914795,0.025069355555555582,0.011843416064989868,0,0,0,0,0,0,0,0
2.628209915323028,-0.029631409026723007,0.976,-0.004276056667386107,0.0867815170288086,0.04522573852539063,2.1951219512195124,0,1,0,-0.4330879641035157,0.029631409026723007,0.02400000000000002,0.004276056667386107,-0.09653554721919078,-0.006740017042527035,0.01321743870967744,0.04912724131510517,0,0,0,0,0,0,0,0
2.635902375815528,-0.024510410799456463,0.98,-0.007138396640656808,0.11505738830566406,0.07730767059326171,2.1951219512195124,0,1,0,-0.44078042459601585,0.024510410799456463,0.020000000000000018,0.007138396640656808,-0.11322626442099876,-0.020592184234143093,-0.00643362222222222,0.06913434617323808,0,0,0,0,0,0,0,0
2.6417761050128576,-0.01803757492625975,0.982,-0.006230825429619756,0.08741061401367188,0.097718994140625,2.1951219512195124,0,1,0,-0.4466541537933453,0.01803757492625975,0.018000000000000016,0.006230825429619756,-0.1093546418427829,-0.03180698156469928,0.003009877419354849,0.06314279452734782,0,0,0,0,0,0,0,0
2.6459082453866025,-0.010403236178725928,0.988,-0.004642575810304917,0.061267383575439455,0.11489905548095704,2.1951219512195124,0,1,0,-0.45078629416709015,0.010403236178725928,0.01200000000000001,0.004642575810304917,-0.10032035195277123,-0.03325945141240399,-0.017329276923076932,0.05189586386646203,0,0,0,0,0,0,0,0
2.650280600348171,-0.0025859930668055645,0.991,-0.0009599310885968812,0.06504023742675781,0.1175618667602539,2.1951219512195124,0,1,0,-0.4551586491286588,0.0025859930668055645,0.009000000000000008,0.0009599310885968812,-0.11112323429745537,-0.046324261385487564,-0.009416166666666668,0.01814624544919827,0,0,0,0,0,0,0,0
2.6508750892265036,0.0063976190742272045,0.999,-0.00008726646259971648,0.00878797435760498,0.13476268005371095,2.1951219512195124,0,1,0,-0.45575313800699124,-0.0063976190742272045,0.0010000000000000009,0.00008726646259971648,-0.09331127289815122,-0.05814054380053674,-0.04430459032258067,0.0036688080543273646,0,0,0,0,0,0,0,0
2.6503924662251577,0.01363185311310642,1.004,-0.0011693705988362008,-0.007248814582824707,0.10851287841796875,2.1951219512195124,0,1,0,-0.4552705150056453,-0.01363185311310642,-0.0040000000000000036,0.0011693705988362008,-0.08990094114215773,-0.05131979109364329,-0.030946277777777795,0.02069799080736741,0,0,0,0,0,0,0,0
2.6462591330344165,0.022083439623577148,1.004,-0.00450294947014537,-0.06214820098876953,0.12670121002197265,2.1951219512195124,0,1,0,-0.45113718181490414,-0.022083439623577148,-0.0040000000000000036,0.00450294947014537,-0.06997923144202839,-0.06320288158038216,-0.003193299999999998,0.05085005869654341,0,0,0,0,0,0,0,0
2.639444380374285,0.03076397800970416,1.007,-0.005044001538263612,-0.10280657196044922,0.1297464599609375,2.1951219512195124,0,1,0,-0.4443224291547727,-0.03076397800970416,-0.006999999999999895,0.005044001538263612,-0.05484468194328511,-0.06825160808044611,-0.022304066666665973,0.054845821990046194,0,0,0,0,0,0,0,0
2.63042424010136,0.03655836860669068,1.007,-0.004363323129985824,-0.13573878479003906,0.08623229217529296,2.1951219512195124,0,1,0,-0.4353022888818474,-0.03655836860669068,-0.006999999999999895,0.004363323129985824,-0.05111471825667902,-0.049209216025314015,-0.00569199999999991,0.049793386072857396,0,0,0,0,0,0,0,0
2.6192376866737446,0.04354835475099546,1.007,-0.003333578871309169,-0.1682541961669922,0.10411663818359375,2.1951219512195124,0,1,0,-0.4241157354542322,-0.04354835475099546,-0.006999999999999895,0.003333578871309169,-0.026520840038078364,-0.06581134946214284,-0.005736099999999909,0.04161346691860697,0,0,0,0,0,0,0,0
2.607309727688015,0.04958867745988642,1.008,-0.0020769418098732523,-0.17922042846679687,0.09000789642333984,2.1951219512195124,0,1,0,-0.4121877764685027,-0.04958867745988642,-0.008000000000000007,0.0020769418098732523,-0.017924691462829406,-0.06440430019687851,-0.01223086129032321,0.03035588942502546,0,0,0,0,0,0,0,0
2.5910845850266755,0.05361870031601708,1.006,-0.0032637657012293962,-0.24350216674804687,0.059944732666015625,2.1951219512195124,0,1,0,-0.3959626338071631,-0.05361870031601708,-0.006000000000000005,0.0032637657012293962,0.010497744387946054,-0.05504752936703963,0.006087611111111123,0.04103042910640607,0,0,0,0,0,0,0,0
2.5750391562289012,0.05785029762055365,1.004,-0.00450294947014537,-0.24088731384277343,0.06268809509277344,2.1951219512195124,0,1,0,-0.37991720500938886,-0.05785029762055365,-0.0040000000000000036,0.00450294947014537,0.016604324199710987,-0.05902103329696602,0.007842022580645173,0.05085005869654341,0,0,0,0,0,0,0,0
2.5566340761776716,0.05976183359540756,1,-0.0061959188445798695,-0.2762025146484375,0.027429595947265625,2.1951219512195124,0,1,0,-0.3615121249581592,-0.05976183359540756,0,0.0061959188445798695,-0.8537665439591027,-0.16659740668438974,-0.00018417688361653642,0.06290674635307222,0,0,0,0,0,0,0,0
2.5401213273019843,0.06180178432970836,0.999,-0.00757472895365539,-0.24787606811523438,0.029064008712768555,2.1951219512195124,0,1,0,-0.3449993760824719,-0.06180178432970836,0.0010000000000000009,0.00757472895365539,Infinity,-Infinity,Infinity,0.07192360947421518,0,0,0,0,0,0,0,0
2.5216617859978334,0.06188976280111657,1.002,-0.009616764178488757,-0.2768951721191406,-0.0007777310609817505,2.1951219512195124,0,1,0,-0.32653983477832105,-0.06188976280111657,-0.0020000000000000018,0.009616764178488757,-0.4063426259637078,-0.16977639352002405,-0.07185130000000006,0.08432947316704935,0,0,0,0,0,0,0,0
2.5062959120092576,0.06190242610554534,0.997,-0.010629055144645468,-0.23047927856445313,-0.0020265748500823974,2.1951219512195124,0,1,0,-0.31117396078974524,-0.06190242610554534,0.0030000000000000027,0.010629055144645468,Infinity,-Infinity,Infinity,0.0901480872486399,0,0,0,0,0,0,0,0
2.4891344472013985,0.061938087251995066,0.999,-0.014957471689591403,-0.25741311645507814,-0.0022012138366699218,2.1951219512195124,0,1,0,-0.29401249598188617,-0.061938087251995066,0.0010000000000000009,0.014957471689591403,Infinity,-Infinity,-Infinity,0.11320498092654864,0,0,0,0,0,0,0,0
2.471785154366758,0.061562861561080276,1,-0.018517943363659833,-0.2601260986328125,-0.00952013397216797,2.1951219512195124,0,1,0,-0.2766632031472458,-0.061562861561080276,0,0.018517943363659833,Infinity,Infinity,-Infinity,0.13052345980971483,0,0,0,0,0,0,0,0
2.3295074930864565,0.05518434359738751,0.998,-0.02391101075232232,-0.29389599609375,-0.01863423538208008,2.1951219512195124,0,1,0,-0.13438554186694418,-0.05518434359738751,0.0020000000000000018,0.02391101075232232,Infinity,Infinity,Infinity,0.15477187099652176,0,0,0,0,0,0,0,0
2.220064160911348,0.05148431405189688,0.994,-0.0273318560862312,-0.23379122924804688,-0.013506118774414062,2.1951219512195124,0,1,0,-0.024942209691835693,-0.05148431405189688,0.006000000000000005,0.0273318560862312,Infinity,Infinity,Infinity,0.1692022600841579,1430808502933,0,0,0,0,0,0,0
2.1058010094270205,0.04717143772021228,0.992,-0.03089232776029963,-0.24639030456542968,-0.01605257797241211,2.1951219512195124,0,1,0,0.08932094179249184,-0.04717143772021228,0.008000000000000007,0.03089232776029963,Infinity,Infinity,Infinity,0.18359485175302484,1430808502933,0,0,0,0,0,0,0
2.0100415679104704,0.04195994849883774,0.988,-0.03262020371977402,-0.19808119201660157,-0.016929725646972656,2.1951219512195124,0,1,0,0.18508038330904197,-0.04195994849883774,0.01200000000000001,0.03262020371977402,Infinity,Infinity,Infinity,0.190378480202719,0,0,0,0,0,0,0,0
1.9115993641816662,0.052123293975871315,0.982,-0.03522074430524556,-0.21508331298828126,0.01513603401184082,2.1951219512195124,0,1,0,0.28352258703784616,-0.052123293975871315,0.018000000000000016,0.03522074430524556,Infinity,-Infinity,Infinity,0.20036680012810767,0,0,0,0,0,0,0,0
1.844681678831476,0.06257570273273788,0.979,-0.03600614246864302,-0.15222309875488282,0.018312528610229493,2.1951219512195124,0,1,0,0.35044027238803643,-0.06257570273273788,0.02100000000000002,0.03600614246864302,Infinity,-Infinity,Infinity,0.20333453172972615,0,0,0,0,0,0,0,0
1.7677570991746479,0.08446863281344463,0.978,-0.03747221904031825,-0.17564457702636718,0.043218799591064457,2.1951219512195124,0,1,0,0.4273648520448645,-0.08446863281344463,0.02200000000000002,0.03747221904031825,Infinity,-Infinity,Infinity,0.20881723981690123,0,0,0,0,0,0,0,0
1.7464018668159729,0.0872759003219438,0.976,-0.036093408931242736,-0.047835372924804685,0.004472853183746338,2.1951219512195124,0,1,0,0.4487200844035395,-0.0872759003219438,0.02400000000000002,0.036093408931242736,Infinity,-Infinity,Infinity,0.20366294097940263,0,0,0,0,0,0,0,0
1.7199302397365825,0.0893994058775713,0.975,-0.03656464782928121,-0.059947746276855465,0.0026366028785705566,2.1951219512195124,0,1,0,0.4751917114829298,-0.0893994058775713,0.025000000000000022,0.03656464782928121,Infinity,-Infinity,Infinity,0.20543180062653443,0,0,0,0,0,0,0,0
1.7159031876572473,0.0758945730208459,0.975,-0.034505159311927894,-0.008113127708435058,-0.03135029411315918,2.1951219512195124,0,1,0,0.4792187635622651,-0.0758945730208459,0.025000000000000022,0.034505159311927894,Infinity,Infinity,NaN,0.19764360531390526,0,0,0,0,0,0,0,0
1.706506610403887,0.06795129214548798,0.973,-0.03424335992412875,-0.021169578552246094,-0.019186042785644532,2.1951219512195124,0,1,0,0.4886153408156253,-0.06795129214548798,0.027000000000000024,0.03424335992412875,Infinity,Infinity,Infinity,0.19664262210430897,0,0,0,0,0,0,0,0
1.7053069988298735,0.06682522270565328,0.972,-0.03412118687648914,-0.002699492931365967,-0.0027137413024902342,2.1951219512195124,0,1,0,0.4898149523896389,-0.06682522270565328,0.028000000000000025,0.03412118687648914,Infinity,Infinity,Infinity,0.19617462408719055,0,0,0,0,0,0,0,0
1.6858223101789984,0.0568172503147914,0.969,-0.034644785652087444,-0.043921875,-0.02448830032348633,2.1951219512195124,0,1,0,0.509299641040514,-0.0568172503147914,0.031000000000000028,0.034644785652087444,Infinity,Infinity,Infinity,0.19817642756762666,0,0,0,0,0,0,0,0
1.6651590316227756,0.056553611579193835,0.97,-0.03501130479500625,-0.04747750473022461,-0.002252258539199829,2.1951219512195124,0,1,0,0.5299629195967368,-0.056553611579193835,0.030000000000000027,0.03501130479500625,Infinity,Infinity,-Infinity,0.19957169247156903,0,0,0,0,0,0,0,0
1.6560682722637516,0.04537510600356329,0.965,-0.032882003107573166,-0.019958892822265626,-0.026377716064453126,2.1951219512195124,0,1,0,0.5390536789557607,-0.04537510600356329,0.03500000000000003,0.032882003107573166,Infinity,Infinity,Infinity,0.19139573398254314,0,0,0,0,0,0,0,0
1.6337526568670535,0.028853956419916095,0.963,-0.03399901382884954,-0.04962870788574219,-0.039332462310791017,2.1951219512195124,0,1,0,0.5613692943524589,-0.028853956419916095,0.03700000000000003,0.03399901382884954,Infinity,Infinity,Infinity,0.1957060671698073,0,0,0,0,0,0,0,0
1.6158066068461536,0.004396979761288781,0.962,-0.03295181627765294,-0.039378406524658204,-0.057677936553955075,2.1951219512195124,0,1,0,0.5793153443733587,-0.004396979761288781,0.038000000000000034,0.03295181627765294,Infinity,Infinity,Infinity,0.1916665451234964,0,0,0,0,0,0,0,0
1.601114234270999,-0.026392245268263278,0.957,-0.034330626386728465,-0.03138276672363281,-0.07175684356689453,2.1951219512195124,0,1,0,0.5940077169485134,0.026392245268263278,0.04300000000000004,0.034330626386728465,Infinity,Infinity,Infinity,0.19697656569117888,0,0,0,0,0,0,0,0
1.6097003991264365,-0.055763118909255255,0.954,-0.03466223894460738,0.022330026626586914,-0.06766812133789063,2.1951219512195124,0,1,0,0.5854215520930759,0.055763118909255255,0.04600000000000004,0.03466223894460738,-Infinity,Infinity,Infinity,0.19824297997461024,0,0,0,0,0,0,0,0
1.612962386700944,-0.0635156118491059,0.951,-0.033178709080412205,0.05293039703369141,-0.11452186584472657,2.1951219512195124,0,1,0,0.5821595645185684,0.0635156118491059,0.049000000000000044,0.033178709080412205,-Infinity,Infinity,Infinity,0.19254536375704032,0,0,0,0,0,0,0,0
1.6142489670131943,-0.06766584128621422,0.947,-0.0321315115292156,0.021353193283081055,-0.0615789909362793,2.1951219512195124,0,1,0,0.580872984206318,0.06766584128621422,0.05300000000000005,0.0321315115292156,-Infinity,Infinity,Infinity,0.18847229268502363,0,0,0,0,0,0,0,0
1.6569716565875048,-0.1053955285353615,0.95,-0.03110176727053895,0.09041571044921876,-0.07481881713867188,2.1951219512195124,0,1,0,0.5381502946320076,0.1053955285353615,0.050000000000000044,0.03110176727053895,-Infinity,Infinity,-Infinity,0.18442372417143094,0,0,0,0,0,0,0,0
1.659134447932621,-0.1097090670158187,0.947,-0.03073524812762014,0.034438236236572266,-0.06366294860839844,2.1951219512195124,0,1,0,0.5359875032868913,0.1097090670158187,0.05300000000000005,0.03073524812762014,-Infinity,Infinity,Infinity,0.18297196770804128,0,0,0,0,0,0,0,0
1.6921295484966716,-0.14159990882515897,0.943,-0.029373891311064566,0.06796868896484375,-0.06176874542236328,2.1951219512195124,0,1,0,0.5029924027228407,0.14159990882515897,0.05700000000000005,0.029373891311064566,-Infinity,Infinity,Infinity,0.17752835624472818,0,0,0,0,0,0,0,0
1.6918588903476957,-0.13759738766273139,0.987,0.035273104182805395,-0.005821411609649658,0.05989268112182617,2.1951219512195124,0,1,0,0.5032630608718167,0.13759738766273139,0.013000000000000012,-0.035273104182805395,-0.41511517749079474,-0.07746707919758833,-0.11288880000000008,-0.20056533054238432,0,0,0,0,0,0,0,0
1.6882635068021474,-0.13020570292388434,1,0.056409041424456734,-0.04998710250854492,0.11270821380615234,2.1951219512195124,0,1,0,0.5068584444173649,0.13020570292388434,0,-0.056409041424456734,-0.39090776730450055,-0.11020048159961107,-0.07231102222222227,-0.27427899911706644,0,0,0,0,0,0,0,0
1.6808430118015552,-0.11951221985988164,1.015,0.0545415391248228,-0.10208704376220704,0.16642253112792968,2.1951219512195124,0,1,0,0.5142789394179572,0.11951221985988164,-0.014999999999999902,-0.0545415391248228,-0.36209345227826073,-0.13410776880429234,-0.09685921935483806,-0.26819149572378603,0,0,0,0,0,0,0,0
1.6687293521968096,-0.10654536018823357,1.03,0.04091051766674708,-0.1708314666748047,0.2041192169189453,2.1951219512195124,0,1,0,0.5263925990227027,0.10654536018823357,-0.030000000000000027,-0.04091051766674708,-0.32731213131916775,-0.1515916355062361,-0.10770413333333403,-0.2214029447230939,0,0,0,0,0,0,0,0
1.6508025768528485,-0.0927307690505075,1.051,0.02534218073895766,-0.2602015686035156,0.21804331970214844,2.1951219512195124,0,1,0,0.5443193743666639,0.0927307690505075,-0.050999999999999934,-0.02534218073895766,-0.28107253420932815,-0.16387148615237687,-0.16003538709677362,-0.1608876588713568,0,0,0,0,0,0,0,0
1.62686111990316,-0.0794652310279273,1.068,0.009704030641088473,-0.35396441650390625,0.20801913452148438,2.1951219512195124,0,1,0,0.5682608313163524,0.0794652310279273,-0.06800000000000006,-0.009704030641088473,-0.2597423374194907,-0.15066225569233663,-0.13094065569620314,-0.0848388648476337,0,0,0,0,0,0,0,0
1.5973115451450663,-0.06795513533304533,1.08,-0.00445058959258554,-0.44154736328125,0.17694448852539063,2.1951219512195124,0,1,0,0.597810406074446,0.06795513533304533,-0.08000000000000007,0.00445058959258554,-0.18051875593253178,-0.16220095737925416,-0.13346213548387106,0.050455104292758395,0,0,0,0,0,0,0,0
1.5623348361065366,-0.05850151350736749,1.089,-0.011903145498601327,-0.5252765502929687,0.13946792602539063,2.1951219512195124,0,1,0,0.6327871151129758,0.05850151350736749,-0.08899999999999997,0.011903145498601327,-0.13154090794388407,-0.15410298334610611,-0.12348089999999938,0.09721528887820247,0,0,0,0,0,0,0,0
1.5281766903193028,-0.040531828045732105,1.094,-0.008272860654453122,-0.5155442504882812,0.263427490234375,2.1951219512195124,0,1,0,0.6669452609002096,0.040531828045732105,-0.09400000000000008,0.008272860654453122,-0.11181358229945287,-0.21175818025657106,-0.10628950645161361,0.07627763438423656,0,0,0,0,0,0,0,0
1.4896551293212068,-0.026189240217412497,1.094,0.00301941960595019,-0.5795834350585938,0.21035125732421875,2.1951219512195124,0,1,0,0.7054668218983056,0.026189240217412497,-0.09400000000000008,-0.00301941960595019,-0.10702524461209573,-0.18164119122604444,-0.07879690000000006,-0.038956122546160744,0,0,0,0,0,0,0,0
1.4260816120417024,-0.016551921382727607,1.09,0.012461650859239512,-0.9531619262695312,0.14743844604492187,2.1951219512195124,0,1,0,0.76904033917781,0.016551921382727607,-0.09000000000000008,-0.012461650859239512,0.22894265482522697,-0.19379155863444836,-0.046232665957446836,-0.10023293845692381,0,0,0,0,0,0,0,0
1.3585785100556618,-0.012047673468342773,1.085,0.01504473815219112,-1.0116259765625,0.0801761474609375,2.1951219512195124,0,1,0,0.8365434411638506,0.012047673468342773,-0.08499999999999996,-0.01504473815219112,0.09869796968384709,-0.14439381166732013,-0.050247002564102014,-0.11364486885595822,0,0,0,0,0,0,0,0
1.2939917981535922,-0.009833871876083158,1.074,0.014189526818713898,-0.9681914672851563,0.04777806854248047,2.1951219512195124,0,1,0,0.9011301530659201,0.009833871876083158,-0.07400000000000007,-0.014189526818713898,0.19258497716905948,-0.13752628795880764,-0.003237988888889508,-0.10929627271894474,0,0,0,0,0,0,0,0
1.2387312997084867,-0.018106955373184516,1.063,0.013055062804917585,-0.8305848388671875,-0.11232234954833985,2.1951219512195124,0,1,0,0.9563906515110256,0.018106955373184516,-0.06299999999999994,-0.013055062804917585,0.17928420901461267,-0.07427569464272443,0.006157074193549113,-0.10339020263476059,0,0,0,0,0,0,0,0
1.1848727581070484,-0.02740831865905103,1.054,0.009093165402890457,-0.8096306762695312,-0.12896195983886719,2.1951219512195124,0,1,0,1.010249193112464,0.02740831865905103,-0.05400000000000005,-0.009093165402890457,0.19983774303369034,-0.0644809908246461,0.0009200999999993825,-0.08124004153887755,0,0,0,0,0,0,0,0
1.1336567938841824,-0.04006725916116321,1.04,0.005323254218582705,-0.769934326171875,-0.182890625,2.1951219512195124,0,1,0,1.06146515733533,0.04006725916116321,-0.040000000000000036,-0.005323254218582705,0.1643262574413111,-0.052710298278665746,0.024628612820512853,-0.0568518865641877,0,0,0,0,0,0,0,0
1.090168335131469,-0.05662374659454366,1.029,0.0009773843811168245,-0.6536396484375,-0.24487130737304688,2.1951219512195124,0,1,0,1.1049536160880433,0.05662374659454366,-0.028999999999999915,-0.0009773843811168245,0.2852987694905671,0.022324130421689042,0.052386693617022244,-0.018365538740382346,0,0,0,0,0,0,0,0
1.0513668346500098,-0.07668934738950335,1.021,-0.0013962634015954637,-0.58231640625,-0.30041500854492187,2.1951219512195124,0,1,0,1.1437551165695026,0.07668934738950335,-0.020999999999999908,0.0013962634015954637,0.16387988191847938,-0.0002999315112910267,0.012605435897436013,0.023295479059634645,0,0,0,0,0,0,0,0
1.0163634989509036,-0.10061037803134576,1.016,-0.0021991148575128553,-0.5245485229492187,-0.3595482177734375,2.1951219512195124,0,1,0,1.1787584522686088,0.10061037803134576,-0.016000000000000014,0.0021991148575128553,0.20916140709128125,0.05515109158305437,0.008384977777777178,0.03153494065242098,0,0,0,0,0,0,0,0
0.9869081640909187,-0.12618256407487427,1.016,0.00010471975511965978,-0.4409854125976562,-0.38455349731445315,2.1951219512195124,0,1,0,1.2082137871285936,0.12618256407487427,-0.016000000000000014,-0.00010471975511965978,0.2031971400404013,0.08018401658703508,-0.019492000000000006,-0.0041429766746051465,0,0,0,0,0,0,0,0
0.9656660075814314,-0.15441721261261707,1.018,0.0029845130209103033,-0.3186766967773437,-0.4234863586425781,2.1951219512195124,0,1,0,1.229455943638081,0.15441721261261707,-0.018000000000000016,-0.0029845130209103033,0.17329565520325213,0.107774213076527,-0.032316511111111126,-0.03865530119126184,0,0,0,0,0,0,0,0
0.9512542742267266,-0.1800274793203045,1.021,0.002565634000431664,-0.21732154846191407,-0.38350711059570314,2.1951219512195124,0,1,0,1.2438676769927857,0.1800274793203045,-0.020999999999999908,-0.002565634000431664,0.1368597434368165,0.08004226565798432,-0.03723073846153789,-0.03494807114035303,0,0,0,0,0,0,0,0
0.9424329760678397,-0.20833804852613563,1.023,0.0010995574287564276,-0.13340855407714844,-0.4243176574707031,2.1951219512195124,0,1,0,1.2526889751516728,0.20833804852613563,-0.02299999999999991,-0.0010995574287564276,0.13416668077521243,0.1403891121175876,-0.03680212258064509,-0.01986576776758538,0,0,0,0,0,0,0,0
