-0.0016895203908284505,0.004509291076660156,0.728,-0.0006108652381979773,-0.025342805862426758,0.06763936614990235,0,0,1,0,0.0016895203908284505,-0.004509291076660156,0.272,0.0006108652381979773,0.0008447601954142252,-0.002254645538330078,0.21760000000000002,0.013425290262177834,0,0,0,0,0,0,0,0
-0.003519884532600215,0.009335096260379556,0.728,-0.0008028514559170752,-0.027499675750732422,0.07237029266357421,0,0,1,0,0.003519884532600215,-0.009335096260379556,0.272,0.0008028514559170752,0.010000569796681538,-0.026394615910530862,0.21972160000000002,0.01610831853654695,0,0,0,0,0,0,0,0
-0.00459635398603129,0.01354336059411927,0.729,-0.006876597252857497,-0.016197715759277344,0.06311098098754883,0,0,1,0,0.00459635398603129,-0.01354336059411927,0.271,0.006876597252857497,0.008334974974876784,-0.03030906351818751,0.21507334444444445,0.06743351568770888,0,0,0,0,0,0,0,0
-0.003959476602365819,0.016425785528171442,0.729,-0.0154461638801493,0.009255618095397948,0.04330104446411133,0,0,1,0,0.003959476602365819,-0.016425785528171442,0.271,0.0154461638801493,-0.0015345763673663836,-0.024744623216906236,0.2223091,0.11565750918797976,0,0,0,0,0,0,0,0
-0.00470530611187492,0.02024762675096426,0.732,-0.02094395102393154,-0.012071564674377441,0.05714798355102539,0,0,1,0,0.00470530611187492,-0.02024762675096426,0.268,0.02094395102393154,0.006606754643893783,-0.03174380145459966,0.20493083333333334,0.1416878092243463,0,0,0,0,0,0,0,0
-0.003732834487804893,0.02291020028753192,0.735,-0.02183406894244877,0.013747464179992676,0.04023533248901367,0,0,1,0,0.003732834487804893,-0.02291020028753192,0.265,0.02183406894244877,-0.003489594037504655,-0.027015337288197355,0.20390501612903228,0.14567438536971392,0,0,0,0,0,0,0,0
-0.0015819841663837118,0.023669059551087075,0.736,-0.02083923126881171,0.03200654983520508,0.01208454704284668,0,0,1,0,0.0015819841663837118,-0.023669059551087075,0.264,0.02083923126881171,-0.011014461982169672,-0.016729109731406365,0.21614814444444447,0.14121512207250755,0,0,0,0,0,0,0,0
0.0009789682683132219,0.024275099107045974,0.743,-0.019058995431777692,0.03821651840209961,0.00988908576965332,0,0,1,0,-0.0009789682683132219,-0.024275099107045974,0.257,0.019058995431777692,-0.014808828901150282,-0.016387941368024336,0.1781809709677419,0.13305363590259184,0,0,0,0,0,0,0,0
0.005257510568783827,0.0231754155225572,0.749,-0.017366026057343387,0.06448084259033203,-0.015269161224365235,0,0,1,0,-0.005257510568783827,-0.0231754155225572,0.251,0.017366026057343387,-0.021730706328815037,-0.0076631991524463905,0.18793182307692308,0.12505288297376696,0,0,0,0,0,0,0,0
0.011402220857126113,0.02030063650834985,0.758,-0.014870205226991562,0.09290557098388671,-0.041514625549316404,0,0,1,0,-0.011402220857126113,-0.02030063650834985,0.242,0.014870205226991562,-0.039813587598363995,0.00468281324532282,0.15917949999999995,0.11276423667884955,0,0,0,0,0,0,0,0
0.016846379647262853,0.017134948818400757,0.768,-0.014119713648633958,0.08235944366455078,-0.04626577377319336,0,0,1,0,-0.016846379647262853,-0.017134948818400757,0.23199999999999998,0.014119713648633958,-0.039235989628015375,0.008059243488800424,0.14616628709677415,0.10893748274566777,0,0,0,0,0,0,0,0
0.02206483799064714,0.012852815919662277,0.777,-0.013561208287995452,0.07917597961425782,-0.06312038040161133,0,0,1,0,-0.02206483799064714,-0.012852815919662277,0.22299999999999998,0.013561208287995452,-0.04024250805962309,0.016038146808538253,0.14682279999999998,0.10604552189520107,0,0,0,0,0,0,0,0
0.02900576234525249,0.007156337136452396,0.788,-0.013473941825396185,0.10526302337646484,-0.08402745819091798,0,0,1,0,-0.02900576234525249,-0.007156337136452396,0.21199999999999997,0.013473941825396185,-0.05408400820811786,0.027209931212803705,0.12724042580645156,0.10559009683155332,0,0,0,0,0,0,0,0
0.034829149488320874,-0.0009704995905302017,0.796,-0.013945180723434536,0.08898533630371094,-0.12071456146240235,0,0,1,0,-0.034829149488320874,0.0009704995905302017,0.20399999999999996,0.013945180723434536,-0.0442153149942668,0.035589953011954036,0.14863096410256404,0.10803790999796392,0,0,0,0,0,0,0,0
0.03919212244243345,-0.008935614390167127,0.804,-0.014241886696273465,0.06710430145263672,-0.11855249786376953,0,0,1,0,-0.03919212244243345,0.008935614390167127,0.19599999999999995,0.014241886696273465,-0.04475186714238795,0.04741286750121805,0.1349187555555555,0.10956497915151599,0,0,0,0,0,0,0,0
0.044904718795524615,-0.018504937729998942,0.814,-0.015428710587629624,0.0877244644165039,-0.14230496215820312,0,0,1,0,-0.044904718795524615,0.018504937729998942,0.18600000000000005,0.015428710587629624,-0.055896363741215246,0.062081995701898214,0.11606478709677481,0.11557036847143964,0,0,0,0,0,0,0,0
0.049131918185006875,-0.029677930502715662,0.822,-0.01514945790731037,0.06598611450195313,-0.1665966796875,0,0,1,0,-0.049131918185006875,0.029677930502715662,0.17800000000000005,0.01514945790731037,-0.049555407773492946,0.07590727142847316,0.12279335555555557,0.11417161334071707,0,0,0,0,0,0,0,0
0.05276500723956014,-0.03815760817638304,0.832,-0.014992378274631069,0.05641694641113281,-0.12635501098632812,0,0,1,0,-0.05276500723956014,0.03815760817638304,0.16800000000000004,0.014992378274631069,-0.04872402798803438,0.06618065352315172,0.1038277870967742,0.11338103848397507,0,0,0,0,0,0,0,0
0.055425778225882225,-0.04902958731228004,0.841,-0.014695672301791696,0.0423519401550293,-0.1624630126953125,0,0,1,0,-0.055425778225882225,0.04902958731228004,0.15900000000000003,0.014695672301791696,-0.04467628322408243,0.08445626542168452,0.10408109999999998,0.1118801523077436,0,0,0,0,0,0,0,0
0.05781881393362814,-0.058729125657724646,0.851,-0.015620696805349166,0.038029701232910156,-0.14494987487792968,0,0,1,0,-0.05781881393362814,0.058729125657724646,0.14900000000000002,0.015620696805349166,-0.044958289232948104,0.08402572948687145,0.09055328709677421,0.11652711962202734,0,0,0,0,0,0,0,0
0.05963146444245179,-0.06842412916522829,0.862,-0.01556833692778925,0.02945798873901367,-0.14498260498046875,0,0,1,0,-0.05963146444245179,0.06842412916522829,0.138,0.01556833692778925,-0.04085736061511166,0.0776108706444679,0.0905609227848101,0.11626657813433247,0,0,0,0,0,0,0,0
0.06160912653083359,-0.07589878783070197,0.869,-0.015533430342749455,0.03140678596496582,-0.11164447784423828,0,0,1,0,-0.06160912653083359,0.07589878783070197,0.131,0.015533430342749455,-0.045361659608081896,0.08106187903331866,0.09499117096774193,0.11609272152837394,0,0,0,0,0,0,0,0
0.0619842916958134,-0.08355146992605891,0.877,-0.016179202165987228,0.007409812927246094,-0.11468897247314454,0,0,1,0,-0.0619842916958134,0.08355146992605891,0.123,0.016179202165987228,-0.03685977267813844,0.08573384111458578,0.08443775555555552,0.11928838092008603,0,0,0,0,0,0,0,0
0.061525397872835105,-0.0890833307208565,0.886,-0.016231562043547587,-0.005540048599243164,-0.0830784149169922,0,0,1,0,-0.061525397872835105,0.0890833307208565,0.11399999999999999,0.016231562043547587,-0.03233700267106121,0.07776543405493756,0.07158254838709674,0.11954560666377698,0,0,0,0,0,0,0,0
0.061527682485784496,-0.0941356985874951,0.892,-0.01691224045182471,0.0012643280029296874,-0.0757749786376953,0,0,1,0,-0.061527682485784496,0.0941356985874951,0.10799999999999998,0.01691224045182471,-0.03532899131720483,0.07772513683732805,0.08493606666666664,0.12286480789809563,0,0,0,0,0,0,0,0
0.06034603686195007,-0.09849377177509433,0.897,-0.017261306302224,-0.016616630554199218,-0.0656614990234375,0,0,1,0,-0.06034603686195007,0.09849377177509433,0.10299999999999998,0.017261306302224,-0.029893919294262307,0.07215917109178117,0.09263690256410255,0.12454965120577996,0,0,0,0,0,0,0,0
0.05885882833089681,-0.10157354344719587,0.905,-0.016632987771505903,-0.021507431030273437,-0.04657474136352539,0,0,1,0,-0.05885882833089681,0.10157354344719587,0.09499999999999997,0.016632987771505903,-0.026421963738633092,0.07215916411256201,0.06410050967741932,0.12150857332334566,0,0,0,0,0,0,0,0
0.057024275372382784,-0.10421872624186428,0.91,-0.016301375213626734,-0.026854558944702147,-0.04012994384765625,0,0,1,0,-0.057024275372382784,0.10421872624186428,0.08999999999999997,0.016301375213626734,-0.024067511343727976,0.07144798562922038,0.07805102222222221,0.11988814451121091,0,0,0,0,0,0,0,0
0.05452677364979446,-0.10488329269868002,0.921,-0.01654572130890619,-0.037295055389404294,-0.01057783603668213,0,0,1,0,-0.05452677364979446,0.10488329269868002,0.07899999999999996,0.01654572130890619,-0.019249987312826476,0.061486670138843076,0.03542182580645155,0.12108319706318255,0,0,0,0,0,0,0,0
0.051818010282321365,-0.10550977036846652,0.923,-0.016685347649065374,-0.04047041320800781,-0.010068124771118164,0,0,1,0,-0.051818010282321365,0.10550977036846652,0.07699999999999996,0.016685347649065374,-0.017272173765887574,0.06219346718900851,0.08529258888888885,0.12176344197347945,0,0,0,0,0,0,0,0
0.049677516485501096,-0.10464820059635055,0.927,-0.016318828506146854,-0.03231856155395508,0.012386049270629883,0,0,1,0,-0.049677516485501096,0.10464820059635055,0.07299999999999995,0.016318828506146854,-0.019475180120552688,0.054067369321372835,0.07107565483870963,0.1199737025136162,0,0,0,0,0,0,0,0
0.04665613616498354,-0.10332962316662694,0.932,-0.016283921921106614,-0.04563742065429687,0.019036479949951172,0,0,1,0,-0.04665613616498354,0.10332962316662694,0.06799999999999995,0.016283921921106614,-0.017030643980474523,0.05324628621670674,0.06804160126582273,0.11980255596873048,0,0,0,0,0,0,0,0
0.04274966774313699,-0.10136086939385831,0.934,-0.01644100155378636,-0.05907012176513672,0.028573244094848634,0,0,1,0,-0.04274966774313699,0.10136086939385831,0.06599999999999995,0.01644100155378636,-0.006675675572191137,0.04761821287163613,0.0777123774193548,0.12057175705234172,0,0,0,0,0,0,0,0
0.03891211784864174,-0.09872653935483151,0.937,-0.01692969374434483,-0.05820510482788086,0.038563255310058595,0,0,1,0,-0.03891211784864174,0.09872653935483151,0.06299999999999994,0.01692969374434483,-0.005734969648180981,0.043401790754785965,0.07033293333333328,0.12294932367725514,1430810622122,0,0,0,0,0,0,0
0.03544466589893476,-0.0957499927666105,0.94,-0.01644100155378636,-0.05276016998291016,0.043761299133300784,0,0,1,0,-0.03544466589893476,0.0957499927666105,0.06000000000000005,0.01644100155378636,-0.0059663967154461525,0.04033924872064367,0.06803611612903292,0.12057175705234172,1430810622122,0,0,0,0,0,0,0
0.033453978984137954,-0.09124473111328824,0.944,-0.01593485607070777,-0.030967283248901366,0.0670788803100586,0,0,1,0,-0.033453978984137954,0.09124473111328824,0.05600000000000005,0.01593485607070777,-0.013696767099316094,0.030435313871317312,0.0599021777777778,0.11808430366913271,1430810622122,0,0,0,0,0,0,0
0.03210331700513747,-0.08770950477899321,0.947,-0.016161748873467108,-0.02110232162475586,0.052698837280273435,0,0,1,0,-0.03210331700513747,0.08770950477899321,0.05300000000000005,0.016161748873467108,-0.016655143703954847,0.03428380818625422,0.06311751612903228,0.11920257736867257,1430810622122,0,0,0,0,0,0,0
0.03004276876144144,-0.08409812530732233,0.952,-0.016039575825827157,-0.03177964210510254,0.05366410827636719,0,0,1,0,-0.03004276876144144,0.08409812530732233,0.04800000000000004,0.016039575825827157,-0.01423785808715351,0.03688609879700448,0.053991502564102595,0.11860108502029684,1430810622122,0,0,0,0,0,0,0
0.027295742926652156,-0.08104946452308974,0.954,-0.01565560339038896,-0.04193354415893555,0.04506314086914062,0,0,1,-0.016039575825827157,-0.027295742926652156,0.08104946452308974,0.04600000000000004,-0.0003839724354381957,-0.013647871463326078,0.04052473226154487,0.036800000000000034,-0.009851297664462267,1430810622122,0,0,0,0,0,0,0
0.02421691596160459,-0.07639565531233117,0.956,-0.020507618710932984,-0.04726957321166992,0.06907559967041016,0,0,1,-0.016039575825827157,-0.02421691596160459,0.07639565531233117,0.04400000000000004,0.004468042885105827,0.005121871942923628,0.012399977109981062,0.024182477419354864,0.05058692699719461,1430810622512,0,0,0,0,0,0,0
0.024448158155232477,-0.07359460344578492,0.958,-0.02663372438543332,0.002606320381164551,0.04207807159423828,0,0,1,-0.016039575825827157,-0.024448158155232477,0.07359460344578492,0.04200000000000004,0.010594148559606165,-0.013812926206444415,0.022173201528947077,0.023026288888888913,0.08995061050743969,1430810622575,0,0,0,0,0,0,0
0.025085235174037733,-0.07164094602859063,0.96,-0.032114058236695886,0.008772360801696777,0.029548954010009766,0,0,1,-0.016039575825827157,-0.025085235174037733,0.07164094602859063,0.040000000000000036,0.01607448241086873,-0.016598716845951354,0.02617323471822067,0.021495077419354858,0.11877309533355829,1430810622637,0,0,0,0,0,0,0
0.02435939661785174,-0.07103556226875857,0.962,-0.03462733235956739,-0.011173534393310546,0.008726490020751954,0,0,1,-0.016039575825827157,-0.02435939661785174,0.07103556226875857,0.038000000000000034,0.01858775653374023,-0.00876042281778177,0.03398353499651652,0.02031368888888891,0.1308513054498578,1430810622700,0,0,0,0,0,0,0
0.025665296350988763,-0.071132622260983,0.964,-0.03438298626428793,0.01962715721130371,-0.000776865303516388,0,0,1,-0.016039575825827157,-0.025665296350988763,0.071132622260983,0.03600000000000003,0.018343410438460772,-0.019505804913989122,0.03838566816257781,0.021131241025641047,0.12970203753158863,1430810622778,0,0,0,0,0,0,0
0.026381641877848,-0.07139167293627863,0.967,-0.03431317309420878,0.010872409820556641,-0.0035140848159790038,0,0,1,-0.016039575825827157,-0.026381641877848,0.07139167293627863,0.03300000000000003,0.018273597268381625,-0.01821162340093728,0.039984679110706016,0.01097471612903227,0.12937273984900066,1430810622840,0,0,0,0,0,0,0
0.02718254603047089,-0.07146302306251173,0.968,-0.03340560188317099,0.012043207168579102,-0.0006574793457984925,0,0,1,-0.016039575825827157,-0.02718254603047089,0.07146302306251173,0.03200000000000003,0.01736602605734383,-0.019188906993090817,0.039404577964889546,0.02175624444444447,0.1250528829737691,1430810622903,0,0,0,0,0,0,0
0.028454400675271385,-0.07234919306233084,0.968,-0.03344050846821123,0.019511138916015625,-0.012647946357727051,0,0,1,-0.016039575825827157,-0.028454400675271385,0.07234919306233084,0.03200000000000003,0.01740093264238407,-0.022731608692850847,0.04490241095122563,0.027510200000000026,0.12522040193737927,1430810622965,0,0,0,0,0,0,0
0.028868434973000148,-0.07330795183041615,0.967,-0.03300417615521267,0.006687873363494873,-0.01416569709777832,0,0,1,-0.016039575825827157,-0.028868434973000148,0.07330795183041615,0.03300000000000003,0.016964600329385515,-0.017821191037409954,0.045206016003330615,0.03300127974683548,0.12311826816072524,1430810623044,0,0,0,0,0,0,0
0.03023935946512545,-0.07473114538566428,0.965,-0.03183480555637619,0.021257110595703125,-0.020657707214355468,0,0,1,-0.016039575825827157,-0.03023935946512545,0.07473114538566428,0.03500000000000003,0.015795229730549032,-0.027023461281207126,0.0526194336155486,0.04522901702127664,0.1173934972289303,1430810623091,0,0,0,0,0,0,0
0.03185743004455,-0.07518382674685509,0.968,-0.03232349774693466,0.024474889755249023,-0.006014245986938477,0,0,1,-0.016039575825827157,-0.03185743004455,0.07518382674685509,0.03200000000000003,0.016283921921107503,-0.02513254546266819,0.04486522078342602,0.014723461538461555,0.11980255596873482,1430810623169,0,0,0,0,0,0,0
0.03282053908678711,-0.07566233701865054,0.967,-0.03302162944773279,0.014671055793762208,-0.006707020282745361,0,0,1,-0.016039575825827157,-0.03282053908678711,0.07566233701865054,0.03300000000000003,0.016982053621905635,-0.023993920096918912,0.04624358755403689,0.03483476129032261,0.12320269694467237,1430810623231,0,0,0,0,0,0,0
0.03405084285117835,-0.07617456718030002,0.964,-0.033632494685930325,0.018698169708251954,-0.007069974899291992,0,0,1,-0.016039575825827157,-0.03405084285117835,0.07617456718030002,0.03600000000000003,0.01759291886010317,-0.02622170731876506,0.04712405786501105,0.04848306666666671,0.12613976260968546,1430810623294,0,0,0,0,0,0,0
0.03580307865708126,-0.075312983202621,0.964,-0.03384193419616999,0.025834096908569335,0.013800265312194825,0,0,1,-0.016039575825827157,-0.03580307865708126,0.075312983202621,0.03600000000000003,0.01780235837034283,-0.03037643713910606,0.039450702732597105,0.03203960000000003,0.12713889594617814,1430810623356,0,0,0,0,0,0,0
0.03720302648517381,-0.07470687644863219,0.964,-0.033929200658769254,0.020679574966430664,0.009796914100646972,0,0,1,-0.016039575825827157,-0.03720302648517381,0.07470687644863219,0.03600000000000003,0.017889624832942097,-0.02919662431085613,0.04111482345200256,0.03226640000000003,0.12755404382184285,1430810623419,0,0,0,0,0,0,0
0.03721887436913854,-0.0727242806480082,0.966,-0.033964107243809494,-0.0007712433338165284,0.02972988510131836,0,0,1,-0.016039575825827157,-0.03721887436913854,0.0727242806480082,0.03400000000000003,0.017924531417982337,-0.021747281201170848,0.03274960276805186,0.01958687741935486,0.1277199138690169,1430810623481,0,0,0,0,0,0,0
0.037860883260088025,-0.06983517528191335,0.965,-0.03431317309420878,0.008152974128723145,0.04363860321044922,0,0,1,-0.016039575825827157,-0.037860883260088025,0.06983517528191335,0.03500000000000003,0.018273597268381625,-0.02515494580103847,0.030077903185200993,0.03643737948717952,0.12937273984900066,1430810623559,0,0,0,0,0,0,0
0.038800766469674154,-0.06687406787623194,0.962,-0.03469714552964698,0.012566173553466797,0.04487412643432617,0,0,1,-0.016039575825827157,-0.038800766469674154,0.06687406787623194,0.038000000000000034,0.01865756970381982,-0.02821009649512469,0.025531993746791503,0.05125626666666672,0.1311787408973213,1430810623622,0,0,0,0,0,0,0
0.03791394067150895,-0.06315990647262862,0.963,-0.03473205211468722,-0.015227054595947266,0.055217426300048826,0,0,1,-0.016039575825827157,-0.03791394067150895,0.06315990647262862,0.03700000000000003,0.01869247628886006,-0.017773901974554224,0.019550060981718517,0.02837383870967745,0.1313423054386302,1430810623684,0,0,0,0,0,0,0
0.03766976947459567,-0.05746348945309243,0.965,-0.03473205211468722,-0.006627486228942871,0.08526753997802734,0,0,1,-0.016039575825827157,-0.03766976947459567,0.05746348945309243,0.03500000000000003,0.01869247628886006,-0.0215389039413309,0.006384151417491095,0.02152838888888891,0.1313423054386302,1430810623747,0,0,0,0,0,0,0
0.0372217210645719,-0.05034413064380816,0.963,-0.0347145988221671,-0.010424976348876952,0.10649259948730469,0,0,1,-0.016039575825827157,-0.0372217210645719,0.05034413064380816,0.03700000000000003,0.01867502299633994,-0.020372855515980882,-0.005406561919602572,0.0457592225806452,0.13126053590664927,1430810623809,0,0,0,0,0,0,0
0.035310981183910496,-0.04293365392779666,0.966,-0.033545228223330614,-0.0325018310546875,0.11009542083740234,0,0,1,-0.016039575825827157,-0.035310981183910496,0.04293365392779666,0.03400000000000003,0.017505652397503457,-0.01364838397150177,-0.0018391281251908878,0.018872561538461556,0.1257222881540396,1430810623887,0,0,0,0,0,0,0
0.0339031914921298,-0.03466637977707948,0.968,-0.032306044454414984,-0.02526409912109375,0.12323110961914062,0,0,1,-0.016039575825827157,-0.0339031914921298,0.03466637977707948,0.03200000000000003,0.016266468628587827,-0.013910858186625404,-0.01843152873496353,0.01982458888888891,0.11971693684252932,1430810623950,0,0,0,0,0,0,0
0.03042878675307896,-0.026755814484315417,0.971,-0.030944687637859403,-0.05592159652709961,0.11691319274902344,0,0,1,-0.016039575825827157,-0.03042878675307896,0.026755814484315417,0.029000000000000026,0.014905111812032246,-0.0008841624665880086,-0.020236533872577074,0.012051733333333346,0.1129406375633294,1430810624013,0,0,0,0,0,0,0
0.02714514132091721,-0.018859201439222217,0.974,-0.03125884690321845,-0.05289588928222656,0.11686856079101562,0,0,1,-0.016039575825827157,-0.02714514132091721,0.018859201439222217,0.026000000000000023,0.015219271077391294,-0.0001761800921952078,-0.024697982673216594,0.009544116129032273,0.11452210213656813,1430810624075,0,0,0,0,0,0,0
0.02295010257564935,-0.010296373139082481,0.979,-0.030159289474462003,-0.06690914916992187,0.1264130172729492,0,0,1,-0.016039575825827157,-0.02295010257564935,0.010296373139082481,0.02100000000000002,0.014119713648634846,0.00654581635647173,-0.03190814371980343,-0.0051658777777777755,0.10893748274567233,1430810624138,0,0,0,0,0,0,0
0.01853836949113277,-0.0027165423908979535,0.981,-0.028920105705545485,-0.06957441711425781,0.11165023803710937,0,0,1,-0.016039575825827157,-0.01853836949113277,0.0027165423908979535,0.019000000000000017,0.012880529879718328,0.0050975510094094165,-0.022117662778683003,0.012185741025641036,0.10246665582067999,1430810624216,0,0,0,0,0,0,0
0.014427650035982745,0.0030918586267285183,0.984,-0.028239427297267916,-0.06415435028076172,0.08530659484863282,0,0,1,-0.016039575825827157,-0.014427650035982745,-0.0030918586267285183,0.016000000000000014,0.012199851471440759,0.010472895450596285,-0.02381833234481124,0.0019238161290322624,0.09882415397863556,1430810624278,0,0,0,0,0,0,0
0.010316610808703013,0.00853713911080212,0.984,-0.02764601535159006,-0.06394726943969727,0.07990547180175782,0,0,1,-0.016039575825827157,-0.010316610808703013,-0.00853713911080212,0.016000000000000014,0.011606439525762902,0.012096852890773207,-0.024056954224724196,0.018960100000000018,0.09559299856660315,1430810624341,0,0,0,0,0,0,0
0.004709647272520211,0.011702915964109085,0.986,-0.0272445896236313,-0.08538496398925781,0.04514365005493164,0,0,1,-0.016039575825827157,-0.004709647272520211,-0.011702915964109085,0.014000000000000012,0.011205013797804142,0.023684241538263616,-0.013332163431589522,0.006156577419354846,0.09337594426202862,1430810624403,0,0,0,0,0,0,0
-0.001516966430165105,0.013761667619209618,0.988,-0.027488935718910312,-0.0942057876586914,0.02832550621032715,0,0,1,-0.016039575825827157,0.001516966430165105,-0.013761667619209618,0.01200000000000001,0.011449359893083155,0.029747190115658705,-0.008014426014056057,0.004811388888888896,0.0947285480777005,1430810624466,0,0,0,0,0,0,0
-0.007451354448864397,0.014038142816097264,0.991,-0.028309240467347507,-0.08909617614746093,0.0016989191770553588,0,0,1,-0.016039575825827157,0.007451354448864397,-0.014038142816097264,0.009000000000000008,0.01226966464152035,0.03166886169925492,0.0016370620178388154,-0.0033571838709677403,0.09920080687327444,1430810624528,0,0,0,0,0,0,0
-0.015947840950247278,0.012979740805361302,0.992,-0.028640853025226676,-0.1269468536376953,-0.019477123260498046,0,0,1,-0.016039575825827157,0.015947840950247278,-0.012979740805361302,0.008000000000000007,0.012601277199399519,0.049719701608478,0.009525248906092824,0.007273144444444452,0.1009802526541208,1430810624591,0,0,0,0,0,0,0
-0.023862840629100823,0.010175097493954963,0.992,-0.0272445896236313,-0.1174715576171875,-0.045452316284179686,0,0,1,-0.016039575825827157,0.023862840629100823,-0.010175097493954963,0.008000000000000007,0.011205013797804142,0.04217665301933517,0.017553131566385473,0.012891100000000013,0.09337594426202862,1430810624669,0,0,0,0,0,0,0
-0.03131402852735801,0.00481904172084054,0.992,-0.02673844414055271,-0.10953775787353516,-0.083355712890625,0,0,1,-0.016039575825827157,0.03131402852735801,-0.00481904172084054,0.008000000000000007,0.010698868314725551,0.05264352723551108,0.03785214217767012,0.012940700000000013,0.09054239349910334,1430810624731,0,0,0,0,0,0,0
-0.039386211921509956,-0.0010896298513572268,0.991,-0.0272445896236313,-0.118669921875,-0.0918355712890625,0,0,1,-0.016039575825827157,0.039386211921509956,0.0010896298513572268,0.009000000000000008,0.011205013797804142,0.05971005787837515,0.04340349709151471,0.019352955555555572,0.09337594426202862,1430810624794,0,0,0,0,0,0,0
-0.04794721476724798,-0.008705371808159806,0.989,-0.026476644752753575,-0.12525545501708985,-0.11769191741943359,0,0,1,-0.016039575825827157,0.04794721476724798,0.008705371808159806,0.01100000000000001,0.010437068926926418,0.06777061060305872,0.05743147988787757,0.026755922580645183,0.08905926581560256,1430810624856,0,0,0,0,0,0,0
-0.055749251318725775,-0.01798316113136122,0.989,-0.026843163895672095,-0.11330529022216797,-0.14221627807617188,0,0,1,-0.016039575825827157,0.055749251318725775,0.01798316113136122,0.01100000000000001,0.010803588069844938,0.06703925479921378,0.07073485079076404,0.015534900000000015,0.09113224882472767,1430810624919,0,0,0,0,0,0,0
-0.06173267891985528,-0.026549863110023435,0.992,-0.027262042916150975,-0.08627013397216797,-0.1308631591796875,0,0,1,-0.016039575825827157,0.06173267891985528,0.026549863110023435,0.008000000000000007,0.011222467090323818,0.06084647757821568,0.07199995130926543,-0.0037509838709677418,0.09347288270452866,1430810624981,0,0,0,0,0,0,0
-0.06764898048115844,-0.0354066989685954,0.991,-0.028187067419708445,-0.08509016418457031,-0.13522222900390626,0,0,1,-0.016039575825827157,0.06764898048115844,0.0354066989685954,0.009000000000000008,0.012147491593881288,0.05677310404069286,0.06758681397359267,0.01848597974683546,0.09854119266583794,1430810625060,0,0,0,0,0,0,0
-0.07257175056458666,-0.04325222821458188,0.994,-0.029338984726024364,-0.07049552154541015,-0.11971729278564452,0,0,1,-0.016039575825827157,0.07257175056458666,0.04325222821458188,0.006000000000000005,0.013299408900197207,0.061262802438665984,0.07682787420418974,-0.005242683870967744,0.10467628528496971,1430810625122,0,0,0,0,0,0,0
-0.07530743651819682,-0.052290314106603245,0.988,-0.02926917155594433,-0.03704067611694336,-0.13671670532226562,0,0,1,-0.016039575825827157,0.07530743651819682,0.052290314106603245,0.01200000000000001,0.013229595730117172,0.05051350644724294,0.08759865641654305,0.04990173333333338,0.10430964283560956,1430810625185,0,0,0,0,0,0,0
-0.07570269779559329,-0.058296061144222505,0.986,-0.029827676916582835,-0.0032900075912475585,-0.09022113037109375,0,0,1,-0.016039575825827157,0.07570269779559329,0.058296061144222505,0.014000000000000012,0.013788101090755678,0.03821355217716156,0.07465478792167704,0.029545522580645186,0.10722508078601746,1430810625247,0,0,0,0,0,0,0
-0.07534011268002651,-0.06434279231963226,0.986,-0.028955012290585724,0.008141355514526367,-0.09049842071533203,0,0,1,-0.016039575825827157,0.07534011268002651,0.06434279231963226,0.014000000000000012,0.012915436464758567,0.03426122691339162,0.07777305337925647,0.018343400000000017,0.10265169724839777,1430810625310,0,0,0,0,0,0,0
-0.07448375097813743,-0.06960237053567203,0.985,-0.02693043035827225,0.015124089241027832,-0.07848871612548829,0,0,1,-0.016039575825827157,0.07448375097813743,0.06960237053567203,0.015000000000000013,0.010890854532445093,0.03147490714164132,0.07693259355871049,0.0248815612903226,0.09162234036886659,1430810625372,0,0,0,0,0,0,0
-0.07394159105794468,-0.07283279298110482,0.987,-0.026494098045273695,0.009434242248535157,-0.048219783782958985,0,2.586206896551724,1,0,0.07394159105794468,2.659039689532829,0.013000000000000012,0.026494098045273695,0.03697079552897234,1.3295198447664145,0.01040000000000001,0.1657268347013694,0,0,0,0,0,0,0,0
-0.07208314680858884,-0.07585655244513642,0.988,-0.026651177677952997,0.029068416595458984,-0.04460199356079102,0,2.586206896551724,1,0,0.07208314680858884,2.6620634489968604,0.01200000000000001,0.026651177677952997,0.026171006954989407,1.364601387916174,0.00412004444444445,0.1663812358991555,0,0,0,0,0,0,0,0
-0.0699405571013692,-0.07829143423951773,0.99,-0.019809487010135296,0.033100704193115234,-0.035653820037841795,0,2.586206896551724,1,0,0.0699405571013692,2.664498330791242,0.010000000000000009,0.019809487010135296,0.023762769353367352,1.379285355227361,-0.0031527225806451623,0.13652396588518784,0,0,0,0,0,0,0,0
-0.06793228119700953,-0.08009357235176344,1,-0.014259339988793585,0.030653684616088868,-0.026430063247680664,0,2.586206896551724,1,0,0.06793228119700953,2.6663004689034877,0,0.014259339988793585,0.02412478089141478,1.393250695186787,-0.05541795555555559,0.10965447475026163,0,0,0,0,0,0,0,0
-0.06657641903581911,-0.07964057070242606,0.996,-0.010803588069844938,0.020238975524902343,0.007084329605102539,0,2.586206896551724,1,0,0.06657641903581911,2.6658474672541503,0.0040000000000000036,0.010803588069844938,0.02736265137903011,1.3969833028824372,0.02594304516129034,0.09113224882472767,0,0,0,0,0,0,0,0
-0.06667223346883688,-0.07542808725568434,0.993,-0.009826203688727997,-0.0021197683811187743,0.06316803741455078,0,2.586206896551724,1,0,0.06667223346883688,2.6616349838074087,0.007000000000000006,0.009826203688727997,0.03601459916237429,1.3992929120957536,0.01927853846153848,0.08554945578470657,0,0,0,0,0,0,0,0
-0.06979110915035275,-0.06793171099672637,0.995,-0.009738937226127842,-0.04788577270507813,0.11198052215576172,0,2.586206896551724,1,0,0.06979110915035275,2.6541386075484508,0.0050000000000000044,0.009738937226127842,0.05491087155189894,1.3895214317341436,-0.006862611111111116,0.08504219358471406,0,0,0,0,0,0,0,0
-0.07344106517793217,-0.054438751103277644,0.995,-0.011152653920243782,-0.05671781921386719,0.2018516082763672,0,2.586206896551724,1,0,0.07344106517793217,2.6406456476550018,0.0050000000000000044,0.011152653920243782,0.06046868752853017,1.3646235546924952,0.004279500000000004,0.09308482644767468,0,0,0,0,0,0,0,0
-0.07608480081792034,-0.033600549238905875,0.994,-0.014451326206513126,-0.0431395149230957,0.312111328125,0,2.586206896551724,1,0,0.07608480081792034,2.61980744579063,0.006000000000000005,0.014451326206513126,0.05635271933756272,1.3311113874157647,0.010672855555555565,0.11063652991425629,0,0,0,0,0,0,0,0
-0.07952541582810455,-0.005741876041117342,1.007,-0.01713913325458405,-0.05764254760742187,0.4170906677246094,0,2.586206896551724,1,0,0.07952541582810455,2.5919487725928416,-0.006999999999999895,0.01713913325458405,0.06330149086902731,1.2917532178064433,-0.0787131967741929,0.12396125937849857,0,0,0,0,0,0,0,0
-0.0813780881477626,0.0289871800814507,1.01,-0.017016960206944542,-0.03671395492553711,0.520383056640625,0,2.586206896551724,1,0,0.0813780881477626,2.5572197164702737,-0.010000000000000009,0.017016960206944542,0.055610306311892795,1.254826676813891,-0.0244557666666673,0.12337146779536734,0,0,0,0,0,0,0,0
-0.08148943835864753,0.06990892790893727,1.02,-0.014887658519511682,-0.01211496353149414,0.6137089233398437,0,2.586206896551724,1,0,0.08148943835864753,2.516297968642787,-0.020000000000000018,0.014887658519511682,0.0465086234206084,1.2633089003054647,-0.060816894871794924,0.1128524543544734,0,0,0,0,0,0,0,0
-0.08240656778110955,0.11874582785018956,1.006,-0.013753194505714994,-0.024661020278930666,0.7322675170898437,0,2.586206896551724,1,0,0.08240656778110955,2.467461068701535,-0.006000000000000005,0.013753194505714994,0.0520818645848068,1.166742571713953,0.07299487777777783,0.10704403374058315,0,0,0,0,0,0,0,0
-0.08114369519854348,0.17130737693135328,0.998,-0.010803588069844938,0.00809830093383789,0.7886091918945313,0,2.586206896551724,1,0,0.08114369519854348,2.414899519620371,0.0020000000000000018,0.010803588069844938,0.03972923632792064,1.130031862747375,0.046790790322580676,0.09113224882472767,0,0,0,0,0,0,0,0
-0.07918129815823328,0.2321580991345552,0.995,-0.008656833089891958,0.019573337554931642,0.9130255737304688,0,2.586206896551724,1,0,0.07918129815823328,2.354048797417169,0.0050000000000000044,0.008656833089891958,0.035473793624373084,1.0730958635063128,0.020727666666666686,0.07861995162329756,0,0,0,0,0,0,0,0
-0.07686514796777724,0.30029548885880003,0.99,-0.006963863715457208,0.025893251419067384,1.0223233032226562,0,2.586206896551724,1,0,0.07686514796777724,2.2859114076929243,0.010000000000000009,0.006963863715457208,0.03261944682831062,1.0066128322725243,0.03634880645161293,0.06800281931153232,0,0,0,0,0,0,0,0
-0.07406481630928559,0.3726818690610135,0.985,-0.006632251157578484,0.03444268417358398,1.0860618896484375,0,2.586206896551724,1,0,0.07406481630928559,2.213525027490711,0.015000000000000013,0.006632251157578484,0.029203532636817603,0.9668648480605737,0.03999527777777781,0.06582649314417287,0,0,0,0,0,0,0,0
-0.07078537927187788,0.44702457159433384,0.975,-0.00623082542961928,0.04179463577270508,1.1154422607421874,0,2.586206896551724,1,0,0.07078537927187788,2.1391823249573902,0.025000000000000022,0.00623082542961928,0.028957915575413246,1.0149366257785428,0.06528429487179493,0.0631427945273446,0,0,0,0,0,0,0,0
-0.06572478518590874,0.5266435928085148,0.973,-0.005078908123303361,0.06846610260009765,1.194735107421875,0,2.586206896551724,1,0,0.06572478518590874,2.0595633037432095,0.027000000000000024,0.005078908123303361,0.012982664964185524,0.8720232409519973,0.03347022258064519,0.0550985682713238,0,0,0,0,0,0,0,0
-0.05936546946421828,0.6112043529736029,0.97,-0.004450589592585263,0.0889463882446289,1.2688795166015625,0,2.586206896551724,1,0,0.05936546946421828,1.9750025435781213,0.030000000000000027,0.004450589592585263,0.003415347613943985,0.8218655925085043,0.0414355666666667,0.050455104292756306,0,0,0,0,0,0,0,0
-0.05199031320966214,0.7026411034846336,0.972,-0.004799655442984108,0.10452205657958985,1.372030029296875,0,2.586206896551724,1,0,0.05199031320966214,1.8835657930670906,0.028000000000000025,0.004799655442984108,-0.006254305382565745,0.7414321215894073,0.012052177419354854,0.05305994357541804,0,0,0,0,0,0,0,0
-0.04227276992315942,0.7991688737959676,0.974,-0.004118977034706095,0.13881199645996095,1.4485994873046875,0,2.586206896551724,1,0,0.04227276992315942,1.7870380227557567,0.026000000000000023,0.004118977034706095,-0.023199163568682183,0.6843363898563345,0.0107951888888889,0.047916636280870055,0,0,0,0,0,0,0,0
-0.02922801002640325,0.8976033965187428,0.975,-0.004049163864626504,0.1895880126953125,1.477311279296875,0,2.586206896551724,1,0,0.02922801002640325,1.6886035000329813,0.025000000000000022,0.004049163864626504,-0.03404139247107843,0.7428622552217845,0.016814120512820527,0.047373664259956816,0,0,0,0,0,0,0,0
-0.01841791717712812,1.000061050671283,0.993,-0.002827433388230993,0.15592706298828124,1.5375087890625,0,2.586206896551724,1,0,0.01841791717712812,1.5861458458804412,0.007000000000000006,0.002827433388230993,-0.0418227864828328,0.5647709204627358,-0.09466820322580652,0.03728679007144789,0,0,0,0,0,0,0,0
0.004294507006109619,1.1312764914976365,0.987,-0.0026005405854712116,0.33511996459960935,1.96918701171875,0,2.586206896551724,1,0,-0.004294507006109619,1.4549304050540877,0.013000000000000012,0.0026005405854712116,-0.11836147062239005,0.35774457346305866,0.045159933333333374,0.035264345963408945,0,0,0,0,0,0,0,0
0.028257757950289245,1.270039610823287,0.978,0.0001745329251994221,0.35403466796875,2.08237451171875,0,2.586206896551724,1,0,-0.028257757950289245,1.3161672857284372,0.02200000000000002,-0.0001745329251994221,-0.13747015753035494,0.2547233204820063,0.06916520000000007,-0.005823869764908419,0,0,0,0,0,0,0,0
0.049728771375986955,1.4053365650353429,0.97,0.0015882496193153628,0.3224194030761719,2.0293980712890627,0,2.586206896551724,1,0,-0.049728771375986955,1.1808703315163813,0.030000000000000027,-0.0015882496193153628,-0.13659214456837102,0.20152932929077105,0.0709124903225807,-0.02538473200687295,0,0,0,0,0,0,0,0
0.06943458845695705,1.5377188028601425,0.967,0,0.29874072265625,1.9852615966796876,0,2.586206896551724,1,0,-0.06943458845695705,1.0484880936915817,0.03300000000000003,0,-0.1351519187223347,0.17025993718063037,0.0450257666666667,0,0,0,0,0,0,0,0,0
0.0822432442593659,1.6633778279252467,0.966,-0.0027925268031907535,0.19212983703613282,1.8848853759765625,0,2.586206896551724,1,0,-0.0822432442593659,0.9228290686264775,0.03400000000000003,0.0027925268031907535,-0.1048963210938264,0.13924337760080385,0.03501506129032261,0.03697926796536566,0,0,0,0,0,0,0,0
0.08949080853937601,1.7893175038136122,0.964,-0.007609635538695425,0.10343769836425781,1.889391357421875,0,2.586206896551724,1,0,-0.08949080853937601,0.796889392738112,0.03600000000000003,0.007609635538695425,-0.06943232539289057,0.22674081072887264,0.04022505897435901,0.07214440358003502,0,0,0,0,0,0,0,0
0.09347623828631178,1.9217024921465407,0.965,-0.009564404300928864,0.04466883850097656,1.9861722412109375,0,2.586206896551724,1,0,-0.09347623828631178,0.6645044044051835,0.03500000000000003,0.009564404300928864,-0.06163409517015152,-0.005623532826690036,0.025115644444444467,0.0840230986372622,0,0,0,0,0,0,0,0
0.09458230434242944,2.050442845789377,0.966,-0.011170107212763458,-0.0018793582916259766,1.9311756591796876,0,2.586206896551724,1,0,-0.09458230434242944,0.5357640507623471,0.03400000000000003,0.011170107212763458,-0.04687618339780314,-0.05795987601520358,0.024436838709677444,0.09318191623853717,0,0,0,0,0,0,0,0
0.09340051279685269,2.1754206138243903,0.97,-0.011501719770642183,-0.03866555786132812,1.8743515625,0,2.586206896551724,1,0,-0.09340051279685269,0.41078628272733386,0.030000000000000027,0.011501719770642183,-0.034064280984562274,-0.08542167909239973,0.004848777777777785,0.09501713494599316,0,0,0,0,0,0,0,0
0.09036290094710409,2.296020884575477,0.972,-0.010943214410004565,-0.06636736297607422,1.8083603515625,0,2.586206896551724,1,0,-0.09036290094710409,0.2901860119762474,0.028000000000000025,0.010943214410004565,-0.022523424802871558,-0.13040970771229465,0.014354277419354855,0.09191576691201801,0,0,0,0,0,0,0,0
0.08542160432363939,2.4114586106934786,0.974,-0.009407324668249117,-0.09306352996826171,1.730651123046875,0,2.586206896551724,1,0,-0.08542160432363939,0.17474828585824564,0.026000000000000023,0.009407324668249117,-0.015694388985209532,-0.02394735077848642,0.01527304102564104,0.08310060100339779,0,0,0,0,0,0,0,0
0.07892154834949854,2.5209794950195885,0.976,-0.006492624817418413,-0.11295077514648437,1.6418233642578124,0,2.586206896551724,1,0,-0.07892154834949854,0.06522740153213569,0.02400000000000002,0.006492624817418413,0.0009973704769393257,-0.16875642099582527,0.011687488888888903,0.0648993401429322,1430810627732,0,0,0,0,0,0,0
0.07128093514377018,2.6237084403770115,0.985,-0.004136430327226215,-0.12461141967773437,1.5401575927734374,0,2.586206896551724,1,0,-0.07128093514377018,-0.037501543825287253,0.015000000000000013,0.004136430327226215,0.011396807106657053,-0.19182551160636357,-0.03511485161290325,0.04805189859843962,1430810627732,0,0,0,0,0,0,0
0.06319061609993287,2.7191099496741464,0.989,-0.002670353755551247,-0.12727305603027345,1.4305084228515625,0,2.586206896551724,1,0,-0.06319061609993287,-0.13290305312242223,0.01100000000000001,0.002670353755551247,0.016857588754048157,-0.19045047474629784,-0.00966132222222223,0.03589268452725134,0,0,0,0,0,0,0,0
0.05513485840487338,2.806279029650356,0.998,-0.0028972465583101403,-0.1243275146484375,1.3072088623046876,0,2.586206896551724,1,0,-0.05513485840487338,-0.22007213309863172,0.0020000000000000018,0.0028972465583101403,0.02107346607362853,-0.19747459297026193,-0.04543315161290326,0.037898065898765924,0,0,0,0,0,0,0,0
0.04700440543525277,2.8850415879869926,1.003,-0.005689773361501338,-0.1253791961669922,1.181080078125,0,2.586206896551724,1,0,-0.04700440543525277,-0.2988346914352684,-0.0029999999999998916,0.005689773361501338,0.02453569646438758,-0.18422478323676217,-0.026423377777777094,0.05943241637702313,0,0,0,0,0,0,0,0
0.039653724101817736,2.9549833147579463,1.009,-0.0035255650890282375,-0.11622769165039062,1.0484815673828125,0,2.586206896551724,1,0,-0.039653724101817736,-0.3687764182062221,-0.008999999999999897,0.0035255650890282375,0.015716381414734824,-0.09834341581191258,-0.03043887692307686,0.04319623556645865,0,0,0,0,0,0,0,0
0.033476692773920014,3.0165356424173577,1.014,-0.0022340214425522475,-0.09590998840332031,0.9229525146484375,0,2.586206896551724,1,0,-0.033476692773920014,-0.4303287458656335,-0.014000000000000012,0.0022340214425522475,0.01992700812856804,-0.15994694496165518,-0.03538177777777842,0.03186776708662403,0,0,0,0,0,0,0,0
0.028197062394881043,3.0700379719304927,1.03,-0.001378810109075701,-0.08098713684082032,0.8023560180664062,0,2.586206896551724,1,0,-0.028197062394881043,-0.48383107537876846,-0.030000000000000027,0.001378810109075701,0.017879525863658298,-0.1497697660095847,-0.11091258064516138,0.02310094336868821,0,0,0,0,0,0,0,0
0.023950224046387927,3.1172047243978227,1.031,-0.0011170107212761238,-0.06467802429199218,0.7074127807617188,0,2.586206896551724,1,0,-0.023950224046387927,-0.5309978278460985,-0.030999999999999917,0.0011170107212761238,0.013641239963967986,-0.1367066627564365,-0.02714085555555487,0.020075435282792316,0,0,0,0,0,0,0,0
0.020732893675377704,3.168039123828741,1.025,-0.0016231562043542702,-0.04911166381835937,0.7624616088867188,0,2.586206896551724,1,0,-0.020732893675377704,-0.5818322272770167,-0.02499999999999991,0.0016231562043542702,0.00969016369677455,-0.19066209245783944,0.016930667741935582,0.025755320203729618,0,0,0,0,0,0,0,0
0.01827113305714377,3.2142620444715724,1.023,-0.0034557519189486463,-0.03805176544189453,0.693282958984375,0,2.586206896551724,1,0,-0.01827113305714377,-0.6280551479198482,-0.02299999999999991,0.0034557519189486463,0.006320034878102817,-0.1875559198982209,-0.004374088888888801,0.042624089470663394,0,0,0,0,0,0,0,0
0.017769498378977858,3.2541782985638195,1.02,-0.003036872898470211,-0.009593581199645996,0.5987142333984375,0,2.586206896551724,1,0,-0.017769498378977858,-0.6679714020120953,-0.020000000000000018,0.003036872898470211,-0.00499327291132369,-0.13504161687652802,0.00022033846153796458,0.03910609822498708,0,0,0,0,0,0,0,0
0.018464012229645693,3.2888885036098787,1.017,-0.0023387411976720784,0.008836504936218261,0.5206823120117188,0,2.586206896551724,1,0,-0.018464012229645693,-0.7026816070581545,-0.016999999999999904,0.0023387411976720784,-0.011626574255788322,-0.17358665470071602,0.005988883870968466,0.03285601238124011,0,0,0,0,0,0,0,0
0.016919344688118027,3.317894767126679,1.018,-0.0019722220547535585,-0.024187520980834962,0.43503857421875,0,2.586206896551724,1,0,-0.016919344688118027,-0.7316878705749548,-0.018000000000000016,0.0019722220547535585,0.001541296690643676,-0.15790062256523316,-0.017415555555556184,0.029326750895209405,0,0,0,0,0,0,0,0
0.016990707402294573,3.3419603510842393,1.019,-0.002460914245311585,0.0003584989607334137,0.36098516845703127,0,2.586206896551724,1,0,-0.016990707402294573,-0.7557534545325151,-0.018999999999999906,0.002460914245311585,-0.007584067425800983,-0.14932728052167446,-0.01842296129032188,0.03399051382157385,0,0,0,0,0,0,0,0
0.015491423189856192,3.3599017943994522,1.023,-0.0027227136331111623,-0.023151479721069335,0.26906549072265623,0,2.586206896551724,1,0,-0.015491423189856192,-0.773694897847728,-0.02299999999999991,0.0027227136331111623,0.0018001894817326908,-0.12699286213401062,-0.03834492222222216,0.03636034987133083,0,0,0,0,0,0,0,0
0.013024531053630195,3.371294178462266,1.025,-0.0027925268031907535,-0.0374685173034668,0.1707843780517578,0,2.586206896551724,1,0,-0.013024531053630195,-0.7850872819105419,-0.02499999999999991,0.0027925268031907535,0.005672075262616269,-0.09025772195653207,-0.02689205897435891,0.03697926796536566,0,0,0,0,0,0,0,0
0.009377207770889712,3.3770199062452244,1.031,-0.002199114857512896,-0.054949474334716794,0.08573280334472656,0,2.586206896551724,1,0,-0.009377207770889712,-0.7908130096935002,-0.030999999999999917,0.002199114857512896,0.016957938634068172,-0.07922661127066297,-0.05678086774193543,0.03153494065242137,0,0,0,0,0,0,0,0
0.0049748993749673155,3.378599003977634,1.036,-0.001553343034274679,-0.06608655548095703,0.023541191101074218,0,2.586206896551724,1,0,-0.0049748993749673155,-0.7923921074259099,-0.03600000000000003,0.001553343034274679,0.022995291623183752,-0.06145833875442419,-0.054914477777778435,0.025011418652091152,0,0,0,0,0,0,0,0
-0.0014299017325617785,3.3776519922141963,1.038,-0.000820304748437195,-0.09604983520507812,-0.014354392051696778,0,2.586206896551724,1,0,0.0014299017325617785,-0.7914450956624721,-0.038000000000000034,0.000820304748437195,0.037905423985893076,-0.051772993137319374,-0.04026262258064519,0.01634093465123097,0,0,0,0,0,0,0,0
-0.008225392969484878,3.3729037350336952,1.037,-0.0008028514559170752,-0.10187390899658202,-0.07130744934082031,0,2.586206896551724,1,0,0.008225392969484878,-0.786696838481971,-0.03699999999999992,0.0008028514559170752,0.04295158338964117,-0.033321882219605095,-0.022849844444443754,0.01610831853654695,0,0,0,0,0,0,0,0
-0.017135037185235125,3.365225632790221,1.04,-0.0012217304763959547,-0.13355215454101563,-0.11527879333496094,0,2.586206896551724,1,0,0.017135037185235125,-0.7790187362384966,-0.040000000000000036,0.0012217304763959547,0.05925965055860076,-0.018113732119651837,-0.047724066666667314,0.021311319885159517,0,0,0,0,0,0,0,0
-0.022749420334200774,3.354206494041008,1.043,-0.0022689280275924872,-0.08401374816894532,-0.1653898468017578,0,2.586206896551724,1,0,0.022749420334200774,-0.7679995974892839,-0.04299999999999993,0.0022689280275924872,0.04440396353990121,0.002182931695411984,-0.05065948387096707,0.032198864474371564,0,0,0,0,0,0,0,0
-0.02760535796016796,3.3428555593692724,1.039,-0.0025132741228719446,-0.07245256042480469,-0.17042884826660157,0,2.586206896551724,1,0,0.02760535796016796,-0.7566486628175482,-0.038999999999999924,0.0025132741228719446,0.03714261942965684,-0.009314594839118846,-0.012879482051281966,0.034470955040511154,0,0,0,0,0,0,0,0
-0.03150191632431674,3.329767835964644,1.037,-0.0041713369122664545,-0.057954795837402345,-0.19646212768554688,0,2.586206896551724,1,0,0.03150191632431674,-0.7435609394129199,-0.03699999999999992,0.0041713369122664545,0.03914744344580463,0.014320726195723804,-0.01835018888888881,0.04832185396999338,0,0,0,0,0,0,0,0
-0.03439757129901345,3.3164951007227965,1.027,-0.004206243497305806,-0.042603973388671876,-0.19927047729492187,0,2.586206896551724,1,0,0.03439757129901345,-0.7302882041710723,-0.026999999999999913,0.004206243497305806,0.035507428781001535,0.01864646368460815,0.03482291290322592,0.04859105736697889,0,0,0,0,0,0,0,0
-0.03810250482962839,3.3014068909807843,1.023,-0.0030543261909894426,-0.05462154388427734,-0.22655490112304688,0,2.586206896551724,1,0,0.03810250482962839,-0.7151999944290601,-0.02299999999999991,0.0030543261909894426,0.04183646601241968,0.030581464842356243,0.0036486222222223245,0.03925578686726063,0,0,0,0,0,0,0,0
-0.039334264888413295,3.287385124918173,1.021,-0.0010297442586764127,-0.01783390998840332,-0.21038194274902344,0,2.586206896551724,1,0,0.039334264888413295,-0.7011782283664489,-0.020999999999999908,0.0010297442586764127,0.029066738627966417,0.028576786400778084,-0.005813477419354746,0.019015729709756315,0,0,0,0,0,0,0,0
-0.039739796777961106,3.2720858863701845,1.021,-0.00005235987755947136,-0.0058466606140136716,-0.22949472045898436,0,2.586206896551724,1,0,0.039739796777961106,-0.6858789898184603,-0.020999999999999908,0.00005235987755947136,0.02481933603155574,0.037746006751352576,-0.017236099999999914,0.0026099117607673293,0,0,0,0,0,0,0,0
-0.040017995607938235,3.256775651078415,1.02,0.00006981317008003529,-0.0041609578132629395,-0.22965374755859375,0,2.586206896551724,1,0,0.040017995607938235,-0.6705687545266907,-0.020000000000000018,-0.00006981317008003529,0.024265948953584648,0.02387469214600095,-0.01210492051282101,-0.003161682937332415,0,0,0,0,0,0,0,0
-0.03981393402146547,3.2425656941799463,1.023,-0.00047123889803790675,0.003046043157577515,-0.21314956665039062,0,2.586206896551724,1,0,0.03981393402146547,-0.6563587976282221,-0.02299999999999991,0.00047123889803790675,0.02201047589925278,0.038427970925207736,-0.03607018387096704,0.011292432346563363,0,0,0,0,0,0,0,0
-0.03647871313009729,3.229166096510946,1.02,-0.0001396263401596265,0.05012302398681641,-0.20097036743164062,0,2.586206896551724,1,0,0.03647871313009729,-0.6429591999592219,-0.020000000000000018,0.0001396263401596265,0.003195636963040722,0.035301837451800974,-0.00019403333333394002,0.00501885882070074,0,0,0,0,0,0,0,0
-0.03404028505882042,3.2160543759094673,1.019,-0.0011170107212761238,0.0366038818359375,-0.1966707000732422,0,2.586206896551724,1,0,0.03404028505882042,-0.6298474793577431,-0.018999999999999906,0.0011170107212761238,0.006951157889604268,0.037528211697292146,-0.010533338709676699,0.020075435282792316,0,0,0,0,0,0,0,0
-0.033669322038555355,3.2032571975748354,1.02,-0.001378810109075701,0.005778860569000244,-0.1919513397216797,0,2.586206896551724,1,0,0.033669322038555355,-0.6170503010231112,-0.020000000000000018,0.001378810109075701,0.01868220719738355,0.03711704157156866,-0.02266005555555618,0.02310094336868821,0,0,0,0,0,0,0,0
-0.03186431845296486,3.191001383976834,1.02,-0.0013264502315153415,0.02732850456237793,-0.18379969787597655,0,2.586206896551724,1,0,0.03186431845296486,-0.6047944874251097,-0.020000000000000018,0.0013264502315153415,0.011989777693113587,0.022426151551902064,-0.0172605,0.022512343986118805,0,0,0,0,0,0,0,0
-0.03126168410792301,3.1809120808636417,1.018,-0.0023387411976720784,0.009240251541137695,-0.15132742309570313,0,2.586206896551724,1,0,0.03126168410792301,-0.5947051843119175,-0.018000000000000016,0.0023387411976720784,0.016636815610453798,0.024781809033863518,-0.00466278888888888,0.03285601238124011,0,0,0,0,0,0,0,0
-0.029833317287688784,3.1699889350225257,1.015,-0.0020594885173532695,0.021808639526367187,-0.163796630859375,0,2.586206896551724,1,0,0.029833317287688784,-0.5837820384708015,-0.014999999999999902,0.0020594885173532695,0.011392206269118816,0.032235169424540834,0.003468583870968475,0.030185589345214453,0,0,0,0,0,0,0,0
-0.03095099622488653,3.161188979232385,1.014,-0.0024434609527919093,-0.016493297576904296,-0.13203358459472656,0,2.586206896551724,1,0,0.03095099622488653,-0.5749820826806609,-0.014000000000000012,0.0024434609527919093,0.026418725524778246,0.020238483406465148,-0.007199544444445056,0.03382961160453303,0,0,0,0,0,0,0,0
-0.030603304658401272,3.1538181089810076,1.011,-0.0016929693744343055,0.005485514163970947,-0.11054998016357422,0,2.586206896551724,1,0,0.030603304658401272,-0.5676112124292834,-0.010999999999999899,0.0016929693744343055,0.018262517829447128,0.013125837155600083,0.006512183870968479,0.026488628804621845,0,0,0,0,0,0,0,0
-0.030860831424335187,3.147499942059612,1.009,-0.001378810109075701,-0.003702449083328247,-0.09477890777587891,0,2.586206896551724,1,0,0.030860831424335187,-0.5612930455078877,-0.008999999999999897,0.001378810109075701,0.021979183677670013,0.006239950351618506,0.002231111111111215,0.02310094336868821,0,0,0,0,0,0,0,0
-0.030773249441983903,3.1425043245070166,1.008,-0.0038222710618671663,0.0014170485734939576,-0.07493238067626953,0,2.586206896551724,1,0,0.030773249441983903,-0.5562974279552924,-0.008000000000000007,0.0038222710618671663,0.020351723702300234,-0.008286055543422228,-0.003655220512821,0.045587005405505185,0,0,0,0,0,0,0,0
-0.03084188251593143,3.13883400745779,1.009,-0.004241150082346046,-0.000819054901599884,-0.05505828857421875,0,2.586206896551724,1,0,0.03084188251593143,-0.5526271109060659,-0.008999999999999897,0.004241150082346046,0.021357700757810398,-0.011573885984721928,-0.014643361290321863,0.04885951709870698,0,0,0,0,0,0,0,0
-0.03214024490407554,3.135399587981762,1.008,-0.005026548245743445,-0.019256772994995116,-0.05159842681884766,0,2.586206896551724,1,0,0.03214024490407554,-0.5491926914300378,-0.008000000000000007,0.005026548245743445,0.029035045101072098,-0.014956013732065544,-0.002693044444445049,0.054719230293652686,0,0,0,0,0,0,0,0
-0.03333534977261022,3.133233741421273,1.007,-0.00493928178314329,-0.017763046264648436,-0.03257739639282226,0,2.586206896551724,1,0,0.03333534977261022,-0.5470268448695488,-0.006999999999999895,0.00493928178314329,0.029372712067079237,-0.024118211926117315,-0.0018468387096766898,0.05408405904818736,0,0,0,0,0,0,0,0
-0.03513000109644356,3.1312680255991774,1.005,-0.0024434609527919093,-0.0267738037109375,-0.02961834144592285,0,2.586206896551724,1,0,0.03513000109644356,-0.5450611290474532,-0.004999999999999893,0.0024434609527919093,0.03371508212658295,-0.027875148836032752,0.005187611111111221,0.03382961160453303,0,0,0,0,0,0,0,0
-0.03822098157711032,3.129403184510818,1.003,-0.0012391837689160745,-0.04629621887207031,-0.02808582305908203,0,2.586206896551724,1,0,0.03822098157711032,-0.5431962879590939,-0.0029999999999998916,0.0012391837689160745,0.04297634067888961,-0.030703860008677343,0.006948222580645272,0.02151380462949027,0,0,0,0,0,0,0,0
-0.03862662827462884,3.127551941171914,1.003,-0.0027052603405910425,-0.006050285339355469,-0.027776168823242187,0,2.586206896551724,1,0,0.03862662827462884,-0.54134504462019,-0.0029999999999998916,0.0027052603405910425,0.0278323999454725,-0.036380481921189506,-0.0043657999999998955,0.036204797275224715,0,0,0,0,0,0,0,0
-0.040180496897140046,3.1255798915625097,1.007,-0.004310963252425637,-0.023227920532226564,-0.02964369010925293,0,2.586206896551724,1,0,0.040180496897140046,-0.5393729950107855,-0.006999999999999895,0.004310963252425637,0.035833123422480795,-0.035807742563092555,-0.030189845161290238,0.04939423801107575,0,0,0,0,0,0,0,0
-0.04134892604696949,3.1229399727868286,1.005,-0.006562437987498448,-0.017355566024780274,-0.03967396926879883,0,2.586206896551724,1,0,0.04134892604696949,-0.5367330762351044,-0.004999999999999893,0.006562437987498448,0.03439727028805231,-0.03433552425268807,0.005070411111111224,0.06536373860492976,0,0,0,0,0,0,0,0
-0.04313742870543532,3.1209193391144407,0.999,-0.004747295565424636,-0.026628059387207033,-0.030484905242919923,0,2.586206896551724,1,0,0.04313742870543532,-0.5347124425627166,0.0010000000000000009,0.004747295565424636,0.03916408659586121,-0.03989983699154782,0.032636467741934905,0.05267334803400579,0,0,0,0,0,0,0,0
-0.043766749651219586,3.1180018856790164,0.997,-0.004852015320544023,-0.009231958389282226,-0.04380612182617188,0,2.586206896551724,1,0,0.043766749651219586,-0.5317949891272922,0.0030000000000000027,0.004852015320544023,0.03315431909292496,-0.036990147053377026,0.011495511111111141,0.05344513583535838,0,0,0,0,0,0,0,0
-0.04364876564689777,3.11424816717853,0.997,-0.005777039824101049,0.0020429346561431885,-0.05629652786254883,0,2.586206896551724,1,0,0.04364876564689777,-0.5280412706268058,0.0030000000000000027,0.005777039824101049,0.029203683227120806,-0.03340487194855342,0.0004030000000000214,0.060038566882711024,0,0,0,0,0,0,0,0
-0.04501441783556686,3.1108592386884917,0.996,-0.007679448708775016,-0.020190773010253907,-0.05095141983032227,0,2.586206896551724,1,0,0.04501441783556686,-0.5246523421367675,0.0040000000000000036,0.007679448708775016,0.03703158700226524,-0.04178631194189594,0.005721379487179513,0.07258498179679287,0,0,0,0,0,0,0,0
-0.047945027508457964,3.105336671423032,0.997,-0.007208209810736221,-0.043321701049804685,-0.08317364501953126,0,2.586206896551724,1,0,0.047945027508457964,-0.519129774871308,0.0030000000000000027,0.007208209810736221,0.0489521838737914,-0.026821347042320802,-0.005102455555555539,0.06958436830717332,0,0,0,0,0,0,0,0
-0.05001098605536141,3.1006345317182897,0.998,-0.007243116395776017,-0.030480167388916016,-0.0707536392211914,0,2.586206896551724,1,0,0.05001098605536141,-0.5144276351665655,0.0020000000000000018,0.007243116395776017,0.04567673562778175,-0.03179632073763442,-0.005979661290322564,0.06980883425430565,0,0,0,0,0,0,0,0
-0.05211762176283895,3.095669549786351,1.001,-0.0074874624910559184,-0.031059282302856445,-0.07470165252685547,0,2.586206896551724,1,0,0.05211762176283895,-0.5094626532346269,-0.0009999999999998899,0.0074874624910559184,0.04709925699044453,-0.03148454857472951,-0.019407466666665957,0.07137013463888403,0,0,0,0,0,0,0,0
-0.05217950793120543,3.0902495197322777,1.002,-0.008587019919811478,-0.00031953811645507813,-0.08130512237548829,0,2.586206896551724,1,0,0.05217950793120543,-0.5040426231805535,-0.0020000000000000018,0.008587019919811478,0.03609953871766157,-0.028885886912986405,-0.009198361290323195,0.0781966935364906,0,0,0,0,0,0,0,0
-0.05221754003310989,3.0840084139213095,1.002,-0.008866272600131175,0.0002334171235561371,-0.09361803436279297,0,2.586206896551724,1,0,0.05221754003310989,-0.49780151736958533,-0.0020000000000000018,0.008866272600131175,0.03635021258681359,-0.032644441065592104,-0.0035689999999999823,0.07988295641551861,0,0,0,0,0,0,0,0
-0.0530012675110127,3.076985246437278,1.003,-0.00958185759344854,-0.010821422576904298,-0.10544760131835937,0,2.586206896551724,1,0,0.0530012675110127,-0.490778349885554,-0.0029999999999998916,0.00958185759344854,0.041326455550745295,-0.020179238659331376,-0.010032761290321851,0.08412528545583764,0,0,0,0,0,0,0,0
-0.05490107632123252,3.070335712964445,1.002,-0.009756390518647962,-0.02754011535644531,-0.100011474609375,0,2.586206896551724,1,0,0.05490107632123252,-0.48412881641272065,-0.0020000000000000018,0.009756390518647962,0.04875246210636995,-0.022609544055768586,0.001955355555554961,0.08514376683788251,0,0,0,0,0,0,0,0
-0.05603767686730789,3.0627364340280665,1.003,-0.009599310885968215,-0.01593609142303467,-0.11415009307861328,0,2.586206896551724,1,0,0.05603767686730789,-0.4765295374763423,-0.0029999999999998916,0.009599310885968215,0.045529995991139015,-0.015807085060777944,-0.010063961290321851,0.0842274102489919,0,0,0,0,0,0,0,0
-0.05707119754766206,3.05436811499739,1.004,-0.010349802464325819,-0.014297163009643555,-0.12566781616210937,0,2.586206896551724,1,0,0.05707119754766206,-0.4681612184456658,-0.0040000000000000036,0.010349802464325819,0.045731793028125384,-0.010980835226118271,-0.010799555555556159,0.08856214298178455,0,0,0,0,0,0,0,0
-0.0611820821507558,3.0465565490596616,1.002,-0.010140362954087045,-0.060447265625,-0.11780540466308594,0,2.586206896551724,1,0,0.0611820821507558,-0.46034965250793736,-0.0020000000000000018,0.010140362954087045,0.06563138931185167,-0.012322331735872036,0.0076339225806451895,0.08736330920925543,0,0,0,0,0,0,0,0
-0.06189000879026948,3.0382745795394723,0.999,-0.009930923443847384,-0.009358642578125,-0.12433083343505859,0,2.586206896551724,1,0,0.06189000879026948,-0.45206768298774813,0.0010000000000000009,0.009930923443847384,0.04643808196505838,-0.018642340807110205,0.012212938461538496,0.0861561926814655,0,0,0,0,0,0,0,0
-0.06450737090216471,3.029740783243888,0.999,-0.01050688209700601,-0.037987289428710935,-0.12839051818847655,0,2.586206896551724,1,0,0.06450737090216471,-0.44353388669216365,0.0010000000000000009,0.01050688209700601,0.05951746618407615,-0.00692241047000363,-0.0012422999999999779,0.08945596714956192,0,0,0,0,0,0,0,0
-0.06701661726658141,3.0214293216087027,0.998,-0.011222467090323374,-0.036326728820800784,-0.12506050109863281,0,2.586206896551724,1,0,0.06701661726658141,-0.4352224250569785,0.0020000000000000018,0.011222467090323374,0.06081179221598493,-0.005955496618729725,0.005215261290322608,0.09347288270452621,0,0,0,0,0,0,0,0
-0.06905227128003945,3.0140430223744588,0.999,-0.011938052083640738,-0.029289525985717775,-0.11113018035888672,0,2.586206896551724,1,0,0.06905227128003945,-0.42783612582273456,0.0010000000000000009,0.011938052083640738,0.059408737051146146,-0.010842260337439694,-0.006779155555555538,0.09740525532179174,0,0,0,0,0,0,0,0
-0.069353988644483,3.007106203248669,0.999,-0.011484266478122507,-0.0032832858562469483,-0.10409889984130859,0,2.586206896551724,1,0,0.069353988644483,-0.42089930669694464,0.0010000000000000009,0.011484266478122507,0.05038364468568284,-0.011858959414986915,-0.0012173999999999779,0.09492098807517702,0,0,0,0,0,0,0,0
-0.06814306374099387,2.9988971618264175,0.997,-0.011693705988361724,0.019576766967773437,-0.12291890716552735,0,2.586206896551724,1,0,0.06814306374099387,-0.4126902652746933,0.0030000000000000027,0.011693705988361724,0.041776879774192026,-0.0039080645027963976,0.011512611111111144,0.09607156300969494,0,0,0,0,0,0,0,0
-0.06811672297747026,2.991338051468916,0.998,-0.011623892818282133,0.0017209644317626952,-0.11337428283691406,0,2.586206896551724,1,0,0.06811672297747026,-0.40513115491719187,0.0020000000000000018,0.011623892818282133,0.04890418467283434,-0.014975233074067222,-0.004870079487179468,0.09568880714446358,0,0,0,0,0,0,0,0
-0.06647250622345623,2.9833224275285968,0.999,-0.012234758056479667,0.02605914497375488,-0.11993955993652344,0,2.586206896551724,1,0,0.06647250622345623,-0.3971155309768726,0.0010000000000000009,0.012234758056479667,0.03933053279551264,-0.0020991323477972737,-0.006821861290322562,0.09901256997741535,0,0,0,0,0,0,0,0
-0.06646983138926556,2.9735509176177155,0.999,-0.012863076587198208,0.0018333556652069091,-0.14656118774414062,0,2.586206896551724,1,0,0.06646983138926556,-0.3873440210659913,0.0010000000000000009,0.012863076587198208,0.0490149638988814,0.00938303146081678,-0.0011703999999999777,0.10237407243279696,0,0,0,0,0,0,0,0
-0.06293878220788703,2.965704341971823,1,-0.013648474750595163,0.05447528076171875,-0.11700761413574219,0,2.586206896551724,1,0,0.06293878220788703,-0.3794974454200988,0,0.013648474750595163,0.027721177794885872,0.0009624540483762142,-0.007615561290322563,0.10649997111022813,0,0,0,0,0,0,0,0
-0.05837118431431842,2.956200185745008,1.002,-0.012060225131280689,0.07045328521728515,-0.14161398315429688,0,2.586206896551724,1,0,0.05837118431431842,-0.369993289193284,-0.0020000000000000018,0.012060225131280689,0.02036291560906617,0.01188925726883426,-0.0146941111111111,0.09806868521322211,0,0,0,0,0,0,0,0
-0.053257918650123956,2.9469019837169954,1.003,-0.012252211348999786,0.0783754425048828,-0.13853790283203124,0,2.586206896551724,1,0,0.053257918650123956,-0.3606950871652712,-0.0029999999999998916,0.012252211348999786,0.020653097594726243,0.0026467700839525113,-0.008893579487178883,0.09910671077066263,0,0,0,0,0,0,0,0
-0.047268465147216526,2.936983273900349,1.002,-0.011711159280881844,0.09165790557861328,-0.1476687469482422,0,2.586206896551724,1,0,0.047268465147216526,-0.350776377348625,-0.0020000000000000018,0.011711159280881844,0.007084145063257857,0.019701326751838236,0.002026361290321979,0.09616713284098959,0,0,0,0,0,0,0,0
-0.04346756600623279,2.9276701637428078,0.999,-0.010803588069844938,0.05864554977416992,-0.13901939392089843,0,2.586206896551724,1,0,0.04346756600623279,-0.34146326719108355,0.0010000000000000009,0.010803588069844938,0.018152865884606732,0.01795344741566153,0.015454166666666703,0.09113224882472767,0,0,0,0,0,0,0,0
-0.03702811724731175,2.9181425498991116,0.996,-0.010140362954087045,0.0981300506591797,-0.1418623504638672,0,2.586206896551724,1,0,0.03702811724731175,-0.3319356533473874,0.0040000000000000036,0.010140362954087045,-0.00007290469399879457,0.022704669271100673,0.01814778387096778,0.08736330920925543,0,0,0,0,0,0,0,0
-0.02995401131736976,2.909374734429401,0.993,-0.011431906600563035,0.10743974304199219,-0.13043447875976563,0,2.586206896551724,1,0,0.02995401131736976,-0.3231678378776768,0.007000000000000006,0.011431906600563035,-0.0063701090224711834,0.019977788710588293,0.02032306666666671,0.09463225475289229,0,0,0,0,0,0,0,0
-0.024179727485568413,2.9005425216485192,0.992,-0.01216494488640052,0.08812310028076172,-0.13148439025878905,0,2.586206896551724,1,0,0.024179727485568413,-0.314335625096795,0.008000000000000007,0.01216494488640052,-0.002403511694904159,0.023594193981118332,0.010151161290322614,0.09863555819331749,0,0,0,0,0,0,0,0
-0.01614005164860258,2.8934074258202918,0.989,-0.0105766952670856,0.12188815307617187,-0.10555152130126953,0,2.586206896551724,1,0,0.01614005164860258,-0.30720052926856756,0.01100000000000001,0.0105766952670856,-0.018389769482301657,0.015006534130244428,0.02364196666666671,0.08985179081853498,0,0,0,0,0,0,0,0
-0.009009101932256413,2.886801483471602,0.989,-0.009738937226127842,0.10800627899169922,-0.09795228576660156,0,2.586206896551724,1,0,0.009009101932256413,-0.30059458691987784,0.01100000000000001,0.009738937226127842,-0.009217958875778753,0.005967495259214653,0.00706110000000003,0.08504219358471406,0,0,0,0,0,0,0,0
-0.0007947106630358501,2.8803436552415116,0.991,-0.00958185759344854,0.12415339660644531,-0.09566285705566406,0,2.586206896551724,1,0,0.0007947106630358501,-0.2941367586897874,0.009000000000000008,0.00958185759344854,-0.026957803593140345,0.01357812229448592,-0.005593311111111091,0.08412528545583764,0,0,0,0,0,0,0,0
0.00825052348402717,2.8754590382934393,0.993,-0.009267698328089935,0.13637432861328125,-0.07196585845947266,0,2.586206896551724,1,0,-0.00825052348402717,-0.2892521417417151,0.007000000000000006,0.009267698328089935,-0.03695787252995163,0.005924694502532295,-0.007329122580645142,0.08227628400894672,0,0,0,0,0,0,0,0
0.01903330331025721,2.8697481583715896,0.991,-0.010925761117484445,0.16252864074707032,-0.08416056823730468,0,2.586206896551724,1,0,-0.01903330331025721,-0.2835412618198654,0.009000000000000008,0.010925761117484445,-0.05131169895296179,0.011146484677623476,0.01672901111111115,0.09181801016886587,0,0,0,0,0,0,0,0
0.02555676226596471,2.864695931617815,0.989,-0.011728612573401964,0.09867401885986328,-0.0747097930908203,0,2.586206896551724,1,0,-0.02555676226596471,-0.2784890350660909,0.01100000000000001,0.011728612573401964,-0.03165352596468799,0.008739490260497931,0.0185764225806452,0.09626265520773465,0,0,0,0,0,0,0,0
0.032455033958340096,2.8609243311172428,0.986,-0.01045452221944565,0.10413047790527344,-0.055356536865234375,0,2.586206896551724,1,0,-0.032455033958340096,-0.27471743456551856,0.014000000000000012,0.01045452221944565,-0.03680488217335279,0.0013272718869723477,0.026440966666666715,0.08915852385664905,0,0,0,0,0,0,0,0
0.037843592513685596,2.8579364164623087,0.985,-0.010768681484804699,0.08129251098632813,-0.043971263885498046,0,2.586206896551724,1,0,-0.037843592513685596,-0.27172951991058447,0.015000000000000013,0.010768681484804699,-0.025650039263336446,-0.0068442878060907715,0.015178479487179524,0.09093584302092211,0,0,0,0,0,0,0,0
0.042767250189515445,2.8553235205137364,0.986,-0.009302604913129287,0.07427263641357422,-0.038395862579345706,0,2.586206896551724,1,0,-0.042767250189515445,-0.2691166239620122,0.014000000000000012,0.009302604913129287,-0.03155552611704372,-0.006124495308649185,0.004423944444444473,0.08248274909780352,0,0,0,0,0,0,0,0
0.04775372143889217,2.853422375440126,0.987,-0.00799360797413362,0.07505911254882812,-0.027820144653320313,0,2.586206896551724,1,0,-0.04775372143889217,-0.2672154788884016,0.013000000000000012,0.00799360797413362,-0.03514061553233093,-0.010614476767297215,0.0036149387096774486,0.07455131470475414,0,0,0,0,0,0,0,0
0.05111317398867197,2.85137088366446,0.986,-0.0069289571304174125,0.050636157989501954,-0.030368585586547852,0,2.586206896551724,1,0,-0.05111317398867197,-0.2651639871127358,0.014000000000000012,0.0069289571304174125,-0.027656545607615917,-0.010594358043632162,0.015703855555555594,0.06777538486779117,0,0,0,0,0,0,0,0
0.053665965878291165,2.850277941646791,0.989,-0.007400196028455763,0.038404552459716794,-0.016128416061401366,0,2.586206896551724,1,0,-0.053665965878291165,-0.26407104509506674,0.01100000000000001,0.007400196028455763,-0.022142746211859177,-0.018600590715654414,-0.005627438461538443,0.07081450531236065,0,0,0,0,0,0,0,0
0.05402699146419863,2.848309600524866,0.992,-0.008255407361932754,0.005633725166320801,-0.02948423385620117,0,2.586206896551724,1,0,-0.05402699146419863,-0.2621027039731416,0.008000000000000007,0.008255407361932754,-0.013241438612134358,-0.013034080814044748,-0.011451783870967725,0.07617031444033806,0,0,0,0,0,0,0,0
0.05406674853581326,2.847078421470667,0.992,-0.008063421144213656,0.000748792290687561,-0.018462133407592774,0,2.586206896551724,1,0,-0.05406674853581326,-0.26087152491894283,0.008000000000000007,0.008063421144213656,-0.011784762621417753,-0.01833370136713883,0.00553410000000003,0.07498475410269007,0,0,0,0,0,0,0,0
0.05195705478961188,2.8454780251340384,0.993,-0.009250245035569815,-0.031450809478759764,-0.024260332107543945,0,2.586206896551724,1,0,-0.05195705478961188,-0.25927112858231416,0.007000000000000006,0.009250245035569815,0.0010783846025603037,-0.016946372381762276,-0.0008676612903225555,0.08217295427891717,0,0,0,0,0,0,0,0
0.04922404111328681,2.8439274134704324,0.993,-0.009232791743049695,-0.04077830123901367,-0.02363739013671875,0,2.586206896551724,1,0,-0.04922404111328681,-0.25772051691870823,0.007000000000000006,0.009232791743049695,0.005408627824134527,-0.01821469201300227,0.004821600000000029,0.08206955954115049,0,0,0,0,0,0,0,0
0.04755691709399124,2.841666896582545,0.993,-0.009337511498169526,-0.02469273567199707,-0.03413718795776367,0,2.586206896551724,1,0,-0.04755691709399124,-0.2554600000308209,0.007000000000000006,0.009337511498169526,0.000020972050370677425,-0.01474991365657845,0.004865700000000029,0.08268895610463199,0,0,0,0,0,0,0,0
0.04422631600813392,2.8388567789438417,0.995,-0.008604473212331598,-0.04956325149536133,-0.04261641311645508,0,2.586206896551724,1,0,-0.04422631600813392,-0.2526498823921175,0.0050000000000000044,0.008604473212331598,0.010952049650239448,-0.011606143947726095,-0.007993622580645142,0.0783026152547062,0,0,0,0,0,0,0,0
0.04172631538145885,2.835831351190283,0.997,-0.007976154681613945,-0.0371081428527832,-0.045702400207519533,0,2.586206896551724,1,0,-0.04172631538145885,-0.24962445463855865,0.0030000000000000027,0.007976154681613945,0.004292755910165714,-0.014328430776675895,-0.007254258974358956,0.07444275797933504,0,0,0,0,0,0,0,0
0.039720735472486085,2.8327054970519026,0.999,-0.0068242373752975816,-0.02970876121520996,-0.047126270294189455,0,2.586206896551724,1,0,-0.039720735472486085,-0.24649860050017836,0.0010000000000000009,0.0068242373752975816,0.004969464306627459,-0.010528225922014717,-0.010984711111111095,0.06709077770748614,0,0,0,0,0,0,0,0
0.03587680237851104,2.8285068346990943,0.998,-0.006143558967020013,-0.05722786712646484,-0.06337194442749024,0,2.586206896551724,1,0,-0.03587680237851104,-0.24229993814737005,0.0020000000000000018,0.006143558967020013,0.01722650637816179,-0.0035948845012510507,0.00658396129032261,0.06255184110333735,0,0,0,0,0,0,0,0
0.032203907870723275,2.824605268819829,1.002,-0.005759586531580929,-0.054732837677001954,-0.0588608512878418,0,2.586206896551724,1,0,-0.032203907870723275,-0.2383983722681049,-0.0020000000000000018,0.005759586531580929,0.017565416195482096,-0.005172771496198155,-0.02449602222222222,0.0599175823138354,0,0,0,0,0,0,0,0
0.02676048798977418,2.8205578050400475,0.999,-0.005707226654021458,-0.08130027008056641,-0.061181224822998044,0,2.586206896551724,1,0,-0.02676048798977418,-0.2343509084883233,0.0010000000000000009,0.005707226654021458,0.030445224821616424,-0.003428795381246689,0.01706788387096778,0.0595538930090414,0,0,0,0,0,0,0,0
0.023055043889056076,2.8161234621201023,0.997,-0.005288347633542578,-0.05520114135742187,-0.06683127593994141,0,2.586206896551724,1,0,-0.023055043889056076,-0.22991656556837814,0.0030000000000000027,0.005288347633542578,0.02200951745611325,-0.0008734456938209491,0.012862411111111147,0.05660308131150997,0,0,0,0,0,0,0,0
0.019709804788643537,2.810871194635729,0.998,-0.007766715171374727,-0.049761249542236326,-0.07904827117919921,0,2.586206896551724,1,0,-0.019709804788643537,-0.2246642980840048,0.0020000000000000018,0.007766715171374727,0.01795328824050499,-0.0010670650037693623,-0.003520279487179466,0.07313383179659101,0,0,0,0,0,0,0,0
0.013715811180163557,2.80543488527775,1,-0.007574728953655185,-0.08927386474609375,-0.082240478515625,0,2.586206896551724,1,0,-0.013715811180163557,-0.219227988726026,0,0.007574728953655185,0.0396916194373782,0.007412852377938997,-0.011923422580645146,0.07192360947421388,0,0,0,0,0,0,0,0
0.011313127328080484,2.8000602476923744,0.999,-0.006213372137099604,-0.035428558349609375,-0.08089024353027344,0,2.586206896551724,1,0,-0.011313127328080484,-0.21385335114065018,0.0010000000000000009,0.006213372137099604,0.020332871590904432,0.0079231496050929,0.0057287555555555845,0.06302482569501179,0,0,0,0,0,0,0,0
0.008429807232761582,2.793245891593373,0.999,-0.004852015320544023,-0.042613868713378904,-0.10248209381103515,0,2.586206896551724,1,0,-0.008429807232761582,-0.2070389950416489,0.0010000000000000009,0.004852015320544023,0.024650830200740496,0.018655727457358558,0.00017940000000002464,0.05344513583535838,0,0,0,0,0,0,0,0
0.005618297648310908,2.786209169436428,0.999,-0.005811946409140845,-0.041660015106201174,-0.10575421142578124,0,2.586206896551724,1,0,-0.005618297648310908,-0.20000227288470374,0.0010000000000000009,0.005811946409140845,0.02536388041947063,0.02153883582001958,0.00018570000000002463,0.06028017118031877,0,0,0,0,0,0,0,0
0.0007319823179078334,2.7799328454756425,1,-0.006719517620177751,-0.07274633026123047,-0.09456925201416015,0,2.586206896551724,1,0,-0.0007319823179078334,-0.19372594892391826,0,0.006719517620177751,0.03976704025840973,0.01981385711411668,-0.006259461290322561,0.06640265958772683,0,0,0,0,0,0,0,0
-0.003679454264537562,2.774113499993537,1,-0.007155849933176306,-0.06558351135253906,-0.08773284912109375,0,2.586206896551724,1,0,0.003679454264537562,-0.18790660344181287,0,0.007155849933176306,0.03421232787913676,0.011939444955486867,-0.0006142999999999762,0.06924698872358234,0,0,0,0,0,0,0,0
-0.0047617784428222905,2.767223381701665,1.001,-0.007190756518216546,-0.01549488353729248,-0.10346530151367188,0,2.586206896551724,1,0,0.0047617784428222905,-0.18101648514994073,-0.0009999999999998899,0.007190756518216546,0.02100149353230857,0.026410087523709595,-0.00697615555555483,0.0694719994945396,0,0,0,0,0,0,0,0
-0.006726126814785738,2.7602515278398023,1.002,-0.006946410422937088,-0.02871247673034668,-0.10478697967529296,0,2.586206896551724,1,0,0.006726126814785738,-0.17404463128807812,-0.0020000000000000018,0.006946410422937088,0.026926176726549657,0.029253619777473074,-0.007788755555556154,0.06788914970999313,0,0,0,0,0,0,0,0
-0.00792359708509956,2.7541723187517686,1.005,-0.007347836150895848,-0.017328195571899414,-0.09131070709228516,0,2.586206896551724,1,0,0.00792359708509956,-0.1679654222000444,-0.004999999999999893,0.007347836150895848,0.02342090446901386,0.026837433068602583,-0.02159968387096702,0.07048007947898532,0,0,0,0,0,0,0,0
-0.008619620469079612,2.7488241798733517,1.009,-0.006195918844579484,-0.00985061550140381,-0.080296630859375,0,2.586206896551724,1,0,0.008619620469079612,-0.1626172833216275,-0.008999999999999897,0.006195918844579484,0.02093010353133833,0.02388078046121122,-0.03014312222222213,0.06290674635306961,0,0,0,0,0,0,0,0
-0.006613597257750296,2.742232424542087,1.009,-0.0056374134839414225,0.030702396392822264,-0.09868799591064453,0,2.586206896551724,1,0,0.006613597257750296,-0.15602552799036262,-0.008999999999999897,0.0056374134839414225,0.004776975070919924,0.03370893922676577,-0.007976699999999892,0.05906723879897588,0,0,0,0,0,0,0,0
-0.004987892565725863,2.7352627191803016,1.01,-0.004206243497305806,0.024974546432495116,-0.10440644836425782,0,2.586206896551724,1,0,0.004987892565725863,-0.14905582262857742,-0.010000000000000009,0.004206243497305806,0.008032524120741735,0.030093953390908916,-0.013341879487179971,0.04859105736697889,0,0,0,0,0,0,0,0
-0.0023759312117395213,2.7289475081002617,1.013,-0.0041713369122664545,0.03957752227783203,-0.09456253051757812,0,2.586206896551724,1,0,0.0023759312117395213,-0.14274061154853745,-0.0129999999999999,0.0041713369122664545,-0.00047455585438922407,0.03616248014730766,-0.028003266666665957,0.04832185396999338,0,0,0,0,0,0,0,0
0.0026496683250708673,2.723120986595789,1.015,-0.0032288591161893088,0.0757479019165039,-0.08708261108398438,0,2.586206896551724,1,0,-0.0026496683250708673,-0.13691409004406463,-0.014999999999999902,0.0032288591161893088,-0.01686320712123972,0.03603402119533096,-0.024319922580645064,0.04073735304960414,0,0,0,0,0,0,0,0
0.007407487697320647,2.7178676340596226,1.014,-0.003595378259108273,0.07162135314941406,-0.07856944274902344,0,2.586206896551724,1,0,-0.007407487697320647,-0.13166073750789842,-0.014000000000000012,0.003595378259108273,-0.01735079385982475,0.03412487303042228,-0.00676224444444504,0.043764617270728216,0,0,0,0,0,0,0,0
0.01348170743459172,2.7126931604296667,1.014,-0.004415683007545468,0.09139176940917969,-0.07728901672363281,0,2.586206896551724,1,0,-0.01348170743459172,-0.12648626387794248,-0.014000000000000012,0.004415683007545468,-0.028329110598478695,0.03595334137538915,-0.012404599999999983,0.05019094068678995,0,0,0,0,0,0,0,0
0.018390927531185552,2.708350201383233,1.014,-0.003211405823669189,0.07392523956298828,-0.06481858825683594,0,2.586206896551724,1,0,-0.018390927531185552,-0.12214330483150881,-0.014000000000000012,0.003211405823669189,-0.02388307834154288,0.03227213010251011,-0.012492799999999983,0.04059041920522205,0,0,0,0,0,0,0,0
0.024115467265058994,2.7047969199689086,1.014,-0.0032463124087094286,0.086038818359375,-0.05302318954467773,0,2.586206896551724,1,0,-0.024115467265058994,-0.11859002341718439,-0.014000000000000012,0.0032463124087094286,-0.025347041139451038,0.024940429843586142,-0.012601999999999983,0.040884022385185674,0,0,0,0,0,0,0,0
0.03137168202515818,2.7020477682243875,1.013,-0.0026179938779913314,0.10897651672363282,-0.04088372039794922,0,2.586206896551724,1,0,-0.03137168202515818,-0.11584087167266333,-0.0129999999999999,0.0026179938779913314,-0.043798057071651554,0.02491406199711544,-0.006328344444443717,0.03542195230608557,0,0,0,0,0,0,0,0
0.03691960711183825,2.699812985955315,1.013,-0.0037350045992678993,0.0833063507080078,-0.033303752899169925,0,2.586206896551724,1,0,-0.03691960711183825,-0.11360608940359063,-0.0129999999999999,0.0037350045992678993,-0.0378075488972476,0.02266973648767876,-0.011964499999999892,0.04489047182965192,0,0,0,0,0,0,0,0
0.04130158548048012,2.6973993490306274,1.013,-0.002583087292951536,0.06586444091796875,-0.03595880126953125,0,2.586206896551724,1,0,-0.04130158548048012,-0.11119245247890319,-0.0129999999999999,0.002583087292951536,-0.03328413039939234,0.023969430167778236,-0.012046399999999891,0.03510638663605813,0,0,0,0,0,0,0,0
0.04433126676100869,2.6951058599899325,1.011,-0.0020420352248331497,0.045533931732177735,-0.03428483200073242,0,2.586206896551724,1,0,-0.04433126676100869,-0.10889896343820826,-0.010999999999999899,0.0020420352248331497,-0.027832540110197035,0.023979022641077583,0.0007757225806452796,0.0300148075048702,0,0,0,0,0,0,0,0
0.047179203327518765,2.6935558334117826,1.013,-0.0008552113334769906,0.04276643753051758,-0.023163116455078125,0,2.586206896551724,1,0,-0.047179203327518765,-0.10734893686005842,-0.0129999999999999,0.0008552113334769906,-0.025300669234584315,0.017924846136390955,-0.02119035897435887,0.01680128019507928,0,0,0,0,0,0,0,0
0.04846081235035698,2.69140210774271,1.011,-0.0009424777960771458,0.01925175666809082,-0.032289432525634765,0,2.586206896551724,1,0,-0.04846081235035698,-0.10519521119098574,-0.010999999999999899,0.0009424777960771458,-0.02058762444865724,0.02334887428032645,0.00042581111111123296,0.0179256189862313,0,0,0,0,0,0,0,0
0.0495315501805386,2.6892493927247743,1.011,-0.0011693705988360392,0.01609149360656738,-0.03227557373046875,0,2.586206896551724,1,0,-0.0495315501805386,-0.10304249617305006,-0.010999999999999899,0.0011693705988360392,-0.020354526599013698,0.02397364919540862,-0.010753499999999886,0.020697990807365497,0,0,0,0,0,0,0,0
0.04978199516327675,2.685945253913792,1.009,-0.0013264502315153415,0.0038146286010742186,-0.04955765533447266,0,2.586206896551724,1,0,-0.04978199516327675,-0.09973835736206782,-0.008999999999999897,0.0013264502315153415,-0.01614024892409809,0.031201270188851223,0.0019009111111112347,0.022512343986118805,1430810636203,0,0,0,0,0,0,0
0.05056716370190585,2.6820911768608413,1.005,-0.0008377580409568708,0.011854201316833497,-0.057795482635498045,0,2.586206896551724,1,0,-0.05056716370190585,-0.09588428030911711,-0.004999999999999893,0.0008377580409568708,-0.01988739163380067,0.035934386038968834,0.016539445161290457,0.016571906698415212,1430810636203,0,0,0,0,0,0,0
0.05058943046291978,2.6781838809362886,1.003,0.0008377580409573149,0.0003831018209457397,-0.05860913848876953,0,2.586206896551724,1,0,-0.05058943046291978,-0.09197698438456436,-0.0029999999999998916,-0.0008377580409573149,-0.01596063448453786,0.0329464650568008,0.004509758974359103,-0.01657190669842107,1430810636203,0,0,0,0,0,0,0
0.05086254437230644,2.673847176862008,1.002,0.0014137166941159407,0.004042210578918457,-0.06505397033691407,0,2.586206896551724,1,0,-0.05086254437230644,-0.08764028031028381,-0.0020000000000000018,-0.0014137166941159407,-0.017835010012101672,0.04112274561766294,0.0018783555555549748,-0.0234892058470191,1430810636203,0,0,0,0,0,0,0
0.04940794417648409,2.670116260337196,0.997,0.002478367537832149,-0.02189809799194336,-0.055932846069335934,0,2.586206896551724,1,0,-0.04940794417648409,-0.08390936378547176,0.0030000000000000027,-0.002478367537832149,-0.007685286953140148,0.03943679095522317,0.02856720645161296,-0.03415103610069118,1430810636468,0,0,0,0,0,0,0
0.047898621363611636,2.664164183940442,0.981,0.007871434926494558,-0.022861043930053712,-0.08922476196289063,0,2.586206896551724,1,0,-0.047898621363611636,-0.07795728738871777,0.019000000000000017,-0.007871434926494558,-0.007058712841466381,0.05392716379283511,0.10214998888888902,-0.0737897460732055,1430810636531,0,0,0,0,0,0,0
0.04438187664819726,2.651484459602811,0.949,0.008517206749732331,-0.05424663543701172,-0.18977474975585937,0,2.586206896551724,1,0,-0.04438187664819726,-0.06527756305108667,0.051000000000000045,-0.008517206749732331,0.005891956278245437,0.09837430298041236,0.2198224612903228,-0.07777228683836246,1430810636593,0,0,0,0,0,0,0
0.03823530254861029,2.6361545577272745,0.924,0.006736970912698315,-0.09415376281738282,-0.22915492248535158,0,2.586206896551724,1,0,-0.03823530254861029,-0.04994766117555027,0.07599999999999996,-0.006736970912698315,0.023019403673173233,0.1193116161807762,0.19854498888888839,-0.06651759282925745,1430810636656,0,0,0,0,0,0,0
0.03223570139898769,2.6182653869829573,0.89,0.004537856055185419,-0.09179974365234375,-0.26772518920898436,0,2.586206896551724,1,0,-0.03223570139898769,-0.0320584904312331,0.10999999999999999,-0.004537856055185419,0.018541419100323135,0.1231119438033648,0.2402782025641027,-0.05111251133880223,0,0,0,0,0,0,0,0
0.02392827066802051,2.5984754794074565,0.846,0.0027227136331111623,-0.12595722961425782,-0.29628009033203123,0,2.586206896551724,1,0,-0.02392827066802051,-0.01226858285573229,0.15400000000000003,-0.0027227136331111623,0.04252227836231215,0.164376132555137,0.3722559967741938,-0.03636034987133083,0,0,0,0,0,0,0,0
0.01143002187794165,2.5785721016212744,0.805,0.0011519173063163635,-0.18828590393066405,-0.29803912353515627,0,2.586206896551724,1,0,-0.01143002187794165,0.007634794930449829,0.19499999999999995,-0.0011519173063163635,0.0712373227354665,0.17323302150635628,0.3856751777777773,-0.020491524907938027,0,0,0,0,0,0,0,0
-0.0032030070548675995,2.5602039109708463,0.759,0.0016406094968748342,-0.2198126678466797,-0.27526983642578123,0,2.586206896551724,1,0,0.0032030070548675995,0.02600298558087788,0.241,-0.0016406094968748342,0.09174478883683831,0.1756954131408882,0.455869019354839,-0.025939616855512326,0,0,0,0,0,0,0,0
-0.019984762866474718,2.5414915675221246,0.712,0.004136430327226659,-0.2521864929199219,-0.28027178955078125,0,2.586206896551724,1,0,0.019984762866474718,0.044715329029599626,0.28800000000000003,-0.004136430327226659,0.11088773898818621,0.1855993562090837,0.49671711111111144,-0.04805189859844306,0,0,0,0,0,0,0,0
-0.03714374524268824,2.5251069313315124,0.66,0.00424115008234649,-0.2583991394042969,-0.24470278930664063,0,2.586206896551724,1,0,0.03714374524268824,0.06109996522021177,0.33999999999999997,-0.00424115008234649,0.12179693890802418,0.1812448970957793,0.5682368888888885,-0.04885951709871039,0,0,0,0,0,0,0,0
-0.05345622637110915,2.511350655144776,0.609,0.004066617157147068,-0.24556015014648438,-0.20530453491210937,0,2.586206896551724,1,0,0.05345622637110915,0.07485624140694824,0.391,-0.004066617157147068,0.12704351522316193,0.17521778509970973,0.6104754258064519,-0.04750969787056125,0,0,0,0,0,0,0,0
-0.06842604245747938,2.5006789300625436,0.559,0.0035081117965085618,-0.22519635009765626,-0.15916140747070312,0,2.586206896551724,1,0,0.06842604245747938,0.0855279664891806,0.44099999999999995,-0.0035081117965085618,0.11014781105184604,0.1514503138329023,0.5903709743589741,-0.043053555848081626,0,0,0,0,0,0,0,0
-0.08182705769834851,2.4933626310374413,0.51,0.003926990816987441,-0.20139898681640625,-0.10903862762451172,0,2.586206896551724,1,0,0.08182705769834851,0.09284426551428293,0.49,-0.003926990816987441,0.12464166213766538,0.1484535420313946,0.6805212222222226,-0.04641588833612937,0,0,0,0,0,0,0,0
-0.0930677228600924,2.4892441956774216,0.46,0.007470009198535799,-0.1688512725830078,-0.06111392593383789,0,2.586206896551724,1,0,0.0930677228600924,0.09696270087430259,0.54,-0.007470009198535799,0.11984429777732894,0.13371705463289085,0.7339050645161294,-0.07125918220573828,0,0,0,0,0,0,0,0
-0.10180895127929036,2.4885881425001917,0.409,0.010018189906447983,-0.1311882781982422,-0.00886107635498047,0,2.586206896551724,1,0,0.10180895127929036,0.09761875405153253,0.591,-0.010018189906447983,0.10996332063808856,0.11505558737445144,0.779503633333333,-0.08666017922073004,0,0,0,0,0,0,0,0
-0.10796719166412136,2.491046362608822,0.359,0.011972958668681422,-0.09199957275390624,0.03779685211181641,0,2.586206896551724,1,0,0.10796719166412136,0.09516053394290225,0.641,-0.011972958668681422,0.09991371754911546,0.09689468375675038,0.8224025645161293,-0.09759503670280223,0,0,0,0,0,0,0,0
-0.11184772340095539,2.4961032818987534,0.31,0.013753194505715438,-0.05729563140869141,0.07654525756835938,0,2.586206896551724,1,0,0.11184772340095539,0.09010361465297079,0.69,-0.013753194505715438,0.0853747778319814,0.08625477680030734,0.8045982948717945,-0.10704403374058545,0,0,0,0,0,0,0,0
-0.11341751886980236,2.5031036846834653,0.259,0.014521139376592718,-0.022100582122802734,0.1053199462890625,0,2.586206896551724,1,0,0.11341751886980236,0.08310321186825886,0.741,-0.014521139376592718,0.07818264946445273,0.06707830356709121,0.9135281333333336,-0.11099256096515818,0,0,0,0,0,0,0,0
-0.11337310008561007,2.5108530369036184,0.209,0.014625859131712549,0.002354093551635742,0.11621835327148437,0,2.586206896551724,1,0,0.11337310008561007,0.07535385964810581,0.791,-0.014625859131712549,0.06989151615376306,0.058815604790282514,0.9573570645161293,-0.11152553972589585,0,0,0,0,0,0,0,0
-0.11223940603564975,2.5197919664560886,0.169,0.015376350710070152,0.018964614868164063,0.13382089233398436,0,2.586206896551724,1,0,0.11223940603564975,0.0664149300956356,0.831,-0.015376350710070152,0.06398422831033573,0.04885017751598757,0.9345565222222219,-0.11530874893497857,0,0,0,0,0,0,0,0
-0.10866547539140083,2.5308464387967033,0.143,0.01520181778487073,0.056152183532714846,0.16497320556640624,0,2.586206896551724,1,0,0.10866547539140083,0.05536045775502085,0.857,-0.01520181778487073,0.048993874285983625,0.030922616577527012,0.8852218935483873,-0.11443453026953034,0,0,0,0,0,0,0,0
-0.10309609908015495,2.543603653725719,0.092,0.01267109036947911,0.08643987274169922,0.19006619262695312,0,2.586206896551724,1,0,0.10309609908015495,0.04260324282600525,0.908,-0.01267109036947911,0.03609312697485578,0.016343272612694124,1.0683014333333336,-0.10135287404016553,0,0,0,0,0,0,0,0
-0.09447477013851077,2.5597799940509995,0.098,0.016685347649066262,0.13238404846191407,0.24098704528808593,0,2.586206896551724,1,0,0.09447477013851077,0.02642690250072466,0.902,-0.016685347649066262,0.024774894838863033,0.006748506076634964,0.7602806230769231,-0.12176344197348377,0,0,0,0,0,0,0,0
