0,0,0.78,0,0.01223062801361084,0.029374082565307616,0,0,0.5,0,0,0,-0.28,0,0,0,-0.22400000006872464,0,0,0,0,0,0,0,0,0
-0.00021776714324951173,-0.0005622827529907226,0.782,0.00008726646259971103,-0.003266507148742676,-0.00843424129486084,0,0,0.5,0,0.00021776714324951173,0.0005622827529907226,-0.28200000000000003,-0.00008726646259971103,0.001281475881429819,0.003308817738753098,1.2947124999312754,-0.0004963280060358565,0,0,0,0,0,0,0,0
-0.0008312094443951772,-0.00031888850439437726,0.778,-0.0016755160819145187,-0.009201315879821778,0.003651716709136963,0,0,0.5,0,0.0008312094443951772,0.00031888850439437726,-0.278,0.0016755160819145187,0.0037187555745204024,-0.0011511401633215942,1.3302201922389676,0.009805142263619638,0,0,0,0,0,0,0,0
0.0036105573111464453,0.0007170314752758844,0.78,-0.004049163864626837,0.06660037231445312,0.01565041160583496,0,0,0.5,0,-0.0036105573111464453,-0.0007170314752758844,-0.28,0.004049163864626837,-0.024144492583548248,-0.005689158209328763,1.2981854096302718,0.014834725864584513,0,0,0,0,0,0,0,0
0.010431776374975693,0.0015610799948138727,0.785,-0.007976154681614167,0.10226618194580078,0.013074926376342774,0,0,0.5,0,-0.010431776374975693,-0.0015610799948138727,-0.28500000000000003,0.007976154681614167,-0.04098749417837688,-0.005028037129641375,1.2772499257593042,0.02627789265387029,0,0,0,0,0,0,0,0
0.019255728539139514,0.003517387968046599,0.795,-0.01382300767579514,0.1321210174560547,0.03039939308166504,0,0,0.5,0,-0.019255728539139514,-0.003517387968046599,-0.29500000000000004,0.01382300767579514,-0.0561834177237988,-0.011995280482306327,1.2423268488362273,0.04098564800432961,0,0,0,0,0,0,0,0
0.03396062534318956,0.005847930445218601,0.817,-0.019408061282176984,0.2200691680908203,0.03800368881225586,0,0,0.5,0,-0.03396062534318956,-0.005847930445218601,-0.31699999999999995,0.019408061282176984,-0.09520249110982658,-0.01517566058825766,1.1601114642208434,0.045362396743946244,0,0,0,0,0,0,0,0
0.04768775249354995,0.0084756934987116,0.835,-0.022636920398366404,0.20510317993164062,0.043405025482177735,0,0,0.5,0,-0.04768775249354995,-0.0084756934987116,-0.33499999999999996,0.022636920398366404,-0.09680114116513938,-0.018089960602886444,1.1672499257593043,0.03771651205924755,0,0,0,0,0,0,0,0
0.061169752403381045,0.012021569315025096,0.859,-0.024975661596038812,0.20097427368164061,0.05775198364257812,0,0,0.5,0,-0.061169752403381045,-0.012021569315025096,-0.359,0.024975661596038812,-0.10226162568445413,-0.02465900995861296,1.1167066421772147,0.03606965063669453,0,0,0,0,0,0,0,0
0.07469285954472507,0.016089601528706983,0.881,-0.025551620249196993,0.2012594757080078,0.06606715393066406,0,0,0.5,0,-0.07469285954472507,-0.016089601528706983,-0.381,0.025551620249196993,-0.10924798442746249,-0.02954856886356229,1.1100441421772147,0.02838256611244228,0,0,0,0,0,0,0,0
0.08908806345956635,0.01926815251529274,0.903,-0.026441738167714113,0.2146394500732422,0.05317941284179688,0,0,0.5,0,-0.08908806345956635,-0.01926815251529274,-0.403,0.026441738167714113,-0.12107034200191402,-0.026420898455587805,1.0924441421772146,0.03070068069168184,0,0,0,0,0,0,0,0
0.10241994643958163,0.021067363583704042,0.926,-0.026895523773232677,0.19919480895996095,0.032265888214111325,0,0,0.5,0,-0.10241994643958163,-0.021067363583704042,-0.42600000000000005,0.026895523773232677,-0.12192124712959197,-0.019777238812276915,1.0685753921772145,0.029109158580019678,0,0,0,0,0,0,0,0
0.11494658991997218,0.02322410499720366,0.945,-0.02764601535159028,0.18696170043945312,0.03739247131347656,0,0,0.5,0,-0.11494658991997218,-0.02322410499720366,-0.44499999999999995,0.02764601535159028,-0.12384866387180793,-0.022780772915656104,1.0749138537156768,0.031229062340711312,0,0,0,0,0,0,0,0
0.12871284879132344,0.022341849816079246,0.963,-0.02874557278034662,0.20678079223632811,-0.0075207648277282714,0,0,0.5,0,-0.12871284879132344,-0.022341849816079246,-0.46299999999999997,0.02874557278034662,-0.13711216664331072,-0.006697751088058455,1.0656609125392056,0.033868616168285605,0,0,0,0,0,0,0,0
0.13764460620388588,0.02283563384501765,0.986,-0.03073524812762019,0.1337081298828125,0.01125439739227295,0,0,0.5,0,-0.13764460620388588,-0.02283563384501765,-0.486,0.03073524812762019,-0.11513936549684059,-0.014469857532558686,1.0199171625392056,0.040030719258608675,0,0,0,0,0,0,0,0
0.1427393003556561,0.02199518755358251,1.003,-0.032480577379614406,0.076771728515625,-0.010252309799194335,0,0,0.5,0,-0.1427393003556561,-0.02199518755358251,-0.5029999999999999,0.032480577379614406,-0.09670277286526824,-0.006753062322298286,1.0391296625392064,0.04063067618898094,0,0,0,0,0,0,0,0
0.14622205897967572,0.019937751493493187,1.022,-0.03293436298513309,0.05321604919433594,-0.029148731231689453,0,0,0.5,0,-0.14622205897967572,-0.019937751493493187,-0.522,0.03293436298513309,-0.08989600922708546,0.0007293893293973293,1.0133236019331444,0.03521380885597446,0,0,0,0,0,0,0,0
0.1462931467284376,0.017314884844930687,1.044,-0.03448770601940799,0.0023612403869628907,-0.03928655242919922,0,0,0.5,0,-0.1462931467284376,-0.017314884844930687,-0.544,0.03448770601940799,-0.07156101761930939,0.005085448899303387,0.9795697557792988,0.04184203233066268,0,0,0,0,0,0,0,0
0.14587866548043124,0.015578909972222353,1.066,-0.037158059774959236,-0.005315652847290039,-0.026238513946533204,0,0,0.5,0,-0.14587866548043124,-0.015578909972222353,-0.5660000000000001,0.037158059774959236,-0.06881722253457657,0.0013204195961208642,0.9619697557792988,0.04951392662924234,0,0,0,0,0,0,0,0
0.14198613950280337,0.014144643733737338,1.089,-0.038868482441913654,-0.0575483512878418,-0.023668224334716798,0,0,0.5,0,-0.14198613950280337,-0.014144643733737338,-0.589,0.038868482441913654,-0.04754848882564311,0.00036139363634492207,0.9380142002237439,0.0466532488743071,0,0,0,0,0,0,0,0
0.13743473244968654,0.010573972943764961,1.115,-0.04108505059194656,-0.06613826751708984,-0.05617253494262695,0,0,0.5,0,-0.13743473244968654,-0.010573972943764961,-0.615,0.04108505059194656,-0.041978379921639955,0.01282875178876793,0.9022142002237433,0.05103901195181923,0,0,0,0,0,0,0,0
0.1291274154487138,0.005746595113630421,1.136,-0.042847833136460796,-0.12153044128417968,-0.07746772003173828,0,0,0.5,0,-0.1291274154487138,-0.005746595113630421,-0.6359999999999999,0.042847833136460796,-0.016274418441652488,0.02245305486870007,0.914102724813908,0.05057006201017608,0,0,0,0,0,0,0,0
0.12037065453913809,-0.0009537279635558312,1.161,-0.04464552226601493,-0.1269257583618164,-0.10603900146484375,0,0,0.5,0,-0.12037065453913809,0.0009537279635558312,-0.661,0.04464552226601493,-0.009475955402079284,0.035888306199110105,0.8725642632754451,0.052528858455298984,0,0,0,0,0,0,0,0
0.11348971023571411,-0.008303390197904348,1.185,-0.047158796388886766,-0.09819100952148438,-0.1147416000366211,0,0,0.5,0,-0.11348971023571411,0.008303390197904348,-0.685,0.047158796388886766,-0.01598299555571744,0.04300660254366001,0.858667293578476,0.0582947916387058,0,0,0,0,0,0,0,0
0.10674197355885198,-0.014395824110162322,1.215,-0.04764748857944513,-0.09679544067382813,-0.09605636596679687,0,0,0.5,0,-0.10674197355885198,0.014395824110162322,-0.7150000000000001,0.04764748857944513,-0.013315531297538635,0.039385699609914906,0.8028491117602942,0.049580838682384776,0,0,0,0,0,0,0,0
0.09949522851521446,-0.017808468801838624,1.244,-0.047595128701885446,-0.1061396713256836,-0.05630895233154297,0,0,0.5,0,-0.09949522851521446,0.017808468801838624,-0.744,0.047595128701885446,-0.0069632067699169214,0.026436924655697046,0.7851178617602949,0.046992297235521716,0,0,0,0,0,0,0,0
0.09173941660593032,-0.024435936761109382,1.271,-0.04824090052512334,-0.11147569274902344,-0.10483443450927735,0,0,0.5,0,-0.09173941660593032,0.024435936761109382,-0.7709999999999999,0.04824090052512334,-0.0003441715387161714,0.047061245460841034,0.7742870925295257,0.05086021537013304,0,0,0,0,0,0,0,0
0.08467477909284525,-0.03298701791817503,1.301,-0.0509636141582345,-0.09966100311279297,-0.13322708129882813,0,0,0.5,0,-0.08467477909284525,0.03298701791817503,-0.8009999999999999,0.0509636141582345,-0.0005335610693993553,0.06169470325826941,0.7341332463756789,0.06316881427958237,0,0,0,0,0,0,0,0
0.07815086557630191,-0.041130964377843034,1.329,-0.051993358416911134,-0.0915086669921875,-0.12698566436767578,0,0,0.5,0,-0.07815086557630191,0.041130964377843034,-0.829,0.051993358416911134,-0.00009628190500239825,0.06363985344199632,0.7221810075697087,0.05661809865273128,0,0,0,0,0,0,0,0
0.0703952836038432,-0.04702682924787716,1.358,-0.05225515780471027,-0.11158040618896484,-0.09436431884765625,0,0,0.5,0,-0.0703952836038432,0.04702682924787716,-0.8580000000000001,0.05225515780471027,0.01021559803003857,0.05484407608041852,0.6937571269726931,0.053441338917198315,0,0,0,0,0,0,0,0
0.06437197563453846,-0.052816726038603067,1.392,-0.05365142120630565,-0.08569007873535156,-0.09144898986816406,0,0,0.5,0,-0.06437197563453846,0.052816726038603067,-0.8919999999999999,0.05365142120630565,0.0034482858678540167,0.05714081757646085,0.6383313205210822,0.060326944321033624,0,0,0,0,0,0,0,0
0.059748885309762294,-0.059141156486793266,1.42,-0.05276130328778865,-0.06415929412841796,-0.09844869995117188,0,0,0.5,0,-0.059748885309762294,0.059141156486793266,-0.9199999999999999,0.05276130328778865,-0.0017798024402963988,0.06318129095613292,0.6482390128287733,0.04888429723276715,0,0,0,0,0,0,0,0
0.05425602385255536,-0.06453852400884999,1.451,-0.05286602304290826,-0.0780086669921875,-0.0851929931640625,0,0,0.5,0,-0.05425602385255536,0.06453852400884999,-0.9510000000000001,0.05286602304290826,0.005650011309088116,0.06088809742259642,0.6072851666749264,0.05358057548159419,0,0,0,0,0,0,0,0
0.04983226782911903,-0.0679031765493407,1.491,-0.05272639670274875,-0.06359674072265625,-0.0539056396484375,0,0,0.5,0,-0.04983226782911903,0.0679031765493407,-0.9910000000000001,0.05272639670274875,0.0022770101891688007,0.05195176334137748,0.5282702413017926,0.05234686214764759,0,0,0,0,0,0,0,0
0.04478217796700441,-0.07125030828696151,1.532,-0.051207960253513644,-0.07300006866455078,-0.054129447937011715,0,0,0.5,0,-0.04478217796700441,0.07125030828696151,-1.032,0.051207960253513644,0.008227318300497987,0.05352951231949318,0.4900014913017932,0.04436525331212063,0,0,0,0,0,0,0,0
0.0388300025063336,-0.07516090861043243,1.578,-0.04804891430740393,-0.08616310119628906,-0.06315209579467773,0,0,0.5,0,-0.0388300025063336,0.07516090861043243,-1.078,0.04804891430740393,0.016060790023059053,0.058518874097344575,0.4262784143787156,0.03363416353428193,0,0,0,0,0,0,0,0
0.03485154588281141,-0.07561319819891392,1.625,-0.043668137884898255,-0.05928211975097656,-0.009642818450927734,0,0,0.5,0,-0.03485154588281141,0.07561319819891392,-1.125,0.043668137884898255,0.0074223015194044995,0.04012334570318074,0.3832937989941009,0.023614631066871856,0,0,0,0,0,0,0,0
0.031157795729385675,-0.0772033155748559,1.669,-0.04146902302738536,-0.05431220245361328,-0.02624774169921875,0,0,0.5,0,-0.031157795729385675,0.0772033155748559,-1.169,0.04146902302738536,0.007736141757136443,0.04704516940055431,0.3642476451479464,0.031484723432402544,0,0,0,0,0,0,0,0
0.02702839453438636,-0.07589374298568496,1.713,-0.040718531449027755,-0.06270213317871094,0.01705880355834961,0,0,0.5,0,-0.02702839453438636,0.07589374298568496,-1.213,0.040718531449027755,0.012076631377781668,0.031242748959856667,0.3290476451479464,0.037220604745785056,0,0,0,0,0,0,0,0
