0,0,0.705,0,-0.01956565856933594,-0.00040367639064788817,0,0,0.5,0,0,0,-0.20499999999999996,0,0,0,-0.16399999999999998,0,0,0,0,0,0,0,0,0
-0.0011504815419514972,-0.0008185849507649739,0.701,-0.00033161255787894644,-0.01725722312927246,-0.012278774261474609,0,0,0.5,0,0.0011504815419514972,0.0008185849507649739,-0.20099999999999996,0.00033161255787894644,0.00677014138148381,0.004817057594886193,-0.1392615384615384,0.0018621320557817762,0,0,0,0,0,0,0,0
-0.0017656051224039452,-0.0013446428670555875,0.696,-0.0001047197551196089,-0.009224236488342285,-0.007893928050994873,0,0,0.5,0,0.0017656051224039452,0.0013446428670555875,-0.19599999999999995,0.0001047197551196089,0.004195006455945923,0.0035049409827849435,-0.12987692307692303,-0.0009424777960773336,0,0,0,0,0,0,0,0
-0.002905587630535878,-0.0022640642801511697,0.69,-0.0007853981633973994,-0.01709829330444336,-0.013793111801147461,0,0,0.5,0,0.002905587630535878,0.0022640642801511697,-0.18999999999999995,0.0007853981633973994,0.007498155600816067,0.006007751754976399,-0.12018181818181813,0.0038793909282964474,0,0,0,0,0,0,0,0
-0.0012516947559826318,-0.003936208156130338,0.683,-0.0016755160819146298,0.02482808494567871,-0.025062665939331055,0,0,0.5,0,0.0012516947559826318,0.003936208156130338,-0.18300000000000005,0.0016755160819146298,-0.008279729638833855,0.010971955717952996,-0.10870769230769294,0.0057837526289172304,0,0,0,0,0,0,0,0
0.0021707210658392993,-0.0056585234309294834,0.673,-0.001553343034275123,0.051379451751708986,-0.02574867820739746,0,0,0.5,0,-0.0021707210658392993,0.0056585234309294834,-0.17300000000000004,0.001553343034275123,-0.019801697058508334,0.012248173374522567,-0.08371250000000001,0.0009806568734649357,0,0,0,0,0,0,0,0
0.008042473974315784,-0.006611690935559042,0.668,-0.0020769418098731673,0.08809839630126953,-0.014160682678222656,0,0,0.5,0,-0.008042473974315784,0.006611690935559042,-0.16800000000000004,0.0020769418098731673,-0.0356383680328005,0.008438285877323294,-0.10747692307692311,0.004493551543402603,0,0,0,0,0,0,0,0
0.01511352968292107,-0.0077518541037342355,0.657,-0.002967059728390175,0.10610112762451172,-0.016882118225097657,0,0,0.5,0,-0.01511352968292107,0.0077518541037342355,-0.15700000000000003,0.002967059728390175,-0.045631680195488994,0.010015267188195084,-0.06636923076923074,0.007075296275391749,0,0,0,0,0,0,0,0
0.02177107035851461,-0.00736718478613458,0.648,-0.0035779249665885966,0.09984555053710938,0.006066313743591309,0,0,0.5,0,-0.02177107035851461,0.00736718478613458,-0.14800000000000002,0.0035779249665885966,-0.045663732738328036,0.0016741258085914775,-0.07138507462686566,0.0063131424510591404,0,0,0,0,0,0,0,0
0.029359781823216587,-0.005520516332592738,0.638,-0.004101523742186641,0.1137308349609375,0.028107126235961913,0,0,0.5,0,-0.029359781823216587,0.005520516332592738,-0.138,0.004101523742186641,-0.056180656734197226,-0.00733870993901058,-0.05571249999999997,0.006555893002802475,0,0,0,0,0,0,0,0
0.038031989642493345,-0.00247646420193794,0.633,-0.003089232776030126,0.12989474487304686,0.04619393539428711,0,0,0.5,0,-0.038031989642493345,0.00247646420193794,-0.133,0.003089232776030126,-0.06571249846350614,-0.015152817833326093,-0.07947692307692307,-0.0015828793754614832,0,0,0,0,0,0,0,0
0.047068746622318754,0.0010526026906366825,0.626,-0.0026529004630313486,0.13538717651367188,0.05335449981689453,0,0,0.5,0,-0.047068746622318754,-0.0010526026906366825,-0.126,0.0026529004630313486,-0.07219383397175773,-0.01952896922841246,-0.06310769230769228,0.0006390590184216075,0,0,0,0,0,0,0,0
0.05943262698508287,0.005415562770515747,0.622,-0.0017453292519944426,0.185283935546875,0.06593617248535157,0,0,0.5,0,-0.05943262698508287,-0.005415562770515747,-0.122,0.0017453292519944426,-0.09629105390742514,-0.026200643353837448,-0.07606153846153846,-0.0024434609527912775,0,0,0,0,0,0,0,0
0.07107343289171572,0.008792794220542266,0.618,-0.001710422666954647,0.17452340698242189,0.05096315002441406,0,0,0.5,0,-0.07107343289171572,-0.008792794220542266,-0.118,0.001710422666954647,-0.09634689655513393,-0.022038650953693246,-0.07350447761194029,0.0015541245249854128,0,0,0,0,0,0,0,0
0.0806626041787529,0.01277762888854413,0.612,-0.0005410520681183856,0.14373512268066407,0.06001845550537109,0,0,0.5,0,-0.0806626041787529,-0.01277762888854413,-0.11199999999999999,0.0005410520681183856,-0.09277208256536101,-0.028180879034907257,-0.05678749999999997,-0.004940372613926589,0,0,0,0,0,0,0,0
0.08829659272408195,0.016726861355669018,0.607,-0.0017278759594743225,0.1144777603149414,0.05930043411254883,0,0,0.5,0,-0.08829659272408195,-0.016726861355669018,-0.10699999999999998,0.0017278759594743225,-0.08525438852919742,-0.029628528577737748,-0.05867692307692306,0.007205524688809416,0,0,0,0,0,0,0,0
0.09378769125499896,0.020483221468400693,0.603,-0.0033859387488690542,0.08226899719238281,0.05648763656616211,0,0,0.5,0,-0.09378769125499896,-0.020483221468400693,-0.10299999999999998,0.0033859387488690542,-0.07601330753387753,-0.03016170224111074,-0.06118787878787876,0.01092258779157238,0,0,0,0,0,0,0,0
0.09819798845676034,0.023738948236089907,0.603,-0.0021816615649927753,0.06598872375488281,0.049059616088867185,0,0,0.5,0,-0.09819798845676034,-0.023738948236089907,-0.10299999999999998,0.0021816615649927753,-0.0732178070505127,-0.029674229878845344,-0.08239999999999999,-0.003463387734427282,0,0,0,0,0,0,0,0
0.09932158756749108,0.027293705244350507,0.601,0.0010122909661565158,0.016737617492675782,0.05335799789428711,0,0,0.5,0,-0.09932158756749108,-0.027293705244350507,-0.10099999999999998,-0.0010122909661565158,-0.05561927391640859,-0.03249783675689055,-0.07019393939393936,-0.015530257016835108,0,0,0,0,0,0,0,0
0.10063446628933974,0.030732842723152153,0.6,0.004468042885105606,0.019745391845703127,0.05156710052490234,0,0,0.5,0,-0.10063446628933974,-0.030732842723152153,-0.09999999999999998,-0.004468042885105606,-0.057497038654779696,-0.034174204448772574,-0.07453124999999998,-0.020666880005179467,0,0,0,0,0,0,0,0
0.10071672920207517,0.033048710382163386,0.597,0.006108652381979996,0.0013891417980194092,0.0347321548461914,0,0,0.5,0,-0.10071672920207517,-0.033048710382163386,-0.09699999999999998,-0.006108652381979996,-0.050801318746536046,-0.028994411816526795,-0.061446153846153824,-0.01368069621370795,0,0,0,0,0,0,0,0
0.10081883337318392,0.034135347820284975,0.594,0.007173303225696649,0.0016311017274856568,0.016289901733398438,0,0,0.5,0,-0.10081883337318392,-0.034135347820284975,-0.09399999999999997,-0.007173303225696649,-0.05095920837717758,-0.022918798576951043,-0.059046153846153825,-0.012087076350542736,0,0,0,0,0,0,0,0
0.1013973379393348,0.03444798187414904,0.59,0.007504915783575594,0.008710984230041505,0.0046271438598632815,0,0,0.5,0,-0.1013973379393348,-0.03444798187414904,-0.08999999999999997,-0.007504915783575594,-0.05376649621440686,-0.018881898798474864,-0.05078787878787876,-0.009012245592116256,0,0,0,0,0,0,0,0
0.09852431469788975,0.035275522080360264,0.591,0.007871434926494336,-0.0430009765625,0.012736177444458008,0,0,0.5,0,-0.09852431469788975,-0.035275522080360264,-0.09099999999999997,-0.007871434926494336,-0.03402642803825144,-0.022026231830694194,-0.07810303030303029,-0.009537431030670436,1425984500037,0,0,0,0,0,0,0
0.09398126417390121,0.03661142610302209,0.59,0.00989601685880781,-0.06798591613769531,0.02057433891296387,0,0,0.5,0,-0.09398126417390121,-0.03661142610302209,-0.08999999999999997,-0.00989601685880781,-0.02214582453388828,-0.025611438175442924,-0.06653124999999997,-0.01938624466652722,1425984500037,0,0,0,0,0,0,0
0.09071279413211152,0.037764534452921675,0.589,0.010279989294246672,-0.04885348510742187,0.017780942916870116,0,0,0.5,0,-0.09071279413211152,-0.037764534452921675,-0.08899999999999997,-0.010279989294246672,-0.027756942994880494,-0.025091312187458584,-0.06581538461538458,-0.012052169765502958,1425984500037,0,0,0,0,0,0,0
0.0871280798028157,0.0369208695013987,0.587,0.011833332328521573,-0.05389796447753906,-0.012101552963256835,0,0,0.5,0,-0.0871280798028157,-0.0369208695013987,-0.08699999999999997,-0.011833332328521573,-0.024261731974430385,-0.013917623473267962,-0.0588307692307692,-0.01900260787132881,1425984500037,0,0,0,0,0,0,0
0.08448501007266042,0.03549045188571692,0.586,0.012252211349000232,-0.03989716339111328,-0.02098562812805176,0,0,0.5,0,-0.08448501007266042,-0.03549045188571692,-0.08599999999999997,-0.012252211349000232,-0.028010591104724848,-0.010042977243033494,-0.06341538461538458,-0.014185499135824812,1425984500037,0,0,0,0,0,0,0
0.08127680092495829,0.033206821994529345,0.586,0.012775810124598498,-0.048539207458496096,-0.033662277221679686,0,0,1.5,0,-0.08127680092495829,-0.033206821994529345,0.914,-0.012775810124598498,-0.04063840046247914,-0.016603410997264673,0.7312000000000001,-0.012775810124598498,0,0,0,0,0,0,0,0
0.07731215733101746,0.03070655525638215,0.586,0.013875367553354724,-0.05994393157958984,-0.036741188049316406,0,0,1.5,0,-0.07731215733101746,-0.03070655525638215,0.914,-0.013875367553354724,-0.016630280921393,-0.0014629068607066673,0.7312000000000001,-0.019111355309336754,0,0,0,0,0,0,0,0
0.07442836608798763,0.028377400619127763,0.586,0.014556045961632515,-0.04373745727539063,-0.034333770751953124,0,0,1.5,0,-0.07442836608798763,-0.028377400619127763,0.914,-0.014556045961632515,-0.021686076350756277,-0.0016470984166556402,0.7312000000000001,-0.01769763861522232,0,0,0,0,0,0,0,0
0.07098851721946996,0.02641785817344377,0.595,0.014852751934471888,-0.05202009963989258,-0.02863899040222168,0,0,1.5,0,-0.07098851721946996,-0.02641785817344377,0.905,-0.014852751934471888,-0.01697199547156291,-0.00265754668688499,0.6755384615384616,-0.016222164116807453,0,0,0,0,0,0,0,0
0.0679918190733249,0.023935357557742263,0.606,0.01607448241086762,-0.045498573303222656,-0.03656578826904297,0,0,1.5,0,-0.0679918190733249,-0.023935357557742263,0.894,-0.01607448241086762,-0.017859842595881355,0.0013996322287523604,0.6559692307692307,-0.021713238455770993,0,0,0,0,0,0,0,0
0.06504248599401938,0.021667176965546115,0.624,0.017400932642383626,-0.04478115463256836,-0.03330720901489258,0,0,1.5,0,-0.06504248599401938,-0.021667176965546115,0.876,-0.017400932642383626,-0.016880840303722847,0.0011946419303883304,0.6053454545454546,-0.0234302518765473,0,0,0,0,0,0,0,0
0.06110432937957012,0.019303833719674732,0.649,0.016877333866785138,-0.05968024063110351,-0.034416919708251954,0,0,1.5,0,-0.06110432937957012,-0.019303833719674732,0.851,-0.016877333866785138,-0.009015370704515666,0.0032726165160217573,0.54408125,-0.014422964606167224,0,0,0,0,0,0,0,0
0.057766781458204394,0.017405818204448933,0.673,0.017976891295541364,-0.05053656768798828,-0.02762128448486328,0,0,1.5,0,-0.057766781458204394,-0.017405818204448933,0.827,-0.017976891295541364,-0.010911978844825226,0.0015171744412990663,0.5323692307692307,-0.023051771735954713,0,0,0,0,0,0,0,0
0.053218469294214185,0.015469393400901116,0.702,0.018552849948699546,-0.06873579406738281,-0.027815277099609376,0,0,1.5,0,-0.053218469294214185,-0.015469393400901116,0.798,-0.018552849948699546,-0.0021183229948521197,0.002692206087883845,0.4822461538461544,-0.021211120655583462,0,0,0,0,0,0,0,0
0.04952261026587859,0.013439182374358635,0.731,0.01991420676525535,-0.055993305206298825,-0.029419452667236327,0,0,1.5,0,-0.04952261026587859,-0.013439182374358635,0.769,-0.01991420676525535,-0.00601419411964281,0.003578580686586886,0.4680985507246377,-0.025833149445932752,0,0,0,0,0,0,0,0
0.047104263210097405,0.011108193907687955,0.762,0.0211359372416513,-0.03696426391601562,-0.03423554992675781,0,0,1.5,0,-0.047104263210097405,-0.011108193907687955,0.738,-0.0211359372416513,-0.010116870184042111,0.007395838972104246,0.41817777777777765,-0.026953701414965354,0,0,0,0,0,0,0,0
0.04508264893021466,0.00842162617981997,0.795,0.021048670779051367,-0.031169124603271484,-0.039648632049560546,0,0,1.5,0,-0.04508264893021466,-0.00842162617981997,0.705,-0.021048670779051367,-0.011485621371998558,0.01048135417186806,0.38353124999999977,-0.02063960923561418,0,0,0,0,0,0,0,0
0.043344245805109045,0.002155748615750323,0.822,0.020193459445574376,-0.028048450469970704,-0.09341851806640625,0,0,1.5,0,-0.043344245805109045,-0.002155748615750323,0.678,-0.020193459445574376,-0.012311490690447378,0.03266146642173062,0.3970153846153852,-0.01624633021414211,0,0,0,0,0,0,0,0
0.039475472047968654,-0.005935940925631515,0.85,0.021607176139689876,-0.060470596313476566,-0.12017881774902343,0,0,1.5,0,-0.039475472047968654,0.005935940925631515,0.65,-0.021607176139689876,0.0007784884456995614,0.04587844530347701,0.3715151515151514,-0.02803316111294215,0,0,0,0,0,0,0,0
0.03660277263219003,-0.0139086906966884,0.878,0.02174680247984928,-0.04566426086425781,-0.11863233947753907,0,0,1.5,0,-0.03660277263219003,0.0139086906966884,0.622,-0.02174680247984928,-0.0028330048465177986,0.04988453642326588,0.34683076923076916,-0.022391231742123454,0,0,0,0,0,0,0,0
0.03589543003845235,-0.021790090569760882,0.908,0.021310470166850726,-0.013178356170654297,-0.1179623260498047,0,0,1.5,0,-0.03589543003845235,0.021790090569760882,0.592,-0.021310470166850726,-0.014196655810011224,0.052690347642082996,0.31450909090909085,-0.01932714147140275,0,0,0,0,0,0,0,0
0.03647022925014439,-0.029398270428006322,0.934,0.020420352248333495,0.006188206195831299,-0.11428050994873047,0,0,1.5,0,-0.03647022925014439,0.029398270428006322,0.566,-0.020420352248333495,-0.02142844357891686,0.05696680109314449,0.3083555555555554,-0.01618169549348954,0,0,0,0,0,0,0,0
0.03651356233498848,-0.03706352433596142,0.957,0.020123646275494567,-0.0016978838443756103,-0.11496810913085938,0,0,1.5,0,-0.03651356233498848,0.03706352433596142,0.543,-0.020123646275494567,-0.018490113162808568,0.05980620628773892,0.31055384615384674,-0.01875423409316105,0,0,0,0,0,0,0,0
0.035647058152468644,-0.04168884065410543,0.979,0.019093902016817932,-0.014391010284423827,-0.06910415649414063,0,0,1.5,0,-0.035647058152468644,0.04168884065410543,0.521,-0.019093902016817932,-0.013157737324204433,0.045749969732443524,0.2983384615384615,-0.014341236207541156,0,0,0,0,0,0,0,0
0.034001339305965314,-0.04411311691931701,1,0.019128808601857727,-0.025375574111938477,-0.03588619613647461,0,0,1.5,0,-0.034001339305965314,0.04411311691931701,0.5,-0.019128808601857727,-0.008139106633349342,0.035110353733874736,0.28692307692307684,-0.019289915917426015,0,0,0,0,0,0,0,0
0.03341149575969481,-0.04445617790026155,1.02,0.01900663555421822,-0.008944463729858399,-0.004975738525390625,0,0,1.5,0,-0.03341149575969481,0.04445617790026155,0.48,-0.01900663555421822,-0.013798068426401277,0.0239192346308433,0.28540845070422527,-0.01849041140926256,0,0,0,0,0,0,0,0
0.033431449358810914,-0.042453770482080745,1.039,0.018675022996339274,0.0008701009750366211,0.03002499771118164,0,0,1.5,0,-0.033431449358810914,0.042453770482080745,0.4610000000000001,-0.018675022996339274,-0.01682836596473828,0.0099229723964713,0.26154193548387156,-0.01707044610337663,0,0,0,0,0,0,0,0
0.03399029029602142,-0.0392767834255715,1.056,0.01759291886010295,0.009271055221557618,0.04748995971679688,0,0,1.5,0,-0.03399029029602142,0.0392767834255715,0.44399999999999995,-0.01759291886010295,-0.020099817021402424,0.001988463621067707,0.26075555555555485,-0.012440042020882357,0,0,0,0,0,0,0,0
0.03293752737155056,-0.03626457754088094,1.074,0.016807520696705328,-0.014994138717651368,0.045453899383544924,0,0,1.5,0,-0.03293752737155056,0.03626457754088094,0.42599999999999993,-0.016807520696705328,-0.010800040246316808,0.001912718622106721,0.243876923076923,-0.013182606096408613,0,0,0,0,0,0,0,0
0.032000902409063996,-0.03344577463435078,1.092,0.015690509975428982,-0.013336767196655273,0.0425121955871582,0,0,1.5,0,-0.032000902409063996,0.03344577463435078,0.4079999999999999,-0.015690509975428982,-0.011033500645891115,0.0017746900855760278,0.23094545454545445,-0.010613188515081955,0,0,0,0,0,0,0,0
0.030822915056890995,-0.029826115974895144,1.107,0.01630137521362696,-0.016815755844116213,0.054565433502197266,0,0,1.5,0,-0.030822915056890995,0.029826115974895144,0.393,-0.01630137521362696,-0.009164554903285646,-0.004282101570271698,0.23485454545454598,-0.019078035387254128,0,0,0,0,0,0,0,0
0.03011988818776018,-0.027314775317454194,1.121,0.015585790220309374,-0.009929954528808594,0.03783700180053711,0,0,1.5,0,-0.03011988818776018,0.027314775317454194,0.379,-0.015585790220309374,-0.011215265903320946,-0.00007650656165309605,0.22663749999999996,-0.012231485564133188,0,0,0,0,0,0,0,0
0.029070243268033973,-0.025616744920289907,1.136,0.014800392056911974,-0.015345800399780273,0.025712745666503906,0,0,1.5,0,-0.029070243268033973,0.025616744920289907,0.3640000000000001,-0.014800392056911974,-0.008883187450875872,0.0036651318600295617,0.21043076923076984,-0.011175477456616284,0,0,0,0,0,0,0,0
0.02679048615302391,-0.024881911298483737,1.149,0.01328195560767687,-0.03402947998046875,0.011527398109436034,0,0,1.5,0,-0.02679048615302391,0.024881911298483737,0.351,-0.01328195560767687,-0.0011196278418423768,0.008484159224131725,0.21079999999999935,-0.006273787380437931,0,0,0,0,0,0,0,0
0.023336666809490886,-0.023885393587291814,1.162,0.012304571226560151,-0.05160419082641601,0.01563452911376953,0,0,1.5,0,-0.023336666809490886,0.023885393587291814,0.3380000000000001,-0.012304571226560151,0.006929155368124674,0.0065768321949201645,0.20040000000000063,-0.007793566390636832,0,0,0,0,0,0,0,0
0.020431174161906904,-0.021798410162750918,1.173,0.01073377489976513,-0.04319390869140625,0.03183863067626953,0,0,1.5,0,-0.020431174161906904,0.021798410162750918,0.32699999999999996,-0.01073377489976513,0.004962359585530034,-0.0000029471363754886987,0.2041373134328352,-0.0037003585111307098,0,0,0,0,0,0,0,0
0.01860924165111931,-0.019482798935573798,1.187,0.00986111027376802,-0.02695459175109863,0.03502550506591797,0,0,1.5,0,-0.01860924165111931,0.019482798935573798,0.31299999999999994,-0.00986111027376802,0.0006590725928100026,-0.002922099430837972,0.1738374999999999,-0.005770494839406564,0,0,0,0,0,0,0,0
0.01648026214060984,-0.018851189610457824,1.196,0.007208209810736671,-0.0318397159576416,0.009788585662841796,0,0,1.5,0,-0.01648026214060984,0.018851189610457824,0.30400000000000005,-0.007208209810736671,0.003223604755515308,0.006024621516142898,0.19473846153846217,0.005035946172484939,0,0,0,0,0,0,0,0
0.013297315260823435,-0.018508175426775172,1.205,0.004520402762665526,-0.04770587539672851,0.005489226341247559,0,0,1.5,0,-0.013297315260823435,0.018508175426775172,0.29499999999999993,-0.004520402762665526,0.010490287106899688,0.007407088262788694,0.18753846153846085,0.007884860536124371,0,0,0,0,0,0,0,0
0.0097410124309959,-0.017353689214977208,1.216,0.0020594885173532747,-0.05326571655273438,0.01755825424194336,0,0,1.5,0,-0.0097410124309959,0.017353689214977208,0.28400000000000003,-0.0020594885173532747,0.01398867545782988,0.002554569241893339,0.16886666666666725,0.009126485324975139,0,0,0,0,0,0,0,0
0.008418016353970671,-0.016185629214731986,1.226,0.00012217304763951185,-0.019808815002441405,0.01756173324584961,0,0,1.5,0,-0.008418016353970671,0.016185629214731986,0.274,-0.00012217304763951185,0.002914816853150517,0.0018032607598917182,0.16535384615384616,0.008819282966424008,0,0,0,0,0,0,0,0
0.009174437572968914,-0.01679602862120488,1.235,-0.0030717794835100013,0.011345199584960938,-0.009157377243041992,0,0,1.5,0,-0.009174437572968914,0.01679602862120488,0.2649999999999999,0.0030717794835100013,-0.0087238973278811,0.011736136064751082,0.1627812499999993,0.018043431973273343,0,0,0,0,0,0,0,0
0.008362450549851462,-0.017108754844517748,1.242,-0.004694935687864715,-0.01216533851623535,-0.00472828483581543,0,0,1.5,0,-0.008362450549851462,0.017108754844517748,0.258,0.004694935687864715,0.00019101254186055117,0.010238287855482007,0.1687076923076929,0.012186425861809545,0,0,0,0,0,0,0,0
0.006504732258438697,-0.015932748624327,1.251,-0.005131268000863492,-0.027948286056518553,0.017509071350097657,0,0,1.5,0,-0.006504732258438697,0.015932748624327,0.2490000000000001,0.005131268000863492,0.006452132408011513,0.0018230582365401909,0.1521850746268663,0.007084994775484883,0,0,0,0,0,0,0,0
0.00945193398741485,-0.015230400925423935,1.261,-0.005654866776461758,0.044153385162353516,0.010761919021606446,0,0,1.5,0,-0.00945193398741485,0.015230400925423935,0.2390000000000001,0.005654866776461758,-0.020843476449045766,0.0037742364843358334,0.13651250000000004,0.00810923603707863,0,0,0,0,0,0,0,0
0.011851816663425442,-0.015078582956480187,1.268,-0.006335545184739327,0.03598478698730469,0.002480797290802002,0,0,1.5,0,-0.011851816663425442,0.015078582956480187,0.23199999999999998,0.006335545184739327,-0.018652558886314344,0.006734196188386882,0.14847878787878727,0.009429537949637365,0,0,0,0,0,0,0,0
0.014020906489826993,-0.014581875739424608,1.28,-0.007330382858376165,0.03248849105834961,0.007656592845916748,0,0,1.5,0,-0.014020906489826993,0.014581875739424608,0.21999999999999997,0.007330382858376165,-0.018872663233046975,0.004574570276439606,0.11037499999999993,0.011993684453548845,0,0,0,0,0,0,0,0
0.01801692812622265,-0.013383940047904455,1.291,-0.006632251157578477,0.0598069953918457,0.018407934188842772,0,0,1.5,0,-0.01801692812622265,0.013383940047904455,0.20900000000000007,0.006632251157578477,-0.030525503643703315,0.00024154706961294556,0.1079692307692314,0.0034101048462045302,0,0,0,0,0,0,0,0
0.022552321333200263,-0.012868828743858174,1.3,-0.007644542123734993,0.06797815704345703,0.00817769432067871,0,0,1.5,0,-0.022552321333200263,0.012868828743858174,0.19999999999999996,0.007644542123734993,-0.0356975087041719,0.0036607381193721864,0.11153846153846086,0.012316654275226603,0,0,0,0,0,0,0,0
0.026616919284853657,-0.013413536628721013,1.308,-0.0075572756611355036,0.06102964782714844,-0.007704304218292236,0,0,1.5,0,-0.026616919284853657,0.013413536628721013,0.19199999999999995,0.0075572756611355036,-0.03519475630517588,0.009639810771314258,0.11052307692307685,0.007154507372214785,0,0,0,0,0,0,0,0
0.030474271345453392,-0.014332823500440635,1.316,-0.0075572756611355036,0.057962837219238283,-0.01335164737701416,0,0,1.5,0,-0.030474271345453392,0.014332823500440635,0.18399999999999994,0.0075572756611355036,-0.03538748225794919,0.011968656602486999,0.10540895522388054,0.0075572756611355036,0,0,0,0,0,0,0,0
0.033323676082348784,-0.014113535925775147,1.324,-0.005044001538263559,0.04271499252319336,0.003612222671508789,0,0,1.5,0,-0.033323676082348784,0.014113535925775147,0.17599999999999993,0.005044001538263559,-0.0324918643572599,0.005838503659190422,0.09635555555555547,-0.006923970475412366,0,0,0,0,0,0,0,0
0.036079741623966766,-0.014105679639845405,1.325,-0.0037175513067479954,0.041339862823486326,0.0003263658881187439,0,0,1.5,0,-0.036079741623966766,0.014105679639845405,0.17500000000000004,0.0037175513067479954,-0.0328802237283879,0.007010536741839476,0.13461538461538525,-0.0024045266848622977,0,0,0,0,0,0,0,0
0.03885572816522729,-0.014522987146371335,1.33,-0.0021642082724730944,0.04166278076171875,-0.006104771614074707,0,0,1.5,0,-0.03885572816522729,0.014522987146371335,0.16999999999999993,0.0021642082724730944,-0.03414900483172248,0.009474487925974686,0.10948484848484782,-0.004896441883321909,0,0,0,0,0,0,0,0
0.040580561536716915,-0.015290212579330258,1.332,-0.0022165681500327878,0.02589734649658203,-0.011452361106872559,0,0,1.5,0,-0.040580561536716915,0.015290212579330258,0.16799999999999993,0.0022165681500327878,-0.02957784507637952,0.01177632015944395,0.12363076923076916,0.002458229123385219,0,0,0,0,0,0,0,0
0.040095846163533316,-0.017235792760742146,1.337,-0.0008901179185170022,-0.007206025123596191,-0.029199747085571288,0,0,1.5,0,-0.040095846163533316,0.017235792760742146,0.16300000000000003,0.0008901179185170022,-0.01747746276942939,0.018935367039373506,0.1038848484848491,-0.005139201315645659,0,0,0,0,0,0,0,0
0.03878613874153495,-0.0184463620909967,1.345,0.0016755160819144138,-0.019629440307617187,-0.0181760196685791,0,0,1.5,0,-0.03878613874153495,0.0184463620909967,0.15500000000000003,-0.0016755160819144138,-0.012340798636930113,0.015741631285330567,0.08092307692307692,-0.013516903776213257,0,0,0,0,0,0,0,0
0.03760920576608322,-0.018985905898072544,1.351,0.0022165681500328,-0.017667530059814453,-0.008063566207885743,0,0,1.5,0,-0.03760920576608322,0.018985905898072544,0.14900000000000002,-0.0022165681500328,-0.01236825067353995,0.012443583143982292,0.0863875,-0.004752749719337735,0,0,0,0,0,0,0,0
0.03536482014166584,-0.019563620985093014,1.351,0.002687807048071373,-0.03368490982055664,-0.008591082572937012,0,0,1.5,0,-0.03536482014166584,0.019563620985093014,0.14900000000000002,-0.002687807048071373,-0.0055972567085854855,0.012892584038041346,0.11920000000000003,-0.004862755808249401,0,0,0,0,0,0,0,0
0.033897693801948854,-0.021006048012974458,1.353,0.0013788101090754853,-0.02206497001647949,-0.021577177047729493,0,0,1.5,0,-0.033897693801948854,0.021006048012974458,0.14700000000000002,-0.0013788101090754853,-0.009048935840959903,0.01826993877200269,0.10683076923076924,0.004662714224751688,0,0,0,0,0,0,0,0
0.030525843972507093,-0.022918654267010938,1.354,0.0003141592653590548,-0.05061725616455078,-0.02861932945251465,0,0,1.5,0,-0.030525843972507093,0.022918654267010938,0.1459999999999999,-0.0003141592653590548,0.002351218913815352,0.021450553833696033,0.11157611940298442,0.004452934064714514,0,0,0,0,0,0,0,0
0.023867229000475748,-0.025232089884830132,1.356,-0.0002967059728391446,-0.09989012145996094,-0.034670154571533204,0,0,1.5,0,-0.023867229000475748,0.025232089884830132,0.1439999999999999,0.0002967059728391446,0.024480686128058537,0.025267645977363785,0.10426249999999992,0.0031601367768932043,0,0,0,0,0,0,0,0
0.017937522807663215,-0.026230188324915152,1.358,-0.0007330382858374778,-0.08894114685058593,-0.0149978666305542,0,0,1.5,0,-0.017937522807663215,0.026230188324915152,0.1419999999999999,0.0007330382858374778,0.02296042578823588,0.01848947037829999,0.10283076923076914,0.0027468797304451694,0,0,0,0,0,0,0,0
0.012049475683053758,-0.027424031254869828,1.366,-0.0016057029118350325,-0.08830755615234374,-0.017972381591796874,0,0,1.5,0,-0.012049475683053758,0.027424031254869828,0.1339999999999999,0.0016057029118350325,0.025680131290985578,0.02014040063488317,0.06412307692307681,0.005633385801054515,0,0,0,0,0,0,0,0
0.007672900187749149,-0.030268386839178592,1.37,-0.0032637657012295424,-0.06558003997802735,-0.04277069091796875,0,0,1.5,0,-0.007672900187749149,0.030268386839178592,0.1299999999999999,0.0032637657012295424,0.01937266238122562,0.030217897275772135,0.0827878787878787,0.010800414743931858,0,0,0,0,0,0,0,0
0.002611428872957148,-0.032441665262311056,1.376,-0.005166174585903288,-0.07581526947021484,-0.03284679412841797,0,0,1.5,0,-0.002611428872957148,0.032441665262311056,0.12400000000000011,0.005166174585903288,0.025535421323782035,0.027745793965948895,0.06738181818181943,0.013813487698056674,0,0,0,0,0,0,0,0
-0.003996167938610266,-0.03422520941534399,1.38,-0.006213372137100042,-0.09897441864013672,-0.027264842987060545,0,0,1.5,0,0.003996167938610266,0.03422520941534399,0.1200000000000001,0.006213372137100042,0.038133379032564425,0.026866361794570838,0.07412500000000007,0.011122110658334829,0,0,0,0,0,0,0,0
-0.007875705768226975,-0.036417514979146144,1.387,-0.005585053606381945,-0.05798762130737305,-0.033245521545410155,0,0,1.5,0,0.007875705768226975,0.036417514979146144,0.11299999999999999,0.005585053606381945,0.024827671966664994,0.030013479756200067,0.05270769230769168,0.0026851219261445733,0,0,0,0,0,0,0,0
-0.011313431463808645,-0.040126629525295485,1.391,-0.005288347633542794,-0.051254348754882814,-0.05592384719848633,0,0,1.5,0,0.011313431463808645,0.040126629525295485,0.10899999999999999,0.005288347633542794,0.02388707926907984,0.03973286159828818,0.06598787878787878,0.003939684120637563,0,0,0,0,0,0,0,0
-0.013276943576424472,-0.04316104865633552,1.393,-0.006161012259539905,-0.029211565017700194,-0.04567140579223633,0,0,1.5,0,0.013276943576424472,0.04316104865633552,0.10699999999999998,0.006161012259539905,0.01737642865408004,0.03817500395104296,0.07466249999999999,0.01025162769390136,0,0,0,0,0,0,0,0
-0.016482695428546405,-0.04694133500988519,1.395,-0.006614797865058359,-0.047736011505126956,-0.05699947738647461,0,0,1.5,0,0.016482695428546405,0.04694133500988519,0.10499999999999998,0.006614797865058359,0.024741541070783152,0.042928023736448245,0.07370588235294116,0.008616793183522126,0,0,0,0,0,0,0,0
-0.020349681220253598,-0.04906069867754333,1.397,-0.00720820981073666,-0.057793231964111326,-0.032173446655273434,0,0,1.5,0,0.020349681220253598,0.04906069867754333,0.10299999999999998,0.00720820981073666,0.03200459911169966,0.03649449907555147,0.07110967741935481,0.010079557934986506,0,0,0,0,0,0,0,0
-0.021668959372534588,-0.049699379622905035,1.399,-0.005811946409141284,-0.019719602584838868,-0.00972260856628418,0,0,1.5,0,0.021668959372534588,0.049699379622905035,0.10099999999999998,0.005811946409141284,0.01783065170593921,0.028236634218673697,0.07019393939393936,-0.0005347054162922419,0,0,0,0,0,0,0,0
-0.02132033210650806,-0.050442249672593434,1.401,-0.006352998477259448,0.00529408311843872,-0.011112469673156739,0,0,1.5,0,0.02132033210650806,0.050442249672593434,0.09899999999999998,0.006352998477259448,0.008753610692171456,0.029283695420530147,0.06826249999999998,0.008889180046563343,1425984504790,0,0,0,0,0,0,0
-0.020286787528019844,-0.05036568554744087,1.405,-0.00722566310325656,0.015495559692382813,0.0012469296455383302,0,0,1.5,0,0.020286787528019844,0.05036568554744087,0.09499999999999997,0.00722566310325656,0.004662475544754229,0.02477682089791139,0.05478787878787876,0.01119232049415252,1425984504790,0,0,0,0,0,0,0
-0.02140750161438759,-0.05023588439778796,1.407,-0.007592182246175303,-0.0168243408203125,0.001825498938560486,0,0,1.5,0,0.02140750161438759,0.05023588439778796,0.09299999999999997,0.007592182246175303,0.016558227377771566,0.024439876491751892,0.06395223880597012,0.009233312736856241,1425984504790,0,0,0,0,0,0,0
-0.02190429231359403,-0.04933335171426471,1.409,-0.007487462491055471,-0.007554427623748779,0.013481024742126466,0,0,1.5,0,0.02190429231359403,0.04933335171426471,0.09099999999999997,0.007487462491055471,0.0137120944857217,0.0196526053931143,0.061688888888888856,0.006988796990484844,1425984504790,0,0,0,0,0,0,0
-0.02227848452779507,-0.04632380872898577,1.41,-0.00773180858633515,-0.005950730323791504,0.045099853515625,0,0,1.5,0,0.02227848452779507,0.04632380872898577,0.09000000000000008,0.00773180858633515,0.013123594914963644,0.007202206715286392,0.06669696969697035,0.008842472655788238,1425984504790,0,0,0,0,0,0,0
-0.021197593531197826,-0.04285706658942678,1.414,-0.007452555906015897,0.015810821533203127,0.05212493515014648,0,0,1.5,-0.00773180858633515,0.021197593531197826,0.04285706658942678,0.08600000000000008,-0.000279252680319253,0.010598796765598913,0.02142853329471339,0.06880000000000007,-0.000279252680319253,1425984504790,0,0,0,0,0,0,0
-0.01849365219416928,-0.0399081991204798,1.42,-0.00937241808320954,0.040228347778320316,0.04453404998779297,0,0,1.5,-0.00773180858633515,0.01849365219416928,0.0399081991204798,0.08000000000000007,0.00164060949687439,-0.005092256750794007,0.004316166012793797,0.032181818181818214,0.010367255756845495,1425984505182,0,0,0,0,0,0,0
-0.01717543265837113,-0.03821075397471978,1.423,-0.009721483933608385,0.019533790588378907,0.025645879745483397,0,0,1.5,-0.00773180858633515,0.01717543265837113,0.03821075397471978,0.07699999999999996,0.0019896753472732343,0.0015971581848014307,0.01010377394166281,0.045690909090908456,0.003576338303631617,1425984505248,0,0,0,0,0,0,0
-0.015263119466662317,-0.03722843076879024,1.426,-0.01092576111748444,0.02854010009765625,0.015013005256652832,0,0,1.5,-0.00773180858633515,0.015263119466662317,0.03722843076879024,0.07400000000000007,0.0031939525311492894,-0.0028264030338264095,0.013242135351967962,0.04279375000000065,0.008839001830568297,1425984505312,0,0,0,0,0,0,0
-0.013866111700508447,-0.0358588814390286,1.427,-0.012548917321839376,0.020729419708251953,0.020770959854125977,0,0,1.5,-0.00773180858633515,0.013866111700508447,0.0358588814390286,0.07299999999999995,0.004817108735504226,-0.0005892936598050754,0.01055494432849009,0.05301538461538398,0.012308598909450085,1425984505377,0,0,0,0,0,0,0
-0.011791959652894505,-0.03389994220524891,1.429,-0.01281071670963851,0.03074110221862793,0.02977219009399414,0,0,1.5,-0.00773180858633515,0.011791959652894505,0.03389994220524891,0.07099999999999995,0.005078908123303359,-0.005272531199166277,0.0064018367668876655,0.04603076923076918,0.006287212990068588,1425984505442,0,0,0,0,0,0,0
-0.009150291065128761,-0.03155810072368181,1.432,-0.0127059969545189,0.03917177963256836,0.03563235092163086,0,0,1.5,-0.00773180858633515,0.009150291065128761,0.03155810072368181,0.06800000000000006,0.00497418836818375,-0.009649223786174237,0.0031691346918641967,0.038246153846154485,0.004490866421477863,1425984505507,0,0,0,0,0,0,0
-0.005767963309710666,-0.029815082793302323,1.433,-0.012740903539558474,0.05039862823486328,0.026787778854370118,0,0,1.5,-0.00773180858633515,0.005767963309710666,0.029815082793302323,0.06699999999999995,0.005009094953223324,-0.014784894679418296,0.00580222384989266,0.048376119402984454,0.005165393095191564,1425984505574,0,0,0,0,0,0,0
-0.0010880118785627114,-0.028433384399270158,1.436,-0.013299408900196756,0.06992951965332031,0.02161817169189453,0,0,1.5,-0.00773180858633515,0.0010880118785627114,0.028433384399270158,0.06400000000000006,0.005567600313861606,-0.025455724233762834,0.0065405900105674954,0.034533333333333985,0.008227149650234378,1425984505637,0,0,0,0,0,0,0
0.001796297673630373,-0.027048161642125392,1.436,-0.014206980111233884,0.0429844856262207,0.02135188102722168,0,0,1.5,-0.00773180858633515,-0.001796297673630373,0.027048161642125392,0.06400000000000006,0.006475171524898734,-0.016193729795414877,0.00617820256347682,0.05120000000000005,0.010600495211431134,1425984505703,0,0,0,0,0,0,0
0.0036734455264915075,-0.02626496166834168,1.438,-0.014957471689591266,0.027987478256225586,0.012146829605102539,0,0,1.5,-0.00773180858633515,-0.0036734455264915075,0.02626496166834168,0.062000000000000055,0.007225663103256116,-0.012102375083580082,0.008849355977541168,0.03866250000000004,0.010743592376806343,1425984505767,0,0,0,0,0,0,0
0.002928244584271207,-0.02484121651845914,1.441,-0.014573499254152626,-0.011496186256408691,0.02118659973144531,0,0,1.5,-0.00773180858633515,-0.002928244584271207,0.02484121651845914,0.05899999999999994,0.006841690667817476,0.002548498165973707,0.004754288221400504,0.031046153846153193,0.0050695101965622155,1425984505832,0,0,0,0,0,0,0
0.002082807873310873,-0.02324614081990953,1.442,-0.014032447186034462,-0.013028879165649414,0.023738786697387694,0,0,1.5,-0.00773180858633515,-0.002082807873310873,0.02324614081990953,0.05800000000000005,0.006300638599699312,0.003375056493734366,0.0032905854175314386,0.0411761194029857,0.003878017399170219,1425984505899,0,0,0,0,0,0,0
0.0014520864038182037,-0.02138278249598707,1.446,-0.014276793281313696,-0.009852089881896973,0.027814868927001954,0,0,1.5,-0.00773180858633515,-0.0014520864038182037,0.02138278249598707,0.05400000000000005,0.006544984694978545,0.0027232148343789343,0.0005011504140425786,0.021325000000000024,0.007690357016599952,1425984505963,0,0,0,0,0,0,0
0.0002181840109854023,-0.019941937352923947,1.45,-0.014730578886832149,-0.01881519889831543,0.021346240997314452,0,0,1.5,-0.00773180858633515,-0.0002181840109854023,0.019941937352923947,0.050000000000000044,0.0069987703004969985,0.006534997802068537,0.0022125717522759247,0.01846153846153848,0.009093165402889859,1425984506028,0,0,0,0,0,0,0
-0.0006766535266057877,-0.01968118299719274,1.452,-0.014748032179352269,-0.013478720664978027,0.0037131760120391846,0,0,1.5,-0.00773180858633515,0.0006766535266057877,0.01968118299719274,0.04800000000000004,0.007016223593017118,0.0050836773414379925,0.008457803248506637,0.027793939393939426,0.007095556740835845,1425984506094,0,0,0,0,0,0,0
-0.001468755464625532,-0.02067038044663675,1.451,-0.015969762655748225,-0.01166141414642334,-0.015011570930480956,0,0,1.5,-0.00773180858633515,0.001468755464625532,0.02067038044663675,0.04899999999999993,0.008237954069413075,0.005066185205858243,0.015744863774965305,0.04466874999999935,0.01396481567751912,1425984506158,0,0,0,0,0,0,0
-0.003217183519333778,-0.022818282347641182,1.455,-0.01570796326794887,-0.02570857620239258,-0.03263323211669922,0,0,1.5,-0.00773180858633515,0.003217183519333778,0.022818282347641182,0.04499999999999993,0.00797615468161372,0.010742171149933845,0.022629524238769114,0.015104477611940226,0.0068039186168404875,1425984506225,0,0,0,0,0,0,0
-0.00488549002930469,-0.02577144697600975,1.455,-0.01579522973054858,-0.02432571601867676,-0.044685073852539066,0,0,1.5,-0.00773180858633515,0.00488549002930469,0.02577144697600975,0.04499999999999993,0.00806342114421343,0.011711114514490745,0.02929219364560802,0.03599999999999994,0.008478975728021578,1425984506288,0,0,0,0,0,0,0
-0.007852682225219003,-0.028287340094124036,1.455,-0.016650441064026016,-0.043906269073486326,-0.03843667221069336,0,0,1.5,-0.00773180858633515,0.007852682225219003,0.028287340094124036,0.04499999999999993,0.008918632477690865,0.019903529859840414,0.027690786836908177,0.03599999999999994,0.012865761709125179,1425984506353,0,0,0,0,0,0,0
-0.011002597781271951,-0.03072795540725671,1.455,-0.017034413499464877,-0.04663265228271484,-0.03739083099365234,0,0,1.5,-0.00773180858633515,0.011002597781271951,0.03072795540725671,0.04499999999999993,0.009302604913129727,0.022205396536371304,0.028306634667210707,0.03599999999999994,0.011047934165124553,1425984506419,0,0,0,0,0,0,0
-0.012985726657772385,-0.031997822820887374,1.458,-0.016545721308906407,-0.029418161392211914,-0.019551944732666016,0,0,1.5,-0.00773180858633515,0.012985726657772385,0.031997822820887374,0.04200000000000004,0.008813912722571256,0.017171249586965448,0.022836659022301115,0.017446153846154465,0.006558410304609084,1425984506484,0,0,0,0,0,0,0
-0.013570592517673997,-0.03430097318235576,1.461,-0.01583013631558882,-0.008200203895568848,-0.034687675476074216,0,0,1.5,-0.00773180858633515,0.013570592517673997,0.03430097318235576,0.038999999999999924,0.00809832772925367,0.009886857637103123,0.02936416275047993,0.015290909090908428,0.004845668668719188,1425984506550,0,0,0,0,0,0,0
-0.014394265864376404,-0.036644568785182,1.461,-0.015847589608108496,-0.011797083854675292,-0.035345104217529295,0,0,1.5,-0.00773180858633515,0.014394265864376404,0.036644568785182,0.038999999999999924,0.008115781021773346,0.011701596546966989,0.031138822845546983,0.03119999999999994,0.008197593330459326,1425984506614,0,0,0,0,0,0,0
-0.01415094489615626,-0.03882503158579376,1.463,-0.01672025423410583,0.004167660713195801,-0.03264499664306641,0,0,1.5,-0.00773180858633515,0.01415094489615626,0.03882503158579376,0.03699999999999992,0.008988445647770679,0.0057652826192004375,0.031153469334652503,0.01883076923076916,0.013016128536989136,1425984506679,0,0,0,0,0,0,0
-0.014074486873280521,-0.0418633145106061,1.467,-0.017854718247902072,0.0019086874723434448,-0.045548698425292966,0,0,1.5,-0.00773180858633515,0.014074486873280521,0.0418633145106061,0.03299999999999992,0.010122909661566922,0.006637835854453563,0.036803284474471995,0.005504477611940221,0.015202599275579952,1425984506746,0,0,0,0,0,0,0
-0.014689305674402523,-0.04362629841485949,1.467,-0.018867009214058587,-0.008748673439025878,-0.026605195999145508,0,0,1.5,-0.00773180858633515,0.014689305674402523,0.04362629841485949,0.03299999999999992,0.011135200627723437,0.010706943155837208,0.03145446743381547,0.026399999999999937,0.0158803145315821,1425984506810,0,0,0,0,0,0,0
-0.016620939695969,-0.04559521096057972,1.471,-0.017907078125461988,-0.028412174224853516,-0.030075061798095704,0,0,1.5,-0.00773180858633515,0.016620939695969,0.04559521096057972,0.028999999999999915,0.010175269539126838,0.018108613435640533,0.03278484303104464,0.0029101449275361485,0.006001656110445971,1425984506879,0,0,0,0,0,0,0
-0.018156320976304537,-0.047015183675712974,1.47,-0.018116517635701206,-0.022645633697509767,-0.021708566665649413,0,0,1.5,-0.00773180858633515,0.018156320976304537,0.047015183675712974,0.030000000000000027,0.010384709049366055,0.017474776864987242,0.031273067623741484,0.029468750000000633,0.011366456753612388,1425984506943,0,0,0,0,0,0,0
-0.019334589788692104,-0.04817739112268395,1.471,-0.01757546556758304,-0.017355321884155273,-0.017750425338745116,0,0,1.5,-0.00773180858633515,0.019334589788692104,0.04817739112268395,0.028999999999999915,0.009843656981247891,0.016318812383630702,0.030649544052307184,0.01755483870967672,0.007225663103256775,1425984507005,0,0,0,0,0,0,0
-0.01865341155740323,-0.049363187638435425,1.473,-0.018797196043978996,0.010528693199157715,-0.017604629516601564,0,0,1.5,-0.00773180858633515,0.01865341155740323,0.049363187638435425,0.026999999999999913,0.011065387457643846,0.005658822994838445,0.031066651980956407,0.010830769230769154,0.01670414350254825,1425984507070,0,0,0,0,0,0,0
-0.016331023471025365,-0.04954287751974953,1.472,-0.019024088846738115,0.03488032913208008,-0.00204009485244751,0,0,1.5,-0.00773180858633515,0.016331023471025365,0.04954287751974953,0.028000000000000025,0.011292280260402965,-0.00433965488344505,0.02573899965925839,0.027784615384616008,0.012339477811598899,1425984507135,0,0,0,0,0,0,0
-0.015362992189327681,-0.04815941335929726,1.474,-0.020472712125893407,0.01412307834625244,0.021024429321289062,0,0,1.5,-0.00773180858633515,0.015362992189327681,0.04815941335929726,0.026000000000000023,0.012740903539558257,0.0026246162648998223,0.01685265509519647,0.010352238805970162,0.01922727643129837,1425984507202,0,0,0,0,0,0,0
-0.014882818853757127,-0.045231579450110825,1.474,-0.02076941809873278,0.006302042961120606,0.044055751800537106,0,0,1.5,-0.00773180858633515,0.014882818853757127,0.045231579450110825,0.026000000000000023,0.01303760951239763,0.004855860696883271,0.006850530214051548,0.02080000000000002,0.014407021694733197,1425984507267,0,0,0,0,0,0,0
-0.014491619437573867,-0.040048565752058625,1.476,-0.021764255772369175,0.004252119064331055,0.07785030364990235,0,0,1.5,-0.00773180858633515,0.014491619437573867,0.040048565752058625,0.02400000000000002,0.014032447186034025,0.005072479628879935,-0.00877023766870513,0.008088888888888899,0.01876976944144543,1425984507330,0,0,0,0,0,0,0
-0.011959536104531564,-0.03359583258736525,1.476,-0.022026055160168305,0.035865837097167966,0.09759464263916015,0,0,1.5,-0.00773180858633515,0.011959536104531564,0.03359583258736525,0.02400000000000002,0.014294246573833155,-0.007447946592655519,-0.017421123216054952,0.01920000000000002,0.015484243791101925,1425984507396,0,0,0,0,0,0,0
-0.007542907716562676,-0.027837936483995657,1.475,-0.023474678439324038,0.06433115386962891,0.08780658721923829,0,0,1.5,-0.00773180858633515,0.007542907716562676,0.027837936483995657,0.02499999999999991,0.015742869852988887,-0.01930048548185464,-0.016159593492022443,0.025223880597014282,0.022229242744730975,1425984507463,0,0,0,0,0,0,0
-0.00150748888430545,-0.024071539115813383,1.473,-0.02412045026256159,0.08918023681640624,0.058605392456054686,0,0,1.5,-0.00773180858633515,0.00150748888430545,0.024071539115813383,0.026999999999999913,0.01638864167622644,-0.03277636018149852,-0.008888660265328162,0.03271111111111105,0.019463745596405253,1425984507526,0,0,0,0,0,0,0
0.0033627773507676722,-0.02112336909618445,1.472,-0.024731315500759566,0.07196617889404297,0.04597161102294922,0,0,1.5,-0.00773180858633515,-0.0033627773507676722,0.02112336909618445,0.028000000000000025,0.016999506914424416,-0.027905899171931415,-0.005313077096063571,0.027784615384616008,0.01981888493687662,1425984507591,0,0,0,0,0,0,0
0.00858624356129973,-0.017064240328077532,1.469,-0.023596851486963322,0.07682237243652344,0.06280586242675781,0,0,1.5,-0.00773180858633515,-0.00858624356129973,0.017064240328077532,0.030999999999999917,0.015865042900628172,-0.0324194782988994,-0.013324727048844631,0.0409538461538455,0.01062905514464551,1425984507656,0,0,0,0,0,0,0
0.014715341192334473,-0.014593836278897735,1.472,-0.02302089283380514,0.09103654479980469,0.039214954376220704,0,0,1.5,-0.00773180858633515,-0.014715341192334473,0.014593836278897735,0.028000000000000025,0.01528908424746999,-0.039375344788139775,-0.005608177639848573,0.006728358208955811,0.012710164904970669,1425984507723,0,0,0,0,0,0,0
0.022042258073206873,-0.012519793621921661,1.469,-0.02148500309205036,0.10915850067138672,0.03363225555419922,0,0,1.5,-0.00773180858633515,-0.022042258073206873,0.012519793621921661,0.030999999999999917,0.013753194505715209,-0.05047375839514713,-0.004908025188141105,0.0409538461538455,0.006664472620693143,1425984507788,0,0,0,0,0,0,0
0.02905739508542505,-0.011914712797176017,1.466,-0.021903882112528795,0.10500778198242187,0.011334747314453124,0,0,1.5,-0.00773180858633515,-0.02905739508542505,0.011914712797176017,0.03400000000000003,0.014172073526193645,-0.052892728078280674,0.002648320638260267,0.04360625000000065,0.01613556893468631,1425984507852,0,0,0,0,0,0,0
0.034782417420379116,-0.013305638971831223,1.463,-0.022200588085367724,0.08631169891357422,-0.01897803497314453,0,0,1.5,-0.00773180858633515,-0.034782417420379116,0.013305638971831223,0.03699999999999992,0.014468779499032573,-0.048218252052249916,0.014142421964828258,0.04575384615384551,0.01583819168136609,1425984507917,0,0,0,0,0,0,0
0.03877148069792764,-0.016268669423030527,1.463,-0.024364796357840824,0.060807838439941406,-0.04310622024536133,0,0,1.5,-0.00773180858633515,-0.03877148069792764,0.016268669423030527,0.03699999999999992,0.016632987771505674,-0.04086531184345589,0.024089114064126897,0.02959999999999994,0.026621641336766137,1425984507982,0,0,0,0,0,0,0
0.04035491850930855,-0.01983989725368669,1.461,-0.0256039801267569,0.025049571990966798,-0.05297387313842773,0,0,1.5,-0.00773180858633515,-0.04035491850930855,0.01983989725368669,0.038999999999999924,0.017872171540421748,-0.02870366285439762,0.029149636945761136,0.04196923076923072,0.023591481243111324,1425984508047,0,0,0,0,0,0,0
0.04096608294066813,-0.02426539579428991,1.462,-0.02686061718819265,0.010863931655883789,-0.06612602233886719,2,0,1.5,0,1.9590339170593318,0.02426539579428991,0.038000000000000034,0.02686061718819265,0.9795169585296659,0.012132697897144955,0.030400000000000028,0.02686061718819265,0,0,0,0,0,0,0,0
0.043116728195622796,-0.03016136934905571,1.458,-0.027838001569309812,0.034623298645019535,-0.08754129028320312,2,0,1.5,0,1.9568832718043772,0.03016136934905571,0.04200000000000004,0.027838001569309812,0.9668612383755095,0.04682823458480523,0.05513846153846159,0.03234900640523518,0,0,0,0,0,0,0,0
0.044971013700284265,-0.03642056896498333,1.458,-0.0279252680319093,0.03041682243347168,-0.09307742309570312,2,0,1.5,0,1.9550289862997157,0.03642056896498333,0.04200000000000004,0.0279252680319093,0.9673738692962404,0.052440282382095846,0.03360000000000003,0.028334329575344406,0,0,0,0,0,0,0,0
0.046027778091638834,-0.04310379361302953,1.456,-0.027401669256311035,0.018644384384155274,-0.09976668548583985,2,0,1.5,0,1.953972221908361,0.04310379361302953,0.04400000000000004,0.027401669256311035,0.9712958411545788,0.05753849106522508,0.045969230769230804,0.024985059522780576,0,0,0,0,0,0,0,0
0.04860795758025625,-0.048918128869563086,1.456,-0.028605946440187092,0.04107770156860351,-0.08612190246582031,2,0,1.5,0,1.9513920424197437,0.048918128869563086,0.04400000000000004,0.028605946440187092,0.9618027470403939,0.05576702350842376,0.03520000000000003,0.03416414882730735,0,0,0,0,0,0,0,0
0.053778220876511254,-0.052703132098114315,1.453,-0.02940879789610439,0.07914610290527344,-0.05453361892700195,2,0,1.5,0,1.9462217791234888,0.052703132098114315,0.04699999999999993,0.02940879789610439,0.9461020514469799,0.04612397097432477,0.053271641791044155,0.03300365516140572,0,0,0,0,0,0,0,0
0.06638788504626143,-0.05666090340148258,1.452,-0.02919935838586517,0.19080882263183593,-0.0537791748046875,2,0,1.5,0,1.9336121149537386,0.05666090340148258,0.04800000000000004,0.02919935838586517,0.8967523676449238,0.05031807005278721,0.04395555555555621,0.02820202738472604,0,0,0,0,0,0,0,0
0.08506998820598834,-0.05969239146299515,1.454,-0.027960174616949097,0.2814396667480469,-0.03727151870727539,2,0,1.5,0,1.9149300117940116,0.05969239146299515,0.04600000000000004,0.027960174616949097,0.8568690658061677,0.046169592985795996,0.026030769230769257,0.02224086491425952,0,0,0,0,0,0,0,0
0.10918024971449439,-0.06299284843525244,1.476,-0.027314402793711324,0.3628966064453125,-0.039376914978027346,2,0,1.5,0,1.8908197502855055,0.06299284843525244,0.02400000000000002,0.027314402793711324,0.8175524277491601,0.04899884755535426,-0.09746666666666673,0.02437907632444872,0,0,0,0,0,0,0,0
0.13710824794889587,-0.06488579596379615,1.477,-0.025935592684635623,0.4195391845703125,-0.016942495346069335,2,0,1.5,0,1.8628917520511041,0.06488579596379615,0.02299999999999991,0.025935592684635623,0.781064347071083,0.04263569236636423,0.01301538461538394,0.01957185371967085,0,0,0,0,0,0,0,0
0.17213486879865555,-0.06505849565148616,1.473,-0.022584560520806807,0.525289794921875,0.011035390853881836,2,0,1.5,0,1.8278651312013445,0.06505849565148616,0.026999999999999913,0.022584560520806807,0.7281853338216441,0.033445079502887096,0.04281212121212116,0.007352596139766739,0,0,0,0,0,0,0,0
0.21550237285785628,-0.06299435555252143,1.474,-0.019792033717615606,0.6496474609375,0.04564449691772461,2,0,1.5,0,1.7844976271421438,0.06299435555252143,0.026000000000000023,0.019792033717615606,0.6587314840215294,0.020382577243373702,0.01541538461538523,0.006903448472117756,0,0,0,0,0,0,0,0
0.2680715078868358,-0.06041358406583904,1.476,-0.015952309363228098,0.787616455078125,0.05430972290039063,2,0,1.5,0,1.7319284921131641,0.06041358406583904,0.02400000000000002,0.015952309363228098,0.5871885299938113,0.016520882633846237,0.008593939393939405,-0.001500983156715121,0,0,0,0,0,0,0,0
0.3296398897913672,-0.05685992047670831,1.477,-0.010978120995044346,0.9225579223632813,0.06802991485595702,2,0,1.5,0,1.6703601102086327,0.05685992047670831,0.02299999999999991,0.010978120995044346,0.49313348896803083,0.008687384743183441,0.01284444444444375,-0.012708490282021138,0,0,0,0,0,0,0,0
0.39739566866236026,-0.05316456593705375,1.476,-0.007417649320976091,1.0156669311523439,0.06658422088623046,2,0,1.5,0,1.6026043313376397,0.05316456593705375,0.02400000000000002,0.007417649320976091,0.44199121711052347,0.006985705864298138,0.024503030303030915,-0.008766312833879613,0,0,0,0,0,0,0,0
0.4725501934803354,-0.04882548853292137,1.479,-0.0038048177693476982,1.1268040771484376,0.07344634246826172,2,0,1.5,0,1.5274498065196647,0.04882548853292137,0.020999999999999908,0.0038048177693476982,0.3590466927015053,0.0010484813211324648,0.0006461538461531614,-0.012869789392014115,0,0,0,0,0,0,0,0
0.5512838952512303,-0.04267141415599562,1.479,-0.0005759586531579454,1.180645751953125,0.09680394744873047,2,0,1.5,0,1.4487161047487698,0.04267141415599562,0.020999999999999908,0.0005759586531579454,0.3068308460135787,-0.011299535829941771,0.016799999999999926,-0.014100673693159111,0,0,0,0,0,0,0,0
0.6347391610978228,-0.03382115691745764,1.478,0.00003490658503980991,1.2517523193359374,0.13347483825683593,2,0,1.5,0,1.3652608389021772,0.03382115691745764,0.02200000000000002,-0.00003490658503980991,0.22623443435253554,-0.03148926581452572,0.023068750000000627,-0.002898337389091788,0,0,0,0,0,0,0,0
0.727040052567765,-0.021123790306794857,1.476,0.0006981317007977027,1.38452001953125,0.19041217041015626,2,0,1.5,0,1.272959947432235,0.021123790306794857,0.02400000000000002,-0.0006981317007977027,0.1394751734933522,-0.057808540442479094,0.029969230769230797,-0.003759170696603362,0,0,0,0,0,0,0,0
0.8275922210747971,-0.009087561908144077,1.475,0.00010471975511962316,1.508408203125,0.1794904022216797,2,0,1.5,0,1.1724077789252028,0.009087561908144077,0.02499999999999991,-0.00010471975511962316,0.06865596332346457,-0.05740739462721873,0.025147058823528776,0.002513274122871904,0,0,0,0,0,0,0,0
0.9341420987549575,0.0007121590516385602,1.473,0.00026179938779914745,1.5982635498046875,0.14682844543457033,2,0,1.5,0,1.0658579012450424,-0.0007121590516385602,0.026999999999999913,-0.00026179938779914745,-0.06856229434612582,-0.05567708494394706,0.0328903225806451,-0.0010218621265710394,0,0,0,0,0,0,0,0
1.0441271763471152,0.012186504007619284,1.472,0.0025481807079117545,1.6498211669921874,0.17168325805664061,2,0,1.5,0,0.9558728236528848,-0.012186504007619284,0.028000000000000025,-0.0025481807079117545,-0.08816325225083921,-0.06515238045371043,0.027547058823530007,-0.012635157120173256,0,0,0,0,0,0,0,0
1.1585578190487809,0.02355043787481195,1.473,0.00551524043630193,1.716888427734375,0.16608460998535157,2,0,1.5,0,0.8414421809512191,-0.02355043787481195,0.026999999999999913,-0.00551524043630193,-0.18610807536655694,-0.072038504596761,0.016296969696969036,-0.01900187556534818,0,0,0,0,0,0,0,0
1.2808070340011763,0.03075697086690545,1.468,0.008115781021773585,1.8343065185546874,0.09798289489746094,2,0,1.5,0,0.7191929659988237,-0.03075697086690545,0.03200000000000003,-0.008115781021773585,-0.29866852059041005,-0.05418289385241773,0.052523076923077575,-0.020118276031642762,0,0,0,0,0,0,0,0
1.4008703085861431,0.037054939591521875,1.459,0.009721483933608402,1.801656494140625,0.07985047149658203,2,0,1.5,0,0.5991296914138569,-0.037054939591521875,0.040999999999999925,-0.009721483933608402,-0.378211704369497,-0.05408051904762784,0.08360645161290259,-0.017491014152163965,0,0,0,0,0,0,0,0
1.5195012462926285,0.04256342687485546,1.448,0.012164944886400311,1.7801832275390626,0.06532464599609375,2,0,1.5,0,0.4804987537073715,-0.04256342687485546,0.052000000000000046,-0.012164944886400311,-0.3985325954120046,-0.05094279880922395,0.10083076923076992,-0.02344245697620912,0,0,0,0,0,0,0,0
1.6378185433704047,0.045240918969497654,1.432,0.01483529864195178,1.77511669921875,0.018570091247558592,2,0,1.5,0,0.36218145662959533,-0.045240918969497654,0.06800000000000006,-0.01483529864195178,-0.4463494834612879,-0.03681928119876046,0.13924848484848495,-0.02697327025809482,0,0,0,0,0,0,0,0
0.5467552543100582,-2.0976626065030435,1.439,0.016528268016386082,1.6084052734375,0.0161633358001709,2,0,1.5,0,1.4532447456899418,2.0976626065030435,0.06099999999999994,-0.016528268016386082,6.512564057255898,12.412713635302875,0.01167878787878722,-0.02422358335472382,0,1,1.745017776954075,0.04790904260259713,0.9469999999999875,-0.1310216765797598,0.14747387533953935,83.98716735839844,-1.7455712446664728,-0.01906169043867631,-0.9469999999999875,1.614549568086713,0.16653556577821566,84.93416735839843
0.5121552599066889,-1.154063302011367,1.444,0.01963495408493633,1.56107080078125,0.0020885324478149415,2,0,1.5,0,1.487844740093311,1.154063302011367,0.05600000000000005,-0.01963495408493633,0.9331410894400811,-4.583277045433171,0.017456250000000624,-0.03419754503126561,0,1,0.6508101248352859,-2.095803348569023,1.1250000000000069,-0.19956968438257666,0.14747387533953935,83.90432739257812,-0.6095363165855959,2.108177168367145,-1.1250000000000069,0.40996663220301927,-1.9607032930276058,85.02932739257812
0.39856347799013014,-0.981742702892363,1.45,0.020926497731412096,1.275158447265625,0.03748249053955078,2,0,1.5,0,1.6014365220098699,0.981742702892363,0.050000000000000044,-0.020926497731412096,1.412366317478713,-0.43700879765614825,0.007692307692307707,-0.026887468407454103,0,1,0.597100375149764,-1.149895879729705,1.199000000000005,-0.325366577822911,0.14747387533953935,83.91383361816406,-0.5729081020638636,1.1621384163742816,-1.199000000000005,0.24754152424095255,-1.0146645410347424,85.11283361816406
0.3375144289773432,-0.907792682580277,1.458,0.018099064343181103,1.05763525390625,0.059483665466308594,2,0,1.5,0,1.662485571022657,0.907792682580277,0.04200000000000004,-0.018099064343181103,1.1599684340417205,0.05570392422506021,-0.009476923076923077,-0.005049371782114983,0,1,0.46897407728993207,-0.9763025943692377,1.0369999999999946,-0.38186218864940846,0.17162078419677512,83.40776062011719,-0.45122806826098,0.9846302206186401,-1.0369999999999946,0.06936587961157153,-0.813009436421865,84.44476062011717
0.3092251076283178,-0.8604937260550762,1.466,0.017051866791984345,1.0261094970703124,0.058032848358154296,2,0,1.5,0,1.690774892371682,0.8604937260550762,0.03400000000000003,-0.017051866791984345,0.990994247247,0.18679635150076945,-0.013976470588235302,-0.01243187759552806,0,1,0.405840505927746,-0.9026864191522608,0.9769999999999854,-0.4046224784338215,0.1616240365941886,82.51203918457031,-0.390389762365067,0.9094751898837958,-0.9769999999999854,-0.01423271606875448,-0.7478511532896073,83.4890391845703
0.28759778210580556,-0.8228160953961839,1.474,0.017558012275063158,0.9546251831054687,-0.018967864990234375,2,0,1.5,0,1.7124022178941944,0.8228160953961839,0.026000000000000023,-0.017558012275063158,0.9782908497999895,0.19871174559144195,-0.024361290322580657,-0.0200071033222187,0,1,0.3728790957584291,-0.8606729097107964,1.0060000000000116,-0.364220879762061,0.10660033866982906,82.49327087402345,-0.35771069186713306,0.8670869267193512,-1.0060000000000116,-0.006510187894927966,-0.7604865880495221,83.49927087402345
0.2727208410749314,-0.7943768973472797,1.483,0.018360863730980233,0.9461454467773438,-0.07833248138427734,2,0,1.5,0,1.7272791589250687,0.7943768973472797,0.016999999999999904,-0.018360863730980233,0.9437461850133956,0.2440543053333861,-0.03486153846153918,-0.02206633198905904,0,1,0.3507561088973564,-0.8269300172330382,1.0519999999999936,-0.3234007950841785,0.07279834536614214,82.16494750976562,-0.3355146905956781,0.8332304565510873,-1.0519999999999936,0.012113895511499606,-0.7604321111849451,83.21694750976562
0.26895338696999527,-0.7801915700032155,1.491,0.016877333866785145,1.0532333984375,-0.04965004730224609,2,0,1.5,0,1.7310466130300046,0.7801915700032155,0.008999999999999897,-0.016877333866785145,0.8855022297987536,0.314870564237631,-0.03522424242424253,-0.010134016302262018,0,1,0.34298533682442894,-0.7963971966890263,0.9669999999999987,-0.29910795780129523,0.1149485579632494,82.05305480957031,-0.3294960659716293,0.8020721779739816,-0.9669999999999987,0.03038810817033405,-0.6871236200107321,83.0200548095703
0.3359459007579296,-0.7791132038412614,1.499,0.013508848410435988,1.005017578125,-0.0007858314514160156,2,0,1.5,0,1.6640540992420703,0.7791132038412614,0.0009999999999998899,-0.013508848410435988,0.46566173984326914,0.3836592869724441,-0.04295000000000013,0.002280927166200687,0,0,0,0,0,0,0,0
0.3305349508789993,-0.7856944339960122,1.512,0.01132718684544299,1.0441649169921876,0.06186068725585937,2,0,1.5,0,1.6694650491210008,0.7856944339960122,-0.01200000000000001,-0.01132718684544299,0.8638684085239725,0.42828461013897234,-0.07959999999999946,-0.0012579796223983822,0,1,0.4054948342854392,-0.7740491985437695,0.648999999999988,-0.3122643869912725,0.24593554635611298,80.64085388183594,-0.3967012086150672,0.7785925593542317,-0.648999999999988,0.08443682162379468,-0.5326570129981187,81.28985388183592
0.40843514171001205,-0.7770867578418977,1.521,0.010279989294246679,1.169890380859375,0.11587129211425781,2,0,1.5,0,1.591564858289988,0.7770867578418977,-0.020999999999999908,-0.010279989294246679,0.388841133759106,0.34357790647408204,-0.06381492537313371,-0.005591045035158722,0,0,0,0,0,0,0,0
0.4254841581432258,-0.7999747061366325,1.533,0.010576695267085608,1.269529052734375,0.190869873046875,2,0,1.5,0,1.5745158418567742,0.7999747061366325,-0.03299999999999992,-0.010576695267085608,0.6940211123092493,0.5251558203051467,-0.092025,-0.011967504514768086,0,1,0.49293513283486884,-0.7634927376449513,0.6059999999999983,-0.42733979881619466,0.3750068517989262,80.87663269042969,-0.4848324821645064,0.7686635609014622,-0.6059999999999983,0.05749268334831176,-0.393656709102536,81.4826326904297
0.45341141769887794,-0.8196159341290671,1.544,0.01141445330804292,1.2081083984375,0.26175091552734375,2,0,1.5,0,1.546588582301122,0.8196159341290671,-0.04400000000000004,-0.01141445330804292,0.6229167396970496,0.5155684254853353,-0.0944307692307699,-0.015281028881692058,0,1,0.5058356526495835,-0.7816737840544051,0.6540000000000004,-0.5266386225195996,0.42348661468550386,80.08462524414062,-0.4968805152460433,0.787396574629449,-0.6540000000000004,-0.029758107273556267,-0.36390995994394515,80.73862524414062
0.5465152378947783,-0.7980970796691562,1.548,0.01172861257340197,1.400150634765625,0.3068211975097656,2,0,1.5,0,1.4534847621052216,0.7980970796691562,-0.04800000000000004,-0.01172861257340197,0.2254141184593006,0.2831777850504427,-0.05993846153846159,-0.013178578413520655,0,0,0,0,0,0,0,0
0.6468071630708763,-0.7723897483551703,1.548,0.0098436569812479,1.5087979736328125,0.3679395751953125,2,0,1.5,0,1.3531928369291237,0.7723897483551703,-0.04800000000000004,-0.0098436569812479,0.13656297520865035,0.24777078248689158,-0.03840000000000004,-0.0011438619405368111,0,0,0,0,0,0,0,0
0.7485138605339413,-0.7419660940232767,1.545,0.007365289443416195,1.5300186767578126,0.4413154602050781,2,0,1.5,0,1.2514861394660586,0.7419660940232767,-0.04499999999999993,-0.007365289443416195,0.08638937106525957,0.20964548616068782,-0.02009090909090843,0.0039000175467279186,0,0,0,0,0,0,0,0
0.8514234271524274,-0.7068952727523111,1.545,0.0043807764225056774,1.5474761962890624,0.5146787719726562,2,0,1.5,0,1.1485765728475728,0.7068952727523111,-0.04499999999999993,-0.0043807764225056774,0.02015985078578586,0.16460475260941768,-0.03599999999999994,0.009393899058619787,0,0,0,0,0,0,0,0
0.966399689468536,-0.6688344367388734,1.541,0.0015009831567152129,1.72712841796875,0.563351806640625,2,0,1.5,0,1.033600310531464,0.6688344367388734,-0.040999999999999925,-0.0015009831567152129,-0.09292244792575399,0.13257945163150964,-0.011587878787878713,0.011588986233241444,0,0,0,0,0,0,0,0
1.0878502347057126,-0.6275322138737313,1.538,0.002687807048071372,1.82268603515625,0.6167982177734375,2,0,1.5,0,0.9121497652942874,0.6275322138737313,-0.038000000000000034,-0.002687807048071372,-0.2081077866186657,0.08789457564311937,-0.01399375000000062,-0.008251044038803368,0,0,0,0,0,0,0,0
1.2050730587582275,-0.5840493294174605,1.538,0.009215338450530025,1.760089111328125,0.6475148315429687,2,0,1.5,0,0.7949269412417725,0.5840493294174605,-0.038000000000000034,-0.009215338450530025,-0.22417271753638923,0.06143361077396087,-0.030400000000000028,-0.03888593573443299,0,0,0,0,0,0,0,0
1.3192220996375934,-0.5367187849573818,1.536,0.014119713648634185,1.718705322265625,0.6941494140625,2,0,1.5,0,0.6807779003624066,0.5367187849573818,-0.03600000000000003,-0.014119713648634185,-0.26494687266391914,0.017364080947970706,-0.018193939393939415,-0.03641232818547128,0,0,0,0,0,0,0,0
1.4283523607906747,-0.48618875186720967,1.537,0.015481070465189766,1.647492431640625,0.7347623901367187,2,0,1.5,0,0.5716476392093253,0.48618875186720967,-0.03699999999999992,-0.015481070465189766,-0.32045540902356695,-0.03762803012290694,-0.035155555555554885,-0.021963721972597296,0,0,0,0,0,0,0,0
1.5311142524952301,-0.4344597458346266,1.533,0.016353735091186882,1.5532554931640625,0.7519801025390624,2,0,1.5,0,0.46888574750476986,0.4344597458346266,-0.03299999999999992,-0.016353735091186882,-0.3188903892721442,-0.061310928796595526,-0.0048615384615383825,-0.02038141798040434,0,0,0,0,0,0,0,0
1.6256173996700003,-0.38282635587223185,1.535,0.016824973989225455,1.4300230712890625,0.7512161254882812,2,0,1.5,0,0.3743826003299997,0.38282635587223185,-0.03499999999999992,-0.016824973989225455,-0.32167180000683937,-0.0866127680152404,-0.038769230769230716,-0.018999922749403483,0,0,0,0,0,0,0,0
1.7101011553926215,-0.332876818438563,1.536,0.01637118838370678,1.279682373046875,0.7278164672851563,2,0,1.5,0,0.28989884460737847,0.332876818438563,-0.03600000000000003,-0.01637118838370678,-0.309963108510425,-0.10252063850047394,-0.034184615384616014,-0.014276793281312896,0,0,0,0,0,0,0,0
