0.11050829451862046,0.1434890009097556,0.713,0.7073644925407822,0.030904626846313475,0.02618124008178711,0,0,0.7,undefined,-0.11050829451862046,-0.1434890009097556,-0.013000000000000012,0,-0.05525414725931023,-0.04304670027292668,-0.01040000000000001,0,0,0,0,0,0,0,0,0
0.1108096275585942,0.14510668928497739,0.71,0.7074866655884218,0.019203950881958008,0.015506278038024903,0,0,0.7,undefined,-0.1108096275585942,-0.14510668928497739,-0.010000000000000009,0,-0.05709940256014576,-0.05224263649822586,0.008153846153846157,0,0,0,0,0,0,0,0,0
0.11085145979878172,0.14770932051598898,0.711,0.70801026436402,0.025849639892578127,0.0292620906829834,0,0,0.7,undefined,-0.11085145979878172,-0.14770932051598898,-0.01100000000000001,0,-0.05579055326321435,-0.05790863094366322,-0.014023880597014936,0,0,0,0,0,0,0,0,0
0.11142203174133321,0.15138088361041677,0.706,0.7079055446089004,0.04231714630126953,0.03627110290527344,0,0,0.7,undefined,-0.11142203174133321,-0.15138088361041677,-0.006000000000000005,0,-0.05900204738716937,-0.06518422020696696,0.022123076923076936,0,0,0,0,0,0,0,0,0
0.11394786539888624,0.15562755727954475,0.7,0.7076961050986611,0.0702047119140625,0.02375846862792969,0,0,0.7,undefined,-0.11394786539888624,-0.15562755727954475,0,0,-0.07086736264000193,-0.06955497155609101,0.03230769230769233,0,0,0,0,0,0,0,0,0
0.11558239487009148,0.1608104288487225,0.696,0.707416852418342,0.06916983795166015,0.04313523483276367,0,0,0.7,undefined,-0.11558239487009148,-0.1608104288487225,0.0040000000000000036,0,-0.06709679038253566,-0.0765869575485575,0.02507500000000002,0,0,0,0,0,0,0,0,0
0.11689843370629381,0.1669633144954228,0.692,0.7073644925407822,0.07498257446289062,0.05731801223754883,0,0,0.7,undefined,-0.11689843370629381,-0.1669633144954228,0.008000000000000007,0,-0.06597832370105869,-0.08321991706162846,0.02793846153846156,0,0,0,0,0,0,0,0,0
0.11826563288007483,0.17336313894491118,0.688,0.7080975308266197,0.07796989440917969,0.059638641357421876,0,0,0.7,undefined,-0.11826563288007483,-0.17336313894491118,0.01200000000000001,0,-0.06679688353398192,-0.08544086044945748,0.030495522388059727,0,0,0,0,0,0,0,0,0
0.1188765009042195,0.17983291815128266,0.686,0.709249448132936,0.07007841491699218,0.06775718688964844,0,0,0.7,undefined,-0.1188765009042195,-0.17983291815128266,0.013999999999999901,0,-0.0634288357507026,-0.08989309325855971,0.022311111111110424,0,0,0,0,0,0,0,0,0
0.11873236881114228,0.18564293830534598,0.684,0.7093367145955358,0.05511726760864258,0.06754210662841797,0,0,0.7,undefined,-0.11873236881114228,-0.18564293830534598,0.015999999999999903,0,-0.05926413861284265,-0.08697760539809857,0.0235692307692307,0,0,0,0,0,0,0,0,0
0.11795609736331777,0.19184765434110912,0.682,0.7097381403234946,0.05178437042236328,0.07820566558837891,0,0,0.7,undefined,-0.11795609736331777,-0.19184765434110912,0.017999999999999905,0,-0.055548847057423446,-0.09096430572567273,0.0251692307692307,0,0,0,0,0,0,0,0,0
0.1163145687681777,0.19671765589804913,0.682,0.7101046594664132,0.028924671173095703,0.07145598602294922,0,0,0.7,undefined,-0.1163145687681777,-0.19671765589804913,0.017999999999999905,0,-0.05027969767251532,-0.08484106260167235,0.014399999999999925,0,0,0,0,0,0,0,0,0
0.11379270585059137,0.20111193387720144,0.683,0.7104362720242922,0.014285623550415039,0.07464282989501952,0,0,0.7,undefined,-0.11379270585059137,-0.20111193387720144,0.016999999999999904,0,-0.04442542981085344,-0.08363656944654392,0.008296969696969619,0,0,0,0,0,0,0,0,0
0.11087796433368556,0.20451084428881233,0.682,0.711413656405409,0.00010573750734329224,0.06716292572021484,0,0,0.7,undefined,-0.11087796433368556,-0.20451084428881233,0.017999999999999905,0,-0.04047254375104416,-0.07994104460014075,0.019868749999999928,0,0,0,0,0,0,0,0,0
0.10737612170703663,0.2065682963908986,0.683,0.7118325354258876,-0.019636699676513672,0.05767150497436523,0,0,0.7,undefined,-0.10737612170703663,-0.2065682963908986,0.016999999999999904,0,-0.03557963396170449,-0.07322218010055387,0.00813124999999992,0,0,0,0,0,0,0,0,0
0.10323557922207434,0.20709021995552065,0.683,0.7121292413987267,-0.041912193298339846,0.0464981689453125,0,0,0.7,undefined,-0.10323557922207434,-0.20709021995552065,0.016999999999999904,0,-0.03077077779725685,-0.06489484246571253,0.013599999999999925,0,0,0,0,0,0,0,0,0
0.09902936098460606,0.2064629044386306,0.686,0.7125132138341654,-0.05390861892700195,0.03410520553588867,0,0,0.7,undefined,-0.09902936098460606,-0.2064629044386306,0.013999999999999901,0,-0.028040592599380614,-0.05856101854833508,-0.004953846153846243,0,0,0,0,0,0,0,0,0
0.09407562839155485,0.20461209167745473,0.69,0.7123037743239261,-0.07437811279296876,0.027568380355834962,0,0,0.7,undefined,-0.09407562839155485,-0.20461209167745473,0.010000000000000009,0,-0.022397916830758213,-0.05171520263142212,-0.01289552238805913,0,0,0,0,0,0,0,0,0
0.08830252660485045,0.20180640432764066,0.692,0.7128273730995244,-0.09304737091064454,0.024745071411132812,0,0,0.7,undefined,-0.08830252660485045,-0.20180640432764066,0.008000000000000007,0,-0.013371916400894378,-0.044954769354880714,-0.004711111111111114,0,0,0,0,0,0,0,0,0
0.08303798252535317,0.1986934151923875,0.693,0.713560411385362,-0.09027793884277344,0.01631784439086914,0,0,0.7,undefined,-0.08303798252535317,-0.1986934151923875,0.007000000000000006,0,-0.014518861710253662,-0.04284577536789159,0.00021538461538461642,0,0,0,0,0,0,0,0,0
0.07733983531000918,0.19407141062220049,0.697,0.713560411385362,-0.10999868011474609,0.0035280530452728273,0,0,0.7,undefined,-0.07733983531000918,-0.19407141062220049,0.0030000000000000027,0,-0.00938527287943548,-0.03333370627026849,-0.019138461538461552,0,0,0,0,0,0,0,0,0
0.07171412325853338,0.18917717888984167,0.701,0.7138222107731611,-0.11184993743896485,-0.00027031561732292176,0,0,0.7,undefined,-0.07171412325853338,-0.18917717888984167,-0.0010000000000000009,0,-0.007468757849493846,-0.030798894480201233,-0.02201212121212123,0,0,0,0,0,0,0,0,0
0.06754671324018531,0.18497398589267272,0.707,0.7145727023515187,-0.08852918243408203,-0.006727913856506348,0,0,0.7,undefined,-0.06754671324018531,-0.18497398589267272,-0.007000000000000006,0,-0.01316305354370539,-0.0332025359343301,-0.03741818181818185,0,0,0,0,0,0,0,0,0
0.0628919904185772,0.17868690054767092,0.711,0.71415382333104,-0.11453920745849609,-0.025483219146728516,0,0,0.7,undefined,-0.0628919904185772,-0.17868690054767092,-0.01100000000000001,0,-0.007520329188551736,-0.019223572183822667,-0.03067500000000003,0,0,0,0,0,0,0,0,0
0.05906971007644432,0.17249359411735324,0.715,0.7128273730995244,-0.10417167663574219,-0.032646713256835935,0,0,0.7,undefined,-0.05906971007644432,-0.17249359411735324,-0.015000000000000013,0,-0.011431370090028623,-0.019870765726217918,-0.032588235294117675,0,0,0,0,0,0,0,0,0
0.05553075906419153,0.16650817923719935,0.718,0.7126004802967651,-0.09887379455566406,-0.03320512008666992,0,0,0.7,undefined,-0.05553075906419153,-0.16650817923719935,-0.018000000000000016,0,-0.00939187615278271,-0.016163821383194305,-0.03133548387096777,0,0,0,0,0,0,0,0,0
0.0534045260367916,0.16136920831002327,0.717,0.7123735874940059,-0.07453083801269532,-0.03747504806518555,0,0,0.7,undefined,-0.0534045260367916,-0.16136920831002327,-0.017000000000000015,0,-0.016892474773108977,-0.020739380577443484,-0.008215384615384624,0,0,0,0,0,0,0,0,0
0.051824409638592646,0.1559521141314561,0.717,0.7107853378746911,-0.07104956817626953,-0.04600365447998047,0,0,0.7,undefined,-0.051824409638592646,-0.1559521141314561,-0.017000000000000015,0,-0.019331746605505767,-0.01848738106781728,-0.013600000000000013,0,0,0,0,0,0,0,0,0
0.0505279232182416,0.15141857110998502,0.715,0.710506085194372,-0.05910536193847656,-0.038848182678222654,0,0,0.7,undefined,-0.0505279232182416,-0.15141857110998502,-0.015000000000000013,0,-0.019766973045250772,-0.02023922121371175,-0.0008888888888888904,0,0,0,0,0,0,0,0,0
0.050070422685861385,0.14709470995321325,0.716,0.7096334205683748,-0.04750346755981445,-0.044688522338867186,0,0,0.7,undefined,-0.050070422685861385,-0.14709470995321325,-0.016000000000000014,0,-0.024384544143318768,-0.021541078584917397,-0.018023880597014943,0,0,0,0,0,0,0,0,0
0.04964606680572424,0.14254314251742076,0.717,0.7096857804459346,-0.04931274795532226,-0.04764496612548828,0,0,0.7,undefined,-0.04964606680572424,-0.14254314251742076,-0.017000000000000015,0,-0.02427337162073085,-0.017871558340736043,-0.019068750000000016,0,0,0,0,0,0,0,0,0
0.05029922205795172,0.13864443024791986,0.719,0.7093367145955358,-0.030673820495605467,-0.050745391845703126,0,0,0.7,undefined,-0.05029922205795172,-0.13864443024791986,-0.019000000000000017,0,-0.03047032978036869,-0.02060026300783269,-0.025969230769230793,0,0,0,0,0,0,0,0,0
0.05172174927835305,0.13424031402960948,0.72,0.7090574619152167,-0.026836957931518555,-0.0640252914428711,0,0,0.7,undefined,-0.05172174927835305,-0.13424031402960948,-0.020000000000000018,0,-0.035242444882080406,-0.016916932445115662,-0.02130303030303032,0,0,0,0,0,0,0,0,0
0.054136099762278275,0.1291770829535424,0.721,0.7096159672758549,-0.02196495819091797,-0.0812234878540039,0,0,0.7,undefined,-0.054136099762278275,-0.1291770829535424,-0.02100000000000002,0,-0.04214404148018318,-0.011063579938820931,-0.02226875000000002,0,0,0,0,0,0,0,0,0
0.057227623664081226,0.12353575039268662,0.724,0.709877766663654,-0.019954504013061522,-0.09440763854980469,0,0,0.7,undefined,-0.057227623664081226,-0.12353575039268662,-0.02400000000000002,0,-0.0471701893410546,-0.00668431902089019,-0.03535384615384618,0,0,0,0,0,0,0,0,0
0.06091403655151652,0.11774200177542349,0.726,0.7095112475207351,-0.014701428413391114,-0.10195209503173829,0,0,0.7,undefined,-0.06091403655151652,-0.11774200177542349,-0.026000000000000023,0,-0.05225623829270487,-0.004125492593517879,-0.031569230769230794,0,0,0,0,0,0,0,0,0
0.06399163264109063,0.11255726392897117,0.727,0.7100872061738932,-0.015641300201416016,-0.08907748413085938,0,0,0.7,undefined,-0.06399163264109063,-0.11255726392897117,-0.027000000000000024,0,-0.05055838660253307,-0.0058493600054865535,-0.026984615384615412,0,0,0,0,0,0,0,0,0
0.06765261551006226,0.10706937375818312,0.727,0.7098254067860941,-0.01202120018005371,-0.09822133636474609,0,0,0.7,undefined,-0.06765261551006226,-0.10706937375818312,-0.027000000000000024,0,-0.055574165664625474,-0.0025706342847500764,-0.021600000000000022,0,0,0,0,0,0,0,0,0
0.0713897020980689,0.10142768208235782,0.728,0.7095636073982949,-0.012633132934570312,-0.10071825408935547,0,0,0.7,undefined,-0.0713897020980689,-0.10142768208235782,-0.028000000000000025,0,-0.057594724904182895,-0.0005102427074519522,-0.027703030303030327,0,0,0,0,0,0,0,0,0
0.07381524667851493,0.09697038539838554,0.728,0.7101046594664132,-0.015957161903381346,-0.07442640686035157,0,0,0.7,undefined,-0.07381524667851493,-0.09697038539838554,-0.028000000000000025,0,-0.05209821834743973,-0.005090287321203382,-0.02240000000000002,0,1425392161026,0,0,0,0,0,0,0
0.07686292427483986,0.09208287509695451,0.73,0.709528700813255,-0.01312796401977539,-0.08539483642578125,0,0,0.7,undefined,-0.07686292427483986,-0.09208287509695451,-0.030000000000000027,0,-0.05677408865886112,-0.001706247294224826,-0.03460606060606063,0,1425392161026,0,0,0,0,0,0,0
0.0791636474784745,0.08823531934477549,0.728,0.7098952199561739,-0.01141655921936035,-0.06626831817626953,0,0,0.7,undefined,-0.0791636474784745,-0.08823531934477549,-0.028000000000000025,0,-0.05420248954239447,-0.0057529879070841,-0.011630769230769243,0,1425392161026,0,0,0,0,0,0,0
0.08081878814853548,0.08586380411692356,0.727,0.7110122306774502,-0.004355049610137939,-0.04316060638427734,0,0,0.7,undefined,-0.08081878814853548,-0.08586380411692356,-0.027000000000000024,0,-0.05174482488320331,-0.012789917332761788,-0.016131250000000017,0,1425392161026,0,0,0,0,0,0,0
0.08268987967190902,0.0831942850397919,0.726,0.7106282582420115,-0.004866027355194092,-0.04865663146972656,0,0,0.7,undefined,-0.08268987967190902,-0.0831942850397919,-0.026000000000000023,0,-0.053605850474270605,-0.010801744951390904,-0.015496969696969714,0,1425392161026,0,0,0,0,0,0,0
0.08399811251522839,0.08074237420810758,0.724,0.7106631648270514,-0.009117423057556152,-0.04067707061767578,0.08268987967190902,0.0831942850397919,0.726,0.7106282582420115,-0.0013082328433193652,0.0024519108316843202,0.0020000000000000018,-0.000034906585039906624,-0.0006541164216596826,0.0007355732495052961,0.0016000000000000016,-0.000034906585039906624,1425392161026,0,0,0,0,0,0,0
0.08390752867795573,0.0783234744988223,0.724,0.7102966456841325,-0.02469889259338379,-0.026613962173461913,0.08268987967190902,0.0831942850397919,0.726,0.7106282582420115,-0.001217649006046706,0.004870810540969606,0.0020000000000000018,0.0003316125578789464,-0.00012185685110142631,0.01448608775075011,0.0016000000000000016,0.0020232393713505758,1425392161416,0,0,0,0,0,0,0
0.08443289961094287,0.0770071119537482,0.723,0.7105060851943719,-0.006900389671325683,-0.020108959197998048,0.08268987967190902,0.0831942850397919,0.726,0.7106282582420115,-0.001743019939033849,0.006187173086043704,0.0030000000000000027,0.00012217304763961767,-0.0037023548127235358,0.008944257937750564,0.0077846153846153916,-0.0008444708457726686,1425392161481,0,0,0,0,0,0,0
0.08513413484893437,0.0755195499324752,0.723,0.7097905002010543,-0.006579829216003418,-0.023774660110473633,0.08268987967190902,0.0831942850397919,0.726,0.7106282582420115,-0.002444255177025345,0.007674735107316699,0.0030000000000000027,0.0008377580409572039,-0.0050015228399154805,0.010312369877511137,0.0024000000000000024,0.004140458010115294,1425392161546,0,0,0,0,0,0,0
0.08648610414265577,0.07465407207831011,0.723,0.7095287008132551,0.00692184591293335,-0.023062620162963867,0.08268987967190902,0.0831942850397919,0.726,0.7106282582420115,-0.003796224470746748,0.008540212961481788,0.0030000000000000027,0.001099557428756337,-0.00896669506767935,0.007083216857963659,0.0024000000000000024,0.002271793493528575,1425392161613,0,0,0,0,0,0,0
0.0885505095803951,0.07376719270592742,0.725,0.7097905002010543,0.014826292991638184,-0.030266386032104492,0.08268987967190902,0.0831942850397919,0.726,0.7106282582420115,-0.005860629908486084,0.009427092333864476,0.0010000000000000009,0.0008377580409572039,-0.014229839666096237,0.007678249267877164,-0.01013750000000001,-0.00038942658935123275,1425392161677,0,0,0,0,0,0,0
0.09157120899021981,0.07309535018135017,0.723,0.7095636073982949,0.02780059242248535,-0.03717158126831055,0.08268987967190902,0.0831942850397919,0.726,0.7106282582420115,-0.008881329318310788,0.010098934858441724,0.0030000000000000027,0.0010646508437165414,-0.020721549511869206,0.00664729405141001,0.01316923076923078,0.002111848394913484,1425392161742,0,0,0,0,0,0,0
0.0952212825829568,0.07318795609024444,0.723,0.7104188187317722,0.04244171524047852,-0.034616668701171874,0.08268987967190902,0.0831942850397919,0.726,0.7106282582420115,-0.012531402911047776,0.010006328949547463,0.0030000000000000027,0.00020943951023932872,-0.025943669628119104,0.0025032514831259105,0.0024000000000000024,-0.0037376897211939602,1425392161807,0,0,0,0,0,0,0
0.09985686210633814,0.07273106771762694,0.723,0.7109598707998904,0.04824330902099609,-0.050541919708251955,0.08268987967190902,0.0831942850397919,0.726,0.7106282582420115,-0.017166982434429115,0.010463217322164958,0.0030000000000000027,-0.0003316125578789464,-0.03357918832416943,0.005599133356897537,0.0024000000000000024,-0.0028287759491940623,1425392161872,0,0,0,0,0,0,0
0.10570987415250058,0.0725913012690758,0.728,0.7110471372624901,0.06515746307373046,-0.05888033676147461,0.08268987967190902,0.0831942850397919,0.726,0.7106282582420115,-0.023019994480591555,0.010602983770716098,-0.0020000000000000018,-0.00041887902047865744,-0.04168633242171456,0.0039002812634633447,-0.02733529411764708,-0.000803878120183265,1425392161940,0,0,0,0,0,0,0
0.11177335080726157,0.07323789463521917,0.729,0.7114660162829688,0.07524229431152343,-0.052009223937988285,0.08268987967190902,0.0831942850397919,0.726,0.7106282582420115,-0.029083471135352548,0.009956390404572732,-0.0030000000000000027,-0.0008377580409573149,-0.04829657745482486,-0.000605268246091327,-0.007955555555555563,-0.002832420043236636,1425392162003,0,0,0,0,0,0,0
0.11790477196152394,0.07339086291679546,0.73,0.7118325354258876,0.07115777587890625,-0.05831431198120117,0.08268987967190902,0.0831942850397919,0.726,0.7106282582420115,-0.03521489228961491,0.009803422122996439,-0.0040000000000000036,-0.0012042771838761679,-0.049729712594329255,0.0021419385988138166,-0.008423880597014932,-0.0028454076745575993,1425392162070,0,0,0,0,0,0,0
0.1244309130394096,0.07402272833391249,0.728,0.7104013654392523,0.08031182098388671,-0.05676891708374023,0.08268987967190902,0.0831942850397919,0.726,0.7106282582420115,-0.04174103336750058,0.009171556705879408,-0.0020000000000000018,0.00022689280275922652,-0.057829969562146186,-0.0008155151816387702,0.009690322580645169,0.007151908867124038,1425392162132,0,0,0,0,0,0,0
0.13057619063168052,0.07487810191659988,0.728,0.7108376977522508,0.07824836730957031,-0.050386661529541014,0.08268987967190902,0.0831942850397919,0.726,0.7106282582420115,-0.0478863109597715,0.008316183123192017,-0.0020000000000000018,-0.00020943951023932872,-0.05526622885658862,-0.0018439965694277108,-0.0016000000000000016,-0.0021065365232765254,1425392162201,0,0,0,0,0,0,0
0.1359929256468553,0.07663171052697977,0.728,0.710523538486892,0.07873591613769532,-0.03308008193969727,0.08268987967190902,0.0831942850397919,0.726,0.7106282582420115,-0.053303045974946284,0.006562574512812128,-0.0020000000000000018,0.00010471975511949783,-0.0569294516578578,-0.007773497703822412,-0.0016000000000000016,0.0016007162568281957,1425392162264,0,0,0,0,0,0,0
0.13987986337612462,0.07789082466494723,0.728,0.7094937942282153,0.0565141716003418,-0.0237111873626709,0.08268987967190902,0.0831942850397919,0.726,0.7106282582420115,-0.0571899837042156,0.005303460374844665,-0.0020000000000000018,0.0011344640137961326,-0.05007324051247817,-0.00529474232955616,-0.0016000000000000016,0.005961390226342858,1425392162328,0,0,0,0,0,0,0
0.1427161971810699,0.08004940426787142,0.727,0.7088829289900174,0.053371639251708985,-0.0031504886150360107,0.08268987967190902,0.0831942850397919,0.726,0.7106282582420115,-0.060026317509160876,0.0031448807719204747,-0.0010000000000000009,0.00174532925199411,-0.04509160347105149,-0.010332697873251718,0.004423880597014929,0.004480546736462665,1425392162395,0,0,0,0,0,0,0
0.14575368859418172,0.08324312183229063,0.73,0.7078880913163806,0.06577191162109375,0.006704288482666016,0.08268987967190902,0.0831942850397919,0.726,0.7106282582420115,-0.0630638089222727,-0.00004883679249872985,-0.0040000000000000036,0.002740166925630838,-0.048708362541983005,-0.017757526395634087,-0.019866666666666685,0.00747748918104383,1425392162458,0,0,0,0,0,0,0
0.148533714816303,0.08555031411137587,0.729,0.7073819458333023,0.05418443298339844,-0.0008219940066337586,0.08268987967190902,0.0831942850397919,0.726,0.7106282582420115,-0.06584383514439399,-0.0023560290715839705,-0.0030000000000000027,0.0032463124087092066,-0.04800944358830127,-0.01294191929238177,0.0029030303030303044,0.0055469736954290635,1425392162524,0,0,0,0,0,0,0
0.14968214484273956,0.08741798399674998,0.73,0.7070503332754233,0.0312987060546875,0.010098738670349121,0.08268987967190902,0.0831942850397919,0.726,0.7106282582420115,-0.06699226517083054,-0.00422369895695808,-0.0040000000000000036,0.003577924966588153,-0.04006849426325708,-0.011323793685255705,-0.008584615384615392,0.005108444464490982,1425392162589,0,0,0,0,0,0,0
0.15043920314027792,0.09004248940031004,0.731,0.707451759003382,0.03420660400390625,0.02255372619628906,0.08268987967190902,0.0831942850397919,0.726,0.7106282582420115,-0.0677493234683689,-0.00684820436051814,-0.0050000000000000044,0.0031764992386295043,-0.0384466915552044,-0.016407225233874518,-0.009468750000000008,0.001294816138823339,1425392162653,0,0,0,0,0,0,0
0.1511290388216921,0.09210730231077788,0.726,0.7075913853435415,0.027993141174316408,0.016814645767211915,0.08268987967190902,0.0831942850397919,0.726,0.7106282582420115,-0.06843915914978307,-0.008913017270985979,0,0.003036872898469989,-0.03841043210769535,-0.013792128545353388,0.026923076923076942,0.0023924436361953023,1425392162718,0,0,0,0,0,0,0
0.1507266400437332,0.09402467643222942,0.724,0.7080800775341,0.014107627868652344,0.025779462814331053,0.08268987967190902,0.0831942850397919,0.726,0.7106282582420115,-0.06803676037182418,-0.010830391392437522,0.0020000000000000018,0.002548180707911518,-0.03250052503884246,-0.012974928178717341,0.011744927536231894,0.0004234320533094719,1425392162787,0,0,0,0,0,0,0
0.14975031027387029,0.09581355537657343,0.722,0.7079928110715002,0.006327198028564453,0.02990753746032715,0.08268987967190902,0.0831942850397919,0.726,0.7106282582420115,-0.06706043060196126,-0.012619270336781535,0.0040000000000000036,0.0026354471705112292,-0.028671707169704606,-0.0137239974585012,0.014311111111111123,0.003051001754319377,1425392162850,0,0,0,0,0,0,0
0.14896244441203174,0.09741608188206716,0.721,0.7083069703368592,0.006654336452484131,0.025946197509765626,0.08268987967190902,0.0831942850397919,0.726,0.7106282582420115,-0.06627256474012272,-0.014221796842275258,0.0050000000000000044,0.0023212879051522917,-0.029435601525305707,-0.013030355879601375,0.009468750000000008,0.0008486663487822718,1425392162914,0,0,0,0,0,0,0
0.14751216096700756,0.09808821551619952,0.72,0.7090574619152168,-0.00996274185180664,0.021809127807617186,0.08268987967190902,0.0831942850397919,0.726,0.7106282582420115,-0.06482228129509854,-0.014893930476407621,0.006000000000000005,0.0015707963267946878,-0.025252017167434762,-0.008087360249788856,0.010184615384615393,-0.0018930109579327141,1425392162979,0,0,0,0,0,0,0
0.1456619300564321,0.09833039346634993,0.719,0.7090749152077367,-0.018698911666870117,0.02082790756225586,0.08268987967190902,0.0831942850397919,0.726,0.7106282582420115,-0.06297205038452308,-0.015136108426558034,0.007000000000000006,0.00155334303427479,-0.022214270268851644,-0.005844867644161941,0.010984615384615395,0.0014727893764906463,1425392163044,0,0,0,0,0,0,0
0.14434315364482048,0.09784474277532765,0.717,0.7097206870309746,-0.019756908416748046,0.007351586818695069,0.08268987967190902,0.0831942850397919,0.726,0.7106282582420115,-0.061653273972911454,-0.014650457735535749,0.009000000000000008,0.0009075712110369061,-0.024456634762471917,-0.001780095138233036,0.017969230769230786,-0.0020729141269840968,1425392163109,0,0,0,0,0,0,0
0.1429131899618375,0.09698471831833663,0.716,0.7094239810581355,-0.024676515579223634,0.0041914405822753905,0.08268987967190902,0.0831942850397919,0.726,0.7106282582420115,-0.06022331028992847,-0.013790433278544734,0.010000000000000009,0.0012042771838759458,-0.023413146755735716,0.0003555350902702424,0.013223880597014936,0.002532811390617915,1425392163176,0,0,0,0,0,0,0
0.1409483473004393,0.09547848853496467,0.718,0.7084815032620586,-0.03707928848266601,0.0020558953285217283,0.08268987967190902,0.0831942850397919,0.726,0.7106282582420115,-0.058258467628530264,-0.012284203495172771,0.008000000000000007,0.0021467549799528696,-0.019021595234290006,0.004682682192403514,-0.004711111111111114,0.0066347444850810774,1425392163239,0,0,0,0,0,0,0
0.13904741905115642,0.09411523992859959,0.718,0.7079753577789802,-0.034957679748535156,0.0030257222652435305,0.08268987967190902,0.0831942850397919,0.726,0.7106282582420115,-0.056357539379247396,-0.01092095488880769,0.008000000000000007,0.002652900463031238,-0.018787788577429944,0.004064282952246588,0.006400000000000006,0.004988956538777554,1425392163304,0,0,0,0,0,0,0
0.1369106331444671,0.0930988503120105,0.719,0.7073295859557424,-0.034263431549072264,0.009261219024658204,0.08268987967190902,0.0831942850397919,0.726,0.7106282582420115,-0.054220753472558086,-0.009904565272218599,0.007000000000000006,0.003298672286269122,-0.01665950840325421,0.002418575354791725,0.0002969696969696983,0.006233998755532231,1425392163370,0,0,0,0,0,0,0
0.13479811941518036,0.09177384439047943,0.719,0.7075041188809417,-0.037000778198242185,0.0054838194847106935,0.08268987967190902,0.0831942850397919,0.726,0.7106282582420115,-0.052108239743271334,-0.008579559350687535,0.007000000000000006,0.003124139361069811,-0.015593488381776783,0.00456077946457639,0.005600000000000005,0.002318602783226837,1425392163435,0,0,0,0,0,0,0
0.133220242593767,0.08997565589727337,0.72,0.7073993991258221,-0.035518165588378905,-0.005116127967834473,0.08268987967190902,0.0831942850397919,0.726,0.7106282582420115,-0.050530362921857974,-0.00678137085748147,0.006000000000000005,0.00322885911618942,-0.017845445339123016,0.007501436812787723,-0.000503030303030302,0.0037048580030967326,1425392163501,0,0,0,0,0,0,0
0.13134830397209327,0.08814386928121344,0.722,0.7066663608399845,-0.03919768524169922,-0.002636411190032959,0.08268987967190902,0.0831942850397919,0.726,0.7106282582420115,-0.048658424300184244,-0.004949584241421542,0.0040000000000000036,0.003961897402027015,-0.015070981680964235,0.008532707784151264,-0.0077375000000000065,0.007398014366890741,1425392163565,0,0,0,0,0,0,0
0.12888422799512853,0.08653901719112547,0.724,0.7065965476699047,-0.04374058532714844,0.005690855979919434,0.08268987967190902,0.0831942850397919,0.726,0.7106282582420115,-0.0461943483232195,-0.0033447321513335737,0.0020000000000000018,0.004031710572106828,-0.011609046015064557,0.00713713443475629,-0.00854492753623189,0.004335246094192973,1425392163634,0,0,0,0,0,0,0
0.12670247915088736,0.08515855390297673,0.725,0.7064220147447052,-0.03833475112915039,0.005498264312744141,0.08268987967190902,0.0831942850397919,0.726,0.7106282582420115,-0.04401259947897834,-0.0019642688631848343,0.0010000000000000009,0.00420624349730625,-0.01052572432014984,0.007331410338619284,-0.0049377049180327915,0.005064602145827998,1425392163695,0,0,0,0,0,0,0
0.12424615113908308,0.08406273143457278,0.727,0.7053399106084688,-0.0386972770690918,0.011412928581237793,0.08268987967190902,0.0831942850397919,0.726,0.7106282582420115,-0.041556271467174055,-0.0008684463947808835,-0.0010000000000000009,0.005288347633542689,-0.00861642136219313,0.005640048603740855,-0.011569230769230778,0.010282674416172408,1425392163760,0,0,0,0,0,0,0
0.12107198673178754,0.08332550579840028,0.728,0.704659232200191,-0.04342078399658203,0.02244705581665039,0.08268987967190902,0.0831942850397919,0.726,0.7106282582420115,-0.03838210705987852,-0.00013122075860838578,-0.0020000000000000018,0.00596902604182048,-0.0036999809132920274,0.0038118124688409794,-0.006823880597014931,0.009016839810228498,1425392163827,0,0,0,0,0,0,0
0.11867578155690965,0.08317352546399039,0.731,0.7046068723226312,-0.02885933303833008,0.021546247482299805,0.08268987967190902,0.0831942850397919,0.726,0.7106282582420115,-0.03598590188500063,0.000020759575801512775,-0.0050000000000000044,0.006021385919380284,-0.0060021181119525695,0.0008373703265445866,-0.020406250000000018,0.006266822845441868,1425392163891,0,0,0,0,0,0,0
0.11718415375307349,0.08291586508192882,0.734,0.7050082980505898,-0.019549745559692383,0.011548137664794922,0.08268987967190902,0.0831942850397919,0.726,0.7106282582420115,-0.03449427408116447,0.0002784199578630825,-0.008000000000000007,0.005619960191421636,-0.010351130517644452,0.0014709280446135308,-0.02255384615384617,0.003767226062381719,1425392163956,0,0,0,0,0,0,0
0.11553435404727996,0.08251989157146293,0.736,0.7053224573159489,-0.02269656562805176,0.011513408660888671,0.08268987967190902,0.0831942850397919,0.726,0.7106282582420115,-0.03284447437537094,0.0006743934683289682,-0.010000000000000009,0.005305800926062587,-0.008695884716398157,0.0023344830968534593,-0.018769230769230785,0.0038558350859439015,1425392164021,0,0,0,0,0,0,0
0.11357987295382335,0.08235953018743568,0.737,0.7060729488943065,-0.023881587982177734,0.017174253463745116,0.08268987967190902,0.0831942850397919,0.726,0.7106282582420115,-0.03088999328191433,0.0008347548523562204,-0.01100000000000001,0.004555309347704983,-0.006098130577886496,0.0011139108312382242,-0.014184615384615396,0.0010915020629775813,1425392164086,0,0,0,0,0,0,0
0.11140958439482516,0.0820945967867782,0.738,0.7053748171935088,-0.027349636077880858,0.018099016189575195,0.08268987967190902,0.0831942850397919,0.726,0.7106282582420115,-0.028719704722916142,0.0010996882530136948,-0.01200000000000001,0.005253441048502672,-0.004046964273583538,0.0017348563278755634,-0.014903030303030317,0.008426766961219436,1425392164152,0,0,0,0,0,0,0
0.10937879961721744,0.08226328343055132,0.738,0.7057587896289476,-0.021552194595336915,0.02167544364929199,0.08268987967190902,0.0831942850397919,0.726,0.7106282582420115,-0.02668891994530842,0.0009310016092405754,-0.01200000000000001,0.004869468613063921,-0.003451904535689802,-0.0006432046003620738,-0.00960000000000001,0.0030695978219447764,1425392164216,0,0,0,0,0,0,0
0.10787602565327777,0.0826097069540086,0.739,0.7064045614521853,-0.013786446571350098,0.018575794219970704,0.08268987967190902,0.0831942850397919,0.726,0.7106282582420115,-0.025186145981368743,0.0005845780857832994,-0.013000000000000012,0.004223696789826148,-0.005730882995321053,-0.0016899840082657271,-0.015784615384615397,0.0012432114518056577,1425392164281,0,0,0,0,0,0,0
0.10639262023122806,0.08267993622719225,0.739,0.7065790943773848,-0.016242620468139648,0.015244593620300293,1,0,0.7,undefined,0.8936073797687719,-0.08267993622719225,-0.039000000000000035,0,0.44680368988438596,-0.024803980868157674,-0.03120000000000003,0,0,0,0,0,0,0,0,0
0.10336881368164917,0.08281975348905868,0.739,0.7065616410848647,-0.03313641738891602,0.03104259490966797,1,0,0.7,undefined,0.8966311863183508,-0.08281975348905868,-0.039000000000000035,0,0.4651804386972456,-0.025598788225998387,-0.03120000000000003,0,0,0,0,0,0,0,0,0
0.10160408805262054,0.08398042966971797,0.737,0.706177668649426,-0.008830663681030273,0.030427621841430663,1,0,0.7,undefined,0.8983959119473794,-0.08398042966971797,-0.03700000000000003,0,0.459601407478339,-0.03125736268047886,-0.01915223880597017,0,0,0,0,0,0,0,0,0
0.10400393928426996,0.08431064682301373,0.735,0.7066140009624245,0.030603143692016603,-0.019591367721557618,1,0,0.7,undefined,0.89599606071573,-0.08431064682301373,-0.03500000000000003,0,0.43663201694575193,-0.0270990691039903,-0.017062500000000015,0,0,0,0,0,0,0,0,0
0.1091506523045695,0.0837826779219923,0.733,0.7087607559423775,0.05357426452636719,-0.05614681243896484,1,0,0.7,undefined,0.8908493476954304,-0.0837826779219923,-0.03300000000000003,0,0.42004882882538164,-0.022291893909559234,-0.015630769230769247,0,0,0,0,0,0,0,0,0
0.12006303269252035,0.08322229757783714,0.735,0.7121117881062067,0.11879390716552735,-0.11292330932617188,1,0,0.7,undefined,0.8799369673074796,-0.08322229757783714,-0.03500000000000003,0,0.3841186964497261,-0.021949256650977193,-0.038769230769230806,0,0,0,0,0,0,0,0,0
0.14117804580947071,0.08170063892452192,0.738,0.713857117358201,0.22484124755859375,-0.2242370147705078,1,0,0.7,undefined,0.8588219541905293,-0.08170063892452192,-0.038000000000000034,0,0.3191821710053239,-0.016316645082582334,-0.046553846153846196,0,0,0,0,0,0,0,0,0
0.16901654289792603,0.0797977977679355,0.735,0.7133858784601625,0.2969342041015625,-0.29498422241210936,1,0,0.7,undefined,0.830983457102074,-0.0797977977679355,-0.03500000000000003,0,0.2718792023677704,-0.013848515015149597,-0.012090909090909104,0,0,0,0,0,0,0,0,0
0.20364068479353786,0.07694002085270968,0.728,0.7126004802967651,0.36466409301757813,-0.37228305053710936,1,0,0.7,undefined,0.7963593152064621,-0.07694002085270968,-0.028000000000000025,0,0.21335441904096836,-0.007453538750671711,0.01588125000000001,0,0,0,0,0,0,0,0,0
0.24873252707568874,0.07299014437694817,0.726,0.7114834695754888,0.47305410766601563,-0.48704913330078126,1,0,0.7,undefined,0.7512674729243113,-0.07299014437694817,-0.026000000000000023,0,0.13784537007580178,-0.0006284776743686604,-0.010030769230769242,0,0,0,0,0,0,0,0,0
0.3008135646292068,0.0689785047172096,0.722,0.7104537253168122,0.5523965454101563,-0.5556768798828124,1,0,0.7,undefined,0.6991864353707933,-0.0689785047172096,-0.02200000000000002,0,0.07888122165994199,0.0005802952652689888,0.0036121212121212123,0,0,0,0,0,0,0,0,0
0.3553903308824734,0.06468615971003584,0.717,0.7083767835069389,0.578601318359375,-0.5827145385742187,1,0,0.7,undefined,0.6446096691175266,-0.06468615971003584,-0.017000000000000015,0,0.03432425996790267,0.0037067790486940595,0.013323076923076929,0,0,0,0,0,0,0,0,0
0.4162743357544994,0.060593557594993255,0.713,0.7059333225541469,0.653607177734375,-0.6407887573242188,1,0,0.7,undefined,0.5837256642455007,-0.060593557594993255,-0.013000000000000012,0,-0.01990252278270671,0.0032011975015752356,0.010495522388059706,0,0,0,0,0,0,0,0,0
0.4868974986816345,0.05878021378797259,0.712,0.7035596747714346,0.7885242309570313,-0.7079451904296875,1,0,0.7,undefined,0.5131025013183654,-0.05878021378797259,-0.01200000000000001,0,-0.12919098310165655,-0.007559931875165845,-0.0040444444444444495,0,0,0,0,0,0,0,0,0
0.5576387348045487,0.05598375977763801,0.708,0.7024601173426781,0.7820128173828125,-0.7184622802734375,1,0,0.7,undefined,0.44236126519545127,-0.05598375977763801,-0.008000000000000007,0,-0.14706165641096908,-0.001965447575456525,0.014812121212121221,0,0,0,0,0,0,0,0,0
0.6330781631823835,0.05204762629004678,0.706,0.7030709825808761,0.8255459594726563,-0.7761823120117187,1,0,0.7,undefined,0.3669218368176165,-0.05204762629004678,-0.006000000000000005,0,-0.22196299573197148,0.00591144212325052,0.006137500000000005,0,0,0,0,0,0,0,0,0
0.7070180030152667,0.04834688396989869,0.705,0.7046766854927109,0.8101949462890625,-0.75944921875,1,0,0.7,undefined,0.29298199698473326,-0.04834688396989869,-0.0050000000000000044,0,-0.2443207025092294,0.005423008840597021,0.0013846153846153852,0,0,0,0,0,0,0,0,0
0.7778688958114937,0.047740326736702504,0.707,0.7065616410848647,0.80374169921875,-0.695376220703125,1,0,0.7,undefined,0.22213110418850635,-0.047740326736702504,-0.007000000000000006,0,-0.2515763261267905,-0.011153515459538141,-0.016047761194029862,0,0,0,0,0,0,0,0,0
0.8437970022430953,0.047496578455415314,0.706,0.7077833715612608,0.7497987060546875,-0.6448109741210938,1,0,0.7,undefined,0.15620299775690472,-0.047496578455415314,-0.006000000000000005,0,-0.28059262524795253,-0.012894816418362428,0.0007555555555555553,0,0,0,0,0,0,0,0,0
0.9041774792092997,0.04815425151295836,0.712,0.7096508738608948,0.6945745239257812,-0.5813510131835937,1,0,0.7,undefined,0.0958225207907003,-0.04815425151295836,-0.01200000000000001,0,-0.2598718067510445,-0.017881880978366096,-0.04094328358208959,0,1425392165585,0,0,0,0,0,0,0
0.9581855462374826,0.04745028892125304,0.71,0.7111867636026498,0.6076690063476563,-0.5358599853515625,1,0,0.7,undefined,0.041814453762517356,-0.04745028892125304,-0.010000000000000009,0,-0.2622409274212213,-0.010444518874885731,0.0027692307692307704,0,1425392165585,0,0,0,0,0,0,0
1.004826906304334,0.047010151882585144,0.71,0.7117976288408479,0.5257144775390625,-0.46166717529296875,1,0,0.7,undefined,-0.004826906304334022,-0.047010151882585144,-0.010000000000000009,0,-0.2498219659269824,-0.01169604613456049,-0.008000000000000007,0,1425392165585,0,0,0,0,0,0,0
1.0421419630047288,0.045810967680543456,0.712,0.711448562990449,0.4120686645507812,-0.3792308044433594,1,0,0.7,undefined,-0.04214196300472883,-0.045810967680543456,-0.01200000000000001,0,-0.21436417707428068,-0.00728614460086164,-0.020369230769230785,0,1425392165585,0,0,0,0,0,0,0
1.071728252596094,0.04486529535649765,0.71,0.7106980714120914,0.32687542724609375,-0.3005113830566406,1,0,0.7,undefined,-0.07172825259609406,-0.04486529535649765,-0.010000000000000009,0,-0.18517442438717524,-0.008444659615797295,0.0026060606060606065,0,1425392165585,0,0,0,0,0,0,0
1.0941670907411398,0.042929014279106587,0.71,0.7089527421600971,0.2361508026123047,-0.24158682250976563,1,0,0.7,0.7106980714120914,-0.09416709074113983,-0.042929014279106587,-0.010000000000000009,0.001745329251994332,-0.04708354537056991,-0.012878704283731975,-0.008000000000000007,0.001745329251994332,1425392165585,0,0,0,0,0,0,0
1.1079550629575445,0.03956659063966511,0.71,0.7059333225541469,0.12414913940429688,-0.17293107604980468,1,0,0.7,0.7106980714120914,-0.10795506295754453,-0.03956659063966511,-0.010000000000000009,0.004764748857944534,-0.12607658190441126,0.005694922417123096,-0.008000000000000007,0.018284538138318575,0,0,0,0,0,0,0,0
1.1140609425616503,0.038243796234508735,0.707,0.7033502352611952,0.05682686996459961,-0.07451715087890624,1,0,0.7,0.7106980714120914,-0.11406094256165034,-0.038243796234508735,-0.007000000000000006,0.007347836150896181,-0.09109621292296391,-0.00412428106392831,0.011066666666666676,0.019648251831618307,0,0,0,0,0,0,0,0
1.1160517103240468,0.03711422501053542,0.707,0.7011685736962023,0.011816068649291992,-0.03223624038696289,1,0,0.7,0.7106980714120914,-0.11605171032404682,-0.03711422501053542,-0.007000000000000006,0.009529497715889068,-0.06880373934711706,-0.005144117072999108,-0.005600000000000005,0.019446141193129464,0,0,0,0,0,0,0,0
1.1155925543555212,0.03613572028057325,0.706,0.6993010713965683,-0.014731202125549316,-0.006771869659423828,1,0,0.7,0.7106980714120914,-0.11559255435552118,-0.03613572028057325,-0.006000000000000005,0.011397000015523129,-0.05561981646083982,-0.00557184446129874,0.000584615384615384,0.020016241398449562,0,0,0,0,0,0,0,0
1.1126936151732973,0.03595638641524219,0.705,0.698463313355611,-0.03500954818725586,0.025931324005126953,1,0,0.7,0.7106980714120914,-0.11269361517329735,-0.03595638641524219,-0.0050000000000000044,0.012234758056480444,-0.04110630349198486,-0.009821272034328483,0.0013846153846153852,0.01610133363012959,0,0,0,0,0,0,0,0
1.107395675223565,0.035454129736041694,0.705,0.6982189672603317,-0.06570449829101563,0.04533227920532226,1,0,0.7,0.7106980714120914,-0.10739567522356497,-0.035454129736041694,-0.0050000000000000044,0.012479104151759679,-0.026463155431628072,-0.008012509999615898,-0.0040000000000000036,0.0135731911455473,0,0,0,0,0,0,0,0
1.1006128274347307,0.035152736082730944,0.703,0.6993185246890882,-0.08084001922607421,0.06194279861450196,1,0,0.7,0.7106980714120914,-0.10061282743473066,-0.035152736082730944,-0.0030000000000000027,0.011379546723003231,-0.013128435610305814,-0.008871411639759562,0.008711111111111117,0.006143558967020146,0,0,0,0,0,0,0,0
1.093298482924056,0.034996713251883714,0.702,0.7005053485804443,-0.08546940612792969,0.0688322296142578,1,0,0.7,0.7106980714120914,-0.09329848292405596,-0.034996713251883714,-0.0020000000000000018,0.010192722831647072,-0.007829463104059221,-0.009658891040233876,0.003784615384615387,0.004715074102310954,1425392166430,0,0,0,0,0,0,0
1.0860843694635651,0.03367584125267076,0.7,0.7006449749206038,-0.09550122833251953,0.05460628128051758,1,0,0.7,0.7106980714120914,-0.08608436946356512,-0.03367584125267076,0,0.010053096491487556,-0.0048180668688013115,-0.002990364687731461,0.010769230769230777,0.00940866722921287,1425392166430,0,0,0,0,0,0,0
1.0794149211038284,0.033118113943177284,0.699,0.7013954664989615,-0.0818681411743164,0.058102863311767575,1,0,0.7,0.7106980714120914,-0.07941492110382842,-0.033118113943177284,0.0010000000000000009,0.009302604913129953,-0.00501269610640185,-0.006977789359881735,0.006103030303030308,0.005891279556959027,1425392166430,0,0,0,0,0,0,0
1.0732280890257129,0.032294268731552556,0.697,0.7020586916147193,-0.07886997222900391,0.05044343566894531,1,0,0.7,0.7106980714120914,-0.07322808902571287,-0.032294268731552556,0.0030000000000000027,0.00863937979737206,-0.004526939372273879,-0.0053194044972134195,0.013006060606060616,0.005624720180290729,1425392166430,0,0,0,0,0,0,0
1.0675858065405113,0.031023763157890807,0.696,0.702809183193077,-0.07692666625976563,0.040105281829833986,1,0,0.7,0.7106980714120914,-0.06758580654051127,-0.031023763157890807,0.0040000000000000036,0.007888888219014456,-0.003701778694919434,-0.0023590515914045573,0.008668750000000008,0.004370958945463188,1425392166430,0,0,0,0,0,0,0
1.0641881710757461,0.030577335395512394,0.694,0.7048686717104302,-0.04321575927734375,0.027832061767578124,1,0,0.7,0.7106980714120914,-0.06418817107574615,-0.030577335395512394,0.006000000000000005,0.0058293997016611865,-0.014605955419793225,-0.006769358821231494,0.015569230769230783,-0.0036759319168923645,1425392166756,0,0,0,0,0,0,0
1.0619862813982426,0.029068227735841556,0.692,0.7055144435336681,-0.03982460784912109,0.004157947540283203,1,0,0.7,0.7106980714120914,-0.06198628139824258,-0.029068227735841556,0.008000000000000007,0.0051836278784233025,-0.01998393282612792,-0.0005945039994479564,0.017169230769230784,0.0022031425404022997,1425392166821,0,0,0,0,0,0,0
1.061132660075165,0.027874808687299066,0.689,0.7079055446089003,-0.02135529899597168,-0.005325208187103272,1,0,0.7,0.7106980714120914,-0.061132660075164935,-0.027874808687299066,0.01100000000000001,0.0027925268031910866,-0.026927019009356633,-0.0020337052275553004,0.02470909090909093,-0.00807611444786444,1425392166887,0,0,0,0,0,0,0
1.061250364932185,0.0268538797741301,0.684,0.7095810606908148,-0.008616442680358887,-0.012782438278198242,1,0,0.7,0.7106980714120914,-0.06125036493218494,-0.0268538797741301,0.015999999999999903,0.0011170107212765679,-0.0321772688459064,-0.0026421469684642174,0.03931515151515087,-0.006498971469243971,1425392166953,0,0,0,0,0,0,0
1.062368120993476,0.02544638787054816,0.684,0.7110296839699701,-0.001035521388053894,-0.026940126419067383,1,0,0.7,0.7106980714120914,-0.062368120993476106,-0.02544638787054816,0.015999999999999903,-0.00033161255787872435,-0.03836100226524895,0.00018548310317967418,0.012799999999999923,-0.007229818649094401,1425392167016,0,0,0,0,0,0,0
1.0638481988424922,0.02370319366403451,0.684,0.7131415323648833,-0.00024289271235466005,-0.03430081939697266,1,0,0.7,0.7106980714120914,-0.06384819884249215,-0.02370319366403451,0.015999999999999903,-0.0024434609527919093,-0.04090243657918284,0.002275472243555454,0.012799999999999923,-0.012190453544698917,1425392167081,0,0,0,0,0,0,0
1.0656171849969625,0.021834024360960002,0.685,0.7149915813719974,0.0017260168790817262,-0.03856448745727539,1,0,0.7,0.7106980714120914,-0.06561718499696245,-0.021834024360960002,0.014999999999999902,-0.004293509959905961,-0.04324157422507276,0.0033620541474101403,0.006696969696969615,-0.012702823628606197,1425392167147,0,0,0,0,0,0,0
1.0683727143713442,0.019811254924377453,0.688,0.7163703914810728,0.011318202018737794,-0.05000919342041016,1,0,0.7,0.7106980714120914,-0.06837271437134418,-0.019811254924377453,0.01200000000000001,-0.00567232006898144,-0.05035141153281431,0.005118643878997575,-0.006806249999999398,-0.012135492455272748,1425392167211,0,0,0,0,0,0,0
1.070379022261571,0.017020351689476267,0.688,0.7171906962295101,-0.004792582035064697,-0.05133491897583008,1,0,0.7,0.7106980714120914,-0.070379022261571,-0.017020351689476267,0.01200000000000001,-0.006492624817418746,-0.04681313101608675,0.009473239750103613,0.00960000000000001,-0.01016563115370519,1425392167278,0,0,0,0,0,0,0
1.0726338913977018,0.014965612962718068,0.691,0.7180110009779475,0.005233134269714355,-0.04545933532714844,1,0,0.7,0.7106980714120914,-0.07263389139770182,-0.014965612962718068,0.009000000000000008,-0.007312929565856052,-0.049837654003468276,0.0067471685231434795,-0.009206250000000008,-0.011158108074155924,1425392167342,0,0,0,0,0,0,0
1.0749035519699426,0.012428742110203247,0.692,0.7200355829102608,0.0006051026582717896,-0.05105609893798828,1,0,0.7,0.7106980714120914,-0.07490355196994258,-0.012428742110203247,0.008000000000000007,-0.009337511498169415,-0.050911105245296254,0.009931451188172676,0.0010153846153846176,-0.01868173580115417,1425392167407,0,0,0,0,0,0,0
1.078806912652943,0.010578765384016225,0.681,0.7225314037406128,0.02571872329711914,-0.059470504760742185,1,0,0.7,0.7106980714120914,-0.07880691265294293,-0.010578765384016225,0.018999999999999906,-0.011833332328521351,-0.06171085683026475,0.006787783525802171,0.0744307692307686,-0.023352505391684132,1425392167472,0,0,0,0,0,0,0
1.0832617672344933,0.009875185785874032,0.653,0.7241894665300074,0.0431470718383789,-0.05210565948486328,1,0,0.7,0.7106980714120914,-0.0832617672344933,-0.009875185785874032,0.04699999999999993,-0.013491395117915972,-0.06696198680039633,0.0008259497926957527,0.18836923076923082,-0.021143992607429607,1425392167537,0,0,0,0,0,0,0
1.087199899082483,0.0095849604316703,0.633,0.7251493976186043,0.04136283874511719,-0.04239771270751953,1,0,0.7,0.7106980714120914,-0.08719989908248293,-0.0095849604316703,0.06699999999999995,-0.014451326206512904,-0.06527246641614402,-0.0013816811593348214,0.15654117647058827,-0.018686316303264075,1425392167605,0,0,0,0,0,0,0
1.0895040658735153,0.009735877396942953,0.605,0.7264583945576001,0.027368017196655273,-0.021229290008544923,1,0,0.7,0.7106980714120914,-0.08950406587351534,-0.009735877396942953,0.09499999999999997,-0.01576032314550868,-0.05901206771358999,-0.003759190803930956,0.23155555555555565,-0.02199364190263143,1425392167668,0,0,0,0,0,0,0
1.0909569709571396,0.009799485003134531,0.564,0.7279593777143152,0.016925132751464844,-0.0137626371383667,1,0,0.7,0.7106980714120914,-0.09095697095713962,-0.009799485003134531,0.136,-0.017261306302223778,-0.05482005073534678,-0.003282347995818087,0.32956923076923095,-0.02418892087167807,0,0,0,0,0,0,0,0
1.0897491877016225,0.009461522514100732,0.523,0.7298094267214291,-0.016897701263427736,0.008269430160522461,1,0,0.7,0.7106980714120914,-0.08974918770162255,-0.009461522514100732,0.17699999999999994,-0.01911135530933772,-0.03994771271498704,-0.0010186587363559202,0.36236923076923033,-0.02765004303447898,0,0,0,0,0,0,0,0
1.081678675354619,0.00801743069194748,0.474,0.7317467421911429,-0.10466670989990234,0.06456824493408203,1,0,0.7,0.7106980714120914,-0.08167867535461903,-0.00801743069194748,0.22599999999999998,-0.02104867077905148,0.0009876089659996631,0.005370649834779428,0.444646153846154,-0.029990126793115003,0,0,0,0,0,0,0,0
1.0668180577933852,0.011650386312199834,0.425,0.7321132613340617,-0.12943487548828125,0.18948558044433594,1,0,0.7,0.7106980714120914,-0.06681805779338523,-0.011650386312199834,0.27499999999999997,-0.021415189921970335,0.04372351813203654,-0.022760789637422438,0.47984848484848475,-0.02308118602614694,0,0,0,0,0,0,0,0
1.0475319156182306,0.01929737544439499,0.373,0.7318340086537427,-0.13849128723144533,0.27868853759765627,1,0,0.7,0.7106980714120914,-0.04753191561823056,-0.01929737544439499,0.32699999999999996,-0.021135937241651304,0.08000095356502819,-0.04760868445001076,0.5459749999999999,-0.019826940302655846,0,0,0,0,0,0,0,0
1.0249161586699898,0.029061241011916518,0.321,0.7315023960958638,-0.1545065460205078,0.3356470947265625,1,0,0.7,0.7106980714120914,-0.024916158669989752,-0.029061241011916518,0.37899999999999995,-0.020804324683772357,0.10575334177653839,-0.060496447282855775,0.5789575757575757,-0.01929699487523169,0,0,0,0,0,0,0,0
0.9954377469333365,0.041819186424572566,0.273,0.7315547559734236,-0.2012225799560547,0.43778009033203125,1,0,0.7,0.7106980714120914,0.004562253066663469,-0.041819186424572566,0.42699999999999994,-0.02085668456133216,0.16177348724916085,-0.08231576990283453,0.6040999999999999,-0.021102121487393745,0,0,0,0,0,0,0,0
0.9669506142199488,0.05369329917476412,0.24,0.7288145890477925,-0.19899131774902343,0.41799221801757813,1,0,0.7,0.7106980714120914,0.03304938578005123,-0.05369329917476412,0.45999999999999996,-0.0181165176357011,0.16589693004118844,-0.07907676948829354,0.5430000000000001,-0.005661213428287192,0,0,0,0,0,0,0,0
0.940070812394589,0.06414818976800596,0.204,0.7281688172245546,-0.1963284912109375,0.3855081481933594,1,0,0.7,0.7106980714120914,0.059929187605410994,-0.06414818976800596,0.496,-0.017470745812463218,0.168725730691126,-0.07385955704435168,0.5848597014925375,-0.014579230186024932,0,0,0,0,0,0,0,0
0.9156825231693457,0.0733611260731647,0.197,0.7268772735780789,-0.1810805206298828,0.34660479736328126,1,0,0.7,0.7106980714120914,0.08431747683065427,-0.0733611260731647,0.5029999999999999,-0.01617920216598745,0.1760466158028437,-0.07319131729505349,0.44128888888888823,-0.01002899432562665,0,0,0,0,0,0,0,0
0.8954708388225968,0.08152327909275116,0.174,0.7273485124761172,-0.14518760681152343,0.2929598388671875,1,0,0.7,0.7106980714120914,0.10452916117740318,-0.08152327909275116,0.526,-0.0166504410640258,0.15956205271768167,-0.06840703844867553,0.5446461538461547,-0.018825389824202805,0,0,0,0,0,0,0,0
0.8785836492851112,0.08793558662539841,0,0.7503868586024424,-0.12525342559814454,0.240266357421875,1,0,0.7,0.7106980714120914,0.12141635071488877,-0.08793558662539841,0.7,-0.03968878719035096,0.15018344221835578,-0.060908485778797025,1.4969230769230766,-0.14601961546569786,0,0,0,0,0,0,0,0
