0.36294468858296786,-0.11321317172195275,0.728,-0.2389006680129838,-0.04142571640014649,0.00875338077545166,0,0,0.7,undefined,-0.36294468858296786,0.11321317172195275,-0.028000000000000025,0,-0.18147234429148393,0.03396395151658582,-0.02240000000000002,0,0,0,0,0,0,0,0,0
0.3605289385394929,-0.11263971021845677,0.729,-0.23972097276142124,-0.03724260711669922,-0.00021713607013225554,0,0,0.7,undefined,-0.3605289385394929,0.11263971021845677,-0.029000000000000026,0,-0.16749092823031667,0.03077725924296991,-0.02858461538461541,0,0,0,0,0,0,0,0,0
0.35798532603348465,-0.1115377787907156,0.725,-0.24043655775473882,-0.04098764038085938,0.0069973039627075195,0,0,0.7,undefined,-0.35798532603348465,0.1115377787907156,-0.025000000000000022,0,-0.16576332225636256,0.027673572086464305,0.0015384615384615372,0,0,0,0,0,0,0,0,0
0.35640776406681773,-0.11176171138661896,0.724,-0.2409776098228571,-0.022182865142822264,-0.008897257804870605,0,0,0.7,undefined,-0.35640776406681773,0.11176171138661896,-0.02400000000000002,0,-0.17040801691612595,0.03495266479726107,-0.01381538461538463,0,0,0,0,0,0,0,0,0
0.35656782910803264,-0.11308116501743544,0.718,-0.24092524994529718,0.00705495548248291,-0.01864692497253418,0,0,0.7,undefined,-0.35656782910803264,0.11308116501743544,-0.018000000000000016,0,-0.18007627164501727,0.041320963062530275,0.017907692307692315,0,0,0,0,0,0,0,0,0
0.35664132038651386,-0.11562846629103402,0.716,-0.24202480737405374,0.010187369346618652,-0.03684291076660156,0,0,0.7,undefined,-0.35664132038651386,0.11562846629103402,-0.016000000000000014,0,-0.17987398794915985,0.0483646718951468,-0.0023522388059701548,0,0,0,0,0,0,0,0,0
0.3570564422802162,-0.1173962162121091,0.714,-0.24202480737405374,0.012400465965270996,-0.024251047134399413,0,0,0.7,undefined,-0.3570564422802162,0.1173962162121091,-0.014000000000000012,0,-0.18219635321154723,0.04533071513282147,-0.0002625000000000006,0,0,0,0,0,0,0,0,0
0.3553584832398604,-0.12068878364482816,0.714,-0.24223424688429307,-0.01289018154144287,-0.05405328750610352,0,0,0.7,undefined,-0.3553584832398604,0.12068878364482816,-0.014000000000000012,0,-0.1700188917625123,0.05473457195097278,-0.01120000000000001,0,0,0,0,0,0,0,0,0
0.35246984237216783,-0.12428264827518966,0.714,-0.24212952712917335,-0.029133556365966796,-0.06272766876220703,0,0,0.7,undefined,-0.35246984237216783,0.12428264827518966,-0.014000000000000012,0,-0.16277436487063193,0.05694690278005639,-0.01120000000000001,0,0,0,0,0,0,0,0,0
0.34913622847834563,-0.12844791525824206,0.711,-0.2424436863945324,-0.03356493759155273,-0.07264600372314453,0,0,0.7,undefined,-0.34913622847834563,0.12844791525824206,-0.01100000000000001,0,-0.15870281786913468,0.0616499616580686,0.007353846153846157,0,0,0,0,0,0,0,0,0
0.344066934842032,-0.13318360779631291,0.71,-0.241640834938615,-0.05676171112060547,-0.08721310424804687,0,0,0.7,undefined,-0.344066934842032,0.13318360779631291,-0.010000000000000009,0,-0.14786753988905454,0.0654702341217956,-0.002776119402985078,0,0,0,0,0,0,0,0,0
0.3365793414736553,-0.13779212813094857,0.706,-0.24200735408153384,-0.0925087890625,-0.09399568939208984,0,0,0.7,undefined,-0.3365793414736553,0.13779212813094857,-0.006000000000000005,0,-0.12987276241740947,0.06740513040117217,0.017075000000000014,0,0,0,0,0,0,0,0,0
0.3277434027685814,-0.14148415354218874,0.704,-0.2417281014012146,-0.11540472412109375,-0.08552978515625,0,0,0.7,undefined,-0.3277434027685814,0.14148415354218874,-0.0040000000000000036,0,-0.12046426862018852,0.0626913867368423,0.007247761194029855,0,0,0,0,0,0,0,0,0
0.3157107782891382,-0.14452446059396826,0.702,-0.24130922238073604,-0.16432490539550781,-0.08748438262939454,0,0,0.7,undefined,-0.3157107782891382,0.14452446059396826,-0.0020000000000000018,0,-0.09395682915395351,0.061298424085195216,0.00951111111111112,0,0,0,0,0,0,0,0,0
0.3007634560371164,-0.1470726143201927,0.699,-0.24125686250317624,-0.2085794219970703,-0.09069519805908204,0,0,0.7,undefined,-0.3007634560371164,0.1470726143201927,0.0010000000000000009,0,-0.07304099669201086,0.05898870042685538,0.016953846153846167,0,0,0,0,0,0,0,0,0
0.2839954466897168,-0.14927165667965833,0.696,-0.2418328211563343,-0.2363546905517578,-0.09212433624267578,0,0,0.7,undefined,-0.2839954466897168,0.14927165667965833,0.0040000000000000036,0,-0.05773877164418793,0.05751513210170377,0.018871641791044794,0,0,0,0,0,0,0,0,0
0.26668296108355477,-0.15002790808274316,0.696,-0.24150120859845536,-0.24941392517089844,-0.07320423889160156,0,0,0.7,undefined,-0.26668296108355477,0.15002790808274316,0.0040000000000000036,0,-0.04216962895794725,0.050486240530795874,0.003200000000000003,0,0,0,0,0,0,0,0,0
0.2491685913304949,-0.1509088313530772,0.697,-0.24137903555081577,-0.2519313201904297,-0.07566157531738281,0,0,0.7,undefined,-0.2491685913304949,0.1509088313530772,0.0030000000000000027,0,-0.03394391450031237,0.051456291385761785,-0.0029846153846153863,0,0,0,0,0,0,0,0,0
0.2314898592060231,-0.1509347368526932,0.698,-0.24109978287049688,-0.25740029907226564,-0.06376668548583984,0,0,0.7,undefined,-0.2314898592060231,0.1509347368526932,0.0020000000000000018,0,-0.02436998869280381,0.046958228772272986,-0.003784615384615387,0,0,0,0,0,0,0,0,0
0.21521031659920015,-0.15057225777719688,0.7,-0.24106487628545686,-0.23842832946777343,-0.053026256561279295,0,0,0.7,undefined,-0.21521031659920015,0.15057225777719688,0,0,-0.023904201497906327,0.04485605545888206,-0.010769230769230777,0,0,0,0,0,0,0,0,0
0.19918900528248992,-0.14781523613530007,0.703,-0.24141394213585582,-0.24324369812011717,-0.017213653564453125,0,0,0.7,undefined,-0.19918900528248992,0.14781523613530007,-0.0030000000000000027,0,-0.019992660722192857,0.03167744372038738,-0.01807164179104479,0,0,0,0,0,0,0,0,0
0.18374462914974246,-0.14534908085534654,0.703,-0.242600766027212,-0.23379151916503907,-0.019466064453125,0,0,0.7,undefined,-0.18374462914974246,0.14534908085534654,-0.0030000000000000027,0,-0.011620054568610455,0.03194618572155786,-0.0024000000000000024,0,0,0,0,0,0,0,0,0
0.16978122302898835,-0.1421020313279688,0.705,-0.24310691151029026,-0.21501811218261718,-0.0030365583896636962,0,0,0.7,undefined,-0.16978122302898835,0.1421020313279688,-0.0050000000000000044,0,-0.015163473299517338,0.02733344285214256,-0.014606060606060617,0,0,0,0,0,0,0,0,0
0.15890746289063654,-0.1391052971113619,0.704,-0.24300219175517052,-0.16913079833984376,0.004366353511810302,0,0,0.7,undefined,-0.15890746289063654,0.1391052971113619,-0.0040000000000000036,0,-0.02441078404185784,0.027354261769367085,0.0022687500000000017,0,0,0,0,0,0,0,0,0
0.1488363965997775,-0.1367953735746764,0.704,-0.24268803248981155,-0.1549647979736328,-0.002718282461166382,0,0,0.7,undefined,-0.1488363965997775,0.1367953735746764,-0.0040000000000000036,0,-0.025532188950543114,0.03089036538926345,-0.003200000000000003,0,0,0,0,0,0,0,0,0
0.14079920644842045,-0.1345967967336649,0.707,-0.2435257905307689,-0.12495015716552735,0.003040640830993652,0,0,0.7,undefined,-0.14079920644842045,0.1345967967336649,-0.007000000000000006,0,-0.03239222815151,0.030910101124105905,-0.021509090909090926,0,0,0,0,0,0,0,0,0
0.13472440254884227,-0.1319718689905836,0.708,-0.24331635102052945,-0.09792746734619141,0.016240257263183594,0,0,0.7,undefined,-0.13472440254884227,0.1319718689905836,-0.008000000000000007,0,-0.03831225494597765,0.027281952784062986,-0.011955555555555566,0,0,0,0,0,0,0,0,0
0.13053452356254647,-0.13015556824891775,0.709,-0.24272293907485146,-0.06756076812744141,0.011300457000732423,0,0,0.7,undefined,-0.13053452356254647,0.13015556824891775,-0.009000000000000008,0,-0.04783332356123661,0.03177399927014421,-0.012503030303030314,0,0,0,0,0,0,0,0,0
0.12845480211974955,-0.12849217794251938,0.71,-0.2423738732244526,-0.036278236389160154,0.016721662521362306,0,0,0.7,undefined,-0.12845480211974955,0.12849217794251938,-0.010000000000000009,0,-0.05789751361497372,0.032033682931905075,-0.013384615384615396,0,0,0,0,0,0,0,0,0
0.12690026746341512,-0.1273231481450693,0.712,-0.24219934029925308,-0.026845100402832032,0.011426396369934082,0,0,0.7,undefined,-0.12690026746341512,0.1273231481450693,-0.01200000000000001,0,-0.06003066031084037,0.034427675240993494,-0.020369230769230785,0,0,0,0,0,0,0,0,0
0.12533183893557068,-0.1265375284346159,0.715,-0.241605928353575,-0.02566608428955078,0.005797805786132812,0,0,0.7,undefined,-0.12533183893557068,0.1265375284346159,-0.015000000000000013,0,-0.05950770625100984,0.03646756174226237,-0.0276716417910448,0,0,0,0,0,0,0,0,0
0.1246755108883369,-0.12609873965128673,0.715,-0.24202480737405377,-0.011133758544921876,0.004035144805908203,0,0,0.7,undefined,-0.1246755108883369,0.12609873965128673,-0.015000000000000013,0,-0.06380510422458731,0.03808163541237395,-0.01200000000000001,0,0,0,0,0,0,0,0,0
0.12549961806062068,-0.1256894917388111,0.717,-0.2414488487208956,0.010530064582824707,0.008922496795654296,0,0,0.7,undefined,-0.12549961806062068,0.1256894917388111,-0.017000000000000015,0,-0.07231651979529133,0.03830927748480861,-0.024206060606060627,0,0,0,0,0,0,0,0,0
0.1256505272935417,-0.12684555763677086,0.717,-0.24123940921065626,0.006344374656677246,-0.01629671287536621,0,0,0.7,undefined,-0.1256505272935417,0.12684555763677086,-0.017000000000000015,0,-0.06891597012419413,0.047133771167753816,-0.013600000000000013,0,0,0,0,0,0,0,0,0
0.1258593768865745,-0.12734839524565558,0.715,-0.2414313954283757,0.004843994140625,-0.006575718879699707,0,0,0.7,undefined,-0.1258593768865745,0.12734839524565558,-0.015000000000000013,0,-0.06941419007013486,0.04385001581230957,-0.0012307692307692332,0,0,0,0,0,0,0,0,0
0.1257618158758258,-0.1290070425694569,0.715,-0.24115214274805655,0.004527586936950684,-0.024508008956909178,0,0,0.7,undefined,-0.1257618158758258,0.1290070425694569,-0.015000000000000013,0,-0.06780646863512883,0.05052102455294033,-0.01200000000000001,0,0,0,0,0,0,0,0,0
0.1246726913800786,-0.13104921547289222,0.716,-0.24130922238073607,-0.008548410415649414,-0.033647789001464846,0,0,0.7,undefined,-0.1246726913800786,0.13104921547289222,-0.016000000000000014,0,-0.0619029163200156,0.05358982396737713,-0.018268750000000018,0,0,0,0,0,0,0,0,0
0.12246403279785889,-0.1338500002989801,0.721,-0.24129176908821603,-0.022130245208740233,-0.04871170425415039,0,0,0.7,undefined,-0.12246403279785889,0.1338500002989801,-0.02100000000000002,0,-0.05512297948611081,0.058202914154750235,-0.04331515151515155,0,0,0,0,0,0,0,0,0
0.12026038218316745,-0.13545057186667916,0.725,-0.24205971395909368,-0.026360145568847658,-0.031211719512939454,0,0,0.7,undefined,-0.12026038218316745,0.13545057186667916,-0.025000000000000022,0,-0.05394609581555853,0.052536943979372315,-0.04153846153846157,0,0,0,0,0,0,0,0,0
0.1178726885592838,-0.1366618532114649,0.722,-0.24179791457129454,-0.030416040420532225,-0.026224573135375975,0,0,0.7,undefined,-0.1178726885592838,0.1366618532114649,-0.02200000000000002,0,-0.052033844338443255,0.050795524595211236,-0.0016909090909090936,0,0,0,0,0,0,0,0,0
0.11569647289208797,-0.13896767604281998,0.717,-0.24202480737405377,-0.023411720275878907,-0.04139754104614258,0,0,0.7,undefined,-0.11569647289208797,0.13896767604281998,-0.017000000000000015,0,-0.05248531169647593,0.05702651353705456,0.012135294117647065,0,0,0,0,0,0,0,0,0
0.1131449958969961,-0.1409685404921966,0.715,-0.24193754091145395,-0.029963525772094726,-0.038310874938964845,0,0,0.7,undefined,-0.1131449958969961,0.1409685404921966,-0.015000000000000013,0,-0.047840079595184305,0.05732492772345119,-0.0005245901639344269,0,0,0,0,0,0,0,0,0
0.11081759795296232,-0.1425107790106885,0.715,-0.24202480737405377,-0.028351768493652344,-0.03082394218444824,0,0,0.7,undefined,-0.11081759795296232,0.1425107790106885,-0.015000000000000013,0,-0.04885589138925648,0.05470422274726859,-0.01200000000000001,0,0,0,0,0,0,0,0,0
0.10710424977457808,-0.14472560166674633,0.716,-0.24260076602721198,-0.04611445999145508,-0.045603675842285155,0,0,0.7,undefined,-0.10710424977457808,0.14472560166674633,-0.016000000000000014,0,-0.039606026108223016,0.05908434807975497,-0.018184615384615403,0,0,0,0,0,0,0,0,0
0.10417025766379806,-0.14578793660247416,0.719,-0.24333380431304957,-0.038893077850341795,-0.02604079818725586,0,0,0.7,undefined,-0.10417025766379806,0.14578793660247416,-0.019000000000000017,0,-0.04264368508033413,0.053206894806759705,-0.031109090909090933,0,0,0,0,0,0,0,0,0
0.10136456826872008,-0.14630161856992244,0.717,-0.2437701366260481,-0.03898901748657226,-0.017618257522583006,0,0,0.7,undefined,-0.10136456826872008,0.14630161856992244,-0.017000000000000015,0,-0.04198813418718147,0.05054803514861635,-0.0029939393939393995,0,0,0,0,0,0,0,0,0
0.09793739570723622,-0.1467359074061699,0.719,-0.24377013662604807,-0.04831539916992188,-0.0187296257019043,0,0,0.7,undefined,-0.09793739570723622,0.1467359074061699,-0.019000000000000017,0,-0.03647353377706668,0.05042317881396043,-0.026137500000000022,0,0,0,0,0,0,0,0,0
0.0948933058023442,-0.14619716221814424,0.722,-0.2439970294288073,-0.046261863708496095,-0.003178703308105469,0,0,0.7,undefined,-0.0948933058023442,0.14619716221814424,-0.02200000000000002,0,-0.0378554550953886,0.045170149748548175,-0.033271641791044804,0,0,0,0,0,0,0,0,0
0.09234551075068652,-0.14543822122993755,0.723,-0.24382249650360788,-0.03983515548706055,0.001814352035522461,0,0,0.7,undefined,-0.09234551075068652,0.14543822122993755,-0.02300000000000002,0,-0.03860936669742169,0.043699429918880345,-0.023868750000000022,0,0,0,0,0,0,0,0,0
0.08943622693303009,-0.14478823229862747,0.723,-0.24284511212249094,-0.04470225143432617,-0.0010736637115478515,0,0,0.7,undefined,-0.08943622693303009,0.14478823229862747,-0.02300000000000002,0,-0.03548073812208752,0.04424906372037486,-0.018400000000000017,0,0,0,0,0,0,0,0,0
0.08723810162259929,-0.14353752255525523,0.723,-0.24335125760556942,-0.036515693664550784,0.01028157615661621,0,0,0.7,undefined,-0.08723810162259929,0.14353752255525523,-0.02300000000000002,0,-0.03862275523875777,0.040936402975937376,-0.018400000000000017,0,0,0,0,0,0,0,0,0
0.08500200247724429,-0.14230574578792696,0.722,-0.24267057919729162,-0.037005287170410156,0.009850214958190918,0,0,0.7,undefined,-0.08500200247724429,0.14230574578792696,-0.02200000000000002,0,-0.03661822805685782,0.040346876663550205,-0.012044444444444455,0,0,0,0,0,0,0,0,0
0.08213716186203911,-0.14114189680874728,0.724,-0.2429149252925709,-0.04590851974487305,0.00662007999420166,0,0,0.7,undefined,-0.08213716186203911,0.14114189680874728,-0.02400000000000002,0,-0.032235905083110694,0.04066578934699704,-0.029969230769230797,0,0,0,0,0,0,0,0,0
0.08005935360926826,-0.13981235673432163,0.723,-0.24179791457129454,-0.0350490608215332,0.011860869407653808,0,0,0.7,undefined,-0.08005935360926826,0.13981235673432163,-0.02300000000000002,0,-0.03565722485288199,0.039575491295001416,-0.013096969696969711,0,0,0,0,0,0,0,0,0
0.07815141785376208,-0.1381483832562457,0.723,-0.241605928353575,-0.03376302337646484,0.017380714416503906,0,0,0.7,undefined,-0.07815141785376208,0.1381483832562457,-0.02300000000000002,0,-0.03549923530310771,0.03725682981482798,-0.018400000000000017,0,0,0,0,0,0,0,0,0
0.07679059167077006,-0.13617964594411644,0.725,-0.2410474229929369,-0.026885181427001952,0.02378941535949707,0,0,0.7,undefined,-0.07679059167077006,0.13617964594411644,-0.025000000000000022,0,-0.03792650173850704,0.035275670752224,-0.03060606060606063,0,0,0,0,0,0,0,0,0
0.07569014071807754,-0.13361692338099576,0.728,-0.24069835714253796,-0.025206121444702148,0.03338896179199219,0,0,0.7,undefined,-0.07569014071807754,0.13361692338099576,-0.028000000000000025,0,-0.03862312929024693,0.031017753422113343,-0.038806250000000035,0,0,0,0,0,0,0,0,0
0.07527026565103213,-0.13106218055703162,0.727,-0.2403492912921392,-0.015251590728759765,0.03571505737304687,0,0,0.7,undefined,-0.07527026565103213,0.13106218055703162,-0.027000000000000024,0,-0.04225435107556238,0.03080484201922687,-0.016296969696969716,0,0,0,0,0,0,0,0,0
0.07507481873615958,-0.1282165060012053,0.725,-0.24015730507441976,-0.013008277893066406,0.040760261535644535,0,0,0.7,undefined,-0.07507481873615958,0.1282165060012053,-0.025000000000000022,0,-0.04337962998963493,0.028259496000399877,-0.00923076923076924,0,0,0,0,0,0,0,0,0
0.0748760269974539,-0.125119526348655,0.725,-0.2399129589791405,-0.013945798873901367,0.04441221618652344,0,0,0.7,undefined,-0.0748760269974539,0.125119526348655,-0.025000000000000022,0,-0.043310892947959735,0.026058548506709273,-0.020000000000000018,0,0,0,0,0,0,0,0,0
0.07502456158068292,-0.12158393499521,0.724,-0.23958134642126155,-0.01043760108947754,0.05204432678222656,0,0,0.7,undefined,-0.07502456158068292,0.12158393499521,-0.02400000000000002,0,-0.04529277690069807,0.023004812694284955,-0.013896969696969713,0,0,0,0,0,0,0,0,0
0.07507089442703659,-0.11775189111622686,0.724,-0.23958134642126155,-0.0129647855758667,0.056003780364990235,0,0,0.7,undefined,-0.07507089442703659,0.11775189111622686,-0.02400000000000002,0,-0.044829688053893306,0.019723418864166092,-0.01920000000000002,0,0,0,0,0,0,0,0,0
0.07473243120460772,-0.11378224783931687,0.723,-0.23952898654370175,-0.019061641693115236,0.05663916015625,0,0,0.7,undefined,-0.07473243120460772,0.11378224783931687,-0.02300000000000002,0,-0.0426331554948483,0.01818797204509316,-0.013015384615384628,0,0,0,0,0,0,0,0,0
0.07476192924817636,-0.10970120451780994,0.723,-0.2392148272783428,-0.014093274116516114,0.059572906494140626,0,0,0.7,undefined,-0.07476192924817636,0.10970120451780994,-0.02300000000000002,0,-0.04467782966447664,0.016435118437594164,-0.018400000000000017,0,0,0,0,0,0,0,0,0
0.07500487422718863,-0.10508052960387981,0.722,-0.23855160216258503,-0.012881928443908692,0.06819992065429688,0,0,0.7,undefined,-0.07500487422718863,0.10508052960387981,-0.02200000000000002,0,-0.0459783143374281,0.012589538678198321,-0.012296969696969709,0,0,0,0,0,0,0,0,0
0.07508556998032645,-0.100275979247423,0.72,-0.23816762972714617,-0.015853245735168456,0.07031339263916016,0,0,0.7,undefined,-0.07508556998032645,0.100275979247423,-0.020000000000000018,0,-0.04520216993929088,0.010620540181904576,-0.005552238805970156,0,0,0,0,0,0,0,0,0
0.0746555378262063,-0.09508862026289994,0.717,-0.23816762972714617,-0.024625608444213867,0.07409213256835938,0,0,0.7,undefined,-0.0746555378262063,0.09508862026289994,-0.017000000000000015,0,-0.04222357434909345,0.005403974676661042,0.003066666666666667,0,1425393411650,0,0,0,0,0,0,0
0.07442024090945622,-0.08992608274715412,0.714,-0.23752185790390817,-0.021699195861816407,0.0744194564819336,0,0,0.7,undefined,-0.07442024090945622,0.08992608274715412,-0.014000000000000012,0,-0.04327638317231415,0.004934047469912075,0.004953846153846154,0,1425393411650,0,0,0,0,0,0,0
0.07290876151108025,-0.08400980940029328,0.713,-0.23720769863854924,-0.04291667175292969,0.08091787719726562,0,0,0.7,undefined,-0.07290876151108025,0.08400980940029328,-0.013000000000000012,0,-0.03582032560161481,-0.0003612859684165512,-0.005096969696969703,0,1425393411650,0,0,0,0,0,0,0
0.07276478211483692,-0.07770881786196918,0.712,-0.23726005851610915,-0.02430921173095703,0.09136075592041015,0,0,0.7,undefined,-0.07276478211483692,0.07770881786196918,-0.01200000000000001,0,-0.04303578039178207,-0.004755311834481239,-0.004215384615384621,0,1425393411650,0,0,0,0,0,0,0
0.07267517736749926,-0.07008105818584626,0.71,-0.23729496510114895,-0.028198884963989257,0.11089517974853516,0,0,0.7,undefined,-0.07267517736749926,0.07008105818584626,-0.010000000000000009,0,-0.04334685955801134,-0.012914775223533657,0.002447761194029851,0,1425393411650,0,0,0,0,0,0,0
0.0721752003368198,-0.062394442091930236,0.708,-0.23717279205350944,-0.03439337921142578,0.11030528259277343,0.07267517736749926,-0.07008105818584626,0.71,-0.23729496510114895,0.0004999770306794576,-0.007686616093916021,0.0020000000000000018,-0.00012217304763950665,0.0002499885153397288,-0.002305984828174806,0.0016000000000000016,-0.00012217304763950665,1425393411650,0,0,0,0,0,0,0
0.07272885109184588,-0.053934971560361096,0.704,-0.23729496510114895,-0.021741708755493163,0.12529110717773437,0.07267517736749926,-0.07008105818584626,0.71,-0.23729496510114895,-0.00005367372434661455,-0.01614608662548516,0.006000000000000005,0,-0.0029628990180302437,-0.04971531098132137,0.026012121212121233,0.0005553320347250302,1425393412043,0,0,0,0,0,0,0
0.07408510078389031,-0.047025623173565234,0.703,-0.23780111058422743,-0.00458948802947998,0.10551824951171875,0.07267517736749926,-0.07008105818584626,0.71,-0.23729496510114895,-0.001409923416391054,-0.023055435012281023,0.007000000000000006,0.0005061454830784795,-0.00824060589596392,-0.04532708066044743,0.011155555555555564,0.0029163620691664773,1425393412106,0,0,0,0,0,0,0
0.07502580337106252,-0.03976004391946571,0.699,-0.2377312974141476,-0.01195942783355713,0.10924066925048828,0.07267517736749926,-0.07008105818584626,0.71,-0.23729496510114895,-0.0023506260035632554,-0.03032101426638055,0.01100000000000001,0.00043633231299866626,-0.006166362417267563,-0.047671084444118626,0.030012121212121233,0.00011899972172678787,1425393412172,0,0,0,0,0,0,0
0.07605505556339741,-0.03367180977758753,0.699,-0.23736477827122873,-0.006501972198486328,0.09239082336425782,0.07267517736749926,-0.07008105818584626,0.71,-0.23729496510114895,-0.0033798781958981478,-0.036409248408258724,0.01100000000000001,0.00006981317007978549,-0.007152800472543421,-0.04327808798339708,0.008800000000000007,-0.0015961829340969452,1425393412238,0,0,0,0,0,0,0
0.07845464294296829,-0.027103035709272146,0.697,-0.23708552559090956,0.011815649032592773,0.1042325439453125,0.07267517736749926,-0.07008105818584626,0.71,-0.23729496510114895,-0.005779465575469031,-0.04297802247657411,0.013000000000000012,-0.00020943951023938423,-0.01602088093691312,-0.048913119178052834,0.02133750000000002,-0.0015184364492354923,1425393412302,0,0,0,0,0,0,0
0.08248216878429156,-0.02065491921820485,0.699,-0.23698080583578995,0.03600583267211914,0.10820532989501953,0.07267517736749926,-0.07008105818584626,0.71,-0.23729496510114895,-0.009806991416792296,-0.049426138967641406,0.01100000000000001,-0.0003141592653589931,-0.026604952527092676,-0.049677325189195334,-0.00196923076923077,-0.00079748121206488,1425393412367,0,0,0,0,0,0,0
0.08695726845336342,-0.015553759619850524,0.698,-0.23657938010783128,0.047286487579345705,0.09013803863525391,0.07267517736749926,-0.07008105818584626,0.71,-0.23729496510114895,-0.01428209108586416,-0.05452729856599573,0.01200000000000001,-0.0007155849933176694,-0.03126179863948071,-0.04399027100585354,0.014984615384615398,-0.002568319122357714,1425393412432,0,0,0,0,0,0,0
0.09176554341778262,-0.010965428786653266,0.699,-0.23579398194443388,0.053984031677246094,0.08381222534179687,0.07267517736749926,-0.07008105818584626,0.71,-0.23729496510114895,-0.01909036605028336,-0.05911562939919299,0.01100000000000001,-0.0015009831567150689,-0.03547236568072404,-0.04264380975638413,0.0034153846153846187,-0.005125897757010759,1425393412497,0,0,0,0,0,0,0
0.09700572510676654,-0.007474983056762458,0.7,-0.23568926218931416,0.0641964111328125,0.06927071380615234,0.07267517736749926,-0.07008105818584626,0.71,-0.23729496510114895,-0.02433054773926728,-0.0626060751290838,0.010000000000000009,-0.0016057029118347887,-0.039592130095244704,-0.037260164474858984,0.002776119402985078,-0.002074597337743982,1425393412564,0,0,0,0,0,0,0
0.10365437434502733,-0.004557879368284012,0.699,-0.23486895744087688,0.0867548370361328,0.0658350601196289,0.07267517736749926,-0.07008105818584626,0.71,-0.23729496510114895,-0.030979196977528073,-0.06552317881756224,0.01100000000000001,-0.002426007660272067,-0.05192199847226342,-0.03589646948890206,0.014268750000000012,-0.006271186168571809,1425393412628,0,0,0,0,0,0,0
0.11055043566230849,-0.003349590031647926,0.699,-0.23446753171291812,0.09638311767578125,0.04169904327392578,0.07267517736749926,-0.07008105818584626,0.71,-0.23729496510114895,-0.03787525829480923,-0.06673146815419834,0.01100000000000001,-0.0028274333882308267,-0.05616748538934005,-0.026855594298944057,0.008800000000000007,-0.004680167517271256,1425393412693,0,0,0,0,0,0,0
0.11693191578614336,-0.003508868484728367,0.7,-0.23439771854283842,0.09365813446044922,0.019914867401123047,0.07267517736749926,-0.07008105818584626,0.71,-0.23729496510114895,-0.044256738418644095,-0.06657218970111789,0.010000000000000009,-0.002897246558310529,-0.05661617052036498,-0.0194872561263135,0.0026153846153846184,-0.0032194611894476163,1425393412758,0,0,0,0,0,0,0
0.12327288455944603,-0.00414269381927552,0.701,-0.2342406389101589,0.09472172546386719,0.01284364128112793,0.07267517736749926,-0.07008105818584626,0.71,-0.23729496510114895,-0.05059770719194677,-0.06593836436657073,0.009000000000000008,-0.003054326190990053,-0.059084582897737464,-0.0168370860993941,0.0018969696969697,-0.003768324521351527,1425393412824,0,0,0,0,0,0,0
0.12909400698330092,-0.0061216307463595465,0.708,-0.23520056999875583,0.09182209014892578,-0.008606783866882324,0.07267517736749926,-0.07008105818584626,0.71,-0.23729496510114895,-0.05641882961580166,-0.06395942743948671,0.0020000000000000018,-0.0020943951023931207,-0.05793515613147804,-0.009610646120113647,-0.03390724637681161,0.0020792183262891943,1425393412893,0,0,0,0,0,0,0
0.1350132228761263,-0.008952135216509005,0.712,-0.23630012742751216,0.0962379150390625,-0.020597572326660155,0.07267517736749926,-0.07008105818584626,0.71,-0.23729496510114895,-0.06233804550862704,-0.06112892296933725,-0.0020000000000000018,-0.0009948376736367837,-0.06536807184004179,-0.002596269865210162,-0.024550819672131168,0.00441282181205012,1425393412954,0,0,0,0,0,0,0
0.14029781111243303,-0.011638721827747707,0.713,-0.23631758072003217,0.086500244140625,-0.02062152671813965,0.07267517736749926,-0.07008105818584626,0.71,-0.23729496510114895,-0.06762263374493377,-0.05844233635809855,-0.0030000000000000027,-0.0009773843811167748,-0.06254708164954206,-0.0036026452203840216,-0.0077846153846153916,-0.0008968307233321187,1425393413019,0,0,0,0,0,0,0
0.14454408383626277,-0.015456600958075687,0.717,-0.23680627291059056,0.0753316879272461,-0.040764190673828124,0.07267517736749926,-0.07008105818584626,0.71,-0.23729496510114895,-0.07186890646876351,-0.05462445722777057,-0.007000000000000006,-0.0004886921905583874,-0.058780289300551763,0.0032867594994026687,-0.02681212121212123,0.0017326359483433736,1425393413085,0,0,0,0,0,0,0
0.14711657753882018,-0.021446785334477955,0.721,-0.2363001274275122,0.05858990478515625,-0.07829259490966797,0.07267517736749926,-0.07008105818584626,0.71,-0.23729496510114895,-0.07444140017132092,-0.0486342728513683,-0.01100000000000001,-0.000994837673636756,-0.0514486993001585,0.017060712763392057,-0.030338461538461564,-0.003330893749383072,1425393413150,0,0,0,0,0,0,0
0.14985685763859896,-0.0271718712032249,0.719,-0.23614304779483267,0.060066204071044925,-0.0738670654296875,0.07267517736749926,-0.07008105818584626,0.71,-0.23729496510114895,-0.0771816802710997,-0.04290918698262136,-0.009000000000000008,-0.0011519173063162802,-0.05354967849932777,0.016855383360164844,0.003406060606060607,-0.0018659156366777542,1425393413216,0,0,0,0,0,0,0
0.1510255177835559,-0.034020117878953766,0.717,-0.23652702023027153,0.04107607269287109,-0.09577166748046875,0.07267517736749926,-0.07008105818584626,0.71,-0.23729496510114895,-0.07835034041605665,-0.03606094030689249,-0.007000000000000006,-0.0007679448708774184,-0.046043474549488074,0.025977823519563764,0.005337500000000005,0.0010319259202422465,1425393413280,0,0,0,0,0,0,0
0.1515795651403322,-0.04072089663654688,0.714,-0.23677136632555065,0.031631998062133786,-0.09576576995849609,0.07267517736749926,-0.07008105818584626,0.71,-0.23729496510114895,-0.07890438777283293,-0.02936016154929938,-0.0040000000000000036,-0.000523598775598294,-0.04296400783329826,0.02659874042098222,0.012953846153846161,0.0006041524333822797,1425393413345,0,0,0,0,0,0,0
0.15145975253650998,-0.04739179232110145,0.714,-0.2371029788834297,0.021724361419677735,-0.0976932601928711,0.07267517736749926,-0.07008105818584626,0.71,-0.23729496510114895,-0.07878457516901072,-0.022689265864744804,-0.0040000000000000036,-0.00019198621771923663,-0.03932683479433207,0.028424352248713626,-0.003200000000000003,0.0013385332801841051,1425393413410,0,0,0,0,0,0,0
0.14989889025648764,-0.05375662599112245,0.714,-0.2371029788834297,-0.00033258748054504393,-0.09830083465576171,0.07267517736749926,-0.07008105818584626,0.71,-0.23729496510114895,-0.07722371288898838,-0.016324432194723806,-0.0040000000000000036,-0.00019198621771923663,-0.030965216124824134,0.028155726518123383,-0.003200000000000003,-0.00019198621771923663,1425393413476,0,0,0,0,0,0,0
0.1477675152363935,-0.05960696191462079,0.713,-0.23684117949563058,-0.010463593482971191,-0.09280937957763671,0.07267517736749926,-0.07008105818584626,0.71,-0.23729496510114895,-0.07509233786889424,-0.010474096271225468,-0.0030000000000000027,-0.00045378560551836977,-0.026923643208904904,0.027175517250983414,0.0029030303030303044,-0.0016437828227871566,1425393413542,0,0,0,0,0,0,0
0.14536252679608874,-0.06517529181389449,0.713,-0.23661428669287113,-0.015470038414001465,-0.08965761566162109,0.07267517736749926,-0.07008105818584626,0.71,-0.23729496510114895,-0.07268734942858948,-0.004905766371951767,-0.0030000000000000027,-0.0006806784082778183,-0.024121204329074976,0.0278016336296483,-0.0024000000000000024,-0.0017278759594752731,1425393413607,0,0,0,0,0,0,0
0.1421857757112049,-0.07093138615994753,0.711,-0.23685863278815036,-0.026084053039550782,-0.09510575866699218,0.07267517736749926,-0.07008105818584626,0.71,-0.23729496510114895,-0.06951059834370563,0.0008503279741012698,-0.0010000000000000009,-0.000436332312998583,-0.01842236566628441,0.030540053975459183,0.009969230769230777,0.0006914188959825031,1425393413672,0,0,0,0,0,0,0
0.1400245598472029,-0.07568279272458504,0.712,-0.23624776754995228,-0.014789344787597657,-0.07688814544677734,0.07267517736749926,-0.07008105818584626,0.71,-0.23729496510114895,-0.06734938247970365,0.005601734538738787,-0.0020000000000000018,-0.0010471975511966714,-0.022671294847568853,0.026958961534261836,-0.0070687500000000065,-0.0039106283552502105,1425393413736,0,0,0,0,0,0,0
0.13721761805396568,-0.08013439109979878,0.71,-0.23586379511451364,-0.025305734634399415,-0.07477393341064453,0.07267517736749926,-0.07008105818584626,0.71,-0.23729496510114895,-0.06454244068646642,0.010053332913952523,0,-0.0014311699866353111,-0.018014623830072143,0.026286866160163343,0.010769230769230777,-0.0032033504578905716,1425393413801,0,0,0,0,0,0,0
0.1340747633846803,-0.08298639617417491,0.711,-0.2355845424341945,-0.03584059524536133,-0.05261209106445312,0.07267517736749926,-0.07008105818584626,0.71,-0.23729496510114895,-0.06139958601718104,0.012905337988328658,-0.0010000000000000009,-0.001710422666954453,-0.015180738655528415,0.018079503132245232,-0.006023880597014929,-0.002960807802711805,1425393413868,0,0,0,0,0,0,0
0.13121989064419518,-0.08473090846239378,0.712,-0.2356019957267144,-0.03553239822387695,-0.03544028091430664,0.07267517736749926,-0.07008105818584626,0.71,-0.23729496510114895,-0.058544713276695914,0.014649850276547527,-0.0020000000000000018,-0.0016929693744345553,-0.014596083128372553,0.013254000328463224,-0.0070687500000000065,-0.0016111570657475344,1425393413932,0,0,0,0,0,0,0
0.12949820419637348,-0.08532955079663111,0.714,-0.2345897047605578,-0.02301574516296387,-0.014759921073913574,0.07267517736749926,-0.07008105818584626,0.71,-0.23729496510114895,-0.05682302682887422,0.015248492610784856,-0.0040000000000000036,-0.0027052603405911535,-0.02011414083700399,0.007126661695550877,-0.01396923076923078,-0.007377372492083145,1425393413997,0,0,0,0,0,0,0
0.12723796449569583,-0.08607255269572744,0.714,-0.2347467843932372,-0.030384374618530274,-0.018720449447631834,0.07267517736749926,-0.07008105818584626,0.71,-0.23729496510114895,-0.054562787128196566,0.015991494509881188,-0.0040000000000000036,-0.0025481807079117402,-0.01611958466753565,0.008137277470567372,-0.003200000000000003,-0.0018231977878529098,1425393414062,0,0,0,0,0,0,0
0.12551880815186892,-0.08660899500249615,0.712,-0.23462461134559773,-0.02320846176147461,-0.013823993682861328,0.07267517736749926,-0.07008105818584626,0.71,-0.23729496510114895,-0.052843630784369655,0.016527936816649894,-0.0020000000000000018,-0.002670353755551219,-0.018348666570166344,0.007153108952846339,0.009006060606060611,-0.003225685790276123,1425393414128,0,0,0,0,0,0,0
0.1242565450194555,-0.08605051476244055,0.715,-0.23445007842039833,-0.02036270332336426,0.003745958089828491,0.07267517736749926,-0.07008105818584626,0.71,-0.23729496510114895,-0.05158136765195624,0.015969456576594293,-0.0050000000000000044,-0.0028448866807506135,-0.020174497251984537,0.0011896972768898001,-0.019909090909090925,-0.003638218158929679,1425393414194,0,0,0,0,0,0,0
0.12319961360104403,-0.08571776588321506,0.713,-0.23431045208023873,-0.01657974624633789,0.001171677589416504,0.07267517736749926,-0.07008105818584626,0.71,-0.23729496510114895,-0.05052443623354477,0.0156367076973688,-0.0030000000000000027,-0.002984513020910212,-0.020592093129116834,0.0022417973094425473,0.008537500000000007,-0.0036390114904083313,1425393414258,0,0,0,0,0,0,0
0.12303764493191745,-0.08534034957184407,0.711,-0.23373449342708066,-0.0036775267124176027,0.004942479610443115,0.07267517736749926,-0.07008105818584626,0.71,-0.23729496510114895,-0.05036246756441819,0.015259291385997811,-0.0010000000000000009,-0.003560471674068283,-0.025465516957064005,0.0019569138455521377,0.009806060606060613,-0.006178465552059514,1425393414324,0,0,0,0,0,0,0
0.12380614570791473,-0.08456015584522653,0.71,-0.2330189084337631,0.008503523826599121,0.014054594039916992,0.07267517736749926,-0.07008105818584626,0.71,-0.23729496510114895,-0.05113096834041547,0.014479097659380269,0,-0.004276056667385841,-0.030944154544055438,-0.0005331119563125263,0.005468750000000005,-0.0076303613235618965,1425393414388,0,0,0,0,0,0,0
0.12422415711641803,-0.08363889630185226,0.708,-0.23146556539948812,0.002909709692001343,0.014893301963806152,0.07267517736749926,-0.07008105818584626,0.71,-0.23729496510114895,-0.05154897974891877,0.013557838116005999,0.0020000000000000018,-0.005829399701660826,-0.029234759127580327,-0.0014946210925865558,0.012369230769230778,-0.012998675244468445,1425393414453,0,0,0,0,0,0,0
0.12507346982987508,-0.08307974274414684,0.707,-0.23207643063768613,0.010475855827331543,0.011086163520812988,0.07267517736749926,-0.07008105818584626,0.71,-0.23729496510114895,-0.05239829246237582,0.012998684558300583,0.0030000000000000027,-0.005218534463462821,-0.03188039988371342,0.00038601884838352805,0.007623880597014932,-0.0024833169789941416,1425393414520,0,0,0,0,0,0,0
0.12660636783766613,-0.08238366262761426,0.707,-0.23380430659716056,0.01997557258605957,0.015449752807617187,0.07267517736749926,-0.07008105818584626,0.71,-0.23729496510114895,-0.05393119047016687,0.012302604441768006,0.0030000000000000027,-0.0034906585039883864,-0.036627692624990785,-0.0007006682361718544,0.0024000000000000024,0.004608760056048024,1425393414584,0,0,0,0,0,0,0
0.12809110434312201,-0.08140213436423978,0.706,-0.23621286096491265,0.018254091262817383,0.019482099533081054,0.07267517736749926,-0.07008105818584626,0.71,-0.23729496510114895,-0.055415926975622753,0.011321076178393522,0.0040000000000000036,-0.0010821041362363004,-0.03701778027952342,-0.002466232065781782,0.008584615384615392,0.010034300638004095,1425393414649,0,0,0,0,0,0,0
0.1296433968722929,-0.0806136972811162,0.705,-0.23696335254327022,0.01987013053894043,0.016947214126586913,0.07267517736749926,-0.07008105818584626,0.71,-0.23729496510114895,-0.05696821950479364,0.010532639095269941,0.0050000000000000044,-0.00033161255787872435,-0.038194719091406204,-0.001656195235494372,0.009384615384615392,0.0031321947268485497,1425393414714,0,0,0,0,0,0,0
0.13221692775679744,-0.07952381378657698,0.704,-0.23720769863854935,0.033686431884765625,0.024953525543212892,0.07267517736749926,-0.07008105818584626,0.71,-0.23729496510114895,-0.05954175038929818,0.009442755600730726,0.006000000000000005,-0.00008726646259960003,-0.04501916243090045,-0.003600195477261386,0.010184615384615393,0.0010404847463809737,1425393414779,0,0,0,0,0,0,0
0.1347396751509863,-0.07823796047393315,0.702,-0.23773129741414772,0.03224914932250977,0.027639986038208008,0.07267517736749926,-0.07008105818584626,0.71,-0.23729496510114895,-0.06206449778348705,0.008156902288086895,0.008000000000000007,0.0004363323129987773,-0.04564317651169701,-0.004829027084914757,0.016847761194029864,0.0027808044425437503,1425393414846,0,0,0,0,0,0,0
0.13718632033225134,-0.07691743251489762,0.702,-0.23724260522358925,0.031002758026123046,0.027893529891967774,0.07267517736749926,-0.07008105818584626,0.71,-0.23729496510114895,-0.06451114296475208,0.006836374329051362,0.008000000000000007,-0.0000523598775596934,-0.0471093459051969,-0.005725303298502923,0.006400000000000006,-0.0023431045208025247,1425393414910,0,0,0,0,0,0,0
0.1388876017473889,-0.0758471358808765,0.706,-0.23787092375430724,0.02103125,0.021602373123168945,1,0,0.7,undefined,0.8611123982526111,0.0758471358808765,-0.006000000000000005,0,0.43055619912630555,0.02275414076426295,-0.004800000000000005,0,0,0,0,0,0,0,0,0
0.14010096576188724,-0.0750521041597363,0.707,-0.23888321472046398,0.014877921104431152,0.015878324508666993,1,0,0.7,undefined,0.8598990342381128,0.0750521041597363,-0.007000000000000006,0,0.42375034231896896,0.018146071178318166,-0.011155555555555564,0,0,0,0,0,0,0,0,0
0.1402170848414324,-0.0744171691267826,0.708,-0.24007003861182005,-0.0005612286329269409,0.0096657075881958,1,0,0.7,undefined,0.8597829151585676,0.0744171691267826,-0.008000000000000007,0,0.4303667962835409,0.019001923776914065,-0.011784615384615395,0,0,0,0,0,0,0,0,0
0.1424126805958967,-0.0729395024037847,0.705,-0.24195499420397398,0.026719247817993164,0.029360061645507814,1,0,0.7,undefined,0.8575873194041033,0.0729395024037847,-0.0050000000000000044,0,0.4189993084318407,0.01430721965017563,0.011671641791044785,0,0,0,0,0,0,0,0,0
0.14640593202656793,-0.07130552537012728,0.703,-0.244415908449286,0.05228146362304688,0.03814753723144531,1,0,0.7,undefined,0.8535940679734321,0.07130552537012728,-0.0030000000000000027,0,0.40718041921915976,0.012646004696624635,0.008537500000000007,0,0,0,0,0,0,0,0,0
0.1555844825830843,-0.06972067351505883,0.701,-0.24760986098043555,0.12783353424072266,0.0563829345703125,1,0,0.7,undefined,0.8444155174169157,0.06972067351505883,-0.0010000000000000009,0,0.37631242020477773,0.01274785927419622,0.009806060606060613,0,0,0,0,0,0,0,0,0
0.17056858913964598,-0.06846633657216056,0.702,-0.2512052392395441,0.21329525756835938,0.07332745361328125,1,0,0.7,undefined,0.829431410860354,0.06846633657216056,-0.0020000000000000018,0,0.3360810020373529,0.013960238903499848,-0.0070687500000000065,0,0,0,0,0,0,0,0,0
0.19303106580565008,-0.06809900958537393,0.698,-0.2538930462876152,0.32499227905273437,0.08908995819091797,1,0,0.7,undefined,0.8069689341943499,0.06809900958537393,0.0020000000000000018,0,0.2863668288104442,0.018776045775933572,0.023138461538461556,0,0,0,0,0,0,0,0,0
0.2225395431879868,-0.06764430674159176,0.696,-0.2553242162742506,0.4267242431640625,0.11777836608886719,1,0,0.7,undefined,0.7774604568120131,0.06764430674159176,0.0040000000000000036,0,0.23893652361262685,0.01828755778951028,0.013647761194029861,0,0,0,0,0,0,0,0,0
0.2614551724902065,-0.06764642946060091,0.698,-0.25548129590693003,0.5648186645507812,0.1473966522216797,1,0,0.7,undefined,0.7385448275097934,0.06764642946060091,0.0020000000000000018,0,0.16128029234965202,0.020718410302690296,-0.009337500000000009,0,0,0,0,0,0,0,0,0
0.3097448438051897,-0.06802469749905764,0.701,-0.2544340983557335,0.7022680053710938,0.17756019592285155,1,0,0.7,undefined,0.6902551561948103,0.06802469749905764,-0.0010000000000000009,0,0.09038266320952237,0.02290132604740277,-0.016953846153846167,0,0,0,0,0,0,0,0,0
0.3648790235655044,-0.06984214036053717,0.704,-0.2543991917706937,0.8072494506835938,0.1817732696533203,1,0,0.7,undefined,0.6351209764344956,0.06984214036053717,-0.0040000000000000036,0,0.026373356489185706,0.031241359190280694,-0.019353846153846166,0,0,0,0,0,0,0,0,0
0.4246524353811755,-0.07081688624746689,0.704,-0.253037834954138,0.8714234008789062,0.2114916229248047,1,0,0.7,undefined,0.5753475646188245,0.07081688624746689,-0.0040000000000000036,0,-0.028119853799720707,0.027042214838690737,-0.003200000000000003,0,0,0,0,0,0,0,0,0
0.4884987003685653,-0.0734507817612412,0.71,-0.25263640922617936,0.9370883178710937,0.20150471496582031,1,0,0.7,undefined,0.5115012996314348,0.0734507817612412,-0.010000000000000009,0,-0.07136871242854775,0.03639211948672099,-0.039343283582089585,0,0,0,0,0,0,0,0,0
0.5594477083091319,-0.07755769477847296,0.712,-0.2523222499608204,1.0458511962890624,0.20636540222167968,1,0,0.7,undefined,0.44055229169086807,0.07755769477847296,-0.01200000000000001,0,-0.16103838524762423,0.046374355210564655,-0.02053750000000002,0,0,0,0,0,0,0,0,0
0.6318623209666342,-0.08216081752397685,0.712,-0.25202554398798127,1.0690621337890625,0.20431776428222656,1,0,0.7,undefined,0.3681376790333658,0.08216081752397685,-0.01200000000000001,0,-0.1989288522965803,0.05013506155533342,-0.00960000000000001,0,0,0,0,0,0,0,0,0
0.70525064587734,-0.08735175332774728,0.714,-0.2522698900832605,1.0854656982421875,0.19910406494140626,1,0,0.7,undefined,0.29474935412266,0.08735175332774728,-0.014000000000000012,0,-0.24067449365054167,0.05491426817294747,-0.02196923076923079,0,0,0,0,0,0,0,0,0
0.7793614015790893,-0.09218666437375468,0.716,-0.2507340003415055,1.0945775146484376,0.20724543762207032,1,0,0.7,undefined,0.22063859842091071,0.09218666437375468,-0.016000000000000014,0,-0.28147646836421547,0.05450760643063786,-0.02356923076923079,0,0,0,0,0,0,0,0,0
0.8505559086093806,-0.09954989243954998,0.721,-0.25174629130766235,1.0619283447265624,0.15797169494628907,1,0,0.7,undefined,0.14944409139061943,0.09954989243954998,-0.02100000000000002,0,-0.2898272829105991,0.06921376110103641,-0.04291940298507466,0,0,0,0,0,0,0,0,0
0.9160971266461989,-0.10574498395739337,0.728,-0.2512052392395441,0.97527685546875,0.1548931884765625,1,0,0.7,undefined,0.08390287335380109,0.10574498395739337,-0.028000000000000025,0,-0.30906112633933075,0.06655474786002442,-0.06068125000000005,0,0,0,0,0,0,0,0,0
0.9723511434147308,-0.11129592757995511,0.733,-0.2514495853348232,0.8380231323242188,0.129096435546875,1,0,0.7,undefined,0.027648856585269166,0.11129592757995511,-0.03300000000000003,0,-0.28164787096621485,0.06430266299069247,-0.053323076923076966,0,0,0,0,0,0,0,0,0
1.0219134977323874,-0.11555799380647536,0.744,-0.25118778594702396,0.735962890625,0.12305227661132813,1,0,0.7,undefined,-0.021913497732387377,0.11555799380647536,-0.04400000000000004,0,-0.2704112633169325,0.058716286499014676,-0.09443076923076932,0,0,0,0,0,0,0,0,0
1.0622808879190042,-0.11866998802714467,0.748,-0.2500707752257476,0.5981111450195312,0.10528753662109375,1,0,0.7,undefined,-0.06228088791900421,0.11866998802714467,-0.04800000000000004,0,-0.24112409566640525,0.0535343248413127,-0.05993846153846159,0,0,0,0,0,0,0,0,0
1.0967407593732048,-0.11998001919039018,0.751,-0.24869196511667213,0.505682861328125,0.10887883758544922,1,0,0.7,undefined,-0.09674075937320481,0.11998001919039018,-0.051000000000000045,0,-0.21585436168720928,0.04389831405674327,-0.05601739130434787,0,0,0,0,0,0,0,0,0
1.1200072138620116,-0.12036215581660847,0.754,-0.24860469865407253,0.33967086791992185,0.08034510803222657,1,0,0.7,undefined,-0.12000721386201163,0.12036215581660847,-0.05400000000000005,0,-0.18410843224210613,0.03959971686049135,-0.0601354838709678,0,0,0,0,0,0,0,0,0
1.1336252618240847,-0.1190756500081664,0.752,-0.24733060830011666,0.1932425537109375,0.06896549224853515,1,0,0.7,undefined,-0.13362526182408474,0.1190756500081664,-0.052000000000000046,0,-0.13298937496507307,0.03020660243198785,-0.030830769230769262,0,0,0,0,0,0,0,0,0
1.1395845229115524,-0.11716835796486035,0.754,-0.24801128670839445,0.07966470336914062,0.049622676849365235,1,0,0.7,undefined,-0.13958452291155243,0.11716835796486035,-0.05400000000000005,0,-0.09482011381620875,0.02636787914086711,-0.053969230769230825,0,0,0,0,0,0,0,0,0
1.1397112495846222,-0.11367628868559489,0.751,-0.24666738318435866,-0.011015581130981446,0.051244937896728515,1,0,0.7,undefined,-0.13971124958462222,0.11367628868559489,-0.051000000000000045,0,-0.063568334925908,0.016860732058797876,-0.024646153846153873,0,0,0,0,0,0,0,0,0
1.1357924214954516,-0.11008144316410143,0.746,-0.24651030355167924,-0.07016966247558594,0.03793741226196289,1,0,0.7,undefined,-0.13579242149545157,0.11008144316410143,-0.04600000000000004,0,-0.04023450537681864,0.015594807384921111,-0.0102848484848485,0,0,0,0,0,0,0,0,0
1.123645746976349,-0.10514251231699537,0.74,-0.24642303708907964,-0.19477024841308593,0.02738369560241699,1,0,0.7,undefined,-0.123645746976349,0.10514251231699537,-0.040000000000000036,0,0.010381968525435013,0.006650802476109139,0.0003076923076923005,0,0,0,0,0,0,0,0,0
1.1085570149837183,-0.10064155895756766,0.735,-0.2463183173339599,-0.23596299743652344,0.010264358520507812,1,0,0.7,undefined,-0.10855701498371828,0.10064155895756766,-0.03500000000000003,0,0.032465519395609314,0.008092490862500402,-0.0014848484848484916,0,0,0,0,0,0,0,0,0
1.0919508267765894,-0.09539172504242006,0.731,-0.24642303708907962,-0.26077578735351564,0.015633086204528808,1,0,0.7,undefined,-0.09195082677658939,0.09539172504242006,-0.031000000000000028,0,0.05150885373654935,0.001737254226091077,-0.002925000000000004,0,1425393416996,0,0,0,0,0,0,0
1.0737625655088576,-0.09134819199977993,0.727,-0.24699899574223758,-0.2793777160644531,-0.007731004714965821,1,0,0.7,undefined,-0.07376256550885762,0.09134819199977993,-0.027000000000000024,0,0.06767673838673093,0.0075207296319615945,-0.00006153846153846704,0,1425393416996,0,0,0,0,0,0,0
1.0552551203013776,-0.08782215315038232,0.724,-0.2478018471981551,-0.2821177978515625,-0.016589324951171876,1,0,0.7,undefined,-0.05525512030137758,0.08782215315038232,-0.02400000000000002,0,0.07563733253790832,0.00987502311966472,-0.0035283582089552304,0,1425393416996,0,0,0,0,0,0,0
1.0382204582750085,-0.08445985935345328,0.721,-0.24724334183751678,-0.26008502197265626,-0.013778446197509765,1,0,0.7,undefined,-0.03822045827500853,0.08445985935345328,-0.02100000000000002,0,0.07917423955245248,0.009236180912313815,-0.0006461538461538519,0,1425393416996,0,0,0,0,0,0,0
1.0224598272308898,-0.08345647813617327,0.716,-0.24860469865407248,-0.23290382385253905,-0.04326393890380859,1,0,0.7,undefined,-0.022459827230889795,0.08345647813617327,-0.016000000000000014,0,0.08150602858869813,0.021605996567677883,0.014543750000000008,0,1425393416996,0,0,0,0,0,0,0
1.0081527018845042,-0.08188145275198369,0.713,-0.2496868027903088,-0.2138222198486328,-0.029905349731445312,1,0,0.7,-0.24860469865407248,-0.008152701884504232,0.08188145275198369,-0.013000000000000012,0.0010821041362363282,-0.004076350942252116,0.024564435825595105,-0.01040000000000001,0.0010821041362363282,1425393416996,0,0,0,0,0,0,0
0.9960396338123075,-0.08086562718937051,0.712,-0.25130995899466363,-0.17982676696777344,-0.03013230514526367,1,0,0.7,-0.24860469865407248,0.003960366187692466,0.08086562718937051,-0.01200000000000001,0.0027052603405911535,0.06720697002831198,0.01884242086195176,-0.004215384615384621,0.010196750514536501,1425393417390,0,0,0,0,0,0,0
0.9868816754539554,-0.08046500614882238,0.712,-0.2519906374029413,-0.13454861450195313,-0.02833950424194336,1,0,0.7,-0.24860469865407248,0.013118324546044557,0.08046500614882238,-0.01200000000000001,0.003385938748868833,0.05665271701099175,0.02205266579075742,-0.00960000000000001,0.006576618787670456,1425393417454,0,0,0,0,0,0,0
0.9817489734738839,-0.08040348989327176,0.715,-0.25293311519901823,-0.07478908538818359,-0.0183026180267334,1,0,0.7,-0.24860469865407248,0.0182510265261161,0.08040348989327176,-0.015000000000000013,0.004328416544945757,0.03766299237589842,0.0239340044529414,-0.02866666666666669,0.008816406050073965,1425393417517,0,0,0,0,0,0,0
0.9783283069145892,-0.08069082214795184,0.717,-0.2547657109136123,-0.04859889602661133,-0.01701291275024414,1,0,0.7,-0.24860469865407248,0.021671693085410837,0.08069082214795184,-0.017000000000000015,0.0061610122595398,0.029291375036471674,0.025961583818069425,-0.02436923076923079,0.01461914632689692,1425393417582,0,0,0,0,0,0,0
0.9759512866559619,-0.08020234665837898,0.715,-0.2558129084648089,-0.036351009368896486,-0.0018951730728149414,1,0,0.7,-0.24860469865407248,0.02404871334403813,0.08020234665837898,-0.015000000000000013,0.007208209810736443,0.024682193998192034,0.021730400717453073,-0.001393939393939397,0.011968198679812095,1425393417648,0,0,0,0,0,0,0
0.9759030478034636,-0.07979733835340556,0.715,-0.257313891621524,-0.002237236499786377,0.005694337844848633,1,0,0.7,-0.24860469865407248,0.024096952196536403,0.07979733835340556,-0.015000000000000013,0.00870919296745154,0.012376313648249844,0.022070352869526303,-0.01200000000000001,0.01563680753690583,1425393417713,0,0,0,0,0,0,0
0.9771883391141589,-0.07895269524448946,0.714,-0.258849781363279,0.015420415878295898,0.017158811569213867,1,0,0.7,-0.24860469865407248,0.02281166088584108,0.07895269524448946,-0.014000000000000012,0.010245082709206543,0.004774995798944118,0.019638357444452956,-0.005976119402985081,0.017122200955870737,1425393417780,0,0,0,0,0,0,0
0.9789595351561732,-0.07842438725406692,0.711,-0.26029840464243426,0.023654375076293945,0.014461175918579101,1,0,0.7,-0.24860469865407248,0.021040464843826823,0.07842438725406692,-0.01100000000000001,0.01169370598836178,0.0007768835990514776,0.02100654276812912,0.007866666666666673,0.018591912079577194,1425393417843,0,0,0,0,0,0,0
0.9819598387872368,-0.07724563654187824,0.708,-0.26172957462906954,0.0389378890991211,0.02866840934753418,1,0,0.7,-0.24860469865407248,0.018040161212763195,0.07724563654187824,-0.008000000000000007,0.013124875974997063,-0.006544431220744185,0.01748206354807197,0.009271641791044782,0.019533099795752063,1425393417910,0,0,0,0,0,0,0
0.9850094117247374,-0.07604132111306713,0.704,-0.26324801107830464,0.03951146697998047,0.02928574562072754,1,0,0.7,-0.24860469865407248,0.014990588275262562,0.07604132111306713,-0.0040000000000000036,0.014643312424232169,-0.009328617570417889,0.016635686654676983,0.01902222222222224,0.021873962182494575,1425393417973,0,0,0,0,0,0,0
0.9885059961115324,-0.07453368667184933,0.702,-0.2638239697314628,0.04475719451904297,0.035483558654785155,1,0,0.7,-0.24860469865407248,0.011494003888467552,0.07453368667184933,-0.0020000000000000018,0.01521927107739035,-0.012669744806522054,0.014928198699017708,0.009006060606060611,0.017837264955382084,1425393418039,0,0,0,0,0,0,0
0.9928571573331832,-0.07313906272406176,0.702,-0.26553439239841736,0.05755392837524414,0.03721559906005859,1,0,0.7,-0.24860469865407248,0.007142842666816751,0.07313906272406176,-0.0020000000000000018,0.016929693744344887,-0.019027993432749503,0.01526849683339691,-0.0016000000000000016,0.024588302700857736,1425393418106,0,0,0,0,0,0,0
0.9971663893172151,-0.07154547488867818,0.7,-0.2666514031196937,0.05610009765625,0.0400287971496582,1,0,0.7,-0.24860469865407248,0.0028336106827848706,0.07154547488867818,0,0.018046704465621233,-0.02239105525883591,0.013267577360810563,0.01111111111111112,0.023365803138365736,1425393418169,0,0,0,0,0,0,0
1.0023436140075548,-0.07018963716258347,0.701,-0.2669655623850527,0.06955481719970703,0.040081996917724606,1,0,0.7,-0.24860469865407248,-0.002343614007554784,0.07018963716258347,-0.0010000000000000009,0.018360863730980226,-0.02891837698125817,0.01445905038029728,-0.006184615384615389,0.019810829571098656,1425393418234,0,0,0,0,0,0,0
1.0074688541479824,-0.06898588881877345,0.699,-0.26801275993624923,0.06939190673828124,0.03769761276245117,1,0,0.7,-0.24860469865407248,-0.007468854147982373,0.06898588881877345,0.0010000000000000009,0.01940806128217676,-0.0307878665529909,0.015060607298299073,0.011406060606060614,0.024168050151251907,1425393418300,0,0,0,0,0,0,0
1.0118742213370486,-0.06781149051676642,0.696,-0.2693043035827252,0.0590563850402832,0.03448622131347656,1,0,0.7,-0.24860469865407248,-0.01187422133704863,0.06781149051676642,0.0040000000000000036,0.02069960492865275,-0.02954017255752431,0.014812196056326773,0.019353846153846166,0.02666057560469578,1425393418365,0,0,0,0,0,0,0
1.0149683155821771,-0.06730691102111667,0.693,-0.2703689544264418,0.042724838256835936,0.019644149780273436,1,0,0.7,-0.24860469865407248,-0.01496831558217715,0.06730691102111667,0.007000000000000006,0.021764255772369345,-0.02403624861785995,0.018311288349411668,0.02175384615384617,0.026678028897215177,1425393418430,0,0,0,0,0,0,0
1.0166032770581963,-0.06689871556782655,0.69,-0.270857646617,0.021998153686523438,0.012450654983520508,1,0,0.7,-0.24860469865407248,-0.01660327705819631,0.06689871556782655,0.010000000000000009,0.02225294796292754,-0.016497960992643276,0.018881399695079706,0.023217391304347842,0.024377696617528376,1425393418499,0,0,0,0,0,0,0
1.018345822003146,-0.06640461026300125,0.689,-0.2716255914878775,0.02320219612121582,0.014134841918945313,1,0,0.7,-0.24860469865407248,-0.01834582200314605,0.06640461026300125,0.01100000000000001,0.02302089283380504,-0.018768313733328372,0.01810053018396998,0.014355555555555568,0.026677773171316952,1425393418562,0,0,0,0,0,0,0
1.0185637704584736,-0.06612121759759766,0.693,-0.2720270172158363,0.002008859634399414,0.004972161769866944,1,0,0.7,-0.24860469865407248,-0.018563770458473572,0.06612121759759766,0.007000000000000006,0.0234223185617638,-0.010382117767679083,0.01927756014101969,-0.01593846153846155,0.02527505269080423,1425393418627,0,0,0,0,0,0,0
1.018337408606041,-0.0659138608338068,0.69,-0.27291713513435356,-0.004106275081634522,0.002083679676055908,1,0,0.7,-0.24860469865407248,-0.01833740860604105,0.0659138608338068,0.010000000000000009,0.024312436480281086,-0.007869187796870606,0.019649516186854142,0.02440625000000002,0.028484864223330863,1425393418691,0,0,0,0,0,0,0
1.0172289635080958,-0.06553621915837657,0.689,-0.2733883740323918,-0.01753815460205078,0.0009733865857124329,1,0,0.7,-0.24860469865407248,-0.017228963508095774,0.06553621915837657,0.01100000000000001,0.024783675378319325,-0.00259552992727094,0.01867934935326567,0.014184615384615396,0.026958624138495816,1425393418756,0,0,0,0,0,0,0
1.015160600993955,-0.0654290132287117,0.687,-0.2747148242639076,-0.0303073787689209,-0.006828361988067627,1,0,0.7,-0.24860469865407248,-0.015160600993955109,0.0654290132287117,0.0129999999999999,0.02611012560983511,0.0032648220049482264,0.02016444921276176,0.020847761194029202,0.03204945500468191,1425393418823,0,0,0,0,0,0,0
1.0131580413388752,-0.06491112311830481,0.686,-0.2751686098694262,-0.031019372940063475,-0.0006715307831764221,1,0,0.7,-0.24860469865407248,-0.013158041338875215,0.06491112311830481,0.013999999999999901,0.02656391121535373,0.004404299994537038,0.01777844473300903,0.016668749999999927,0.02869103124122226,1425393418887,0,0,0,0,0,0,0
1.010993805291146,-0.0648298991610241,0.687,-0.27639034034582227,-0.031573282241821286,-0.00764811897277832,1,0,0.7,-0.24860469865407248,-0.01099380529114602,0.0648298991610241,0.0129999999999999,0.027785641691749796,0.006181352649786041,0.020191068751594033,0.005015384615384533,0.03342439773665472,1425393418952,0,0,0,0,0,0,0
1.0076463294186915,-0.06479637431585812,0.685,-0.2774549911895387,-0.048443649291992186,-0.013218340873718261,1,0,0.7,-0.24860469865407248,-0.007646329418691478,0.06479637431585812,0.014999999999999902,0.028850292535466227,0.014503126894129303,0.020476501750578077,0.02293749999999993,0.033840843365386994,1425393419016,0,0,0,0,0,0,0
1.0039647843799158,-0.06436097415602061,0.685,-0.2788687078836542,-0.05490010070800781,-0.00884488868713379,1,0,0.7,-0.24860469865407248,-0.0039647843799157645,0.06436097415602061,0.014999999999999902,0.030264009229581723,0.017558118880939118,0.01826275870100867,0.011999999999999922,0.03668999420283398,1425393419082,0,0,0,0,0,0,0
1.0008449980883793,-0.06380437729406974,0.684,-0.27996826531241054,-0.04728711700439453,-0.004855259418487549,1,0,0.7,-0.24860469865407248,-0.0008449980883793451,0.06380437729406974,0.015999999999999903,0.03136356665833806,0.01639296713747058,0.01744913270333775,0.018184615384615313,0.03643844709875192,1425393419147,0,0,0,0,0,0,0
0.9969281381215417,-0.06292960763546743,0.685,-0.28012534494509006,-0.060091121673583985,-0.0036242566108703614,1,0,0.7,-0.24860469865407248,0.003071861878458315,0.06292960763546743,0.014999999999999902,0.031520646291017584,0.02171494537768848,0.01572406307497369,0.006852941176470506,0.032213644670486076,1425393419215,0,0,0,0,0,0,0
0.9934055039450664,-0.06189553832218374,0.683,-0.2808932898159674,-0.05506830215454102,0.00029756873846054077,1,0,0.7,-0.24860469865407248,0.006594496054933563,0.06189553832218374,0.016999999999999904,0.03228859116189492,0.023205880493644696,0.014117220345753629,0.024890322580645094,0.036004453440333636,1425393419277,0,0,0,0,0,0,0
0.9890341160602037,-0.06029244728393911,0.682,-0.28195794065968394,-0.0696669692993164,0.0049267935752868655,1,0,0.7,-0.24860469865407248,0.01096588393979625,0.06029244728393911,0.017999999999999905,0.03335324200561146,0.02834869183907058,0.011139820862885378,0.019623880597014854,0.038120335335685526,1425393419344,0,0,0,0,0,0,0
0.9857199818494543,-0.058595136682209004,0.68,-0.28398252259199763,-0.05483282470703125,0.010622609138488769,1,0,0.7,-0.24860469865407248,0.014280018150545692,0.058595136682209004,0.019999999999999907,0.03537782393792516,0.025303461267337356,0.009760317386566091,0.026937499999999937,0.04486805174564561,1425393419408,0,0,0,0,0,0,0
0.9832314204381862,-0.05676363872886524,0.68,-0.2845061213675957,-0.043530574798583986,0.015913411140441893,1,0,0.7,-0.24860469865407248,0.016768579561813768,0.05676363872886524,0.019999999999999907,0.0359014227135232,0.021834416145324814,0.008668019662481798,0.015999999999999927,0.03831803244705263,1425393419473,0,0,0,0,0,0,0
0.9811069336393189,-0.0549020814886184,0.68,-0.28574530513651175,-0.038423873901367187,0.017856225967407227,1,0,0.7,-0.24860469865407248,0.01889306636068111,0.0549020814886184,0.019999999999999907,0.037140606482439276,0.020286132012968316,0.008566665329675342,0.015999999999999927,0.042528361999465684,1425393419542,0,0,0,0,0,0,0
0.9809365836734302,-0.05242488410930905,0.681,-0.2868274092727483,-0.012925450325012206,0.034931018829345704,1,0,0.7,-0.24860469865407248,0.019063416326569826,0.05242488410930905,0.018999999999999906,0.038222710618675826,0.010538726645220384,0.003752566527040478,0.00973124999999992,0.043295073757284655,1425393419606,0,0,0,0,0,0,0
0.9807196257194822,-0.05054201013277427,0.681,-0.28651325000738936,-0.011111693382263184,0.026168577194213866,1,0,0.7,-0.24860469865407248,0.019280374280517765,0.05054201013277427,0.018999999999999906,0.03790855135331689,0.010933072848414596,0.006306307987812891,0.015199999999999925,0.03641255485160766,1425393419669,0,0,0,0,0,0,0
0.980742130218584,-0.04921766544014973,0.683,-0.2867226895176286,-0.005290276050567627,0.019150768280029297,1,0,0.7,-0.24860469865407248,0.01925786978141597,0.04921766544014973,0.016999999999999904,0.038117990863556106,0.0096078381757576,0.009270320236870602,0.002830769230769147,0.03908463475696788,1425393419734,0,0,0,0,0,0,0
0.9816942677295241,-0.04697416333894272,0.683,-0.2877873403613451,0.004181729793548584,0.03631781005859375,1,0,0.7,-0.24860469865407248,0.01830573227047594,0.04697416333894272,0.016999999999999904,0.03918264170727265,0.0042158152025058475,0.0038619997331390977,0.013599999999999925,0.044021963724166016,1425393419800,0,0,0,0,0,0,0
0.9834703465121782,-0.04459524937720439,0.685,-0.2883807523070232,0.015417390823364258,0.04177779006958008,1,0,0.7,-0.24860469865407248,0.01652965348782176,0.04459524937720439,0.014999999999999902,0.03977605365295073,-0.001030700149336719,0.002459665209419242,0.0013939393939393085,0.04247338067876018,1425393419866,0,0,0,0,0,0,0
0.9861240527580688,-0.04269308115640888,0.684,-0.28810149962670406,0.030047191619873046,0.038675010681152346,1,0,0.7,-0.24860469865407248,0.013875947241931197,0.04269308115640888,0.015999999999999903,0.039496800972631585,-0.007673024297705105,0.003963762985067648,0.018355555555555483,0.0381670263044452,1425393419929,0,0,0,0,0,0,0
0.9893716029279522,-0.04119388243376492,0.686,-0.2874033679259065,0.04031597137451172,0.03540215682983398,1,0,0.7,-0.24860469865407248,0.010628397072047768,0.04119388243376492,0.013999999999999901,0.03879866927183401,-0.011768829124912498,0.006158496300877227,0.0005939393939393082,0.035625343359117746,1425393419995,0,0,0,0,0,0,0
0.9938015504281632,-0.039878457933720905,0.687,-0.2874033679259065,0.05813056182861328,0.0377579460144043,1,0,0.7,-0.24860469865407248,0.006198449571836795,0.039878457933720905,0.0129999999999999,0.03879866927183401,-0.020611480383967738,0.006657031204729172,0.005015384615384533,0.03879866927183401,1425393420060,0,0,0,0,0,0,0
0.9982442301290337,-0.03888973201781396,0.687,-0.28804913974914426,0.05970281600952149,0.03311260604858399,1,0,0.7,-0.24860469865407248,0.0017557698709662617,0.03888973201781396,0.0129999999999999,0.03944444109507178,-0.02290023698753835,0.008144837978045208,0.010399999999999921,0.04242492643309227,1425393420125,0,0,0,0,0,0,0
1.0034980191871206,-0.03803266101161752,0.688,-0.2873859146333865,0.07190780639648438,0.034714019775390625,1,0,0.7,-0.24860469865407248,-0.00349801918712056,0.03803266101161752,0.01200000000000001,0.038781215979314,-0.028648950031791104,0.008826092778800023,0.004452941176471165,0.03585522282155908,1425393420193,0,0,0,0,0,0,0
1.008857425220126,-0.037488170239367076,0.683,-0.28728119487826687,0.07477909088134765,0.030618961334228516,1,0,0.7,-0.24860469865407248,-0.008857425220125892,0.037488170239367076,0.016999999999999904,0.03867649622419439,-0.0345472948001852,0.010023644867061851,0.04182580645161223,0.03816978773168015,1425393420255,0,0,0,0,0,0,0
1.0140093347816206,-0.03730825781461901,0.682,-0.28731610146330666,0.07334693145751953,0.024484674453735353,1,0,0.7,-0.24860469865407248,-0.014009334781620586,0.03730825781461901,0.017999999999999905,0.038711402809234186,-0.034198516788323335,0.012113951779910483,0.019703030303030233,0.03887006910486962,1425393420321,0,0,0,0,0,0,0
1.0188818108333388,-0.036858732403362605,0.682,-0.2867401428101485,0.06818035125732422,0.02717786407470703,1,0,0.7,-0.24860469865407248,-0.01888181083333884,0.036858732403362605,0.017999999999999905,0.038135444156076004,-0.03556270497739836,0.010536611927699622,0.014399999999999925,0.03547717344919209,1425393420386,0,0,0,0,0,0,0
1.023737822900509,-0.03695972566495856,0.681,-0.2867575961026685,0.07029463958740234,0.01914812088012695,1,0,0.7,-0.24860469865407248,-0.023737822900508965,0.03695972566495856,0.018999999999999906,0.03815289744859601,-0.03791748837137881,0.013555265043219477,0.020584615384615312,0.03823345110638067,1425393420451,0,0,0,0,0,0,0
1.027138191515476,-0.036774564673560835,0.683,-0.2863212637896697,0.048137195587158205,0.01709059524536133,1,0,0.7,-0.24860469865407248,-0.02713819151547603,0.036774564673560835,0.016999999999999904,0.037716565135597235,-0.03125121761284047,0.012013286923712766,0.0031522388059700666,0.035762838360975845,1425393420518,0,0,0,0,0,0,0
1.0301144560533197,-0.03750983932818239,0.684,-0.28663542305502887,0.045941383361816406,0.002028463363647461,1,0,0.7,-0.24860469865407248,-0.03011445605331975,0.03750983932818239,0.015999999999999903,0.038030724400956395,-0.03127195019454434,0.017246167795017503,0.007331249999999918,0.039503345957327456,1425393420582,0,0,0,0,0,0,0
1.032132823753691,-0.03818765733218801,0.682,-0.28637362366722974,0.03191484832763672,-0.0011927597522735595,1,0,0.7,-0.24860469865407248,-0.03213282375369109,0.03818765733218801,0.017999999999999905,0.03776892501315726,-0.027063200722005274,0.01715973723885594,0.025337499999999936,0.036541740382848825,1425393420646,0,0,0,0,0,0,0
1.0334990354848639,-0.03880016891615331,0.681,-0.28572785184399174,0.022253873825073243,-0.0030246834754943846,1,0,0.7,-0.24860469865407248,-0.03349903548486388,0.03880016891615331,0.018999999999999906,0.03712315318991927,-0.023975529800370755,0.016910449106849478,0.02050303030303023,0.03418782672065565,1425393420712,0,0,0,0,0,0,0
1.0339017387491618,-0.039099040355661654,0.68,-0.28661796976250886,0.007059225559234619,-0.0025987491607666014,1,0,0.7,-0.24860469865407248,-0.0339017387491618,0.039099040355661654,0.019999999999999907,0.038013271108436386,-0.01912225754431527,0.015386665175406895,0.021384615384615314,0.04212150765543848,1425393420777,0,0,0,0,0,0,0
1.0348977428646813,-0.03922479822376658,0.68,-0.28489009380303465,0.014863883972167969,0.002414287090301514,1,0,0.7,-0.24860469865407248,-0.03489774286468128,0.03922479822376658,0.019999999999999907,0.036285395148962174,-0.022756729926534963,0.01450787093687218,0.015999999999999927,0.028431413514988485,1425393420843,0,0,0,0,0,0,0
1.033403594286519,-0.039274475733237925,0.682,-0.283842896251838,-0.021299419403076173,-0.0070141282081604,1,0,0.7,-0.24860469865407248,-0.033403594286518956,0.039274475733237925,0.017999999999999905,0.03523819759776553,-0.008578068894429275,0.014152685948699369,0.0034624999999999153,0.030329459076531264,1425393420907,0,0,0,0,0,0,0
1.032600390070676,-0.03925628652284321,0.68,-0.2843664950274362,-0.011642383575439454,-0.0031121010780334473,1,0,0.7,-0.24860469865407248,-0.032600390070675944,0.03925628652284321,0.019999999999999907,0.03576179637336374,-0.012173591166097432,0.013806838754373853,0.026447761194029785,0.03810626850290797,1425393420974,0,0,0,0,0,0,0
1.0311769246171938,-0.039242029106900674,0.681,-0.2843490417349161,-0.020554475784301758,-0.0057850141525268555,1,0,0.7,-0.24860469865407248,-0.03117692461719379,0.039242029106900674,0.018999999999999906,0.03574434308084362,-0.007893077890963735,0.01384472444803976,0.00973124999999992,0.03566253077215556,1425393421038,0,0,0,0,0,0,0
1.0295949288034236,-0.03971513717465123,0.681,-0.28366836332663853,-0.02078621482849121,-0.01346867561340332,1,0,0.7,-0.24860469865407248,-0.029594928803423626,0.03971513717465123,0.018999999999999906,0.03506366467256605,-0.006387454389307438,0.01663794693115948,0.015199999999999925,0.031922072018977274,1425393421103,0,0,0,0,0,0,0
1.0277478983058823,-0.04041946349187323,0.682,-0.28241172626520245,-0.023641319274902345,-0.017896854400634765,1,0,0.7,-0.24860469865407248,-0.027747898305882313,0.04041946349187323,0.017999999999999905,0.03380702761112997,-0.004205833051559908,0.01806348049548544,0.009096969696969617,0.028095040968238682,1425393421169,0,0,0,0,0,0,0
1.0256208034599013,-0.04134916463503399,0.679,-0.28209756699984345,-0.02675625228881836,-0.022284528732299805,1,0,0.7,-0.24860469865407248,-0.025620803459901254,0.04134916463503399,0.020999999999999908,0.033492868345770976,-0.0013209917029075192,0.01971809362701047,0.03320624999999994,0.0320202467894007,1425393421233,0,0,0,0,0,0,0
1.0234305153429628,-0.04163172531139667,0.681,-0.2809107431084874,-0.0303758602142334,-0.013216568946838378,1,0,0.7,-0.24860469865407248,-0.02343051534296281,0.04163172531139667,0.018999999999999906,0.03230604445441493,-0.00007976832716313602,0.016267099889741073,0.004430769230769148,0.02682839572507932,1425393421298,0,0,0,0,0,0,0
1.020877680693964,-0.04220177688394599,0.682,-0.2795842928769716,-0.034421043395996095,-0.018831478118896485,1,0,0.7,-0.24860469865407248,-0.020877680693963896,0.04220177688394599,0.017999999999999905,0.030979594222899143,0.003135252139057009,0.018013574419023917,0.009015384615384536,0.024857516231287825,1425393421363,0,0,0,0,0,0,0
1.019322950577196,-0.04154919204427049,0.684,-0.2776993372848178,-0.025116676330566405,0.0029731178283691406,1,0,0.7,-0.24860469865407248,-0.019322950577195908,0.04154919204427049,0.015999999999999903,0.02909463863074535,-0.0016013877530642318,0.011315035786199861,0.002193939393939309,0.020526658666409934,1425393421429,0,0,0,0,0,0,0
1.0169894172932878,-0.040428817420247946,0.687,-0.27628562059070244,-0.03826914596557617,0.006565917015075684,1,0,0.7,-0.24860469865407248,-0.016989417293287845,0.040428817420247946,0.0129999999999999,0.027680921936629965,0.003874734066438094,0.008433092873369153,-0.005753846153846243,0.021156075656097416,1425393421494,0,0,0,0,0,0,0
1.0164070442691688,-0.038567499219667845,0.686,-0.27467991767886774,-0.016020368576049805,0.02447799301147461,1,0,0.7,-0.24860469865407248,-0.016407044269168836,0.038567499219667845,0.013999999999999901,0.02607521902479526,-0.005274068476064571,0.003910070106224123,0.01658461538461531,0.018664282508635083,1425393421559,0,0,0,0,0,0,0
1.014649574916466,-0.03669442560492062,0.688,-0.273039308181993,-0.032994537353515624,0.01989242935180664,1,0,0.7,-0.24860469865407248,-0.014649574916465902,0.03669442560492062,0.01200000000000001,0.024434609527920537,0.001639806291269895,0.0036105029926048766,-0.000847761194029269,0.017088596855347152,1425393421626,0,0,0,0,0,0,0
1.0133353397035256,-0.03435881784657056,0.692,-0.2721840968485158,-0.02843053436279297,0.028420366287231446,1,0,0.7,-0.24860469865407248,-0.013335339703525628,0.03435881784657056,0.008000000000000007,0.023579398194443324,0.00040901932085064905,-0.00025941902429855654,-0.015822222222222234,0.019506963273123262,1425393421689,0,0,0,0,0,0,0
1.0127629034795242,-0.03183887848173337,0.696,-0.2706831136918007,-0.018432186126708983,0.03409918594360352,1,0,0.7,-0.24860469865407248,-0.012762903479524246,0.03183887848173337,0.0040000000000000036,0.022078415037728227,-0.003578846179570646,-0.0013821033299819332,-0.018012121212121222,0.015255764325386879,1425393421755,0,0,0,0,0,0,0
1.012275984678371,-0.028469018183878123,0.7,-0.26925194370516536,-0.020553831100463868,0.04675442123413086,1,0,0.7,-0.24860469865407248,-0.012275984678371099,0.028469018183878123,0,0.02064724505109289,-0.003796990413683048,-0.0068814283303117035,-0.021212121212121227,0.014141926930023167,1425393421821,0,0,0,0,0,0,0
1.0119639213612335,-0.02532928167002734,0.704,-0.26851890541932777,-0.017040334701538085,0.04415400314331055,1,0,0.7,-0.24860469865407248,-0.011963921361233476,0.02532928167002734,-0.0040000000000000036,0.019914206765255293,-0.004524164556819373,-0.007107101327814492,-0.02507500000000002,0.016478089800391567,1425393421885,0,0,0,0,0,0,0
1.01023751021854,-0.02194652725069179,0.705,-0.2674542545756112,-0.03843003463745117,0.04205264663696289,1,0,0.7,-0.24860469865407248,-0.010237510218539914,0.02194652725069179,-0.0050000000000000044,0.018849555921538752,0.0032573342052458643,-0.00784990312109596,-0.009000000000000008,0.014286766591325004,1425393421955,0,0,0,0,0,0,0
1.0087336773968683,-0.019064756271376673,0.708,-0.2656565654460571,-0.03317929077148438,0.035728294372558596,1,0,0.7,-0.24860469865407248,-0.008733677396868256,0.019064756271376673,-0.008000000000000007,0.017051866791984616,0.004000416336206389,-0.008323784337547713,-0.023613114754098382,0.008210772712210174,1425393422016,0,0,0,0,0,0,0
1.0068399478547292,-0.015365587949734798,0.712,-0.26450464813974073,-0.04197732543945312,0.046083263397216793,1,0,0.7,-0.24860469865407248,-0.006839947854729189,0.015365587949734798,-0.01200000000000001,0.015899949485668252,0.006511291391268418,-0.012807394336207156,-0.031138461538461566,0.010583408071900422,1425393422081,0,0,0,0,0,0,0
1.0050098605175284,-0.012745545641691525,0.715,-0.2629513051054658,-0.03677102279663086,0.0307572135925293,1,0,0.7,-0.24860469865407248,-0.005009860517528386,0.012745545641691525,-0.015000000000000013,0.014346606451393351,0.007080389854711006,-0.007774443889191329,-0.028153846153846175,0.007177330908586116,1425393422146,0,0,0,0,0,0,0
1.0031127827193735,-0.010561262208436296,0.719,-0.2618866542617492,-0.0359945068359375,0.024241392135620116,1,0,0.7,-0.24860469865407248,-0.0031127827193735413,0.010561262208436296,-0.019000000000000017,0.013281955607676699,0.008387623311696445,-0.006076470157566026,-0.03673846153846157,0.00836818248283061,1425393422211,0,0,0,0,0,0,0
1.001669848506688,-0.007912066785841202,0.719,-0.260438030982594,-0.031194305419921874,0.03277928924560547,1,0,0.7,-0.24860469865407248,-0.0016698485066879432,0.007912066785841202,-0.019000000000000017,0.011833332328521518,0.006544877875418874,-0.009153244245870235,-0.015200000000000014,0.00524868105963433,1425393422277,0,0,0,0,0,0,0
1.0005230303961228,-0.006167965389292252,0.715,-0.25848326222036033,-0.023358856201171875,0.020849632263183593,1,0,0.7,-0.24860469865407248,-0.0005230303961227811,0.006167965389292252,-0.015000000000000013,0.009878563566287857,0.0057376898782502675,-0.005161818074691887,0.009875000000000009,0.0007155849933175723,1425393422341,0,0,0,0,0,0,0
1.0017651961936098,-0.006342732924203951,0.684,-0.25724407845144437,0.018683589935302735,0.0022283105850219725,1,0,0.7,-0.24860469865407248,-0.0017651961936098193,0.006342732924203951,0.015999999999999903,0.008639379797371893,-0.007743462457595829,0.005359650435511307,0.17719393939393885,0.0030067263022993326,1425393422407,0,0,0,0,0,0,0
1.0026999372648437,-0.006773100195728683,0.684,-0.2559001749274088,0.01520213508605957,-0.002675889015197754,1,0,0.7,-0.24860469865407248,-0.0026999372648437436,0.006773100195728683,0.015999999999999903,0.007295476273336321,-0.006658566239771428,0.006883727829760329,0.012799999999999923,0.0010928446239413725,1425393422472,0,0,0,0,0,0,0
1.003240486173825,-0.007873909154059125,0.65,-0.2542421121380142,0.012023687362670898,-0.013922103881835938,1,0,0.7,-0.24860469865407248,-0.003240486173825108,0.007873909154059125,0.04999999999999993,0.0056374134839417,-0.004808373828915157,0.010829159179471113,0.22307692307692317,-0.002015184005571935,1425393422537,0,0,0,0,0,0,0
1.002017014547167,-0.010390490021135295,0.62,-0.25192082423286166,-0.008267879486083984,-0.04115101623535156,1,0,0.7,-0.24860469865407248,-0.002017014547166962,0.010390490021135295,0.07999999999999996,0.0033161255787891863,0.005103928247603204,0.01880998017769779,0.22071641791044785,-0.007077700862192216,1425393422604,0,0,0,0,0,0,0
1.0004432647626453,-0.013271135476174227,0.576,-0.24954717645014932,-0.01209048080444336,-0.04772998809814453,1,0,0.7,-0.24860469865407248,-0.00044326476264533454,0.013271135476174227,0.124,0.0009424777960768405,0.008242308550019261,0.022539802528548654,0.34364444444444464,-0.010360606883505758,0,0,0,0,0,0,0,0
0.9983797235200458,-0.015675944025237427,0.54,-0.2478018471981551,-0.021085765838623045,-0.04259911346435547,1,0,0.7,-0.24860469865407248,0.001620276479954219,0.015675944025237427,0.15999999999999992,-0.0008028514559173805,0.01147511593640056,0.020020777963665366,0.31890909090909036,-0.008736166237709293,0,0,0,0,0,0,0,0
0.997878942230102,-0.01657069434375034,0.495,-0.24673719635443855,-0.003990386962890625,-0.014853713989257812,1,0,0.7,-0.24860469865407248,0.002121057769898016,0.01657069434375034,0.20499999999999996,-0.001867502299633922,0.0034803781660235605,0.012365087732328339,0.4063076923076925,-0.006781275424479497,0,0,0,0,0,0,0,0
0.9991568309632856,-0.01589267549538118,0.446,-0.24609142453120045,0.016103805541992186,0.014543968200683594,1,0,0.7,-0.24860469865407248,0.0008431690367144418,0.01589267549538118,0.25399999999999995,-0.002513274122872028,-0.006735472111380205,0.003703255264447643,0.46704615384615367,-0.005493759460894055,0,0,0,0,0,0,0,0
1.0019142341716312,-0.01627867693805284,0.398,-0.24596925148356094,0.04152545928955078,0.004460592269897461,1,0,0.7,-0.24860469865407248,-0.0019142341716311684,0.01627867693805284,0.30199999999999994,-0.0026354471705115345,-0.0156388620381444,0.009497258579577686,0.49234626865671627,-0.003182490667404848,0,0,0,0,0,0,0,0
1.007147777497285,-0.027238750446539214,0.349,-0.24609142453120045,0.11617144012451172,-0.14033767700195313,1,0,0.7,-0.24860469865407248,-0.007147777497285013,0.027238750446539214,0.351,-0.002513274122872028,-0.03293103238064819,0.07167531286748141,0.5530222222222224,-0.001931497705541044,0,0,0,0,0,0,0,0
1.013623371962526,-0.034905743845839284,0.299,-0.2478367537831949,0.12222438812255859,-0.08787675476074219,1,0,0.7,-0.24860469865407248,-0.013623371962526054,0.034905743845839284,0.40099999999999997,-0.0007679448708775849,-0.04197102968903458,0.05439261296301823,0.5900307692307691,0.007287420907558306,0,0,0,0,0,0,0,0
1.0214967256166954,-0.04078777897388959,0.258,-0.24984388242298833,0.13613539123535157,-0.056563796997070315,1,0,0.7,-0.24860469865407248,-0.021496725616695356,0.04078777897388959,0.44199999999999995,0.0012391837689158525,-0.05280594178749328,0.04609294335147984,0.5710242424242422,0.01036249576797693,0,0,0,0,0,0,0,0
1.031431955857772,-0.049163813985611315,0.215,-0.25211281045058104,0.17546623229980468,-0.08489183044433593,1,0,0.7,-0.24860469865407248,-0.03143195585777203,0.049163813985611315,0.485,0.0035081117965085618,-0.06953874827060248,0.0625468267927414,0.6195384615384617,0.013980087308474911,0,0,0,0,0,0,0,0
1.046088456792818,-0.05901935901171208,0.194,-0.25293311519901823,0.249774658203125,-0.0883187255859375,1,0,0.7,-0.24860469865407248,-0.04608845679281792,0.05901935901171208,0.506,0.004328416544945757,-0.10112389210875153,0.07270497001761742,0.5161636363636365,0.008057074492387552,0,0,0,0,0,0,0,0
1.0554991041926087,-0.06538497742156825,0.187,-0.25593508151244854,0.16056282043457032,-0.057121726989746095,1,0,0.7,-0.24860469865407248,-0.05549910419260873,0.06538497742156825,0.5129999999999999,0.007330382858376061,-0.07881413839953613,0.056669308671908766,0.44809230769230707,0.021185611997285157,0,0,0,0,0,0,0,0
1.064760552931728,-0.07098671171792235,0.165,-0.2563714138254472,0.15566783142089843,-0.04612097930908203,1,0,0.7,-0.24860469865407248,-0.06476055293172811,0.07098671171792235,0.5349999999999999,0.007766715171374727,-0.08346214054692692,0.054753338067198544,0.5483125,0.009812022888555975,0,0,0,0,0,0,0,0
1.0702791146330601,-0.07291231681810023,0,-0.2628989452279059,0.08739713287353515,-0.006949731826782227,1,0,0.7,-0.24860469865407248,-0.07027911463306014,0.07291231681810023,0.7,0.014294246573833436,-0.06533388726798697,0.0351125710171088,1.4484615384615385,0.04442131458518132,0,0,0,0,0,0,0,0
