0.20539953763128385,-0.26972925708268053,0.712,-0.7752403471508411,0.0032793984413146972,0.0019485633373260498,0,0,1,0,-0.20539953763128385,0.26972925708268053,0.28800000000000003,0.7752403471508411,-0.10269976881564193,0.08091877712480415,0.23040000000000005,0.7752403471508411,0,0,0,0,0,0,0,0
0.20346713655673745,-0.2708800502908968,0.712,-0.7629706825093211,-0.008621953010559081,-0.03261631774902344,0,0,1,0,-0.20346713655673745,0.2708800502908968,0.28800000000000003,0.7629706825093211,-0.09146058536188077,0.0876366659334303,0.23040000000000005,0.706341461086921,0,0,0,0,0,0,0,0
0.2026682270700565,-0.27137622349055707,0.712,-0.7165274711137518,-0.0035182433128356934,-0.01366096305847168,0,0,1,0,-0.2026682270700565,0.27137622349055707,0.28800000000000003,0.7165274711137518,-0.0972962812084882,0.08443703546944963,0.23040000000000005,0.5021741877495859,0,0,0,0,0,0,0,0
0.20291436698449608,-0.27305440981757806,0.71,-0.6702587926433823,0.01931691551208496,-0.016557716369628907,0,0,1,0,-0.20291436698449608,0.27305440981757806,0.29000000000000004,0.6702587926433823,-0.1031784345872047,0.0914826628043412,0.24276923076923082,0.4567110458570614,0,0,0,0,0,0,0,0
0.20345196931829862,-0.2756377095409399,0.712,-0.6267477343911636,0.030390222549438475,-0.025357177734375,0,0,1,0,-0.20345196931829862,0.2756377095409399,0.28800000000000003,0.6267477343911636,-0.10514889256150182,0.09731050475130985,0.21963076923076927,0.4259274655347697,0,0,0,0,0,0,0,0
0.2053523729450316,-0.27947209576791743,0.714,-0.5853310712413382,0.056821975708007816,-0.029865108489990234,0,0,1,0,-0.2053523729450316,0.27947209576791743,0.28600000000000003,0.5853310712413382,-0.11357073422536966,0.10537909711650581,0.21803076923076925,0.3941772413190672,0,0,0,0,0,0,0,0
0.20664093294518168,-0.2847986743252061,0.719,-0.5460786163639857,0.060252838134765625,-0.05591941833496094,0,0,1,0,-0.20664093294518168,0.2847986743252061,0.281,0.5460786163639857,-0.11105478822718177,0.11519707160060241,0.1978769230769231,0.3649134400069741,0,0,0,0,0,0,0,0
0.20880132974800075,-0.2918397051361459,0.725,-0.5074370267248313,0.08254342651367187,-0.07342584228515625,0,0,1,0,-0.20880132974800075,0.2918397051361459,0.275,0.5074370267248313,-0.11696521335345289,0.12673074263342093,0.1876923076923077,0.3290912283902724,0,0,0,0,0,0,0,0
0.20838296052653152,-0.29747255041319953,0.731,-0.4749215427601769,0.0355734977722168,-0.07689552307128907,0,0,1,0,-0.20838296052653152,0.29747255041319953,0.269,0.4749215427601769,-0.10300581445935428,0.12103141588414966,0.1828923076923077,0.324850078307926,0,0,0,0,0,0,0,0
0.2066998774511779,-0.3037329916297583,0.737,-0.4431041904963202,0.020488346099853515,-0.09505815887451172,0,0,1,0,-0.2066998774511779,0.3037329916297583,0.263,0.4431041904963202,-0.0956280116360504,0.12597861616736278,0.17858181818181817,0.2984798620242444,0,0,0,0,0,0,0,0
0.20340370402123595,-0.31018032787487465,0.746,-0.4133986866273768,-0.0032036499977111817,-0.10856859588623047,0,0,1,0,-0.20340370402123595,0.31018032787487465,0.254,0.4133986866273768,-0.0850095953977756,0.13017089305946652,0.15398125,0.27415413724170445,0,0,0,0,0,0,0,0
0.199358701201667,-0.3161920958626703,0.741,-0.38641589639154444,-0.01933774948120117,-0.10695474243164063,0,0,1,0,-0.199358701201667,0.3161920958626703,0.259,0.38641589639154444,-0.07969384664776208,0.1288048279626623,0.23371515151515154,0.26376684986503385,0,0,0,0,0,0,0,0
0.19323232058075063,-0.3219757799946338,0.75,-0.36163222101322495,-0.052424304962158205,-0.11499125671386719,0,0,1,0,-0.19323232058075063,0.3219757799946338,0.25,0.36163222101322495,-0.06470145352985643,0.13049493248405564,0.15078124999999998,0.24545874267735235,0,0,0,0,0,0,0,0
0.18732680735575738,-0.32559458902422034,0.758,-0.3371801581927844,-0.06364812850952148,-0.08211187744140624,0,0,1,0,-0.18732680735575738,0.32559458902422034,0.242,0.3371801581927844,-0.06357518599742915,0.11964858385381875,0.15052307692307687,0.224324483636905,0,0,0,0,0,0,0,0
0.17859843184114527,-0.3286202143049277,0.766,-0.31543335571293507,-0.10853898620605469,-0.08614262390136719,0,0,1,0,-0.17859843184114527,0.3286202143049277,0.23399999999999999,0.31543335571293507,-0.04484095072027074,0.11733224855398118,0.14477575757575756,0.21658425353180172,0,0,0,0,0,0,0,0
0.1703608242983261,-0.33070244410294186,0.774,-0.29681069259415555,-0.10777820587158203,-0.06802555847167968,0,0,1,0,-0.1703608242983261,0.33070244410294186,0.22599999999999998,0.29681069259415555,-0.042068601476835575,0.11351077871629538,0.13704999999999995,0.2095169592248765,0,0,0,0,0,0,0,0
0.16147110967207046,-0.33064353732332075,0.782,-0.2770535654615798,-0.1277734909057617,-0.03815490341186523,0,0,1,0,-0.16147110967207046,0.33064353732332075,0.21799999999999997,0.2770535654615798,-0.034910422493410274,0.10200364042197332,0.13132307692307688,0.18586682484969164,0,0,0,0,0,0,0,0
0.15280059783123032,-0.32862144215126154,0.793,-0.26131069560859094,-0.13339433288574218,-0.006398981094360352,0,0,1,0,-0.15280059783123032,0.32862144215126154,0.20699999999999996,0.26131069560859094,-0.0325637220741771,0.09120786040094019,0.1072666666666666,0.1897521962768235,0,0,0,0,0,0,0,0
0.14200348834539003,-0.325507844174802,0.802,-0.2459517981910408,-0.16852439880371095,0.0032774639129638673,0,0,1,0,-0.14200348834539003,0.325507844174802,0.19799999999999995,0.2459517981910408,-0.015981477879776267,0.08470034373758009,0.11067272727272723,0.1761386281112674,0,0,0,0,0,0,0,0
0.13237139076976617,-0.3203977047144726,0.811,-0.23076743369869013,-0.1587966613769531,0.03916703796386719,0,0,1,0,-0.13237139076976617,0.3203977047144726,0.18899999999999995,0.23076743369869013,-0.014994568658785921,0.07149099320557356,0.10119999999999993,0.15846093611606793,0,0,0,0,0,0,0,0
0.12623574622857392,-0.3143395079503587,0.819,-0.21638592066225687,-0.11037982177734375,0.06741341400146485,0,0,1,0,-0.12623574622857392,0.3143395079503587,0.18100000000000005,0.21638592066225687,-0.032984206248046,0.06614386089826714,0.10237575757575818,0.15101540686028753,0,0,0,0,0,0,0,0
0.12050775706120888,-0.307310460563633,0.826,-0.20539034637469264,-0.1065533447265625,0.08452983093261719,0,0,1,0,-0.12050775706120888,0.307310460563633,0.17400000000000004,0.20539034637469264,-0.03189303204351418,0.05851298280567806,0.10150769230769233,0.15464154197055005,0,0,0,0,0,0,0,0
0.11658356078248057,-0.3007614559739441,0.837,-0.1924050967398548,-0.07766070556640625,0.08416525268554688,0,0,1,0,-0.11658356078248057,0.3007614559739441,0.16300000000000003,0.1924050967398548,-0.039719444157471806,0.05932862220535282,0.07116923076923076,0.13247317534829547,0,0,0,0,0,0,0,0
0.11286820715997209,-0.2929341166114969,0.845,-0.18097319013929195,-0.0771530990600586,0.10458678436279296,0,0,1,0,-0.11286820715997209,0.2929341166114969,0.15500000000000003,0.18097319013929195,-0.03905966906051679,0.050287486488332714,0.08092307692307692,0.12821054429054038,0,0,0,0,0,0,0,0
0.1102513574279034,-0.28477848259659694,0.854,-0.16994270926668775,-0.06063032531738281,0.1132716827392578,0,0,1,0,-0.1102513574279034,0.28477848259659694,0.14600000000000002,0.16994270926668775,-0.04373792852533254,0.046258161861266696,0.06833846153846151,0.1190327975469761,0,0,0,0,0,0,0,0
0.10936017395252898,-0.27567007898159424,0.863,-0.15915657448936285,-0.036282184600830075,0.1323970489501953,0,0,1,0,-0.10936017395252898,0.27567007898159424,0.137,0.15915657448936285,-0.05265546997522204,0.03857452848139672,0.06113846153846152,0.10937441397863254,0,0,0,0,0,0,0,0
0.10964524544919933,-0.2662332895801899,0.871,-0.1494350905557544,-0.018211885452270506,0.1404405059814453,0,0,1,0,-0.10964524544919933,0.2662332895801899,0.129,0.1494350905557544,-0.05920295575180186,0.03414831214165518,0.060123076923076904,0.1045667031698693,0,0,0,0,0,0,0,0
0.11035687139050392,-0.25794935589987006,0.877,-0.13981832637726566,-0.007944197177886962,0.12446337890625,0,0,1,0,-0.11035687139050392,0.25794935589987006,0.123,0.13981832637726566,-0.061927332313811506,0.03803848377088779,0.06609230769230767,0.09543326093808681,0,0,0,0,0,0,0,0
0.11087476432351887,-0.24897344625164583,0.89,-0.13089969389957462,-0.011071089744567872,0.13440737915039064,0,0,1,0,-0.11087476432351887,0.24897344625164583,0.10999999999999999,0.13089969389957462,-0.061215169640185085,0.03178151917392191,0.017999999999999933,0.08973677477176985,0,0,0,0,0,0,0,0
0.11400624661858083,-0.2403444761261956,0.894,-0.12280136617032095,0.02967578125,0.13445832824707032,0,0,1,0,-0.11400624661858083,0.2403444761261956,0.10599999999999998,0.12280136617032095,-0.07692818833596363,0.031217187937628926,0.06326153846153842,0.08542446895838092,0,0,0,0,0,0,0,0
0.11817374298610198,-0.2332556585381846,0.896,-0.1149648378288664,0.049016735076904294,0.11318885040283203,0,0,1,0,-0.11817374298610198,0.2332556585381846,0.10399999999999998,0.1149648378288664,-0.08432846297218702,0.03811596220487012,0.07259393939393938,0.0793442544586185,0,0,0,0,0,0,0,0
0.12221959275144749,-0.22728140214665143,0.899,-0.10862929264412698,0.05000737380981445,0.09598388671875,0,0,1,0,-0.12221959275144749,0.22728140214665143,0.10099999999999998,0.10862929264412698,-0.08611581595573686,0.04189455980319563,0.06464615384615383,0.07938831486840653,0,0,0,0,0,0,0,0
0.12539437724202063,-0.22153037055587763,0.902,-0.10232865404442745,0.037988529205322266,0.09091994476318359,0,0,1,0,-0.12539437724202063,0.22153037055587763,0.09799999999999998,0.10232865404442745,-0.08309436306668717,0.04151522476322142,0.06224615384615382,0.0732487835842758,0,0,0,0,0,0,0,0
0.12872084656602542,-0.21725507358502705,0.906,-0.09669124056048578,0.0430851936340332,0.06889098358154297,0,0,1,0,-0.12872084656602542,0.21725507358502705,0.09399999999999997,0.09669124056048578,-0.08565803076666642,0.04832011480784468,0.053661538461538434,0.0706724090961396,0,0,0,0,0,0,0,0
0.13044821480072474,-0.21429776313157292,0.911,-0.08990190977022783,0.02150698661804199,0.046653873443603514,0,0,1,0,-0.13044821480072474,0.21429776313157292,0.08899999999999997,0.08990190977022783,-0.07785633890039967,0.05491248108838133,0.04468484848484844,0.05904131526905532,0,0,0,0,0,0,0,0
0.13090912594297088,-0.21167535362157172,0.917,-0.08529424054496279,0.003354114055633545,0.03979800033569336,0,0,1,0,-0.13090912594297088,0.21167535362157172,0.08299999999999996,0.08529424054496279,-0.07153089802818235,0.055602635404015235,0.033587499999999944,0.06369579105153293,0,0,0,0,0,0,0,0
0.13232582374735716,-0.21035321299449458,0.925,-0.08124507668033595,0.019483699798583984,0.021570358276367187,0,0,1,0,-0.13232582374735716,0.21035321299449458,0.07499999999999996,0.08124507668033595,-0.07755089376615266,0.062451464725699526,0.01624999999999993,0.062264621064897656,0,0,0,0,0,0,0,0
0.13273542387435144,-0.20777397091197622,0.933,-0.07735299244838861,0.002983931541442871,0.039059635162353515,0,0,1,0,-0.13273542387435144,0.20777397091197622,0.06699999999999995,0.07735299244838861,-0.0722678549772452,0.05536748055362817,0.011175757575757506,0.059661700484991614,0,0,0,0,0,0,0,0
0.13246675222924337,-0.205571563560438,0.94,-0.07295476273336289,-0.006570918083190918,0.032625896453857425,0,0,1,0,-0.13246675222924337,0.205571563560438,0.06000000000000005,0.07295476273336289,-0.06860080718440553,0.056659062278644055,0.01030769230769292,0.05265524097170571,0,0,0,0,0,0,0,0
0.13146941699919776,-0.20194325689563733,0.944,-0.06911503837897537,-0.01888724708557129,0.05318939208984375,0,0,1,0,-0.13146941699919776,0.20194325689563733,0.05600000000000005,0.06911503837897537,-0.06426402154076856,0.048023914017080664,0.023261538461538486,0.05139323366641758,0,0,0,0,0,0,0,0
0.12965951035401815,-0.19692284649144054,0.945,-0.06585127267774597,-0.032284427642822265,0.07325148010253907,0,0,1,0,-0.12965951035401815,0.19692284649144054,0.05500000000000005,0.06585127267774597,-0.059067962356879666,0.03914984753390803,0.03861538461538465,0.05078773867207184,0,0,0,0,0,0,0,0
0.12796535287692395,-0.19214061142204159,0.949,-0.06257005368399664,-0.030077613830566407,0.06990582275390625,0,0,1,0,-0.12796535287692395,0.19214061142204159,0.051000000000000045,0.06257005368399664,-0.059066823478447154,0.03951463142691118,0.01958787878787881,0.04765542189422693,0,0,0,0,0,0,0,0
0.1272943861492733,-0.18769127000949087,0.951,-0.05880014249968889,-0.01421801471710205,0.06598019409179688,0,0,1,0,-0.1272943861492733,0.18769127000949087,0.049000000000000044,0.05880014249968889,-0.06424136595955973,0.040069050391305046,0.02859393939393943,0.0416641825710173,0,0,0,0,0,0,0,0
0.12399420213695717,-0.18224975035683547,0.955,-0.05574581630869881,-0.05421387481689453,0.07857263946533204,0,0,1,0,-0.12399420213695717,0.18224975035683547,0.04500000000000004,0.05574581630869881,-0.04789319156582596,0.03191573944054282,0.013777777777777792,0.041201405875412746,0,0,0,0,0,0,0,0
0.12175928525716859,-0.17622930728191116,0.959,-0.05274384999526857,-0.03850328826904297,0.08829852294921875,0,0,1,0,-0.12175928525716859,0.17622930728191116,0.041000000000000036,0.05274384999526857,-0.05315506447108114,0.028037049901334703,0.011261538461538476,0.03888862085635977,0,0,0,0,0,0,0,0
0.11826231989410352,-0.17016586762391422,0.956,-0.04942772441647934,-0.05717644882202148,0.08805974578857421,0,0,1,0,-0.11826231989410352,0.17016586762391422,0.04400000000000004,0.04942772441647934,-0.045252255849574985,0.027075114758101176,0.05087164179104482,0.0345794009293634,0,0,0,0,0,0,0,0
0.11557092714201292,-0.16357458505858122,0.957,-0.046722464075888134,-0.045206478118896484,0.09675386047363281,0,0,1,0,-0.11557092714201292,0.16357458505858122,0.04300000000000004,0.046722464075888134,-0.047294916710119136,0.020257230283596953,0.028844444444444475,0.033840271977834756,0,0,0,0,0,0,0,0
0.11180603232425937,-0.15578632104561463,0.959,-0.04253367387110175,-0.06186811065673828,0.11405885314941407,0,0,1,0,-0.11180603232425937,0.15578632104561463,0.041000000000000036,0.04253367387110175,-0.04016481462117751,0.012703442438792636,0.022030769230769253,0.023200796002856884,0,0,0,0,0,0,0,0
0.10815456580354625,-0.14852049554185315,0.961,-0.04064871827894786,-0.05935669708251953,0.10655986022949218,0,0,1,0,-0.10815456580354625,0.14852049554185315,0.039000000000000035,0.04064871827894786,-0.0390201495818879,0.013433363543947752,0.020430769230769252,0.0319489232382376,0,0,0,0,0,0,0,0
0.10448072340756678,-0.13973877264453813,0.965,-0.03801327110843642,-0.06041512680053711,0.12937759399414062,0,0,1,0,-0.10448072340756678,0.13973877264453813,0.03500000000000003,0.03801327110843642,-0.03713065537190966,0.0027271524501454453,0.00646153846153847,0.02584966878299902,0,0,0,0,0,0,0,0
0.10086094089877606,-0.13221441092266867,0.966,-0.03520329101272555,-0.058546863555908206,0.11072039031982422,0,0,1,0,-0.10086094089877606,0.13221441092266867,0.03400000000000003,0.03520329101272555,-0.035677415429345605,0.007326189630006585,0.02181538461538464,0.022234152109444592,0,0,0,0,0,0,0,0
0.09705669376514638,-0.12410354356424766,0.965,-0.033231068957971954,-0.061310405731201174,0.11957921600341796,0,0,1,0,-0.09705669376514638,0.12410354356424766,0.03500000000000003,0.033231068957971954,-0.0328451076566529,0.0018154894520579362,0.033384615384615415,0.024128505628339986,0,0,0,0,0,0,0,0
0.09382634911041479,-0.11671180463193875,0.968,-0.031066860685498993,-0.05211227035522461,0.10920494842529296,0,0,1,0,-0.09382634911041479,0.11671180463193875,0.03200000000000003,0.031066860685498993,-0.0343811665733525,0.0035460604321334993,0.009446153846153861,0.02107820712023917,0,0,0,0,0,0,0,0
0.09104016335128198,-0.10855431678132468,0.967,-0.027750735106709768,-0.04557342147827149,0.12100511169433593,0,0,1,0,-0.09104016335128198,0.10855431678132468,0.03300000000000003,0.027750735106709768,-0.03543887462241938,-0.0029538890234014417,0.03178461538461541,0.01244554012768258,0,0,0,0,0,0,0,0
0.08810360591095953,-0.10034100556242051,0.969,-0.025778513051956175,-0.04744984436035156,0.12193001556396485,0,0,1,0,-0.08810360591095953,0.10034100556242051,0.031000000000000028,0.025778513051956175,-0.03321816957815605,-0.00565324810317306,0.014030769230769246,0.016675949722324206,0,0,0,0,0,0,0,0
0.08672808535642668,-0.09239526041306365,0.972,-0.023928464044842186,-0.023698055267333984,0.11861475372314453,0,0,1,0,-0.08672808535642668,0.09239526041306365,0.028000000000000025,0.023928464044842186,-0.04110545502506313,-0.005886996135357432,0.006490909090909099,0.015519150376142234,1425562194012,0,0,0,0,0,0,0
0.08520237896955629,-0.08468100449779205,0.978,-0.021048670779051544,-0.025647634506225585,0.11513314819335937,0,0,1,0,-0.08520237896955629,0.08468100449779205,0.02200000000000002,0.021048670779051544,-0.03947706847793871,-0.007548004032051546,-0.014707692307692314,0.0077573172446332005,1425562194012,0,0,0,0,0,0,0
0.08421468169409517,-0.07770493871445322,0.978,-0.019408061282176876,-0.01701456832885742,0.1043059844970703,0,0,1,0,-0.08421468169409517,0.07770493871445322,0.02200000000000002,0.019408061282176876,-0.042457890294017885,-0.0019580060201775176,0.017600000000000015,0.012572188378532429,1425562194012,0,0,0,0,0,0,0
0.08385740887564956,-0.07007678706916887,0.982,-0.017226399717183965,-0.007578658103942871,0.11429672241210938,0,0,1,0,-0.08385740887564956,0.07007678706916887,0.018000000000000016,0.017226399717183965,-0.044973240719067345,-0.016326325669644773,-0.009737931034482762,0.005941943346530974,1425562194012,0,0,0,0,0,0,0
0.0842625341024923,-0.06248405199714216,0.984,-0.015446163880149745,0.004114141464233398,0.11397880554199219,0,0,1,0,-0.0842625341024923,0.06248405199714216,0.016000000000000014,0.015446163880149745,-0.04953576462249931,-0.01279546130316079,0.002193939393939399,0.007354182802721475,1425562194012,0,0,0,0,0,0,0
0.08520934409745812,-0.054995207481597176,0.988,-0.01275835683207848,0.012465415954589843,0.11253862762451172,0,0,1,-0.015446163880149744,-0.08520934409745812,0.054995207481597176,0.01200000000000001,-0.0026878070480712644,-0.04260467204872906,0.016498562244479154,0.00960000000000001,-0.0026878070480712644,1425562194012,0,0,0,0,0,0,0
0.08552495946941988,-0.04797359600984651,0.987,-0.011344640137963071,0.003390118360519409,0.1053759994506836,0,0,1,-0.015446163880149744,-0.08552495946941988,0.04797359600984651,0.013000000000000012,-0.0041015237421866725,-0.044517538345851454,-0.023385415515220137,0.015784615384615397,-0.010626370022719326,1425562194402,0,0,0,0,0,0,0
0.08795285992781333,-0.040775720145075675,0.986,-0.010297442586766473,0.03519132995605469,0.10837433624267578,0,0,1,-0.015446163880149744,-0.08795285992781333,0.040775720145075675,0.014000000000000012,-0.005148721293383271,-0.05716250070709503,-0.026467390018973417,0.0165846153846154,-0.009981940760444494,1425562194467,0,0,0,0,0,0,0
0.09062100118395928,-0.03422556062943537,0.984,-0.009808750396208061,0.03900826644897461,0.0986593017578125,0,0,1,-0.015446163880149744,-0.09062100118395928,0.03422556062943537,0.016000000000000014,-0.005637413483941683,-0.05984907928152792,-0.024922487840861214,0.02356923076923079,-0.007892915901903583,1425562194532,0,0,0,0,0,0,0
0.09448493347063552,-0.028117122615528095,0.983,-0.010245082709206642,0.05705746841430664,0.09219065856933593,0,0,1,-0.015446163880149744,-0.09448493347063552,0.028117122615528095,0.017000000000000015,-0.0052010811709431014,-0.06828133541140043,-0.02435824272138619,0.018984615384615402,-0.003187239726334265,1425562194597,0,0,0,0,0,0,0
0.09900883751397699,-0.02381947623170922,0.986,-0.010157816246606926,0.06719456481933593,0.06515651702880859,0,0,1,-0.015446163880149744,-0.09900883751397699,0.02381947623170922,0.014000000000000012,-0.005288347633542818,-0.0737932442597225,-0.01553077548166447,-0.004709090909090911,-0.005685013372632437,1425562194663,0,0,0,0,0,0,0
0.10337228086381473,-0.019478919342077055,0.988,-0.008779006137531405,0.06478692626953125,0.06576982879638672,0,0,1,-0.015446163880149744,-0.10337228086381473,0.019478919342077055,0.01200000000000001,-0.006667157742618338,-0.07591330478397824,-0.017767347525251005,-0.0013375000000000001,-0.01313033012890984,0,0,0,0,0,0,0,0
0.10815097931798154,-0.01544187532926703,0.989,-0.00837758040957271,0.07114610290527344,0.06118260192871094,0,0,1,-0.015446163880149744,-0.10815097931798154,0.01544187532926703,0.01100000000000001,-0.007068583470577034,-0.08024182454293759,-0.016968932319700376,0.0034153846153846187,-0.008921317599617166,0,0,0,0,0,0,0,0
0.11337622623573192,-0.012428545556900584,0.989,-0.008726646259971577,0.07799729156494141,0.045854976654052734,0,0,1,-0.015446163880149744,-0.11337622623573192,0.012428545556900584,0.01100000000000001,-0.006719517620178167,-0.08533263427585443,-0.012352545248255969,0.008800000000000007,-0.00510844446449109,0,0,0,0,0,0,0,0
0.11781473117888128,-0.008875227134814461,0.989,-0.010088003076527153,0.06610991668701172,0.05387873840332031,0,0,1,-0.015446163880149744,-0.11781473117888128,0.008875227134814461,0.01100000000000001,-0.005358160803622591,-0.08234130185381376,-0.015476022706434178,0.008800000000000007,0.0006478251517696544,0,0,0,0,0,0,0,0
0.12129354324344212,-0.005130232176749704,0.991,-0.011100294042683864,0.05161284255981445,0.05669847106933594,0,0,1,-0.015446163880149744,-0.12129354324344212,0.005130232176749704,0.009000000000000008,-0.00434586983746588,-0.0806386104794264,-0.019112677755178477,-0.0039111111111111135,0.0004745633347089341,0,0,0,0,0,0,0,0
0.1220210858828192,-0.003821155765828221,0.992,-0.012112585008840576,0.010694504737854004,0.019756072998046874,0,0,1,-0.015446163880149744,-0.1220210858828192,0.003821155765828221,0.008000000000000007,-0.0033335788713091674,-0.06567249910188759,-0.005746262364287834,0.0010153846153846176,0.0013385332801833525,0,0,0,0,0,0,0,0
0.12394119770748672,-0.0020900732857136546,0.992,-0.01305506280491751,0.02848505401611328,0.026313186645507813,0,0,1,-0.015446163880149744,-0.12394119770748672,0.0020900732857136546,0.008000000000000007,-0.0023911010752322333,-0.07313464317506443,-0.00853656893326463,0.006400000000000006,0.001958796445122847,0,0,0,0,0,0,0,0
0.12453440809054603,-0.0008306214395941169,0.995,-0.014678219009272242,0.008650771141052246,0.019006330490112303,0,0,1,-0.015446163880149744,-0.12453440809054603,0.0008306214395941169,0.0050000000000000044,-0.0007679448708775016,-0.06636734181550095,-0.0063743150154992176,-0.012153846153846161,0.006723545303067412,0,0,0,0,0,0,0,0
0.1245491078798922,0.0002998808707103674,0.995,-0.015917402778188212,-0.000028424382209777832,0.01695894432067871,0,0,1,-0.015446163880149744,-0.1245491078798922,-0.0002998808707103674,0.0050000000000000044,0.0004712388980384688,-0.0633405915872253,-0.006019316976767775,0.0040000000000000036,0.006190548600727563,0,0,0,0,0,0,0,0
0.12276623574883656,0.000574787388960388,0.997,-0.017558012275062884,-0.026805328369140624,0.003697412967681885,0,0,1,-0.015446163880149744,-0.12276623574883656,-0.000574787388960388,0.0030000000000000027,0.00211184839491314,-0.052849720157385954,-0.0014951082791369566,-0.008369230769230775,0.00968389222664239,0,0,0,0,0,0,0,0
0.12135134603384685,0.0006762804834423679,0.999,-0.019198621771937555,-0.021246803283691405,0.001149541139602661,0,0,1,-0.015446163880149744,-0.12135134603384685,-0.0006762804834423679,0.0010000000000000009,0.003752457891787811,-0.05420259745362967,-0.0005922312002755689,-0.009969230769230777,0.011324501723517061,0,0,0,0,0,0,0,0
0.11954806259991163,-0.0007310566088634058,1.001,-0.021485003092050127,-0.026639007568359376,-0.02162544250488281,0,0,1,-0.015446163880149744,-0.11954806259991163,0.0007310566088634058,-0.0009999999999998899,0.006038839211900383,-0.05143562768973463,0.007840104949833976,-0.011406060606059937,0.01643148157604844,0,0,0,0,0,0,0,0
0.11602117961348737,-0.0020847018306102034,1.004,-0.021554816262129902,-0.052454822540283205,-0.02143653106689453,0,0,1,-0.015446163880149744,-0.11602117961348737,0.0020847018306102034,-0.0040000000000000036,0.0061086523819801584,-0.04002166511457851,0.008187128784881332,-0.019606250000000623,0.006435901616729104,0,0,0,0,0,0,0,0
0.1102486867175329,-0.004215297972140691,1.004,-0.021502456384570073,-0.08587846374511719,-0.0338177490234375,0,0,1,-0.015446163880149744,-0.1102486867175329,0.004215297972140691,-0.0040000000000000036,0.00605629250442033,-0.02678666861169357,0.01239273039317595,-0.003200000000000003,0.005825293044597556,0,0,0,0,0,0,0,0
0.10604054309642068,-0.009111422950220466,1.004,-0.02087413785385212,-0.06152850341796875,-0.07478207397460937,0,0,1,-0.015446163880149744,-0.10604054309642068,0.009111422950220466,-0.0040000000000000036,0.005427973973702375,-0.030704052957719875,0.030540328498024242,-0.003200000000000003,0.0023877230186154963,0,0,0,0,0,0,0,0
0.10191143812718076,-0.01303097467132817,1.004,-0.020036379812894838,-0.0606959114074707,-0.06007324600219727,0,0,1,-0.015446163880149744,-0.10191143812718076,0.01303097467132817,-0.0040000000000000036,0.004590215932745095,-0.031520733488211335,0.02396755428061765,-0.003200000000000003,0.0009477896677134419,0,0,0,0,0,0,0,0
0.09689883906640036,-0.016751101450546677,1.003,-0.019146261894377733,-0.07405590057373047,-0.05729711532592773,0,0,1,-0.015446163880149744,-0.09689883906640036,0.016751101450546677,-0.0029999999999998916,0.003700098014227989,-0.021257463317702386,0.026557016110520214,0.003337704918033516,-0.0006775310932331854,1425562195768,0,0,0,0,0,0,0
0.0905218251914297,-0.0209447835002071,1.002,-0.018849555921538693,-0.094433349609375,-0.06472502899169921,0,0,1,-0.015446163880149744,-0.0905218251914297,0.0209447835002071,-0.0020000000000000018,0.0034033920413889494,-0.01406845997157629,0.028069501658152567,0.003547058823528843,0.0020943951023931857,1425562195768,0,0,0,0,0,0,0
0.08439357193253161,-0.025239584347678957,1.003,-0.017610372152622723,-0.09069321441650391,-0.0661431884765625,0,0,1,-0.015446163880149744,-0.08439357193253161,0.025239584347678957,-0.0029999999999998916,0.002164208272472979,-0.011384585895959067,0.030564930880905502,-0.007703030303029631,-0.0034684452225996138,1425562195768,0,0,0,0,0,0,0
0.07700594083087761,-0.028845037055666153,1.003,-0.01605702911834777,-0.10984493255615234,-0.05602478790283203,0,0,1,-0.015446163880149744,-0.07700594083087761,0.028845037055666153,-0.0029999999999998916,0.0006108652381980259,0.001467542357212269,0.02924235363787072,-0.0023999999999999135,-0.006905310734100134,1425562195768,0,0,0,0,0,0,0
0.0727926091241267,-0.030860598319482714,1.008,-0.015289084247470261,-0.06270639038085937,-0.03124428176879883,0,0,1,-0.015446163880149744,-0.0727926091241267,0.030860598319482714,-0.008000000000000007,-0.00015707963267948266,-0.01513509041019799,0.02053601140021894,-0.033743750000000634,-0.0037568212149178036,1425562195768,0,0,0,0,0,0,0
0.06817453134864447,-0.03231024933601854,1.006,-0.013665928043115535,-0.06893062591552734,-0.022801275253295897,0,0,1,-0.015446163880149744,-0.06817453134864447,0.03231024933601854,-0.006000000000000005,-0.0017802358370342091,-0.011422898099307965,0.017657174077752802,0.005806060606060609,-0.009158218584101147,1425562196094,0,0,0,0,0,0,0
0.06434934396729552,-0.032577027354508944,1.003,-0.012967796342317804,-0.05731776809692383,-0.004785393238067627,0,0,1,-0.015446163880149744,-0.06434934396729552,0.032577027354508944,-0.0029999999999998916,-0.002478367537831939,-0.01344477504469711,0.011507336304212839,0.013753846153846852,-0.005700513849206078,1425562196159,0,0,0,0,0,0,0
0.06166831039047196,-0.03287123373521532,1.003,-0.010646508437165343,-0.0401548957824707,-0.004934216499328613,0,0,1,-0.015446163880149744,-0.06166831039047196,0.03287123373521532,-0.0029999999999998916,-0.004799655442984401,-0.01830517083625271,0.01176465570151555,-0.0023999999999999135,-0.015513291928303453,1425562196224,0,0,0,0,0,0,0
0.058646935835550154,-0.033100573774627544,1.003,-0.009128071987930277,-0.04528142547607422,-0.003922402858734131,0,0,1,-0.015446163880149744,-0.058646935835550154,0.033100573774627544,-0.0029999999999998916,-0.006318091892219466,-0.014999998800402106,0.011505692787016535,-0.0023999999999999135,-0.013326260119458231,1425562196289,0,0,0,0,0,0,0
0.05596626505496505,-0.03145971140237643,0.998,-0.009302604913129712,-0.04043305206298828,0.024244874954223634,0,0,1,-0.015446163880149744,-0.05596626505496505,0.03145971140237643,0.0020000000000000018,-0.006143558967020032,-0.015530600267285187,0.0009635622095655501,0.028523076923076346,-0.005338022389176489,1425562196354,0,0,0,0,0,0,0
0.05346886741264947,-0.030042338770169378,0.997,-0.01083849465488472,-0.03765711975097656,0.020911190032958986,0,0,1,-0.015446163880149744,-0.05346886741264947,0.030042338770169378,0.0030000000000000027,-0.004607669225265024,-0.015303511569858487,0.0017612842326489705,0.0077846153846153916,0.002481052659758092,1425562196419,0,0,0,0,0,0,0
0.051701064569038155,-0.02734888681187793,0.997,-0.011885692206081317,-0.026953371047973632,0.04011200714111328,0,0,1,-0.015446163880149744,-0.051701064569038155,0.02734888681187793,0.0030000000000000027,-0.003560471674068427,-0.018381803217661002,-0.005900170949634409,0.0024000000000000024,0.001272747792992789,1425562196484,0,0,0,0,0,0,0
0.050012391306776524,-0.023936842439358855,0.995,-0.013055062804917516,-0.02593661308288574,0.05087599182128906,0,0,1,-0.015446163880149744,-0.050012391306776524,0.023936842439358855,0.0050000000000000044,-0.002391101075232228,-0.017996057001993294,-0.010777569082722527,0.014769230769230781,0.0030059939963194586,1425562196549,0,0,0,0,0,0,0
0.04806790193902244,-0.021177313983631287,0.992,-0.014678219009272247,-0.029705226898193358,0.04100862884521484,0,0,1,-0.015446163880149744,-0.04806790193902244,0.021177313983631287,0.008000000000000007,-0.0007679448708774964,-0.01583670711983849,-0.007852766993752756,0.022309090909090928,0.006610037876189466,1425562196615,0,0,0,0,0,0,0
0,0,0.984,0,-0.015485367774963378,-0.03342659378051758,0,0,1,-0.014678219009272247,0,0,0.016000000000000014,-0.014678219009272247,0,0,0.012800000000000013,-0.014678219009272247,1425562196615,0,0,0,0,0,0,0
-0.000868858273824056,-0.0008923959732055663,0.983,-0.0019024088846738214,-0.01303287410736084,-0.013385939598083495,0,0,1,-0.014678219009272247,0.000868858273824056,0.0008923959732055663,0.017000000000000015,-0.012775810124598426,0.002476665989689151,0.002365280613786902,0.01594899328859062,-0.008945456665523616,1425562201772,0,0,0,0,0,0,0
-0.00028103987044327076,-0.0019260629203218934,0.985,-0.0047822021504644666,0.008846756935119628,-0.015488202095031739,0,0,1,-0.014678219009272247,0.00028103987044327076,0.0019260629203218934,0.015000000000000013,-0.00989601685880778,-0.20559462383882648,0.3623625992974403,-0.6880000000000006,0.8540419628783856,1425562201773,0,0,0,0,0,0,0
-0.001761133476678458,-0.007758891218145616,0.983,0.028326693759867967,-0.021782745361328126,-0.08759759521484375,0,0,1,-0.014678219009272247,0.001761133476678458,0.007758891218145616,0.017000000000000015,-0.043004912769140216,0.0038967116819267227,0.014211488939190865,0.01766976744186048,-0.10075298703134795,1425562201945,0,0,0,0,0,0,0
-0.0029619543071888015,-0.013118310985105536,0.983,0.09314822217893737,-0.02028200149536133,-0.07984888458251953,0,0,1,-0.014678219009272247,0.0029619543071888015,0.013118310985105536,0.017000000000000015,-0.10782644118820961,0.10655724486022831,0.47289994186048856,0.013600000000000013,-4.969441072618414,0,0,0,0,0,0,0,0
-0.0052117158242712455,-0.016176746844793713,0.981,0.14531611352104792,-0.03786726760864258,-0.042538780212402344,0,0,1,-0.014678219009272247,0.0052117158242712455,0.016176746844793713,0.019000000000000017,-0.15999433253032017,0.01472779104099805,0.021347258677787456,0.025969230769230793,-0.4007692156477535,0,0,0,0,0,0,0,0
-0.010306342193640915,-0.01481963637795728,0.978,0.14163346879933986,-0.07266619873046876,0.031208028793334962,0,0,1,-0.014678219009272247,0.010306342193640915,0.01481963637795728,0.02200000000000002,-0.1563116878086121,0.03260030639888612,-0.002826260379904153,0.033753846153846176,-0.13931486601611331,0,0,0,0,0,0,0,0
-0.018771857126762184,-0.008925486873830319,0.974,0.1169370598836201,-0.11323090362548828,0.10545188140869141,0,0,1,-0.014678219009272247,0.018771857126762184,0.008925486873830319,0.026000000000000023,-0.13161527889289235,0.05499620399278006,-0.029018913865469412,0.042338461538461575,-0.017631853128031963,0,0,0,0,0,0,0,0
-0.028787041960413887,0.0011138715321992645,0.976,0.10154325588103012,-0.13163232421875,0.16708912658691405,0,0,1,-0.014678219009272247,0.028787041960413887,-0.0011138715321992645,0.02400000000000002,-0.11622147489030236,0.06836688437435176,-0.05435180102940371,0.008430769230769242,-0.045173148724502454,0,0,0,0,0,0,0,0
-0.039267816911105445,0.013838908943374134,0.976,0.09239773060057986,-0.137052978515625,0.20582870483398438,0,0,1,-0.014678219009272247,0.039267816911105445,-0.013838908943374134,0.02400000000000002,-0.1070759496098521,0.07613981963782744,-0.07263965603281322,0.01920000000000002,-0.0648658329308509,0,0,0,0,0,0,0,0
-0.04874552861763155,0.029360965021235738,0.971,0.08292059276225065,-0.1200768051147461,0.24495477294921875,0,0,1,-0.014678219009272247,0.04874552861763155,-0.029360965021235738,0.029000000000000026,-0.0975988117715229,0.07550925030841645,-0.09237622722713329,0.050123076923076965,-0.05385817559461886,1425562202339,0,0,0,0,0,0,0
-0.0576138632330179,0.042254093610594186,0.969,0.0736703477266807,-0.11654973602294921,0.20375030517578124,0,0,1,-0.014678219009272247,0.0576138632330179,-0.042254093610594186,0.031000000000000028,-0.08834856673595294,0.07597665770273997,-0.08106440315824169,0.035406060606060635,-0.04630199839245316,1425562202339,0,0,0,0,0,0,0
-0.0657074773177239,0.056627978917882564,0.962,0.06555456670490707,-0.10520533752441406,0.22395925903320313,0,0,1,-0.014678219009272247,0.0657074773177239,-0.056627978917882564,0.038000000000000034,-0.08023278571417931,0.07661812632019085,-0.09443856928881267,0.06809230769230774,-0.042775334844454886,1425562202339,0,0,0,0,0,0,0
-0.07240554211360023,0.06997640780984965,0.958,0.058852502377248844,-0.08713880920410157,0.20637797546386719,0,0,1,-0.014678219009272247,0.07240554211360023,-0.06997640780984965,0.04200000000000004,-0.07353072138652109,0.07306254119988265,-0.09408925939802407,0.05547500000000005,-0.042114794850623145,1425562202339,0,0,0,0,0,0,0
-0.07934194447949854,0.08033818622816236,0.952,0.05222025121967039,-0.09472393035888672,0.16127742004394532,0,0,1,-0.014678219009272247,0.07934194447949854,-0.08033818622816236,0.04800000000000004,-0.06689847022894263,0.07673701815410942,-0.07920042056908114,0.07021818181818187,-0.036751874058131476,1425562202339,0,0,0,0,0,0,0
-0.08098313995304145,0.0885954762123371,0.947,0.04656538444320877,-0.018119346618652343,0.12497547912597656,0,0,1,-0.014678219009272247,0.08098313995304145,-0.0885954762123371,0.05300000000000005,-0.06124360345248102,0.04980078090601881,-0.0719425383244674,0.06974375000000006,-0.03473641543781722,1425562202664,0,0,0,0,0,0,0
-0.08425444302020826,0.09426263725318448,0.941,0.041137410469506405,-0.045059383392333986,0.08719938659667968,0,0,1,-0.014678219009272247,0.08425444302020826,-0.09426263725318448,0.05900000000000005,-0.055815629478778654,0.05960649179001612,-0.05815336060416719,0.07854328358208962,-0.03151126840249942,1425562202731,0,0,0,0,0,0,0
-0.08323962091515755,0.0975211741313003,0.937,0.036058502346202906,0.01721960258483887,0.04821067047119141,0,0,1,-0.014678219009272247,0.08323962091515755,-0.0975211741313003,0.06299999999999994,-0.050736721355475155,0.036994341327349634,-0.0458872982786314,0.07039999999999942,-0.028969972255603015,1425562202801,0,0,0,0,0,0,0
-0.08048327136166115,0.09797826531112505,0.933,0.030647981665020488,0.04156554412841797,0.005361386299133301,0,0,1,-0.014678219009272247,0.08048327136166115,-0.09797826531112505,0.06699999999999995,-0.04532620067429274,0.02410381351593897,-0.03254687747965018,0.07773793103448273,-0.017340748875073336,1425562202859,0,0,0,0,0,0,0
-0.07542579732935177,0.09621606825468561,0.93,0.0267035375555133,0.07501649475097656,-0.028745199203491213,0,0,1,-0.014678219009272247,0.07542579732935177,-0.09621606825468561,0.06999999999999995,-0.04138175656478555,0.011024694643688264,-0.01983369658248611,0.07215384615384612,-0.023176629905521613,1425562202924,0,0,0,0,0,0,0
-0.07131961491402941,0.09271788289512226,0.927,0.022392574303087304,0.060169734954833985,-0.054098621368408206,0,0,1,-0.014678219009272247,0.07131961491402941,-0.09271788289512226,0.07299999999999995,-0.03707079331235955,0.015424904924986202,-0.010592551204103767,0.0736173913043478,-0.01832747482355087,1425562202993,0,0,0,0,0,0,0
-0.06331701888726216,0.08616402200114585,0.923,0.019512781037296655,0.11780766296386719,-0.10097102355957031,0,0,1,-0.014678219009272247,0.06331701888726216,-0.08616402200114585,0.07699999999999996,-0.0341910000465689,-0.013625842759690851,0.011180748403600869,0.08455081967213113,-0.02002808234595914,1425562203054,0,0,0,0,0,0,0
-0.055885856625071124,0.07863790802587664,0.929,0.01535889741755015,0.10924352264404297,-0.11504512023925781,0,0,1,-0.014678219009272247,0.055885856625071124,-0.07863790802587664,0.07099999999999995,-0.0300371164268224,-0.011402514146735033,0.016308577170097104,0.024492307692307633,-0.01086534587414624,1425562203119,0,0,0,0,0,0,0
-0.04635298337783094,0.07089616451294525,0.927,0.013596114873035879,0.14119273376464844,-0.11830858612060546,0,0,1,-0.014678219009272247,0.04635298337783094,-0.07089616451294525,0.07299999999999995,-0.028274333882308128,-0.027455726635270357,0.019746099842916358,0.06916923076923075,-0.020138414446088417,1425562203184,0,0,0,0,0,0,0
-0.03944685473419838,0.06178960301372487,0.927,0.010018189906447508,0.10172520446777343,-0.13799420166015625,0,0,1,-0.014678219009272247,0.03944685473419838,-0.06178960301372487,0.07299999999999995,-0.024696408915719753,-0.016175309560093193,0.029043347517991484,0.058399999999999966,-0.008433113613045322,1425562203250,0,0,0,0,0,0,0
0,0,0.924,0,0.13105526733398437,-0.14255648803710938,0,0,1,0.010018189906447508,0,0,0.07599999999999996,0.010018189906447508,0,0,0.060799999999999965,0.010018189906447508,1425562203250,0,0,0,0,0,0,0
0.007723213704427083,-0.00915194600423177,0.923,-0.0030892327760299668,0.11584820556640625,-0.13727919006347655,0,0,1,0.010018189906447508,-0.007723213704427083,0.00915194600423177,0.07699999999999996,0.013107422682477474,-0.0448231404846142,0.051284671077770495,0.06690303030303027,0.027149389846250052,1425562203250,0,0,0,0,0,0,0
0.014404362145067197,-0.018836924206812013,0.923,-0.0053581608036226,0.10066553497314454,-0.14496438598632813,0,0,1,0.010018189906447508,-0.014404362145067197,0.018836924206812013,0.07699999999999996,0.015376350710070107,-0.04433384447861943,0.05947441926743581,0.06159999999999997,0.026180769889082647,1425562203250,0,0,0,0,0,0,0
0.01940550643861727,-0.026169138360284092,0.924,-0.0066147978650585105,0.07560539245605469,-0.10957968139648437,0,0,1,0.010018189906447508,-0.01940550643861727,0.026169138360284092,0.07599999999999996,0.016632987771506017,-0.03625095266127755,0.046768874530186216,0.055496969696969656,0.022344974414396514,1425562203250,0,0,0,0,0,0,0
0.02506807881446646,-0.032291513755055117,0.925,-0.007504915783575629,0.08554419708251954,-0.0912717742919922,0,0,1,0.010018189906447508,-0.02506807881446646,0.032291513755055117,0.07499999999999996,0.017523105690023136,-0.04306808769340407,0.04271025952946294,0.05461538461538458,0.021631342237025224,1425562203575,0,0,0,0,0,0,0
0.02962643386223548,-0.03869191276394503,0.928,-0.007958701389094151,0.06909391021728516,-0.0954901351928711,0,0,1,0.010018189906447508,-0.02962643386223548,0.03869191276394503,0.07199999999999995,0.01797689129554166,-0.03904913928243228,0.04563078904910768,0.04169090909090904,0.02003955313880767,1425562203641,0,0,0,0,0,0,0
0.03331565413528868,-0.044973198047080186,0.93,-0.00966912405604859,0.05608640670776367,-0.09377587890625,0,0,1,0.010018189906447508,-0.03331565413528868,0.044973198047080186,0.06999999999999995,0.019687313962496098,-0.035190076791829325,0.04501157239272867,0.04599999999999996,0.027017696820872267,1425562203711,0,0,0,0,0,0,0
0.036151097528499876,-0.050584412448705665,0.936,-0.010192722831646885,0.04334348297119141,-0.08375304412841797,0,0,1,0.010018189906447508,-0.036151097528499876,0.050584412448705665,0.06399999999999995,0.020210912738094392,-0.03500345317959069,0.048605220195273684,0.015606779661016881,0.02287327939367894,1425562203770,0,0,0,0,0,0,0
0.03971769176871935,-0.05468816833995135,0.944,-0.01146681318560274,0.054123550415039065,-0.06100785064697266,0,0,1,0.010018189906447508,-0.03971769176871935,0.05468816833995135,0.05600000000000005,0.02148500309205025,-0.039196878107036544,0.03868217628438744,0.001723076923077528,0.027365420110308045,1425562203835,0,0,0,0,0,0,0
0.04263687434432142,-0.056767678386096865,0.951,-0.011693705988362016,0.044142532348632815,-0.030688505172729492,0,0,1,0.010018189906447508,-0.04263687434432142,0.056767678386096865,0.049000000000000044,0.021711895894809524,-0.03719812055368303,0.028443142969411944,0.001507692307692321,0.022759093446006178,1425562203900,0,0,0,0,0,0,0
0.04389409937442095,-0.05826723930229584,0.957,-0.013631021458075716,0.0191201114654541,-0.0222713565826416,0,0,1,0.010018189906447508,-0.04389409937442095,0.05826723930229584,0.04300000000000004,0.023649211364523224,-0.028906262065235614,0.025808081942413668,0.002092307692307706,0.03259066737858646,1425562203965,0,0,0,0,0,0,0
0.04544319782198044,-0.056900593584040385,0.963,-0.014451326206513057,0.02295489501953125,0.020814508438110352,0,0,1,0.010018189906447508,-0.04544319782198044,0.056900593584040385,0.03700000000000003,0.024469516112960565,-0.03115604657036554,0.010113720181754271,-0.0022181818181818136,0.028198174060403022,1425562204031,0,0,0,0,0,0,0
0.04577093644698521,-0.05578403070890616,0.971,-0.015358897417550102,0.004673537254333496,0.01681773567199707,0,0,1,0.010018189906447508,-0.04577093644698521,0.05578403070890616,0.029000000000000026,0.02537708732399761,-0.024926613877903674,0.010955613532892707,-0.020550000000000016,0.029631327375733756,1425562204095,0,0,0,0,0,0,0
0.04511507582793589,-0.05427739262603327,0.976,-0.015690509975429028,-0.010183839797973633,0.022445812225341796,0,0,1,0.010018189906447508,-0.04511507582793589,0.05427739262603327,0.02400000000000002,0.025708699881876535,-0.019304130582675993,0.008532439036543233,-0.007723076923076923,0.02723921937977927,1425562204160,0,0,0,0,0,0,0
0.044505621680017274,-0.05286906654683211,0.979,-0.01677261411166551,-0.00947213363647461,0.020978857040405273,0,0,1,0.010018189906447508,-0.044505621680017274,0.05286906654683211,0.02100000000000002,0.026790804018113016,-0.01932838058380189,0.008789105522236995,0.000890909090909095,0.03170945918282429,1425562204226,0,0,0,0,0,0,0
0.04355874767097635,-0.05082661620725639,0.982,-0.017627825445142742,-0.014714946746826172,0.030394233703613282,0,0,1,0.010018189906447508,-0.04355874767097635,0.05082661620725639,0.018000000000000016,0.02764601535159025,-0.01693655775556826,0.004507645034733838,-0.002006250000000001,0.031654818477264784,1425562204290,0,0,0,0,0,0,0
0.041900619517734904,-0.04866232809842177,0.988,-0.01886700921405871,-0.025440303802490235,0.0320208625793457,0,0,1,0.010018189906447508,-0.041900619517734904,0.04866232809842177,0.01200000000000001,0.028885199120506216,-0.0125202614818247,0.003582840607544961,-0.02221818181818183,0.03451785261557879,1425562204356,0,0,0,0,0,0,0
0.03828052399101324,-0.0463105629324799,0.989,-0.020734511513692638,-0.05495729064941406,0.03424575424194336,0,0,1,0.010018189906447508,-0.03828052399101324,0.0463105629324799,0.01100000000000001,0.030752701420140145,-0.00033110642917559205,0.0019136795143351593,0.0034969696969697006,0.039241348236658,1425562204422,0,0,0,0,0,0,0
0.03431348902426976,-0.0439033326921452,0.991,-0.022130774915288105,-0.06024137115478516,0.03486696243286133,0,0,1,0.010018189906447508,-0.03431348902426976,0.0439033326921452,0.009000000000000008,0.03214896482173561,0.004472400426616313,0.00031715014723884827,-0.0039111111111111135,0.03879783816266641,1425562204485,0,0,0,0,0,0,0
0.030617488058483844,-0.040820498921268294,0.989,-0.02455678257556022,-0.05644973754882812,0.045004352569580075,0,0,1,0.010018189906447508,-0.030617488058483844,0.040820498921268294,0.01100000000000001,0.03457497248200773,0.00386111534040778,-0.0035556180257088083,0.01940606060606062,0.04560228002869916,1425562204551,0,0,0,0,0,0,0
0.02637216714751538,-0.03835524451327664,0.989,-0.025062928058638582,-0.064568603515625,0.035404052734375,0,0,1,0.010018189906447508,-0.02637216714751538,0.03835524451327664,0.01100000000000001,0.03508111796508609,0.009226049055484332,-0.001196349345270029,0.008800000000000007,0.03741717404083238,1425562204616,0,0,0,0,0,0,0
0.0227231492190491,-0.03362395149685481,0.986,-0.026354471705114377,-0.0564965934753418,0.06957542419433593,0,0,1,0.010018189906447508,-0.0227231492190491,0.03362395149685481,0.014000000000000012,0.036372661611561885,0.007824925759251793,-0.014795628034809164,0.027353846153846173,0.04233363228760402,1425562204681,0,0,0,0,0,0,0
0.02041602491245307,-0.028147090395634653,0.985,-0.02808234766458876,-0.036759693145751955,0.08121244812011719,0,0,1,0.010018189906447508,-0.02041602491245307,0.028147090395634653,0.015000000000000013,0.038100537571036264,0.0017396364555169064,-0.02043498813610138,0.0173846153846154,0.046075349691687244,1425562204746,0,0,0,0,0,0,0
0.01824360106854828,-0.021009117519941032,0.984,-0.027506389011430647,-0.035579879760742186,0.10611239624023437,0,0,1,0.010018189906447508,-0.01824360106854828,0.021009117519941032,0.016000000000000014,0.03752457891787815,0.0020886798530526784,-0.031507172088817065,0.018184615384615403,0.034866308210994554,1425562204811,0,0,0,0,0,0,0
0.01588017549069751,-0.013356066717774787,0.985,-0.02727949620867138,-0.038595191955566405,0.11377732086181641,0,0,1,0.010018189906447508,-0.01588017549069751,0.013356066717774787,0.015000000000000013,0.03729768611511888,0.004288541403002848,-0.03656790241326066,0.006615384615384622,0.03625048856392226,1425562204876,0,0,0,0,0,0,0
0.01582064527819923,-0.005581242831740837,0.986,-0.026808257310632903,-0.004073625564575196,0.11655461120605469,0,0,1,0.010018189906447508,-0.01582064527819923,0.005581242831740837,0.014000000000000012,0.03682644721708041,-0.008097567338999929,-0.03955242299205633,0.0058153846153846216,0.034651498456902824,1425562204941,0,0,0,0,0,0,0
0.015325234345542118,0.003700250042096849,0.99,-0.025918139392115798,-0.011160356521606445,0.1389731750488281,0,0,1,0.010018189906447508,-0.015325234345542118,-0.003700250042096849,0.010000000000000009,0.0359363292985633,-0.005512773243371507,-0.05045210902798588,-0.013538461538461548,0.031828092751561274,1425562205006,0,0,0,0,0,0,0
0.014724763333175642,0.014218974907121923,0.991,-0.025028021473598693,-0.013092968940734863,0.15749446105957032,0,0,1,0.010018189906447508,-0.014724763333175642,-0.014218974907121923,0.009000000000000008,0.0350462113800462,-0.004656400711842871,-0.06027898723526897,0.001815384615384618,0.030937974833044172,1425562205071,0,0,0,0,0,0,0
0.01277376969394029,0.024116208429335574,0.992,-0.0260403124397554,-0.03297097396850586,0.14767964172363282,0,0,1,0.010018189906447508,-0.01277376969394029,-0.024116208429335574,0.008000000000000007,0.036058502346202906,0.003582838071383077,-0.05991734098150447,0.0010153846153846176,0.04073061449769541,1425562205136,0,0,0,0,0,0,0
0.01289502613327867,0.033664003468090585,0.991,-0.025499260371637154,-0.001910762071609497,0.14321572875976563,0,0,1,0.010018189906447508,-0.01289502613327867,-0.033664003468090585,0.009000000000000008,0.03551745027808466,-0.0076444415691313,-0.06092196926137717,0.012584615384615395,0.03302028688676967,1425562205201,0,0,0,0,0,0,0
0.012796517849815156,0.04315966142124303,0.992,-0.025237460983838004,-0.005108734130859375,0.14235089111328125,0,0,1,0.010018189906447508,-0.012796517849815156,-0.04315966142124303,0.008000000000000007,0.03525565089028551,-0.0064201566566071105,-0.06351798227400211,0.0010153846153846176,0.03404734602352022,1425562205266,0,0,0,0,0,0,0
0.013332873656213556,0.05174820343940938,0.993,-0.026598817800393585,0.004791825294494629,0.12899012756347655,0,0,1,0.010018189906447508,-0.013332873656213556,-0.05174820343940938,0.007000000000000006,0.03661700770684109,-0.010115499873093153,-0.06124371079253177,0.00021538461538461642,0.0429001930140207,1425562205331,0,0,0,0,0,0,0
0.013762982059365212,0.05987603522484534,0.99,-0.025202554398798125,0.0032068655490875243,0.12204593658447266,0,0,1,0.010018189906447508,-0.013762982059365212,-0.05987603522484534,0.010000000000000009,0.03522074430524563,-0.009767398610909719,-0.061240232344048864,0.02415384615384617,0.028776451682497355,1425562205396,0,0,0,0,0,0,0
0.012921136790578963,0.0673787302447735,0.988,-0.025603980126756815,-0.015459674835205078,0.11218647003173828,0,0,1,0.010018189906447508,-0.012921136790578963,-0.0673787302447735,0.01200000000000001,0.03562217003320432,-0.0025058934049955956,-0.06016871597964448,0.020369230769230785,0.03747490416224443,1425562205461,0,0,0,0,0,0,0
0.010950886328928657,0.07427268474761861,0.984,-0.0258832328070759,-0.032191471099853514,0.10261881256103515,0,0,1,0.010018189906447508,-0.010950886328928657,-0.07427268474761861,0.016000000000000014,0.03590142271352341,0.0045481417112914445,-0.059007346022059794,0.03433846153846157,0.03719028123807304,1425562205526,0,0,0,0,0,0,0
0.009064611292662877,0.07917741088974613,0.98,-0.026319565120074485,-0.03018868827819824,0.0728139877319336,0,0,1,0.010018189906447508,-0.009064611292662877,-0.07917741088974613,0.020000000000000018,0.03633775502652199,0.004879229315790389,-0.04941963883879415,0.03721212121212124,0.038321083721970094,1425562205592,0,0,0,0,0,0,0
0.0075662414865043355,0.08468373956482791,0.979,-0.026912977065752564,-0.024641374588012695,0.08197484588623047,0,0,1,0.010018189906447508,-0.0075662414865043355,-0.08468373956482791,0.02100000000000002,0.03693116697220007,0.003566347309525937,-0.05431774517206775,0.022103030303030322,0.03962849399800952,1425562205658,0,0,0,0,0,0,0
0.0045820577531943876,0.08967015592828699,0.981,-0.027646015351590173,-0.04675929260253906,0.07356460571289063,0,0,1,0.010018189906447508,-0.0045820577531943876,-0.08967015592828699,0.019000000000000017,0.03766420525803768,0.013429360963553261,-0.05394029564616298,0.004262500000000004,0.04110032222290147,1425562205722,0,0,0,0,0,0,0
0.003060681079518888,0.09252283384090905,0.979,-0.028291787174828074,-0.0239947566986084,0.04214299774169922,0,0,1,0.010018189906447508,-0.003060681079518888,-0.09252283384090905,0.02100000000000002,0.03830997708127558,0.006060333309018621,-0.04294734774993662,0.027569230769230794,0.041290462419296646,1425562205787,0,0,0,0,0,0,0
0.002956857521795667,0.09684261080440615,0.976,-0.02967059728390361,-0.0033896987438201904,0.06472666931152343,0,0,1,0.010018189906447508,-0.002956857521795667,-0.09684261080440615,0.02400000000000002,0.03968878719035111,-0.0015226551861750508,-0.05220599265610498,0.03535384615384618,0.04605252615531512,1425562205852,0,0,0,0,0,0,0
0.0009477391067784464,0.0994886992413594,0.976,-0.030857421175259754,-0.03130100440979004,0.03877981185913086,0,0,1,0.010018189906447508,-0.0009477391067784464,-0.0994886992413594,0.02400000000000002,0.04087561108170726,0.009740567991727995,-0.04405231785261561,0.01920000000000002,0.04635325981104331,1425562205917,0,0,0,0,0,0,0
-0.001006146201391014,0.10100557039587857,0.974,-0.031311206780778277,-0.02999631690979004,0.021838001251220703,0,0,1,0.010018189906447508,0.001006146201391014,-0.10100557039587857,0.026000000000000023,0.04132939668722578,0.010420755603971075,-0.03849263206816049,0.031569230769230794,0.043423791789618964,0,0,0,0,0,0,0,0
0.00009668357905805355,0.10198100535111228,0.975,-0.03185225884889652,0.016076282501220705,0.015142231941223145,0,0,1,0.010018189906447508,-0.00009668357905805355,-0.10198100535111228,0.025000000000000022,0.04187044875534403,-0.00658995722314115,-0.03593612451974869,0.014615384615384629,0.04436761214665902,0,0,0,0,0,0,0,0
0.0011688966380012636,0.10257847809231757,0.97,-0.03244567079457458,0.015789623260498046,0.009469744682312011,0,0,1,0.010018189906447508,-0.0011688966380012636,-0.10257847809231757,0.030000000000000027,0.042463860701022094,-0.006961964265780529,-0.03414686120040958,0.05092307692307696,0.04520268506569009,0,0,0,0,0,0,0,0
0.0031458842786091707,0.10448578675824462,0.965,-0.03344050846821136,0.028711111068725585,0.02955657386779785,0,0,1,0.010018189906447508,-0.0031458842786091707,-0.10448578675824462,0.03500000000000003,0.04345869837465886,-0.012824366042906257,-0.04183993223315922,0.05492307692307696,0.04805025686836703,0,0,0,0,0,0,0,0
0.007552366937180611,0.10491599979572719,0.964,-0.03340560188317148,0.06584452819824219,0.00865950107574463,0,0,1,0.010018189906447508,-0.007552366937180611,-0.10491599979572719,0.03600000000000003,0.043423791789618985,-0.028114412661274013,-0.03408359969880097,0.03418461538461542,0.043262684474050316,0,0,0,0,0,0,0,0
0.01057080446625836,0.1058235445226703,0.961,-0.03342305517569142,0.044796630859375,0.015117785453796388,0,0,1,0.010018189906447508,-0.01057080446625836,-0.1058235445226703,0.039000000000000035,0.043441245082138924,-0.022156413289903767,-0.03699489597945732,0.04735384615384619,0.04352179873992326,0,0,0,0,0,0,0,0
0.016311955331682778,0.10502740969338388,0.952,-0.03466223894460738,0.08646823120117188,-0.009057586669921874,0,0,1,0.010018189906447508,-0.016311955331682778,-0.10502740969338388,0.04800000000000004,0.04468042885105489,-0.03969835561237133,-0.027650664198043837,0.08686153846153855,0.05039973855374395,0,0,0,0,0,0,0,0
0.022724424220499286,0.1030986804853532,0.934,-0.03726277953007894,0.09713186645507813,-0.025580169677734375,0,0,1,0.010018189906447508,-0.022724424220499286,-0.1030986804853532,0.06599999999999995,0.047280969436526446,-0.04653415028924954,-0.02104047446163487,0.14972307692307635,0.05928346444639518,0,0,0,0,0,0,0,0
0.030189588178588887,0.10381547059039778,0.901,-0.03768165855055757,0.11149917602539063,0.014916013717651368,0,0,1,0.010018189906447508,-0.030189588178588887,-0.10381547059039778,0.09899999999999998,0.047699848457005076,-0.055954713565927086,-0.035568095542514166,0.2568923076923078,0.04963313624382952,0,0,0,0,0,0,0,0
0.03763882830048339,0.10341935160481491,0.875,-0.039008108782073274,0.11188312530517579,-0.001728067398071289,0,0,1,0.010018189906447508,-0.03763882830048339,-0.10341935160481491,0.125,0.04902629868852078,-0.0590106846571028,-0.0295572466075838,0.237878787878788,0.05505561792268306,0,0,0,0,0,0,0,0
0.04650758604204804,0.10437348410463698,0.844,-0.042132248143143126,0.1323720245361328,0.019489086151123047,0,0,1,0.010018189906447508,-0.04650758604204804,-0.10437348410463698,0.15600000000000003,0.05215043804959063,-0.07247230118117806,-0.037228828479910894,0.29433125000000016,0.06679484130460556,0,0,0,0,0,0,0,0
0.056601943348289205,0.1049159462644933,0.798,-0.046163958715250024,0.15093826293945312,0.014507293701171875,0,0,1,0.010018189906447508,-0.056601943348289205,-0.1049159462644933,0.20199999999999996,0.05618214862169753,-0.08258650090233903,-0.03511959281596573,0.40553939393939353,0.07450810576763797,0,0,0,0,0,0,0,0
0.06527282453597129,0.10643573462912526,0.755,-0.05064945489287546,0.12887263488769532,0.028774639129638672,0,0,1,0.010018189906447508,-0.06527282453597129,-0.10643573462912526,0.245,0.06066764479932296,-0.08012304638888129,-0.04095149509045563,0.42753846153846176,0.08136993484990189,0,0,0,0,0,0,0,0
0.07466253333744527,0.10656441095449169,0.703,-0.054436819369703134,0.14056729125976564,0.009058374404907227,0,0,1,0.010018189906447508,-0.07466253333744527,-0.10656441095449169,0.29700000000000004,0.06445500927615064,-0.08873704166439783,-0.03356876156683318,0.5176000000000003,0.0819351530153553,0,0,0,0,0,0,0,0
0.08183562317462627,0.1055054989172521,0.651,-0.05791002458117186,0.1083011932373047,-0.010005841255187988,0,0,1,0.010018189906447508,-0.08183562317462627,-0.1055054989172521,0.349,0.06792821448761936,-0.08044113916108962,-0.02692495996207888,0.5591999999999996,0.08395839238670579,0,0,0,0,0,0,0,0
0.08844047545290912,0.10318105729249583,0.599,-0.06126105674500096,0.1009247055053711,-0.02907407569885254,0,0,1,0.010018189906447508,-0.08844047545290912,-0.10318105729249583,0.401,0.07127924665144847,-0.08074131090751618,-0.01948030507526386,0.6008000000000002,0.08674554894604435,0,0,0,0,0,0,0,0
0.09517218671119229,0.09910817145681021,0.544,-0.0639314105005523,0.10452655029296876,-0.05479667663574219,0,0,1,0.010018189906447508,-0.09517218671119229,-0.09910817145681021,0.45599999999999996,0.07394960040699981,-0.08485211527340641,-0.008908160038693248,0.6609538461538458,0.08627431004800601,0,0,0,0,0,0,0,0
0.09894434741943213,0.09322422770115435,0.491,-0.06539748707222752,0.062105506896972654,-0.08446392059326172,0,0,1,0.010018189906447508,-0.09894434741943213,-0.09322422770115435,0.509,0.07541567697867503,-0.07086646803003868,0.0025482776782990643,0.6925846153846156,0.08218218423256066,0,0,0,0,0,0,0,0
0.10101383434223535,0.08271680545644085,0.439,-0.06729989595690133,0.04127598571777344,-0.15524577331542969,0,0,1,0.010018189906447508,-0.10101383434223535,-0.08271680545644085,0.5609999999999999,0.07731808586334885,-0.06279862702371941,0.030542391830784506,0.7287999999999996,0.08609843456184338,0,0,0,0,0,0,0,0
0.10407413266250362,0.07172441729379474,0.387,-0.06958627727701391,0.056888980865478514,-0.16142552185058595,0,0,1,0.010018189906447508,-0.10407413266250362,-0.07172441729379474,0.613,0.07960446718346142,-0.06973156266412678,0.03640484235105141,0.7704000000000002,0.0901569963532118,0,0,0,0,0,0,0,0
0.10834301820198897,0.059901378156410945,0.34,-0.06981317007977318,0.07620917510986328,-0.17246414184570313,0,0,1,0.010018189906447508,-0.10834301820198897,-0.059901378156410945,0.6599999999999999,0.07983135998622069,-0.0777602141798307,0.04248398250218073,0.773522388059701,0.08084729790902338,0,0,0,0,0,0,0,0
0.11373571287286209,0.046971482298092296,0.293,-0.06794566778013925,0.0942225341796875,-0.18783335876464843,0,0,1,0.010018189906447508,-0.11373571287286209,-0.046971482298092296,0.7070000000000001,0.07796385768658676,-0.0881874815119661,0.05640396924673821,0.8267111111111121,0.06907098959309182,0,0,0,0,0,0,0,0
0.1193305555284233,0.03300109512438258,0.256,-0.0676489618073002,0.09795645141601562,-0.20337448120117188,0,0,1,0.010018189906447508,-0.1193305555284233,-0.03300109512438258,0.744,0.07766715171374772,-0.09122912870029343,0.0639660416231741,0.7944307692307688,0.0762977395314137,0,0,0,0,0,0,0,0
0.12678366144561304,0.015563997410302462,0.227,-0.0659559924328657,0.12922140502929688,-0.2534010467529297,0,0,1,0.010018189906447508,-0.12678366144561304,-0.015563997410302462,0.773,0.07597418233931322,-0.1044373295683568,0.08643119456918388,0.772187878787879,0.06827886700097459,0,0,0,0,0,0,0,0
0.13668740450808298,-0.008520612051444087,0.194,-0.06379178416039274,0.17204373168945314,-0.35069256591796877,0,0,1,0.010018189906447508,-0.13668740450808298,0.008520612051444087,0.806,0.07380997406684026,-0.12328184864142386,0.1308790168710477,0.8224923076923079,0.06382132050158043,0,0,0,0,0,0,0,0
0.1502917528070748,-0.05349951037668724,0.165,-0.061016710649721764,0.2466602325439453,-0.6603023071289063,0,0,1,0.010018189906447508,-0.1502917528070748,0.05349951037668724,0.835,0.07103490055616928,-0.15010804831920835,0.25691517031534716,0.8241538461538458,0.05822686896845706,0,0,0,0,0,0,0,0
0.16248080390930025,-0.09547021844135163,0.118,-0.05906194188748812,0.22088540649414062,-0.6172399291992188,0,0,1,0.010018189906447508,-0.16248080390930025,0.09547021844135163,0.882,0.06908013179393563,-0.14868735533335095,0.2533704908197708,0.9586769230769233,0.060058122122088026,0,0,0,0,0,0,0,0
0.16992571442587664,-0.12938857048103672,0,-0.05845107664929008,0.14151072692871094,-0.5012963256835937,0,0,1,0.010018189906447508,-0.16992571442587664,0.12938857048103672,1,0.06846926655573758,-0.12759956534749253,0.22312367248561918,1.4453125,0.06560583575168424,0,0,0,0,0,0,0,0
