0.32508845226429084,0.04096278009109544,0.717,-0.38102282900288204,-0.020735898971557618,0.07082695007324219,0,0,0.7,undefined,-0.32508845226429084,-0.04096278009109544,-0.017000000000000015,0,-0.16254422613214542,-0.012288834027328633,-0.013600000000000013,0,0,0,0,0,0,0,0,0
0.3228092670672103,0.044235222770867895,0.717,-0.3807610296150828,-0.049989849090576174,0.03285296630859375,0,0,0.7,undefined,-0.3228092670672103,-0.044235222770867895,-0.017000000000000015,0,-0.14914693741799398,-0.030920164924836183,-0.013600000000000013,0,0,0,0,0,0,0,0,0
0.32254471415066455,0.04931027561929402,0.715,-0.37957420572372674,-0.03197450065612793,0.0691990966796875,0,0,0.7,undefined,-0.32254471415066455,-0.04931027561929402,-0.015000000000000013,0,-0.16031306711710916,-0.04176753940718199,-0.001393939393939397,0,0,0,0,0,0,0,0,0
0.32481146693424795,0.054766881101057194,0.712,-0.37880626085284924,0.0012540318965911866,0.08862159729003906,0,0,0.7,undefined,-0.32481146693424795,-0.054766881101057194,-0.01200000000000001,0,-0.1754326199805876,-0.04636722403932399,0.006806250000000005,0,0,0,0,0,0,0,0,0
0.3285262588895388,0.05949425799292068,0.71,-0.3789109806079689,0.025547990798950194,0.08649016571044922,0,0,0.7,undefined,-0.3285262588895388,-0.05949425799292068,-0.010000000000000009,0,-0.18510997965439402,-0.04343840348698945,0.0027692307692307704,0,0,0,0,0,0,0,0,0
0.33238282703549993,0.06401750877838487,0.708,-0.38067376315248325,0.028647350311279296,0.08443479919433594,0,0,0.7,undefined,-0.33238282703549993,-0.06401750877838487,-0.008000000000000007,0,-0.1877064082238468,-0.0433694599211413,0.004206060606060607,0,0,0,0,0,0,0,0,0
0.3335226800102406,0.06897148744394495,0.707,-0.38119736192808146,-0.011735630035400391,0.07534280395507813,0,0,0.7,undefined,-0.3335226800102406,-0.06897148744394495,-0.007000000000000006,0,-0.17427186243830342,-0.04800493011653288,-0.0001312500000000003,0,0,0,0,0,0,0,0,0
0.33366972952083057,0.07502121720534322,0.704,-0.38109264217296174,-0.0317129955291748,0.08505279541015626,0,0,0.7,undefined,-0.33366972952083057,-0.07502121720534322,-0.0040000000000000036,0,-0.1691205066191968,-0.055352009954844836,0.012953846153846161,0,0,0,0,0,0,0,0,0
0.3344896469102621,0.0811289062770249,0.7,-0.3807610296150827,-0.022658512115478514,0.08961708068847657,0,0,0.7,undefined,-0.3344896469102621,-0.0811289062770249,0,0,-0.1731862762506275,-0.056100651314400445,0.020588235294117664,0,0,0,0,0,0,0,0,0
0.332669511837795,0.08733289569536032,0.702,-0.3808133894926426,-0.059930271148681644,0.07624891662597656,0,0,0.7,undefined,-0.332669511837795,-0.08733289569536032,-0.0020000000000000018,0,-0.1579873447236445,-0.06160188051741679,-0.01289032258064517,0,0,0,0,0,0,0,0,0
0.32856529314674393,0.09152948004861719,0.703,-0.3819129469213991,-0.08054957580566406,0.03555770492553711,0,0,0.7,undefined,-0.32856529314674393,-0.09152948004861719,-0.0030000000000000027,0,-0.14466224843693878,-0.05015335836481196,-0.007703030303030309,0,0,0,0,0,0,0,0,0
0.3205010330542431,0.09654933088133437,0.7,-0.3812148152206014,-0.1403120574951172,0.02479001808166504,0,0,0.7,undefined,-0.3205010330542431,-0.09654933088133437,0,0,-0.11918030119146084,-0.05649742270747924,0.016153846153846164,0,0,0,0,0,0,0,0,0
0.3082699830824398,0.10220632600429304,0.696,-0.3795392991386868,-0.20186549377441407,0.010505346298217774,0,0,0.7,undefined,-0.3082699830824398,-0.10220632600429304,0.0040000000000000036,0,-0.09182954471566263,-0.061231227958350856,0.024412121212121232,0,0,0,0,0,0,0,0,0
0.29446402869337074,0.10702423614653132,0.692,-0.378317568662291,-0.21912689208984376,-0.009599373817443848,0,0,0.7,undefined,-0.29446402869337074,-0.10702423614653132,0.008000000000000007,0,-0.07676914793092907,-0.058297543917301256,0.027612121212121234,0,0,0,0,0,0,0,0,0
0.2782410818430752,0.11126538004222487,0.688,-0.37660714599533646,-0.24963417053222656,-0.03076239204406738,0,0,0.7,undefined,-0.2782410818430752,-0.11126538004222487,0.01200000000000001,0,-0.05191887837318816,-0.05765237132550009,0.03182222222222225,0,0,0,0,0,0,0,0,0
0.2582221307975081,0.11460681266332647,0.683,-0.37566466819925953,-0.2976727294921875,-0.06382593536376953,0,0,0.7,undefined,-0.2582221307975081,-0.11460681266332647,0.016999999999999904,0,-0.02441037795324183,-0.053159714506670244,0.04052307692307627,0,0,0,0,0,0,0,0,0
0.23871184369559031,0.11856472498927163,0.683,-0.3736400862669461,-0.294027587890625,-0.052143661499023435,0,0,0.7,undefined,-0.23871184369559031,-0.11856472498927163,0.016999999999999904,0,-0.020690112887482973,-0.05710985847614844,0.013599999999999925,0,0,0,0,0,0,0,0,0
0.2200303317517067,0.12115695338013094,0.687,-0.3719645701850315,-0.2750813903808594,-0.06608251953125,0,0,0.7,undefined,-0.2200303317517067,-0.12115695338013094,0.0129999999999999,0,-0.011245068118647616,-0.051465655051890165,-0.011475000000000098,0,0,0,0,0,0,0,0,0
0.200197583950725,0.12268730443684964,0.687,-0.3720692899401511,-0.2854903259277344,-0.08673662567138672,0,0,0.7,undefined,-0.200197583950725,-0.12268730443684964,0.0129999999999999,0,-0.003030454351535636,-0.045595815884158925,0.010399999999999921,0,0,0,0,0,0,0,0,0
0.1796747290613673,0.1225778991383742,0.689,-0.3716504109196723,-0.2861827087402344,-0.11344317626953125,0,0,0.7,undefined,-0.1796747290613673,-0.1225778991383742,0.01100000000000001,0,0.02427456229649602,-0.03724738120626583,-0.0026754098360649396,0,0,0,0,0,0,0,0,0
0.15889749416868854,0.12215876335013455,0.693,-0.3696781888649188,-0.28809820556640625,-0.11903775024414062,0,0,0.7,undefined,-0.15889749416868854,-0.12215876335013455,0.007000000000000006,0,0.028683229593770523,-0.035571893971494704,-0.01593846153846155,0,0,0,0,0,0,0,0,0
0.14213719643050401,0.12255824514546527,0.695,-0.3678804997353647,-0.23658558654785156,-0.08524888610839844,0,0,0.7,undefined,-0.14213719643050401,-0.12255824514546527,0.0050000000000000044,0,0.015341327684060074,-0.040179342204048216,-0.006769230769230774,0,0,0,0,0,0,0,0,0
0.12420810770967353,0.12058155354166643,0.697,-0.36744416742236613,-0.24027883911132814,-0.12438639068603516,0,0,0.7,undefined,-0.12420810770967353,-0.12058155354166643,0.0030000000000000027,0,0.030518626681019234,-0.02686993289124372,-0.008369230769230775,0,0,0,0,0,0,0,0,0
0.10807906227222464,0.11818355866180043,0.704,-0.3669729285243276,-0.21286459350585937,-0.12047976684570312,0,0,0.7,undefined,-0.10807906227222464,-0.11818355866180043,-0.0040000000000000036,0,0.026225696978764645,-0.02434660250736952,-0.03976716417910451,0,0,0,0,0,0,0,0,0
0.09350895070040187,0.1171725191832341,0.706,-0.3651228795172138,-0.1985587158203125,-0.09257032775878907,0,0,0.7,undefined,-0.09350895070040187,-0.1171725191832341,-0.006000000000000005,0,0.030140698904577663,-0.03102706228352302,-0.015911111111111126,0,0,0,0,0,0,0,0,0
0.08188499535986929,0.11672273972001015,0.717,-0.36332519038765954,-0.16045654296875,-0.06855940246582032,0,0,0.7,undefined,-0.08188499535986929,-0.11672273972001015,-0.017000000000000015,0,0.016595755601917374,-0.03420085732164895,-0.07193333333333339,0,0,0,0,0,0,0,0,0
0.07197181147535875,0.11514566905780446,0.715,-0.36201619344866376,-0.13058381652832032,-0.07495664978027344,0,0,0.7,undefined,-0.07197181147535875,-0.11514566905780446,-0.015000000000000013,0,0.013242060909855226,-0.027695855980693733,-0.0012307692307692332,0,0,0,0,0,0,0,0,0
0.06352722708151429,0.11261362198944239,0.716,-0.36051521029194866,-0.1050074234008789,-0.08038004302978516,0,0,0.7,undefined,-0.06352722708151429,-0.11261362198944239,-0.016000000000000014,0,0.009515216997895586,-0.021867260065943882,-0.018184615384615403,0,0,0,0,0,0,0,0,0
0.0577594712463258,0.10992882982985874,0.718,-0.3606722899246281,-0.06674848937988281,-0.06820220184326171,0,0,0.7,undefined,-0.0577594712463258,-0.10992882982985874,-0.018000000000000016,0,-0.0038548656661150926,-0.021153261955114317,-0.024544927536231907,0,0,0,0,0,0,0,0,0
0.05327678528118137,0.10750366765597924,0.724,-0.35892696067263374,-0.050076316833496094,-0.0577662239074707,0,0,0.7,undefined,-0.05327678528118137,-0.10750366765597924,-0.02400000000000002,0,-0.005182424711691561,-0.020194936562534897,-0.053626229508196774,0,0,0,0,0,0,0,0,0
0.04956198782441483,0.10465633798163518,0.723,-0.3579146697064772,-0.03716832733154297,-0.05956166458129883,0,0,0.7,undefined,-0.04956198782441483,-0.10465633798163518,-0.02300000000000002,0,-0.010236377557775359,-0.018884838856542893,-0.013327536231884072,0,0,0,0,0,0,0,0,0
0.04701561443185334,0.10130385892099537,0.722,-0.35636132667220216,-0.018158424377441407,-0.06048120880126953,0,0,0.7,undefined,-0.04701561443185334,-0.10130385892099537,-0.02200000000000002,0,-0.013224706753987686,-0.01314833150744944,-0.011862295081967223,0,0,0,0,0,0,0,0,0
0.04415251577325112,0.09857759723091998,0.722,-0.3558377278966039,-0.02598173713684082,-0.05330724716186523,0,0,0.7,undefined,-0.04415251577325112,-0.09857759723091998,-0.02200000000000002,0,-0.011249538275611808,-0.01717360145197375,-0.017600000000000015,0,1425397544251,0,0,0,0,0,0,0
0.04156201401074421,0.09640378124497297,0.719,-0.35547120875368504,-0.025063724517822267,-0.04410157775878906,0,0,0.7,undefined,-0.04156201401074421,-0.09640378124497297,-0.019000000000000017,0,-0.011632760997185753,-0.019687740395614724,0.0004716417910447749,0,1425397544251,0,0,0,0,0,0,0
0.04058300004259103,0.09326549690078649,0.721,-0.35489525010052686,0.00261622953414917,-0.04924222946166992,0,0,0.7,undefined,-0.04058300004259103,-0.09326549690078649,-0.02100000000000002,0,-0.01934771638849149,-0.012999207653574967,-0.027737500000000026,0,1425397544251,0,0,0,0,0,0,0
0.041165328059595725,0.08895869985884698,0.726,-0.3545287309576081,0.030639257431030274,-0.05754083251953125,0,0,0.7,undefined,-0.041165328059595725,-0.08895869985884698,-0.026000000000000023,0,-0.02820381518828414,-0.00537379829306588,-0.04814375000000004,0,1425397544251,0,0,0,0,0,0,0
0.04195181204852606,0.08409332708360412,0.73,-0.35608207399188313,0.03639868927001953,-0.06434654235839844,0,0,0.7,undefined,-0.04195181204852606,-0.08409332708360412,-0.030000000000000027,0,-0.029489057426736374,-0.002481806373443002,-0.044588235294117685,0,1425397544251,0,0,0,0,0,0,0
0.042377701400978164,0.07870104280229383,0.728,-0.3559424476517235,0.03418423843383789,-0.0735833740234375,0.04195181204852606,0.08409332708360412,0.73,-0.35608207399188313,-0.00042588935245210097,0.005392284281310292,0.0020000000000000018,-0.0001396263401596265,-0.00021294467622605048,0.0016176852843930874,0.0016000000000000016,-0.0001396263401596265,1425397544251,0,0,0,0,0,0,0
0.041144326190145845,0.0716198390659078,0.723,-0.35604716740684317,0.01967323875427246,-0.10600713348388671,0.04195181204852606,0.08409332708360412,0.73,-0.35608207399188313,0.0008074858583802177,0.012473488017696321,0.007000000000000006,-0.000034906585039962135,0.006944901987906814,0.04130211690338709,0.03211515151515154,0.0004410923018676031,1425397544643,0,0,0,0,0,0,0
0.04110427039430724,0.0658999233509022,0.726,-0.35658821947496133,0.02934388732910156,-0.08062704467773438,0.04195181204852606,0.08409332708360412,0.73,-0.35608207399188313,0.0008475416542188252,0.018193403732701924,0.0040000000000000036,0.000506145483078202,0.0006341183153635629,0.03535859992258168,-0.012471641791044786,0.0029287666836072947,1425397544710,0,0,0,0,0,0,0
0.04053886432194132,0.06016821787983354,0.726,-0.3581939223867962,0.022064706802368165,-0.0835277099609375,0.04195181204852606,0.08409332708360412,0.73,-0.35608207399188313,0.0014129477265847415,0.023925109203770577,0.0040000000000000036,0.002111848394913074,0.0038496096604122886,0.039055835835125764,0.003200000000000003,0.009758052736983892,1425397544773,0,0,0,0,0,0,0
0.038798901031790074,0.05548531228787903,0.727,-0.35920621335295294,0.00018327419459819794,-0.07493536376953125,0.04195181204852606,0.08409332708360412,0.73,-0.35608207399188313,0.003152911016735989,0.02860801479572509,0.0030000000000000027,0.003124139361069811,0.010536283843692224,0.03274054333699429,-0.0027470588235294136,0.00759012891764365,1425397544841,0,0,0,0,0,0,0
0.03676948595895233,0.05063781714056084,0.727,-0.35988689176123073,-0.00293766188621521,-0.0787726821899414,0.04195181204852606,0.08409332708360412,0.73,-0.35608207399188313,0.005182326089573731,0.03345550994304328,0.0030000000000000027,0.0038048177693476015,0.013696978343199582,0.03662275194762491,0.0024000000000000024,0.006995497808149745,1425397544905,0,0,0,0,0,0,0
0.034789030805706646,0.046995066861967465,0.725,-0.3603406773667493,-0.008560787200927735,-0.06160255813598633,0.04195181204852606,0.08409332708360412,0.73,-0.35608207399188313,0.007162781242819417,0.037098260221636654,0.0050000000000000044,0.004258603374866166,0.014424040539548773,0.031150871416905986,0.014937500000000013,0.006385723400734435,1425397544969,0,0,0,0,0,0,0
0.03357792506125753,0.04405946261177354,0.723,-0.3602534109041496,-0.001473764181137085,-0.04761146545410156,0.04195181204852606,0.08409332708360412,0.73,-0.35608207399188313,0.008373886987268535,0.04003386447183058,0.007000000000000006,0.0041713369122664545,0.010827573120088946,0.028189969522416612,0.016537500000000014,0.003762275368830309,1425397545033,0,0,0,0,0,0,0
0.03342709008863104,0.0415400070071104,0.732,-0.36170203418330477,0.011204764366149903,-0.03616344833374024,0.04195181204852606,0.08409332708360412,0.73,-0.35608207399188313,0.008524721959895024,0.04255332007649372,-0.0020000000000000018,0.005619960191421636,0.004679527926688532,0.0194334860761076,-0.024761764705882372,0.00881545271896983,1425397545169,0,0,0,0,0,0,0
0.03239259196603344,0.039616582492636325,0.732,-0.3626794185644217,-0.004303890705108643,-0.03247568130493164,0.04195181204852606,0.08409332708360412,0.73,-0.35608207399188313,0.009559220082492624,0.044476744590967794,-0.0020000000000000018,0.006597344572538577,0.010654434222660842,0.024412237525826743,-0.0016000000000000016,0.01132662383600765,1425397545231,0,0,0,0,0,0,0
0.03129623764145638,0.03780475835098875,0.733,-0.3631157508774203,-0.005733538627624512,-0.03124394226074219,0.04195181204852606,0.08409332708360412,0.73,-0.35608207399188313,0.010655574407069685,0.046288568732615366,-0.0030000000000000027,0.007033676885537188,0.011558406078062577,0.024354481576269498,-0.008045161290322587,0.009144962271014336,1425397545293,0,0,0,0,0,0,0
0.02969130468748981,0.03647974820932284,0.734,-0.36726963449716676,-0.015444815635681152,-0.027129993438720704,0.04195181204852606,0.08409332708360412,0.73,-0.35608207399188313,0.012260507361036253,0.047613578874281276,-0.0040000000000000036,0.011187560505283634,0.014821691566454957,0.02168956392932241,-0.008584615384615392,0.030359331057959533,1425397545358,0,0,0,0,0,0,0
0.02893965967116227,0.03525105038239619,0.734,-0.37250562225314976,-0.003904980659484863,-0.02124974250793457,0.04195181204852606,0.08409332708360412,0.73,-0.35608207399188313,0.013012152377363792,0.04884227670120793,-0.0040000000000000036,0.01642354826126663,0.01055015171868983,0.021471560995897056,-0.003200000000000003,0.04022349260664389,1425397545424,0,0,0,0,0,0,0
0.02709894984837581,0.033744646011518144,0.735,-0.3759090142945387,-0.01749321746826172,-0.031095294952392577,0.04195181204852606,0.08409332708360412,0.73,-0.35608207399188313,0.014852862200150252,0.050348681072085975,-0.0050000000000000044,0.019826940302655582,0.01725565318975065,0.023429398654592107,-0.00930303030303031,0.03529690412715082,1425397545490,0,0,0,0,0,0,0
0.024802657620047797,0.0328051118987398,0.735,-0.37777651659417255,-0.026865478515625,-0.025754117965698244,0.04195181204852606,0.08409332708360412,0.73,-0.35608207399188313,0.017149154428478267,0.051288215184864316,-0.0050000000000000044,0.02169444260228942,0.021211282917095578,0.020893652498016894,-0.0040000000000000036,0.03044835963182304,1425397545554,0,0,0,0,0,0,0
0.022878150513774575,0.032390663307788635,0.735,-0.37981855181900614,-0.024538997650146485,-0.016426321029663085,0.04195181204852606,0.08409332708360412,0.73,-0.35608207399188313,0.01907366153475149,0.051702663775815484,-0.0050000000000000044,0.023736477827123015,0.019990816798801374,0.018145162886467798,-0.0040000000000000036,0.033161255787893446,1425397545619,0,0,0,0,0,0,0
0.02057611371115267,0.03287205101034856,0.736,-0.3824365456969975,-0.03474675750732422,-0.006096067905426025,0.04195181204852606,0.08409332708360412,0.73,-0.35608207399188313,0.02137569833737339,0.05122127607325556,-0.006000000000000005,0.026354471705114346,0.0231885816151399,0.013210306517010776,-0.010184615384615393,0.03843752037276665,1425397545684,0,0,0,0,0,0,0
0.01858417531048113,0.03368403768411376,0.735,-0.3849323665273494,-0.032265838623046876,0.00014957205951213838,0.04195181204852606,0.08409332708360412,0.73,-0.35608207399188313,0.023367636738044935,0.05040928939949036,-0.0050000000000000044,0.028850292535466282,0.022529979153468847,0.011219328246500966,0.0013846153846153852,0.04036946559862906,1425397545749,0,0,0,0,0,0,0
0.01741191182301107,0.03474129108559406,0.734,-0.3875503604053409,-0.02225214958190918,0.008095602989196777,0.04195181204852606,0.08409332708360412,0.73,-0.35608207399188313,0.024539900225514992,0.04935203599801006,-0.0040000000000000036,0.03146828641345778,0.018530494959676694,0.009784488495713319,0.002023880597014926,0.043190647061180906,1425397545816,0,0,0,0,0,0,0
0.01621353550111479,0.0352707447544571,0.735,-0.3895400357526145,-0.01964390754699707,0.00055943763256073,0.04195181204852606,0.08409332708360412,0.73,-0.35608207399188313,0.025738276547411273,0.04882258232914702,-0.0050000000000000044,0.03345796176073135,0.01957601164120159,0.012284414626271289,-0.009468750000000008,0.042784564951076194,1425397545880,0,0,0,0,0,0,0
0.015131353018007035,0.03626404210017436,0.735,-0.391250458419569,-0.020674905776977538,0.00761865758895874,0.04195181204852606,0.08409332708360412,0.73,-0.35608207399188313,0.02682045903051903,0.04782928498342976,-0.0050000000000000044,0.035168384427685884,0.019408052118258315,0.009564440040143318,-0.0040000000000000036,0.04306264289055298,1425397545945,0,0,0,0,0,0,0
0.01413583206445879,0.03728563614429072,0.732,-0.39355429303220135,-0.0196480770111084,0.008471378326416016,0.04195181204852606,0.08409332708360412,0.73,-0.35608207399188313,0.027815979984067273,0.0468076909393134,-0.0020000000000000018,0.03747221904031822,0.01945725397670163,0.009136019988485315,0.014553846153846164,0.04810530186785209,1425397546010,0,0,0,0,0,0,0
0.013653790107513343,0.03780721612991578,0.734,-0.39566614142711454,-0.0096780424118042,0.0044528388977050784,0.04195181204852606,0.08409332708360412,0.73,-0.35608207399188313,0.02829802194101272,0.04628611095368834,-0.0040000000000000036,0.03958406743523141,0.0168748668135264,0.011786777127219141,-0.013647761194029861,0.049040105024394924,1425397546077,0,0,0,0,0,0,0
0.012973235278603085,0.03868335928654307,0.733,-0.39805724250234675,-0.014484912872314452,0.008192263603210449,0.04195181204852606,0.08409332708360412,0.73,-0.35608207399188313,0.02897857676992298,0.04540996779706105,-0.0030000000000000027,0.04197516851046362,0.01849613126612472,0.009409752045378427,0.0031555555555555577,0.05336136410680751,1425397546140,0,0,0,0,0,0,0
0.012743623618189067,0.039276447654211094,0.731,-0.39901717359094374,-0.006623361587524414,0.006865714073181152,0.04195181204852606,0.08409332708360412,0.73,-0.35608207399188313,0.029208188430336998,0.044816879429393025,-0.0010000000000000009,0.04293509959906061,0.016066991933187846,0.010983701070645821,0.009806060606060613,0.04729842272904692,1425397546206,0,0,0,0,0,0,0
0.012442574905628877,0.03979037733486653,0.729,-0.3996978519992213,-0.007156014442443848,0.005348936080932617,0.04195181204852606,0.08409332708360412,0.73,-0.35608207399188313,0.029509237142897188,0.04430294974873759,0.0010000000000000009,0.04361577800733818,0.01666512475494828,0.011192488699322278,0.01173750000000001,0.04680645804613928,1425397546270,0,0,0,0,0,0,0
0.011953881605452119,0.04043598431341129,0.726,-0.40147808783625555,-0.010521080017089844,0.006068238258361816,0.04195181204852606,0.08409332708360412,0.73,-0.35608207399188313,0.029997930443073945,0.04365734277019283,0.0040000000000000036,0.04539601384437242,0.017874465272040778,0.010414500022000912,0.019109090909090923,0.05348799492180077,1425397546336,0,0,0,0,0,0,0
0.011698633031059674,0.042081091927011476,0.724,-0.402315845877213,-0.01316739559173584,0.021218250274658203,0.04195181204852606,0.08409332708360412,0.73,-0.35608207399188313,0.030253179017466388,0.042012235156592644,0.006000000000000005,0.046233771885329844,0.016726148018502737,0.005028880786610981,0.014944927536231896,0.04987619815036213,1425397546405,0,0,0,0,0,0,0
0.013226009134572296,0.042614340666310806,0.724,-0.40257764526501194,0.017949474334716796,0.01633075523376465,0.04195181204852606,0.08409332708360412,0.73,-0.35608207399188313,0.02872580291395377,0.04147898641729331,0.006000000000000005,0.04649557127312881,0.00620039527982098,0.010277293694795303,0.004800000000000005,0.04774223502455246,1425397546468,0,0,0,0,0,0,0
0.015912272565093297,0.04351843037141759,0.723,-0.4046022271973253,0.03175940132141113,0.028263988494873046,0.04195181204852606,0.08409332708360412,0.73,-0.35608207399188313,0.026039539483432766,0.04057489671218653,0.007000000000000006,0.048520153205442174,-0.0015645944533893077,0.007971401380372767,0.011155555555555564,0.05816101954979152,1425397546531,0,0,0,0,0,0,0
0.017577410942456264,0.04381648790217837,0.725,-0.4061381169390803,0.0212004337310791,0.013942185401916505,0.04195181204852606,0.08409332708360412,0.73,-0.35608207399188313,0.0243744011060698,0.04027683918142575,0.0050000000000000044,0.05005604294719718,0.0035762357195026993,0.011325959484904058,-0.006769230769230774,0.057144764832220266,1425397546596,0,0,0,0,0,0,0
0.017843571616866963,0.044241388686224806,0.724,-0.4079707126536746,0.001149692416191101,0.007432307720184326,0.04195181204852606,0.08409332708360412,0.73,-0.35608207399188313,0.0241082404316591,0.03985193839737931,0.006000000000000005,0.0518886386617915,0.011013738423369458,0.010576454961087773,0.010103030303030312,0.06021861918267477,1425397546662,0,0,0,0,0,0,0
0.018649139015275058,0.04452304367327865,0.722,-0.40823251204147365,0.009415602684020996,0.008672185897827148,0.04195181204852606,0.08409332708360412,0.73,-0.35608207399188313,0.023302673033251006,0.039570283410325466,0.008000000000000007,0.05215043804959052,0.007765844285350863,0.011277711654255868,0.017006060606060622,0.053340435266858804,1425397546728,0,0,0,0,0,0,0
0.019120862843108,0.045109386331852054,0.721,-0.4094193359328298,0.00300282883644104,0.010881418228149415,0.04195181204852606,0.08409332708360412,0.73,-0.35608207399188313,0.022830949205418064,0.038983940751752065,0.009000000000000008,0.05333726194094668,0.009236802820355872,0.009413822096037845,0.012668750000000012,0.058900498931678674,1425397546792,0,0,0,0,0,0,0
0.019682318713399833,0.045266225391133334,0.72,-0.41064106640922576,0.0067892813682556155,0.0055106873512268065,0.04195181204852606,0.08409332708360412,0.73,-0.35608207399188313,0.02226949333512623,0.038827101692470785,0.010000000000000009,0.05455899241734263,0.008527065822383157,0.011754051396912267,0.013384615384615396,0.06019774846224704,1425397546857,0,0,0,0,0,0,0
0.020894106488672348,0.04502655318853398,0.723,-0.4117929837155421,0.018100835800170897,0.003959927797317505,0.04195181204852606,0.08409332708360412,0.73,-0.35608207399188313,0.021057705559853715,0.03906677389507014,0.007000000000000006,0.055710909723659,0.004433072262695599,0.013986407101619608,-0.01055384615384616,0.06102745113742683,1425397546922,0,0,0,0,0,0,0
0.02253011525578146,0.044299236374992064,0.722,-0.4130670740694979,0.0268553524017334,-0.00017548468708992004,0.04195181204852606,0.08409332708360412,0.73,-0.35608207399188313,0.019421696792744605,0.039794090708612055,0.008000000000000007,0.056985000077614756,0.0013434251029362,0.01685624697894885,0.011784615384615395,0.06286541709587211,1425397546987,0,0,0,0,0,0,0
0.024204772120516214,0.04248536447283274,0.725,-0.4138524722328954,0.03392899703979492,-0.014836094856262206,0.04195181204852606,0.08409332708360412,0.73,-0.35608207399188313,0.01774703992800985,0.041607962610771376,0.0050000000000000044,0.057770398241012266,0.0004463315927965405,0.023130566164198625,-0.011909090909090918,0.06134038989281913,1425397547053,0,0,0,0,0,0,0
0.025785518305722937,0.04106565185740323,0.724,-0.4155803481923697,0.030273294448852538,-0.009962664604187012,0.04195181204852606,0.08409332708360412,0.73,-0.35608207399188313,0.016166293742803126,0.043027675226200886,0.006000000000000005,0.05949827420048659,0.000035512463955935866,0.021610036665532698,0.010184615384615393,0.06747308632113731,1425397547118,0,0,0,0,0,0,0
0.027057055559816662,0.038969436192387526,0.725,-0.4169067984238855,0.03014389419555664,-0.021066661834716796,0.04195181204852606,0.08409332708360412,0.73,-0.35608207399188313,0.014894756488709401,0.04512389089121659,0.0050000000000000044,0.060824724432002375,0.0010743965961582582,0.025910940622657766,-0.0013846153846153852,0.0669468024236137,1425397547183,0,0,0,0,0,0,0
0.02803595360892804,0.03735585430674306,0.724,-0.41788418280500234,0.023226686477661133,-0.01618474006652832,0.04195181204852606,0.08409332708360412,0.73,-0.35608207399188313,0.013915858439598024,0.04673747277686106,0.006000000000000005,0.061802108813119205,0.0020872440754307418,0.023961887988731105,0.01026875000000001,0.06638359809960434,1425397547247,0,0,0,0,0,0,0
0.029621110829030524,0.03650677440549594,0.723,-0.41788418280500234,0.02690000915527344,-0.0019907355308532715,0.04195181204852606,0.08409332708360412,0.73,-0.35608207399188313,0.01233070121949554,0.04758655267810818,0.007000000000000006,0.061802108813119205,-0.001749984339008544,0.019926439592762094,0.010903030303030312,0.061802108813119205,1425397547313,0,0,0,0,0,0,0
0.03193054201980527,0.03535466764036364,0.723,-0.4183728749955607,0.03867390823364258,-0.0017360492944717408,0.04195181204852606,0.08409332708360412,0.73,-0.35608207399188313,0.010021270028720795,0.048738659443240476,0.007000000000000006,0.062290801003677565,-0.006556041697835177,0.021820498254185538,0.005600000000000005,0.06447897499125231,1425397547380,0,0,0,0,0,0,0
0.034780203959942246,0.033947911640888985,0.722,-0.4197342318121163,0.047631160736083984,-0.001915212869644165,0.04195181204852606,0.08409332708360412,0.73,-0.35608207399188313,0.007171608088583817,0.050145415442715134,0.008000000000000007,0.06365215782023315,-0.011496178786221814,0.023949346815974066,0.011868750000000011,0.07003351789783743,1425397547444,0,0,0,0,0,0,0
0.0381024036858834,0.033077803175121864,0.718,-0.4215842808192304,0.05082612609863281,0.008389121055603027,0.04195181204852606,0.08409332708360412,0.73,-0.35608207399188313,0.0038494083626426645,0.051015523908482255,0.01200000000000001,0.06550220682734725,-0.015739006043956876,0.021308238091042535,0.03147500000000003,0.07417431154819464,1425397547508,0,0,0,0,0,0,0
0.04177294677013378,0.030959803549616263,0.718,-0.42292818434326596,0.06323784255981445,-0.006458117485046387,1,0,0.7,undefined,0.9582270532298662,-0.030959803549616263,-0.018000000000000016,0,0.4791135266149331,-0.009287941064884878,-0.014400000000000013,0,0,0,0,0,0,0,0,0
0.044804734935924,0.02938131096470201,0.719,-0.43079961926976046,0.05118787384033203,-0.002926037311553955,1,0,0.7,undefined,0.955195265064076,-0.02938131096470201,-0.019000000000000017,0,0.46215039689142623,-0.00046299094373838945,-0.02050303030303032,0,0,0,0,0,0,0,0,0
0.047144754675136014,0.02941673191345188,0.719,-0.4372922440871793,0.0316713809967041,0.015140564918518066,1,0,0.7,undefined,0.952855245324864,-0.02941673191345188,-0.019000000000000017,0,0.4656617738582508,-0.009046728323774225,-0.015200000000000014,0,0,0,0,0,0,0,0,0
0.051070534407365656,0.02908944941982048,0.719,-0.443854682074678,0.055424560546875,0.02049052619934082,1,0,0.7,undefined,0.9489294655926344,-0.02908944941982048,-0.019000000000000017,0,0.4541697797280322,-0.0069367028634760505,-0.015200000000000014,0,0,0,0,0,0,0,0,0
0.05839228171329367,0.029374649511624405,0.718,-0.45198791638897157,0.09734731292724609,0.051025466918945314,1,0,0.7,undefined,0.9416077182867063,-0.029374649511624405,-0.018000000000000016,0,0.4344645791133861,-0.010401637353006372,-0.009096969696969708,0,0,0,0,0,0,0,0,0
0.06971343326181104,0.03068387232034911,0.719,-0.4582361951111113,0.14418719482421874,0.09183476257324219,1,0,0.7,undefined,0.930286566738189,-0.03068387232034911,-0.019000000000000017,0,0.4063142870453528,-0.016461429379858793,-0.02066875000000002,0,0,0,0,0,0,0,0,0
0.08942924590538678,0.02937084773409044,0.719,-0.4636816223773336,0.2739397888183594,0.11316088104248047,1,0,0.7,undefined,0.9105707540946132,-0.02937084773409044,-0.019000000000000017,0,0.35279873116388766,-0.001856668432248445,-0.015200000000000014,0,0,0,0,0,0,0,0,0
0.11829446385620089,0.027100417977023193,0.722,-0.4669628413710829,0.40249249267578124,0.16318644714355468,1,0,0.7,undefined,0.8817055361437991,-0.027100417977023193,-0.02200000000000002,0,0.29203699042638687,0.003776599634089552,-0.03350909090909093,0,0,0,0,0,0,0,0,0
0.1557511075325916,0.025485015803099996,0.721,-0.4692841292762354,0.5126060791015625,0.23129458618164062,1,0,0.7,undefined,0.8442488924674084,-0.025485015803099996,-0.02100000000000002,0,0.22524093606908696,0.0009028166214131404,-0.011415384615384628,0,0,0,0,0,0,0,0,0
0.2008964679552461,0.021450227969486507,0.727,-0.4697902747593139,0.6313428344726563,0.25227449035644534,1,0,0.7,undefined,0.7991035320447539,-0.021450227969486507,-0.027000000000000024,0,0.16547806962229736,0.014797378570939658,-0.053418181818181865,0,0,0,0,0,0,0,0,0
0.25339508050814286,0.014853979474741114,0.724,-0.46952847537151476,0.7469580078125,0.26826678466796877,1,0,0.7,undefined,0.7466049194918571,-0.014853979474741114,-0.02400000000000002,0,0.09201201745823112,0.031443378380188,-0.0027937500000000046,0,0,0,0,0,0,0,0,0
0.3124749256896183,0.007387943519373424,0.722,-0.4665788689356442,0.840966796875,0.3011030578613281,1,0,0.7,undefined,0.6875250743103817,-0.007387943519373424,-0.02200000000000002,0,0.031898530279581616,0.03780688511523632,-0.0068307692307692375,0,0,0,0,0,0,0,0,0
0.376938019774984,-0.0026969486007320936,0.714,-0.46437975407813153,0.9316397094726563,0.2998607177734375,1,0,0.7,undefined,0.623061980225016,0.0026969486007320936,-0.014000000000000012,0,-0.018540828367571816,0.05331469990867391,0.030591044776119423,0,0,0,0,0,0,0,0,0
0.4468057106359259,-0.013949378807265607,0.709,-0.46148250751982073,1.0126241455078124,0.31846099853515625,1,0,0.7,undefined,0.5531942893640741,0.013949378807265607,-0.009000000000000008,0,-0.10453249309599816,0.06653044595748302,0.020577777777777792,0,0,0,0,0,0,0,0,0
0.5148438997016873,-0.026171287958942,0.704,-0.45868998071663,0.9954459838867188,0.2902853698730469,1,0,0.7,undefined,0.4851561002983127,0.026171287958942,-0.0040000000000000036,0,-0.1002644047322217,0.07060819937090045,0.022535294117647077,0,0,0,0,0,0,0,0,0
0.5890470439068377,-0.040139709538147605,0.706,-0.45600217366855866,1.0907679443359375,0.30495993041992187,1,0,0.7,undefined,0.4109529560931623,0.040139709538147605,-0.006000000000000005,0,-0.19915020513318185,0.08951947062885814,-0.015911111111111126,0,0,0,0,0,0,0,0,0
0.6592849670326719,-0.05317545202891305,0.703,-0.45310492711024813,1.0320220947265626,0.28839572143554687,1,0,0.7,undefined,0.3407150329673281,0.05317545202891305,-0.0030000000000000027,0,-0.20001221334285654,0.08605487487886884,0.013753846153846162,0,0,0,0,0,0,0,0,0
0.7214329791820814,-0.06312278409735847,0.702,-0.45104543859289475,0.903469970703125,0.2739344787597656,1,0,0.7,undefined,0.2785670208179186,0.06312278409735847,-0.0020000000000000018,0,-0.187344091750204,0.07245020203503484,0.003784615384615387,0,0,0,0,0,0,0,0,0
0.7811947415409027,-0.07326900487212185,0.702,-0.4490034033680614,0.8731185913085937,0.25378550720214843,1,0,0.7,undefined,0.21880525845909726,0.07326900487212185,-0.0020000000000000018,0,-0.20423371217768033,0.07578558474885605,-0.0016000000000000016,0,0,0,0,0,0,0,0,0
0.8415574682905109,-0.08185781011618777,0.703,-0.44738024716370656,0.8716156005859375,0.2769606018066406,1,0,0.7,undefined,0.15844253170948908,0.08185781011618777,-0.0030000000000000027,0,-0.23262176759922817,0.07085713052150824,-0.0077846153846153916,0,0,0,0,0,0,0,0,0
0.8938938590809519,-0.08692598496139552,0.71,-0.4459141705920316,0.7406721801757813,0.2710740966796875,1,0,0.7,undefined,0.10610614091904813,0.08692598496139552,-0.010000000000000009,0,-0.22483132307277426,0.05390238393751305,-0.04628125000000004,0,0,0,0,0,0,0,0,0
0.9352613413656523,-0.09012600737646173,0.714,-0.443872135367198,0.5805382690429688,0.2243095703125,1,0,0.7,undefined,0.06473865863434769,0.09012600737646173,-0.014000000000000012,0,-0.18200632848479065,0.04443528130937737,-0.032738461538461563,0,1425397548941,0,0,0,0,0,0,0
0.9710197429898507,-0.09413167744459784,0.718,-0.441690473802205,0.5102017211914063,0.17607855224609376,1,0,0.7,undefined,0.02898025701014928,0.09413167744459784,-0.018000000000000016,0,-0.15850074803103514,0.048789659547622294,-0.0346898550724638,0,1425397548941,0,0,0,0,0,0,0
0.9989048562400166,-0.09626539685878902,0.722,-0.4392121062643733,0.3918162841796875,0.14986582946777344,1,0,0.7,undefined,0.0010951437599834302,0.09626539685878902,-0.02200000000000002,0,-0.14847539091859976,0.04121603387168695,-0.04018064516129036,0,1425397548941,0,0,0,0,0,0,0
1.0184172622012249,-0.09649853765517222,0.725,-0.43675119201906115,0.2663934326171875,0.12129268646240235,1,0,0.7,undefined,-0.01841726220122486,0.09649853765517222,-0.025000000000000022,0,-0.10430266749347585,0.030540827612145282,-0.03590909090909094,0,1425397548941,0,0,0,0,0,0,0
1.029245693915375,-0.0945608176411181,0.726,-0.4354945549576253,0.13488484191894531,0.09504346466064453,1,0,0.7,undefined,-0.029245693915374904,0.0945608176411181,-0.026000000000000023,0,-0.06282803219580697,0.01866409666379103,-0.02602388059701495,0,1425397548941,0,0,0,0,0,0,0
1.0337618088289369,-0.09185216802029131,0.725,-0.4336968658280711,0.044278797149658204,0.06541487121582032,1,0,0.7,-0.4354945549576253,-0.03376180882893687,0.09185216802029131,-0.025000000000000022,-0.001797689129554192,-0.016880904414468434,0.02755565040608739,-0.020000000000000018,-0.001797689129554192,1425397548941,0,0,0,0,0,0,0
1.0333853706549023,-0.08731313948909938,0.725,-0.4306774462221212,-0.03373522567749023,0.05940912246704102,1,0,0.7,-0.4354945549576253,-0.033385370654902324,0.08731313948909938,-0.025000000000000022,-0.0048171087355041164,-0.01471845662796082,0.00218096267156272,-0.020000000000000018,-0.018541743308003775,1425397549333,0,0,0,0,0,0,0
1.0314246351587402,-0.08247469153728439,0.723,-0.429193916357926,-0.05702510833740235,0.0536705322265625,1,0,0.7,-0.4354945549576253,-0.031424635158740166,0.08247469153728439,-0.02300000000000002,-0.006300638599699315,-0.0050316914458671085,-0.0016074443006562841,-0.007462500000000007,-0.01325468483811431,1425397549397,0,0,0,0,0,0,0
1.0288954880011703,-0.07871835630365302,0.721,-0.4294382624532051,-0.05794366455078125,0.03544750595092774,1,0,0.7,-0.4354945549576253,-0.028895488001170255,0.07871835630365302,-0.02100000000000002,-0.006056292504420191,-0.0012972873252548346,0.004156011921615615,-0.006352238805970158,-0.004962205510633067,1425397549464,0,0,0,0,0,0,0
1.0259590242037728,-0.0755378338118144,0.72,-0.43088688573236034,-0.05991112518310547,0.025036558151245118,1,0,0.7,-0.4354945549576253,-0.02595902420377283,0.0755378338118144,-0.020000000000000018,-0.004607669225264954,0.0030011544265457317,0.005479363753311567,-0.01053125000000001,0.0021827523957752178,1425397549528,0,0,0,0,0,0,0
1.0235906546604314,-0.07314025515921027,0.718,-0.43252749522923506,-0.0472995491027832,0.017838249206542967,1,0,0.7,-0.4354945549576253,-0.02359065466043142,0.07314025515921027,-0.018000000000000016,-0.002967059728390231,0.0008639779602006431,0.009291074801988593,-0.003630769230769236,0.00460498410333926,1425397549593,0,0,0,0,0,0,0
1.0212452951112072,-0.07131450186855247,0.716,-0.4342379178961895,-0.0434200325012207,0.010117817878723144,1,0,0.7,-0.4354945549576253,-0.021245295111207207,0.07131450186855247,-0.016000000000000014,-0.0012566370614358058,0.0018989483246671032,0.011868762882255293,-0.0020307692307692353,0.006637621401430772,1425397549658,0,0,0,0,0,0,0
1.0201257081042545,-0.06999472996500401,0.716,-0.4357039944678647,-0.023563987731933595,0.010893800735473632,1,0,0.7,-0.4354945549576253,-0.020125708104254514,0.06999472996500401,-0.016000000000000014,0.00020943951023938423,-0.004246196425663526,0.014351216692750381,-0.012800000000000013,0.0068734239269447935,1425397549724,0,0,0,0,0,0,0
1.020153481074866,-0.06805900045124721,0.717,-0.4371526177470201,-0.011876909255981446,0.026499029159545898,1,0,0.7,-0.4354945549576253,-0.02015348107486603,0.06805900045124721,-0.017000000000000015,0.0016580627893947875,-0.010357868937985872,0.010548974906604197,-0.01890303030303032,0.008242714058282984,1425397549790,0,0,0,0,0,0,0
1.0194516302106285,-0.06599465790348838,0.717,-0.4379729224954575,-0.02264719009399414,0.02359615135192871,1,0,0.7,-0.4354945549576253,-0.019451630210628457,0.06599465790348838,-0.017000000000000015,0.0024783675378322045,-0.005972745660155215,0.008767911336906853,-0.013600000000000013,0.006384580625629428,1425397549853,0,0,0,0,0,0,0
1.0192592797411366,-0.06324793266334067,0.717,-0.43952626552973245,-0.020086408615112305,0.03608840942382813,1,0,0.7,-0.4354945549576253,-0.019259279741136615,0.06324793266334067,-0.017000000000000015,0.004031710572107161,-0.008768412649507621,0.004888239927590148,-0.013600000000000013,0.011092360727902418,1425397549919,0,0,0,0,0,0,0
1.018954810943162,-0.06058479607803473,0.714,-0.4397357050399718,-0.02113085174560547,0.034206893920898436,1,0,0.7,-0.4354945549576253,-0.018954810943162093,0.06058479607803473,-0.014000000000000012,0.00424115008234649,-0.008009091872441795,0.00435468002348015,0.004953846153846154,0.005207793975758776,1425397549984,0,0,0,0,0,0,0
1.017922409840577,-0.05797390814119344,0.714,-0.4386361476112154,-0.030684579849243165,0.028845083236694335,1,0,0.7,-0.4354945549576253,-0.017922409840577025,0.05797390814119344,-0.014000000000000012,0.0031415926535900973,-0.0035849054011811614,0.003890435559067684,-0.01120000000000001,-0.0019332877868240223,1425397550049,0,0,0,0,0,0,0
1.0167400079988151,-0.05409418730424478,0.711,-0.43715261774702024,-0.040773048400878906,0.04515393447875977,1,0,0.7,-0.4354945549576253,-0.016740007998815143,0.05409418730424478,-0.01100000000000001,0.001658062789394954,-0.002196889197624295,-0.0040704966246935224,0.007353846153846157,-0.005188998122274938,1425397550114,0,0,0,0,0,0,0
1.0159261534528032,-0.051142427537554165,0.71,-0.43655920580134217,-0.029804729461669923,0.03494435882568359,1,0,0.7,-0.4354945549576253,-0.015926153452803238,0.051142427537554165,-0.010000000000000009,0.0010646508437168745,-0.003784799363016386,0.00007393147843438169,-0.0026153846153846184,-0.0016741735209511847,1425397550179,0,0,0,0,0,0,0
1.015293991502602,-0.0487112141601286,0.708,-0.4355120082501455,-0.02401271629333496,0.02903851890563965,1,0,0.7,-0.4354945549576253,-0.015293991502602022,0.0487112141601286,-0.008000000000000007,0.000017453292520230868,-0.004457004229065415,0.0021791718504533594,0.004369230769230771,-0.004815766174541201,1425397550244,0,0,0,0,0,0,0
1.014961758106871,-0.0461810462561078,0.707,-0.43413319814106993,-0.020529518127441405,0.032307395935058596,1,0,0.7,-0.4354945549576253,-0.01496175810687106,0.0461810462561078,-0.007000000000000006,-0.0013613568165553591,-0.005969313282114106,0.0013249167146029434,-0.00037611940298507614,-0.007535133424356508,1425397550311,0,0,0,0,0,0,0
1.0145538361586461,-0.043099680706832934,0.705,-0.4325973083993152,-0.02499266815185547,0.03935911178588867,1,0,0.7,-0.4354945549576253,-0.014553836158646138,0.043099680706832934,-0.0050000000000000044,-0.002897246558310085,-0.005279391198427503,-0.0032058319811198634,0.006937500000000006,-0.010096729722785362,1425397550375,0,0,0,0,0,0,0
1.0145366095719996,-0.040484215475487265,0.704,-0.4320388030386769,-0.016681827545166016,0.035509597778320315,1,0,0.7,-0.4354945549576253,-0.014536609571999648,0.040484215475487265,-0.0040000000000000036,-0.0034557519189483688,-0.007418291312199991,-0.0011962132854981128,0.0021846153846153855,-0.00603346896804814,1425397550440,0,0,0,0,0,0,0
1.0151624710684135,-0.037314803509943296,0.701,-0.43188172340599734,-0.011381288528442383,0.047103748321533204,1,0,0.7,-0.4354945549576253,-0.015162471068413508,0.037314803509943296,-0.0010000000000000009,-0.0036128315516279486,-0.011203859652310967,-0.005105572360101446,0.015353846153846164,-0.004337814471687547,1425397550505,0,0,0,0,0,0,0
1.0165118731398228,-0.03232084330251416,0.702,-0.4324402287666356,-0.01297312068939209,0.07650370025634766,1,0,0.7,-0.4354945549576253,-0.01651187313982283,0.03232084330251416,-0.0020000000000000018,-0.0030543261909896646,-0.015785281117070542,-0.016407242407411378,-0.00698461538461539,-0.00047660914188989286,1425397550570,0,0,0,0,0,0,0
1.0162374918114563,-0.027075795733764556,0.703,-0.4337317724131113,-0.03670886993408203,0.06970843505859375,1,0,0.7,-0.4354945549576253,-0.016237491811456284,0.027075795733764556,-0.0030000000000000027,-0.0017627825445140077,-0.006980863956395802,-0.018068358542421486,-0.007547058823529419,0.00393520413111389,1425397550638,0,0,0,0,0,0,0
1.0156898205499314,-0.022361083784378677,0.701,-0.435354928617466,-0.03717545318603516,0.060719745635986325,1,0,0.7,-0.4354945549576253,-0.0156898205499314,0.022361083784378677,-0.0010000000000000009,-0.00013962634015929343,-0.005037320246172657,-0.019087649278421267,0.010490322580645169,0.007714355293815131,1425397550700,0,0,0,0,0,0,0
1.0153118430661239,-0.017626939129673884,0.697,-0.4372922440871797,-0.03508892059326172,0.06199710464477539,1,0,0.7,-0.4354945549576253,-0.015311843066123876,0.017626939129673884,0.0030000000000000027,0.001797689129554414,-0.005914713433296087,-0.019372673913422057,0.023938461538461558,0.010739145143617679,1425397550765,0,0,0,0,0,0,0
1.0151103751926775,-0.012707581135979291,0.695,-0.43998005113525096,-0.03398699188232422,0.06556703186035157,1,0,0.7,-0.4354945549576253,-0.01511037519267755,0.012707581135979291,0.0050000000000000044,0.00448549617762567,-0.006790825480575352,-0.02143605067927935,0.014606060606060617,0.01670280094158592,1425397550831,0,0,0,0,0,0,0
1.0139897870677652,-0.008695511624925774,0.692,-0.44114942173408717,-0.04084034729003906,0.047290172576904294,1,0,0.7,-0.4354945549576253,-0.013989787067765214,0.008695511624925774,0.008000000000000007,0.005654866776461875,-0.001274078960465901,-0.018149966151387514,0.02255384615384617,0.011051961848013592,1425397550896,0,0,0,0,0,0,0
1.0121738069466408,-0.005353124897850361,0.691,-0.44120178161164686,-0.04603875350952148,0.033705089569091795,1,0,0.7,-0.4354945549576253,-0.01217380694664083,0.005353124897850361,0.009000000000000008,0.005707226654021569,0.003222137942314479,-0.015270475991839656,0.012503030303030314,0.005945226097474721,1425397550962,0,0,0,0,0,0,0
1.0102037899260887,-0.0018545038134840054,0.688,-0.4421442594077239,-0.04913055419921875,0.03483510971069336,1,0,0.7,-0.4354945549576253,-0.010203789926088724,0.0018545038134840054,0.01200000000000001,0.0066497044500986036,0.005178100333934364,-0.017432807707362448,0.025753846153846176,0.010999601970454149,1425397551027,0,0,0,0,0,0,0
1.007740071896193,0.0020113734115267162,0.689,-0.44244096538056293,-0.05821385192871094,0.036599220275878905,1,0,0.7,-0.4354945549576253,-0.007740071896193079,-0.0020113734115267162,0.01100000000000001,0.006946410422937643,0.0092706797220414,-0.020896645312307584,0.0033312500000000026,0.008337219670620642,1425397551091,0,0,0,0,0,0,0
1.0047426566569975,0.0045293841432083705,0.687,-0.44308673720380093,-0.05680304718017578,0.014883244514465332,1,0,0.7,-0.4354945549576253,-0.004742656656997468,-0.0045293841432083705,0.0129999999999999,0.007592182246175638,0.013188183056472926,-0.013866609064532534,0.021006060606059945,0.010527508715439251,1425397551157,0,0,0,0,0,0,0
1.0006827620225238,0.005984911491782584,0.685,-0.4438721353671982,-0.06437804412841797,-0.006384426593780517,1,0,0.7,-0.4354945549576253,-0.0006827620225238196,-0.005984911491782584,0.014999999999999902,0.008377580409572927,0.021524858344073954,-0.008913925586511454,0.02293749999999993,0.012059134300497716,1425397551221,0,0,0,0,0,0,0
0.9971073147447961,0.0069165615377358046,0.684,-0.4446575335305957,-0.05443587112426758,-0.010411043167114258,1,0,0.7,-0.4354945549576253,0.0028926852552039195,-0.0069165615377358046,0.015999999999999903,0.009162978572970437,0.018737531334018134,-0.005831057243074363,0.01772957746478866,0.012481562361974003,1425397551292,0,0,0,0,0,0,0
0.9940014125844246,0.006841982284032414,0.685,-0.4447273467006756,-0.04157696914672852,-0.021049903869628905,1,0,0.7,-0.4354945549576253,0.005998587415575352,-0.006841982284032414,0.014999999999999902,0.009232791743050306,0.02048944732619229,-0.0007923022537990641,0.00626229508196713,0.009576135202459497,1425397551353,0,0,0,0,0,0,0
0.9918810627608975,0.006041460653846467,0.687,-0.4453207586463537,-0.023545579910278322,-0.024522790908813475,1,0,0.7,-0.4354945549576253,0.008118937239102508,-0.006041460653846467,0.0129999999999999,0.009826203688728385,0.015329731354711211,0.003393926614760496,-0.0005375000000000883,0.012607822184094383,1425397551417,0,0,0,0,0,0,0
0.9894202775698002,0.004888077317437735,0.685,-0.44655994241526953,-0.025859613418579102,-0.03151310348510742,1,0,0.7,-0.4354945549576253,0.010579722430199778,-0.004888077317437735,0.014999999999999902,0.011065387457644238,0.018221719470641405,0.00556943735793286,0.0227692307692307,0.016784697160332786,1425397551482,0,0,0,0,0,0,0
0.9876508008411546,0.0035560256084619926,0.684,-0.44750242021134645,-0.015310371398925781,-0.029484058380126955,1,0,0.7,-0.4354945549576253,0.012349199158845359,-0.0035560256084619926,0.015999999999999903,0.012007865253721162,0.015392054631985268,0.006928801921648604,0.018184615384615313,0.016357762774076193,1425397551547,0,0,0,0,0,0,0
0.9850739282088185,0.0014982491687908013,0.687,-0.44891613690546184,-0.021490476608276368,-0.044553009033203125,1,0,0.7,-0.4354945549576253,0.01492607179118155,-0.0014982491687908013,0.0129999999999999,0.013421581947836547,0.020623814745509367,0.011122123317545663,-0.005271641791044867,0.01975165669760693,1425397551614,0,0,0,0,0,0,0
0.9831874309552164,-0.0019096551408526962,0.686,-0.450364760184617,-0.00330877947807312,-0.05833443069458008,1,0,0.7,-0.4354945549576253,0.016812569044783565,0.0019096551408526962,0.013999999999999901,0.014870205226991728,0.01859692064355776,0.02032892099722631,0.016755555555555482,0.021768411318206875,1425397551677,0,0,0,0,0,0,0
0.9816780966221279,-0.005132941694124903,0.687,-0.4515690373684932,0.0006636146306991577,-0.053383373260498045,1,0,0.7,-0.4354945549576253,0.018321903377872095,0.005132941694124903,0.0129999999999999,0.016074482410867896,0.017010141619985368,0.01972260001884092,0.005015384615384533,0.02163268479798867,1425397551742,0,0,0,0,0,0,0
0.9809697316200872,-0.007938730166374721,0.69,-0.45135959785825397,0.008805343627929688,-0.04250491333007812,1,0,0.7,-0.4354945549576253,0.01903026837991284,0.007938730166374721,0.010000000000000009,0.01586504290062868,0.013063782012887687,0.018321430145003457,-0.00815384615384556,0.014898399007216904,1425397551807,0,0,0,0,0,0,0
0.9810020007416409,-0.011554439822325189,0.692,-0.4524067954094506,0.024092575073242188,-0.04859307861328125,1,0,0.7,-0.4354945549576253,0.0189979992583591,0.011554439822325189,0.008000000000000007,0.016912240451825322,0.009074788914257973,0.023479895070883064,-0.004206060606060607,0.021672229320900974,1425397551873,0,0,0,0,0,0,0
0.9823879431373456,-0.015622603668006394,0.69,-0.45427429770908445,0.04537253570556641,-0.04579586791992187,1,0,0.7,-0.4354945549576253,0.017612056862654435,0.015622603668006394,0.010000000000000009,0.01877974275145916,0.0012148712807103987,0.027110033421883437,0.01860606060606062,0.027268389567976607,1425397551939,0,0,0,0,0,0,0
0.9843612603878054,-0.020081217588949506,0.691,-0.45565310781815993,0.055945030212402345,-0.04710762023925781,1,0,0.7,-0.4354945549576253,0.01563873961219464,0.020081217588949506,0.009000000000000008,0.02015855286053464,-0.00242088234746631,0.029504035056964306,0.0021275362318840607,0.026153379421732372,1425397552008,0,0,0,0,0,0,0
0.9858989779853206,-0.02410533622143948,0.693,-0.45643850598155755,0.04727458572387695,-0.044053234100341794,1,0,0.7,-0.4354945549576253,0.014101022014679443,0.02410533622143948,0.007000000000000006,0.02094395102393226,-0.0017141527881502838,0.030466514063473817,-0.005511111111111115,0.02468394227820665,1425397552071,0,0,0,0,0,0,0
0.9877030827928801,-0.02779831536570126,0.696,-0.4578871292607126,0.0487066535949707,-0.03779632186889648,1,0,0.7,-0.4354945549576253,0.012296917207119895,0.02779831536570126,0.0040000000000000036,0.02239257430308733,-0.004250168184830571,0.03008289104849001,-0.01373548387096775,0.02940204178286993,1425397552133,0,0,0,0,0,0,0
0.9898154515365726,-0.030589274516758354,0.697,-0.4590041399819892,0.046927871704101565,-0.023545162200927734,1,0,0.7,-0.4354945549576253,0.010184548463427423,0.030589274516758354,0.0030000000000000027,0.0235095850243639,-0.006489563212122708,0.025120840493702924,-0.0029846153846153863,0.028665019122563442,1425397552198,0,0,0,0,0,0,0
0.9930101913587943,-0.03281745563195217,0.699,-0.45963245851270706,0.05776910400390625,-0.008731562614440918,1,0,0.7,-0.4354945549576253,0.006989808641205686,0.03281745563195217,0.0010000000000000009,0.024137903555081774,-0.013649828701802738,0.02259882474087572,-0.009806060606060613,0.02699389687652666,1425397552264,0,0,0,0,0,0,0
0.9959286109925187,-0.035796859938578104,0.697,-0.46092400215918294,0.05905879211425781,-0.020632844924926758,1,0,0.7,-0.4354945549576253,0.004071389007481274,0.035796859938578104,0.0030000000000000027,0.025429447201557653,-0.013409984299050777,0.02726457030255558,0.01284776119402986,0.031212478454434724,1425397552331,0,0,0,0,0,0,0
0.9998276202644661,-0.03887118258377431,0.698,-0.4621631859280988,0.07289250946044921,-0.015289604187011719,1,0,0.7,-0.4354945549576253,0.00017237973553385633,0.03887118258377431,0.0020000000000000018,0.026668630970473506,-0.02079046378677195,0.02895169587734158,-0.0037030303030303052,0.03230128446554556,1425397552397,0,0,0,0,0,0,0
1.0030541624758773,-0.04166692658639116,0.7,-0.4634721828670947,0.0620194091796875,-0.01595661926269531,1,0,0.7,-0.4354945549576253,-0.003054162475877309,0.04166692658639116,0,0.027977627909469394,-0.019943415345729427,0.029295452245066578,-0.01129032258064517,0.03431148406590111,1425397552459,0,0,0,0,0,0,0
1.0052582528713574,-0.0444228368863559,0.701,-0.4638736085950531,0.048054290771484376,-0.022197359085083006,1,0,0.7,-0.4354945549576253,-0.005258252871357394,0.0444228368863559,-0.0010000000000000009,0.02837905363742782,-0.014348537430458523,0.02876610915764511,-0.006023880597014929,0.030176482270077493,1425397552526,0,0,0,0,0,0,0
1.0067899695619384,-0.04658944629597907,0.702,-0.46495571273128966,0.03508843994140625,-0.018785118103027344,1,0,0.7,-0.4354945549576253,-0.006789969561938447,0.04658944629597907,-0.0020000000000000018,0.02946115777366437,-0.011852609461923841,0.026716187137034428,-0.00698461538461539,0.0344554845562946,1425397552591,0,0,0,0,0,0,0
1.0083618837921982,-0.047151010680878506,0.702,-0.46525241870412876,0.02485257148742676,0.0030430567264556883,1,0,0.7,-0.4354945549576253,-0.008361883792198155,0.047151010680878506,-0.0020000000000000018,0.029757863746503466,-0.00850781236817301,0.016748253094432668,-0.0016000000000000016,0.030422130849874576,1425397552725,0,0,0,0,0,0,0
1.009442173104304,-0.04739692114793377,0.704,-0.4653920450442882,0.016136863708496093,0.003973467588424683,1,0,0.7,-0.4354945549576253,-0.009442173104303953,0.04739692114793377,-0.0040000000000000036,0.029897490086662926,-0.010765290762731486,0.016710194870313735,-0.01396923076923078,0.030541919348937355,1425397552790,0,0,0,0,0,0,0
1.0100719863229382,-0.04755028411178829,0.706,-0.46610763003760586,0.009474825859069825,0.0021838669776916503,1,0,0.7,-0.4354945549576253,-0.010071986322938153,0.04755028411178829,-0.006000000000000005,0.030613075079980567,-0.00876856259937715,0.016314043620175238,-0.015911111111111126,0.034020622667207435,1425397552853,0,0,0,0,0,0,0
1.010086481929293,-0.04705666306469221,0.707,-0.4669279347860434,-0.0031333532333374025,0.006712172985076904,1,0,0.7,-0.4354945549576253,-0.010086481929292956,0.04705666306469221,-0.007000000000000006,0.031433379828418095,-0.005363733706840016,0.012601247387384919,-0.011155555555555564,0.03533959291621585,1425397552916,0,0,0,0,0,0,0
1.0101828260419503,-0.0464150404904887,0.709,-0.4692841292762356,-0.0030418848991394043,0.009244637489318848,1,0,0.7,-0.4354945549576253,-0.01018282604195031,0.0464150404904887,-0.009000000000000008,0.033789574318610294,-0.005596664674023019,0.013537416061920689,-0.012423880597014936,0.039064636610085364,1425397553050,0,0,0,0,0,0,0
1.0097877974172946,-0.04465390598920396,0.709,-0.47101200523571013,-0.01723188591003418,0.020881370544433595,1,0,0.7,-0.4354945549576253,-0.00978779741729463,0.04465390598920396,-0.009000000000000008,0.03551745027808484,-0.0029590681333850565,0.004929006967609695,-0.007200000000000007,0.04374543103748743,1425397553113,0,0,0,0,0,0,0
1.008684621933524,-0.043503503647709614,0.709,-0.4709596453581502,-0.02257633972167969,0.007867894649505614,1,0,0.7,-0.4354945549576253,-0.008684621933523928,0.043503503647709614,-0.009000000000000008,0.03546509040052492,0.0016201352100074298,0.007900732233615617,-0.007200000000000007,0.035211736154267266,1425397553175,0,0,0,0,0,0,0
1.0075538017732273,-0.042762094873189715,0.709,-0.47068039267783107,-0.020161792755126952,0.00221390700340271,1,0,0.7,-0.4354945549576253,-0.007553801773227287,0.042762094873189715,-0.009000000000000008,0.03518583772020578,0.001860150199639368,0.010328136059653928,-0.007200000000000007,0.03393545258444843,1425397553242,0,0,0,0,0,0,0
1.0067693983948685,-0.041777781523624054,0.709,-0.4708898321880704,-0.017182294845581054,0.007823366641998291,1,0,0.7,-0.4354945549576253,-0.006769398394868453,0.041777781523624054,-0.009000000000000008,0.03539527723044511,0.0006986142201810468,0.008463785471228214,-0.007200000000000007,0.03639260823158477,1425397553305,0,0,0,0,0,0,0
1.005908345149114,-0.04098966008511102,0.712,-0.47040113999751204,-0.016873424530029296,0.004675560474395752,1,0,0.7,-0.4354945549576253,-0.0059083451491139805,0.04098966008511102,-0.01200000000000001,0.03490658503988675,0.001333636243580473,0.009543377842015035,-0.025509090909090933,0.032685256900985116,1425397553371,0,0,0,0,0,0,0
1.0046618915092216,-0.04066640359533553,0.713,-0.47041859329003194,-0.01886379051208496,-0.004152015209197998,1,0,0.7,-0.4354945549576253,-0.004661891509221583,0.04066640359533553,-0.013000000000000012,0.03492403833240665,0.004099314824861558,0.011911654060299929,-0.015784615384615397,0.03500459199019079,1425397553436,0,0,0,0,0,0,0
1.0039207690483483,-0.0399210384559247,0.715,-0.47057567292271135,-0.014976967811584472,0.004927227020263672,1,0,0.7,-0.4354945549576253,-0.0039207690483482605,0.0399210384559247,-0.015000000000000013,0.03508111796508606,0.00174631351454485,0.009441100464667375,-0.022769230769230788,0.035806100885144895,1425397553501,0,0,0,0,0,0,0
1.0028384219564623,-0.039454274822076744,0.716,-0.4713785243786287,-0.017645015716552734,-0.0011205854415893555,1,0,0.7,-0.4354945549576253,-0.0028384219564623336,0.039454274822076744,-0.016000000000000014,0.035883969421003414,0.004034673723961837,0.010865354098074848,-0.01810303030303032,0.03953329422062774,1425397553567,0,0,0,0,0,0,0
1.0012522411897566,-0.039245781076860387,0.719,-0.47144833754870863,-0.022618154525756835,-0.008018283843994141,1,0,0.7,-0.4354945549576253,-0.0012522411897566421,0.039245781076860387,-0.019000000000000017,0.03595378259108334,0.0077616693142071955,0.01216298479989542,-0.03160625000000003,0.036281031825832984,1425397553631,0,0,0,0,0,0,0
0.9991414536106838,-0.038742820247268,0.721,-0.4713436177935889,-0.03163437080383301,-0.0076586675643920896,1,0,0.7,-0.4354945549576253,0.0008585463893161505,0.038742820247268,-0.02100000000000002,0.03584906283596362,0.011508974362905317,0.010469228932448317,-0.027569230769230794,0.035365740889257216,1425397553696,0,0,0,0,0,0,0
0.9971507562117479,-0.038839553889453926,0.722,-0.47162287047390794,-0.025945568084716798,-0.014851937294006348,1,0,0.7,-0.4354945549576253,0.0028492437882521315,0.038839553889453926,-0.02200000000000002,0.03612831551628265,0.01138671788838939,0.013730804289176191,-0.022747058823529433,0.0373603126353372,1425397553764,0,0,0,0,0,0,0
0.996085924468956,-0.03804917153332311,0.723,-0.4712563513309892,-0.01961524200439453,0.0033046536445617675,1,0,0.7,-0.4354945549576253,0.003914075531043948,0.03804917153332311,-0.02300000000000002,0.03576179637336391,0.007686470809559146,0.008557550440758755,-0.0240451612903226,0.033988316649563546,1425397553826,0,0,0,0,0,0,0
0.993663568201009,-0.03707072425740464,0.727,-0.4714134309636687,-0.03903805541992188,-0.0034195387363433836,1,0,0.7,-0.4354945549576253,0.006336431798991016,0.03707072425740464,-0.027000000000000024,0.03591887600604343,0.015544847324909086,0.007639397784746729,-0.04249552238805974,0.036622217644906974,1425397553893,0,0,0,0,0,0,0
0.9905279551714832,-0.03600626617615379,0.727,-0.47127380462350904,-0.049155338287353516,-0.00713507080078125,1,0,0.7,-0.4354945549576253,0.009472044828516824,0.03600626617615379,-0.027000000000000024,0.03577924966588375,0.02161249979639533,0.006633140978756224,-0.021600000000000022,0.03512475119638524,1425397553957,0,0,0,0,0,0,0
0.9865593499321398,-0.03424264104626078,0.728,-0.4710818184057896,-0.06505071258544921,-0.0034568843841552735,1,0,0.7,-0.4354945549576253,0.013440650067860216,0.03424264104626078,-0.028000000000000025,0.03558726344816432,0.02782706791062552,0.0024511232811927682,-0.027784615384615408,0.03470117321253618,1425397554022,0,0,0,0,0,0,0
0.98210407191046,-0.03319068802668909,0.729,-0.4716403237664278,-0.06671143341064453,-0.016269874572753907,1,0,0.7,-0.4354945549576253,0.017895928089539992,0.03319068802668909,-0.029000000000000026,0.03614576880880249,0.03268688502576567,0.005989191916576513,-0.02858461538461541,0.03872348585790175,1425397554087,0,0,0,0,0,0,0
0.9768533144268339,-0.03116178399278921,0.729,-0.47109927169830973,-0.08398995971679687,-0.008674125671386718,1,0,0.7,-0.4354945549576253,0.023146685573166126,0.03116178399278921,-0.029000000000000026,0.03560471674068444,0.03918250805131384,0.0003061103232086058,-0.023200000000000023,0.03314538915832965,1425397554153,0,0,0,0,0,0,0
0.970845758388908,-0.029439548901335922,0.727,-0.47092473877311025,-0.09202224731445313,-0.017879911422729492,0,0,0.7,undefined,-0.970845758388908,0.029439548901335922,-0.027000000000000024,0,-0.485422879194454,0.008831864670400777,-0.021600000000000022,0,0,0,0,0,0,0,0,0
0.9662731641247021,-0.02818827235982682,0.725,-0.47174504352154756,-0.06963871002197265,-0.014393404960632324,0,0,0.7,undefined,-0.9662731641247021,0.02818827235982682,-0.025000000000000022,0,-0.45874862200501504,0.0016316036158804418,-0.009062500000000008,0,0,0,0,0,0,0,0,0
0.9627794266759863,-0.02693917755511118,0.722,-0.47471210324993796,-0.05519670104980469,-0.007125518321990967,0,0,0.7,undefined,-0.9627794266759863,0.02693917755511118,-0.02200000000000002,0,-0.4638215023742101,0.001391409123939479,-0.0014461538461538505,0,0,0,0,0,0,0,0,0
0.9582955726288198,-0.027368942521497658,0.72,-0.4795117586929224,-0.056874164581298826,-0.03647601318359375,0,0,0.7,undefined,-0.9582955726288198,0.027368942521497658,-0.020000000000000018,0,-0.4572464689582354,0.010543353858162883,-0.005393939393939401,0,0,0,0,0,0,0,0,0
0.9544759823731932,-0.027449840144960352,0.72,-0.4831245902445507,-0.050272441864013674,-0.027508903503417968,0,0,0.7,undefined,-0.9544759823731932,0.027449840144960352,-0.020000000000000018,0,-0.4588371681351716,0.008748543281277792,-0.016000000000000014,0,0,0,0,0,0,0,0,0
0.9463023309098996,-0.027754737307469725,0.721,-0.4888143636060522,-0.10644778442382813,-0.06100586700439453,0,0,0.7,undefined,-0.9463023309098996,0.027754737307469725,-0.02100000000000002,0,-0.4329181647561293,0.010032800570437077,-0.022103030303030322,0,0,0,0,0,0,0,0,0
0.928964931747191,-0.027643768862743466,0.726,-0.4934045795387972,-0.2303869323730469,-0.12064969635009766,0,0,0.7,undefined,-0.928964931747191,0.027643768862743466,-0.026000000000000023,0,-0.3762669502904063,0.007812407007309961,-0.04731515151515155,0,0,0,0,0,0,0,0,0
0.9044738701048226,-0.02769864090606009,0.728,-0.4962494662195481,-0.32315869140625,-0.17471937561035156,0,0,0.7,undefined,-0.9044738701048226,0.02769864090606009,-0.028000000000000025,0,-0.32260554252496315,0.008735146262436117,-0.033337500000000034,0,0,0,0,0,0,0,0,0
0.8719542105143155,-0.027284503239952032,0.724,-0.4988500068050195,-0.43191213989257815,-0.2267914276123047,0,0,0.7,undefined,-0.8719542105143155,0.027284503239952032,-0.02400000000000002,0,-0.26574211698974637,0.006098586354547705,0.002338461538461536,0,0,0,0,0,0,0,0,0
0.8305591475719466,-0.024586487149024235,0.72,-0.5000368306963756,-0.5646173706054688,-0.26152264404296877,0,0,0.7,undefined,-0.8305591475719466,0.024586487149024235,-0.020000000000000018,0,-0.19779381553138123,-0.00699264415895928,0.005538461538461541,0,0,0,0,0,0,0,0,0
0.780401852873864,-0.02045375187031052,0.716,-0.5003335366692147,-0.68996630859375,-0.306323486328125,0,0,0.7,undefined,-0.780401852873864,0.02045375187031052,-0.016000000000000014,0,-0.13014107246988543,-0.015607206732610516,0.008412121212121215,0,0,0,0,0,0,0,0,0
0.7276306180571526,-0.015165488354778569,0.708,-0.5006826025196136,-0.73259326171875,-0.31012921142578126,0,0,0.7,undefined,-0.7276306180571526,0.015165488354778569,-0.008000000000000007,0,-0.08161410195514895,-0.024188150557867195,0.037350000000000036,0,0,0,0,0,0,0,0,0
0.671005468646806,-0.010075259381826143,0.697,-0.5015727204381307,-0.7817720336914062,-0.34074041748046874,0,0,0.7,undefined,-0.671005468646806,0.010075259381826143,0.0030000000000000027,0,-0.037425720537389684,-0.024197404469563977,0.06163076923076928,0,0,0,0,0,0,0,0,0
0.6093910965770053,-0.004155274908958555,0.689,-0.5023406653090081,-0.853072998046875,-0.36650552368164063,0,0,0.7,undefined,-0.6093910965770053,0.004155274908958555,0.01100000000000001,0,0.014817498891009862,-0.029955589144095435,0.051224242424242464,0,0,0,0,0,0,0,0,0
0.542221230001658,0.0026590054092927654,0.679,-0.5014854539755309,-0.9322874145507812,-0.3955260925292969,0,0,0.7,undefined,-0.542221230001658,-0.0026590054092927654,0.020999999999999908,0,0.08299100313502317,-0.03730002317673905,0.07064615384615322,0,0,0,0,0,0,0,0,0
0.4786864457144083,0.009962551297500219,0.67,-0.5017472533633301,-0.8883410034179687,-0.36208099365234375,0,0,0.7,undefined,-0.4786864457144083,-0.009962551297500219,0.029999999999999916,0,0.08968545165207736,-0.04153630875505626,0.0717272727272727,0,0,0,0,0,0,0,0,0
0.40939695408774535,0.020159444501817586,0.663,-0.5034402227377646,-0.9848009033203124,-0.365779296875,0,0,0.7,undefined,-0.40939695408774535,-0.020159444501817586,0.03699999999999992,0,0.16606820437632724,-0.06164161330720674,0.06788124999999998,0,0,0,0,0,0,0,0,0
0.3451016121031619,0.031130031695456747,0.66,-0.5039812748058828,-0.9241614379882812,-0.32113970947265624,0,0,0.7,undefined,-0.3451016121031619,-0.031130031695456747,0.039999999999999925,0,0.1652703395967341,-0.06826115685592386,0.0481538461538461,0,0,0,0,0,0,0,0,0
0.2852761904779351,0.04162151459445849,0.658,-0.5044699669964412,-0.8618046264648438,-0.2955538024902344,0,0,0.7,undefined,-0.2852761904779351,-0.04162151459445849,0.041999999999999926,0,0.17092881895053966,-0.06885586335437084,0.044369230769230716,0,0,0,0,0,0,0,0,0
0.2316146096438566,0.05145240890753337,0.66,-0.5030737035948458,-0.7759304809570312,-0.25996063232421873,0,0,0.7,undefined,-0.2316146096438566,-0.05145240890753337,0.039999999999999925,0,0.16441914791897347,-0.06828156025140013,0.02123076923076916,0,0,0,0,0,0,0,0,0
0.1814881594624718,0.060568457317770254,0.662,-0.5028293574995665,-0.7246658935546875,-0.24270578002929688,0,0,0.7,undefined,-0.1814881594624718,-0.060568457317770254,0.03799999999999992,0,0.1622683927206362,-0.06574251928984838,0.019952238805970083,0,0,0,0,0,0,0,0,0
0.13550846915704223,0.06927055907678958,0.666,-0.5016250803156905,-0.6672306518554687,-0.21799407958984374,0,0,0.7,undefined,-0.13550846915704223,-0.06927055907678958,0.03399999999999992,0,0.17476835331113696,-0.06836595355831508,0.005324999999999917,0,0,0,0,0,0,0,0,0
0.09922978933736973,0.07607052344677052,0.673,-0.4991990726554184,-0.5261849975585937,-0.17223625183105468,0,0,0.7,undefined,-0.09922978933736973,-0.07607052344677052,0.026999999999999913,0,0.13673849999063029,-0.05948096247634864,-0.016092307692307788,0,1425397555651,0,0,0,0,0,0,0
0.07143162273801772,0.08097706021455406,0.677,-0.4982216882743016,-0.4013208312988281,-0.13499751281738281,0,0,0.7,undefined,-0.07143162273801772,-0.08097706021455406,0.02299999999999991,0,0.1049268507799547,-0.050810179199375596,-0.003138461538461628,0,1425397555651,0,0,0,0,0,0,0
0.04615839247579094,0.08365733828592989,0.689,-0.49715703743058504,-0.35222500610351565,-0.14584086608886718,0,0,0.7,undefined,-0.04615839247579094,-0.08365733828592989,0.01100000000000001,0,0.10393765190989986,-0.039681093063863485,-0.055815384615384066,0,1425397555651,0,0,0,0,0,0,0
0.02851140766922193,0.08570903393379756,0.694,-0.49588294707662917,-0.24733782958984374,-0.09919547271728515,0,0,0.7,undefined,-0.02851140766922193,-0.08570903393379756,0.006000000000000005,0,0.07023819748156007,-0.03680110737568018,-0.021715151515151528,0,1425397555651,0,0,0,0,0,0,0
0.017011067834519406,0.0867086851772301,0.698,-0.49450413696755374,-0.15886131286621094,-0.0688907470703125,0,0,0.7,undefined,-0.017011067834519406,-0.0867086851772301,0.0020000000000000018,0,0.044319721820712456,-0.03165989666547427,-0.019938461538461554,0,1425397555651,0,0,0,0,0,0,0
0.010837242693451616,0.08457286191370311,0.703,-0.49364892563407653,-0.06630862426757812,-0.07215042877197266,0,0,0.7,undefined,-0.010837242693451616,-0.08457286191370311,-0.0030000000000000027,0,0.01923789799389266,-0.014010255380990972,-0.029743750000000024,0,1425397555976,0,0,0,0,0,0,0
0.006008014342696307,0.08132077180376361,0.693,-0.49302060710335854,-0.04067531204223633,-0.07728172302246093,0,0,0.7,undefined,-0.006008014342696307,-0.08132077180376361,0.007000000000000006,0,0.013494984923898116,-0.007522651128618493,0.058630303030303074,0,1425397556042,0,0,0,0,0,0,0
0.0026293463687162215,0.07653404489202419,0.662,-0.49178142333444247,-0.010661825180053711,-0.0872362289428711,0,0,0.7,undefined,-0.0026293463687162215,-0.07653404489202419,0.03799999999999992,0,0.007765893103640497,0.0023923707854337922,0.19732307692307638,0,1425397556107,0,0,0,0,0,0,0
0.0006394725169542341,0.07188901552292384,0.643,-0.49000118749740834,0.006589630126953125,-0.07551260375976562,0,0,0.7,undefined,-0.0006394725169542341,-0.07188901552292384,0.05699999999999994,0,0.0011199417605612903,0.0025964809778190115,0.1463575757575758,0,1425397556173,0,0,0,0,0,0,0
0.0008041258198519833,0.0687081364466615,0.603,-0.4896695749395293,0.024634294509887696,-0.04093653106689453,0,0,0.7,undefined,-0.0008041258198519833,-0.0687081364466615,0.09699999999999998,0,-0.010401863615682893,-0.0039988366801540845,0.2929846153846155,0,1425397556238,0,0,0,0,0,0,0
0.0025759236443089664,0.06441725147976952,0.566,-0.4900186407899283,0.053726119995117186,-0.04429977798461914,0,0,0.7,undefined,-0.0025759236443089664,-0.06441725147976952,0.134,0,-0.020092335763631907,0.003585168521013586,0.30954375000000023,0,0,0,0,0,0,0,0,0
0.005523086530871347,0.06211697237851006,0.528,-0.490385159932847,0.05524442291259766,-0.009637980461120606,0,0,0.7,undefined,-0.005523086530871347,-0.06211697237851006,0.17199999999999993,0,-0.02774932648061032,-0.006844782705794163,0.34221538461538414,0,0,0,0,0,0,0,0,0
0.008678266199272155,0.06325453749915115,0.479,-0.49062950602812627,0.03371388626098633,0.037342292785644535,0,0,0.7,undefined,-0.008678266199272155,-0.06325453749915115,0.22099999999999997,0,-0.030452647551585627,-0.02573863657851774,0.440646153846154,0,0,0,0,0,0,0,0,0
0.011206183215396896,0.06967827332475669,0.431,-0.49071677249072587,-0.011955432891845703,0.10285614013671875,0,0,0.7,undefined,-0.011206183215396896,-0.06967827332475669,0.26899999999999996,0,-0.02794022187010356,-0.055143920059451575,0.4659462686567163,0,0,0,0,0,0,0,0,0
0.012781594056775899,0.08128884727286495,0.38,-0.49137999760648376,-0.06123109817504883,0.1647434539794922,0,0,0.7,undefined,-0.012781594056775899,-0.08128884727286495,0.31999999999999995,0,-0.024146098898382914,-0.08861761444512527,0.5349062499999999,0,0,0,0,0,0,0,0,0
0.01289497034330887,0.0945590419439889,0.329,-0.4915719838242032,-0.09242230987548829,0.1763039245605469,0,0,0.7,undefined,-0.01289497034330887,-0.0945590419439889,0.37099999999999994,0,-0.016206128430297128,-0.1006197043279841,0.5714153846153844,0,0,0,0,0,0,0,0,0
0.012625286847164737,0.11013989979090501,0.284,-0.49256682149784003,-0.1138816146850586,0.20412997436523436,0,0,0.7,undefined,-0.012625286847164737,-0.11013989979090501,0.416,0,-0.014016863519645163,-0.11780758510195775,0.5751076923076924,0,0,0,0,0,0,0,0,0
0.011354668473984806,0.12883332642602663,0.239,-0.49417252440967474,-0.14939231872558595,0.23805490112304686,0,0,0.7,undefined,-0.011354668473984806,-0.12883332642602663,0.46099999999999997,0,-0.008103062580002348,-0.13873552413344936,0.6074363636363636,0,0,0,0,0,0,0,0,0
0.008078990416741469,0.14853192127748283,0.211,-0.49665089194750667,-0.18340335083007814,0.23682328796386717,0,0,0.7,undefined,-0.008078990416741469,-0.14853192127748283,0.489,0,0.004429663830367709,-0.15167919731664928,0.5419692307692309,0,0,0,0,0,0,0,0,0
0.004003999355962478,0.16575636971214974,0.198,-0.49715703743058504,-0.17684750366210938,0.19802670288085938,0,0,0.7,undefined,-0.004003999355962478,-0.16575636971214974,0.502,0,0.011111437702724984,-0.1450794614082934,0.4726937500000001,0,0,0,0,0,0,0,0,0
-0.00033460121723147447,0.18015474271294185,0.174,-0.4950800956207117,-0.16020562744140626,0.15879197692871094,0,0,0.7,undefined,0.00033460121723147447,-0.18015474271294185,0.526,0,0.01435754351059933,-0.1328495722877057,0.5500307692307693,0,0,0,0,0,0,0,0,0
-0.005119277311775283,0.18847002499438018,0,-0.4964239991447473,-0.12241187286376953,0.0756549301147461,0,0,0.7,undefined,0.005119277311775283,-0.18847002499438018,0.7,0,0.018764847206326228,-0.1020350403318559,1.4827272727272722,0,0,0,0,0,0,0,0,0
