0.20618258441153203,-0.14202014683232886,0.721,-0.05614724203665756,-0.01113408088684082,-0.06734012603759766,0,0,1,0,-0.20618258441153203,0.14202014683232886,0.279,0.05614724203665756,-0.10309129220576602,0.04260604404969866,0.22320000000000004,0.05614724203665756,0,0,0,0,0,0,0,0
0.2047698318486479,-0.14542011102189112,0.719,-0.05400048705670458,-0.01829591941833496,-0.05210830307006836,0,0,1,0,-0.2047698318486479,0.14542011102189112,0.281,0.05400048705670458,-0.09546449199219727,0.06072764833209396,0.23480000000000004,0.04480010857119181,0,0,0,0,0,0,0,0
0.20426328892760237,-0.15052446150332638,0.717,-0.050300389042476475,-0.0034545161724090574,-0.07686375427246094,0,0,1,0,-0.20426328892760237,0.15052446150332638,0.28300000000000003,0.050300389042476475,-0.09944270761335296,0.07512482501398758,0.23806666666666673,0.031799898971335956,0,0,0,0,0,0,0,0
0.20385592354974894,-0.15518010925153108,0.716,-0.04721115626644657,-0.002591519832611084,-0.07005361938476562,0,0,1,0,-0.20385592354974894,0.15518010925153108,0.28400000000000003,0.04721115626644657,-0.10029973088774273,0.07013300634757624,0.23220000000000005,0.03397158722631841,0,0,0,0,0,0,0,0
0.20429101332031338,-0.16362600296615756,0.721,-0.04398229715025715,0.01249795913696289,-0.12623924255371094,0,0,1,0,-0.20429101332031338,0.16362600296615756,0.279,0.04398229715025715,-0.10509997139270862,0.09641325185073421,0.19542222222222225,0.02860677754935515,0,0,0,0,0,0,0,0
0.2053445808970814,-0.1698489197768755,0.722,-0.04235914094590233,0.019892379760742186,-0.09255863189697265,0,0,1,0,-0.2053445808970814,0.1698489197768755,0.278,0.04235914094590233,-0.10885088188019151,0.08398006830662263,0.21717611940298512,0.035091277344313596,0,0,0,0,0,0,0,0
0.20630461280401408,-0.17572862885108081,0.729,-0.03817035074111587,0.01812233543395996,-0.0875067138671875,0,0,1,0,-0.20630461280401408,0.17572862885108081,0.271,0.03817035074111587,-0.10937463043016468,0.08653706445848677,0.17728387096774192,0.01790201104053621,0,0,0,0,0,0,0,0
0.2054458655881478,-0.1838251213916411,0.734,-0.035953782591083186,-0.008237261772155762,-0.12185048675537109,0,0,1,0,-0.2054458655881478,0.1838251213916411,0.266,0.035953782591083186,-0.09931151537254444,0.09697011055116578,0.18743768115942028,0.02631652976485413,0,0,0,0,0,0,0,0
0.2057756432238437,-0.18887796894707845,0.742,-0.032916909692613086,0.007667915344238281,-0.07556591796875,0,0,1,0,-0.2057756432238437,0.18887796894707845,0.258,0.032916909692613086,-0.10587953658967143,0.08700507061173687,0.1597333333333333,0.017732545200262587,0,0,0,0,0,0,0,0
0.2040147047381385,-0.19255917245894,0.747,-0.029810223624063173,-0.024582489013671875,-0.05605745315551758,0,0,1,0,-0.2040147047381385,0.19255917245894,0.253,0.029810223624063173,-0.09428383795157495,0.07744012485788626,0.17703768115942028,0.016302892891237465,0,0,0,0,0,0,0,0
0.2037810526078125,-0.19474158426801572,0.753,-0.030647981665020377,-0.002527496576309204,-0.03282609558105469,0,0,1,0,-0.2037810526078125,0.19474158426801572,0.247,0.030647981665020377,-0.1018829880178429,0.07206290430014017,0.16317377049180326,0.034768103177924656,0,0,0,0,0,0,0,0
0.20220345279825583,-0.19495588294610305,0.76,-0.026947883650792495,-0.02355438232421875,-0.003938110828399658,0,0,1,0,-0.20220345279825583,0.19495588294610305,0.24,0.026947883650792495,-0.09457201759821281,0.06082670077284578,0.15649275362318837,0.010860500980236491,0,0,0,0,0,0,0,0
0.19694522958252414,-0.1957926321799475,0.768,-0.024190263432641423,-0.07850652313232422,-0.014671894073486328,0,0,1,0,-0.19694522958252414,0.1957926321799475,0.23199999999999998,0.024190263432641423,-0.06989522724993731,0.06491115696266513,0.13969836065573765,0.010628196785996804,0,0,0,0,0,0,0,0
0.19096585527360557,-0.1944918492776872,0.777,-0.02460914245312008,-0.09013632202148437,0.017336606979370117,0,0,1,0,-0.19096585527360557,0.1944918492776872,0.22299999999999998,0.02460914245312008,-0.06731247785459459,0.05335213168099053,0.13339999999999996,0.02640433825517147,0,0,0,0,0,0,0,0
0.18443159956707322,-0.19164606062529932,0.788,-0.02284635990860574,-0.09903453826904297,0.04026211166381836,0,0,1,0,-0.18443159956707322,0.19164606062529932,0.21199999999999997,0.02284635990860574,-0.05656309371860271,0.04279091814706922,0.10648524590163926,0.014176937558535212,0,0,0,0,0,0,0,0
0.17522690312365835,-0.19051636098896715,0.799,-0.02089159114637219,-0.13842152404785157,0.01378693962097168,0,0,1,0,-0.17522690312365835,0.19051636098896715,0.20099999999999996,0.02089159114637219,-0.04420152354348859,0.05334662854971652,0.10657464788732386,0.0126320048270755,0,0,0,0,0,0,0,0
0.16591039802320237,-0.18772297221629758,0.81,-0.0210661240715715,-0.14059239196777343,0.03897235107421875,0,0,1,0,-0.16591039802320237,0.18772297221629758,0.18999999999999995,0.0210661240715715,-0.029749019147475048,0.0416173599944214,0.08674576271186432,0.021953579623432404,0,0,0,0,0,0,0,0
0.1558009490922213,-0.1840463774802722,0.819,-0.01980948701013564,-0.152769775390625,0.05194241714477539,0,0,1,0,-0.1558009490922213,0.1840463774802722,0.18100000000000005,0.01980948701013564,-0.029523513829741943,0.038831190704067986,0.09980000000000055,0.014423899603981948,0,0,0,0,0,0,0,0
0.14415389126787306,-0.18182086671694825,0.829,-0.01783726495538208,-0.1753328399658203,0.029915504455566407,0,0,1,0,-0.14415389126787306,0.18182086671694825,0.17100000000000004,0.01783726495538208,-0.006392551265202426,0.04367345755583821,0.07846666666666666,0.007976154681614289,0,0,0,0,0,0,0,0
0.1317755796354585,-0.1792199338797623,0.838,-0.017366026057343623,-0.18634100341796875,0.035696033477783204,0,0,1,0,-0.1317755796354585,0.1792199338797623,0.16200000000000003,0.017366026057343623,-0.006345250834698557,0.04299611359185814,0.08459999999999998,0.015346430780035943,0,0,0,0,0,0,0,0
0.11500678552384139,-0.1767190173274985,0.846,-0.016824973989225347,-0.2521454162597656,0.03314020156860351,0,0,1,0,-0.11500678552384139,0.1767190173274985,0.15400000000000003,0.016824973989225347,0.03629182636357233,0.04100878021116507,0.0772983606557377,0.014164062178807602,0,0,0,0,0,0,0,0
0.09960687059838816,-0.17568258954649044,0.856,-0.015987215948268033,-0.23122758483886718,0.011657852172851563,0,0,1,0,-0.09960687059838816,0.17568258954649044,0.14400000000000002,0.015987215948268033,0.025824173133310757,0.049911351697731,0.06447536231884057,0.01234478968323623,0,0,0,0,0,0,0,0
0.08847169444073637,-0.17528130862694294,0.862,-0.016667894356545823,-0.16710252380371093,0.0033482513427734377,0,0,1,0,-0.08847169444073637,0.17528130862694294,0.138,0.016667894356545823,0.017112637990018498,0.05285269988196103,0.07597377049180326,0.020015493085780857,0,0,0,0,0,0,0,0
0.07885364377864235,-0.17626694910108687,0.867,-0.01706932008450458,-0.14400430297851563,-0.017187131881713866,0,0,1,0,-0.07885364377864235,0.17626694910108687,0.133,0.01706932008450458,0.0067641128073136145,0.06057207331816804,0.08103768115942028,0.01881464933649917,0,0,0,0,0,0,0,0
0.06784773705482293,-0.17748921594392666,0.871,-0.017610372152622743,-0.16475161743164063,-0.021149145126342774,0,0,1,0,-0.06784773705482293,0.17748921594392666,0.129,0.017610372152622743,0.026587110682913202,0.06306040267457239,0.08024918032786885,0.020271283963039944,0,0,0,0,0,0,0,0
0.05818901397215848,-0.17962446445582794,0.876,-0.018221237390820832,-0.14429437255859376,-0.03457503509521485,0,0,1,0,-0.05818901397215848,0.17962446445582794,0.124,0.018221237390820832,0.016520710191118344,0.06748995043745792,0.07419999999999999,0.02083923126881264,0,0,0,0,0,0,0,0
0.04876262032325011,-0.18062857003899188,0.879,-0.02010619298297468,-0.14109800720214843,-0.01763534927368164,0,0,1,0,-0.04876262032325011,0.18062857003899188,0.121,0.02010619298297468,0.026996411602507743,0.06298638452336842,0.07958688524590163,0.029376466387009994,0,0,0,0,0,0,0,0
0.04252053999031071,-0.1822886648708871,0.884,-0.02274164015348613,-0.09311164093017578,-0.02677882957458496,0,0,1,0,-0.04252053999031071,0.1822886648708871,0.11599999999999999,0.02274164015348613,0.0076649737242336854,0.06626970149537902,0.06743768115942027,0.034200106112231565,0,0,0,0,0,0,0,0
0.03898257098676967,-0.1846034041813804,0.887,-0.02370157124208306,-0.05226626586914063,-0.03591889572143555,0,0,1,0,-0.03898257098676967,0.1846034041813804,0.11299999999999999,0.02370157124208306,-0.0022805316293607047,0.07172488326547924,0.07346451612903224,0.028346399090132715,0,0,0,0,0,0,0,0
0.03574475639471719,-0.18689786632521646,0.891,-0.026511551337793936,-0.04773791885375977,-0.03555827713012695,0,0,1,0,-0.03574475639471719,0.18689786632521646,0.10899999999999999,0.026511551337793936,-0.003993114267857964,0.07128296732763197,0.06661176470588234,0.0389085223482831,0,0,0,0,0,0,0,0
0.034538304209557544,-0.18885685384036338,0.895,-0.02796017461694923,-0.017311477661132814,-0.029854204177856444,0,0,1,0,-0.034538304209557544,0.18885685384036338,0.10499999999999998,0.02796017461694923,-0.0132659069145757,0.07123682369760412,0.06141935483870965,0.0349696420967329,0,0,0,0,0,0,0,0
0.03445008114590043,-0.19081765230172373,0.898,-0.030927234345339515,-0.0005005718469619751,-0.029437477111816407,0,0,1,0,-0.03445008114590043,0.19081765230172373,0.10199999999999998,0.030927234345339515,-0.019628354500460677,0.07043531064410523,0.06701666666666664,0.04328998321363238,0,0,0,0,0,0,0,0
0.03743197676766735,-0.1912783545132459,0.9,-0.03335324200561164,0.044920734405517575,-0.00552412223815918,0,0,1,0,-0.03743197676766735,0.1912783545132459,0.09999999999999998,0.03335324200561164,-0.03956407269042824,0.06393290311830013,0.0679310344827586,0.04590155748977781,0,0,0,0,0,0,0,0
0.04078558175123936,-0.19283764718827343,0.902,-0.034208453339088854,0.05105606460571289,-0.021698888778686524,0,0,1,0,-0.04078558175123936,0.19283764718827343,0.09799999999999998,0.034208453339088854,-0.04133106108125818,0.0701421271662631,0.0676307692307692,0.038155582570522144,0,0,0,0,0,0,0,0
0.044848669002388,-0.19360085206503475,0.906,-0.034679692237127316,0.06130219650268555,-0.009356903076171876,0,0,1,0,-0.044848669002388,0.19360085206503475,0.09399999999999997,0.034679692237127316,-0.045945540168124806,0.06597981097516627,0.05491014492753621,0.036728557011207585,0,0,0,0,0,0,0,0
0.048645350746932284,-0.19342407564229425,0.91,-0.03768165855055751,0.05682404327392578,0.004624672412872314,0,0,1,0,-0.048645350746932284,0.19342407564229425,0.08999999999999997,0.03768165855055751,-0.04904793135408432,0.06115914669931433,0.04904918032786881,0.05244542730513223,0,0,0,0,0,0,0,0
0.05253414329979014,-0.1934265351818926,0.913,-0.038903389026953575,0.0582918701171875,0.0021606552600860595,0,0,1,0,-0.05253414329979014,0.1934265351818926,0.08699999999999997,0.038903389026953575,-0.04868882477723536,0.06232187178396331,0.05459999999999997,0.04413937678293671,0,0,0,0,0,0,0,0
0.0577843950651258,-0.19348181820520607,0.916,-0.037419859162758376,0.0787264404296875,0.002234398126602173,0,0,1,0,-0.0577843950651258,0.19348181820520607,0.08399999999999996,0.037419859162758376,-0.06253112716377765,0.0627647323865507,0.04969999999999995,0.030002209841782382,0,0,0,0,0,0,0,0
0.06080356740041696,-0.19246744525201132,0.919,-0.038920842319473584,0.044686649322509764,0.01689920234680176,0,0,1,0,-0.06080356740041696,0.19246744525201132,0.08099999999999996,0.038920842319473584,-0.048552668873934626,0.05720079864363292,0.049799999999999955,0.045353627276824474,0,0,0,0,0,0,0,0
0.06451618433520974,-0.1912633749468351,0.923,-0.04031710572106907,0.054944305419921874,0.02021430206298828,0,0,1,0,-0.06451618433520974,0.1912633749468351,0.07699999999999996,0.04031710572106907,-0.05665437098285206,0.055119512865104595,0.0386491803278688,0.0471839749092436,0,0,0,0,0,0,0,0
0.06872238484574446,-0.1892256167849579,0.926,-0.041730822415184346,0.06180972290039063,0.03308457183837891,0,0,1,0,-0.06872238484574446,0.1892256167849579,0.07399999999999995,0.041730822415184346,-0.058838788929248764,0.0512108967594852,0.04398260869565213,0.04787741673742467,0,0,0,0,0,0,0,0
0.07084922553563174,-0.18665117464652345,0.93,-0.04324925886441946,0.0302637996673584,0.03991394805908203,0,0,1,0,-0.07084922553563174,0.18665117464652345,0.06999999999999995,0.04324925886441946,-0.050812811896889486,0.04611748645990779,0.0330491803278688,0.050716979106559354,0,0,0,0,0,0,0,0
0.07332265674956431,-0.18410620934699665,0.933,-0.0434586983746589,0.0354162712097168,0.039742893218994144,0,0,1,0,-0.07332265674956431,0.18410620934699665,0.06699999999999995,0.0434586983746589,-0.051922759487093684,0.04788658356474377,0.039016666666666616,0.044331363000656564,0,0,0,0,0,0,0,0
0.0739704225913613,-0.1821908391679423,0.939,-0.044558255803415346,0.00845911407470703,0.029125558853149415,0,0,1,0,-0.0739704225913613,0.1821908391679423,0.061000000000000054,0.044558255803415346,-0.04410933972322888,0.04842845873209199,0.013206779661017617,0.050149225780143046,0,0,0,0,0,0,0,0
0.07525002037741187,-0.1793759812593497,0.942,-0.046338491640449474,0.017294160842895506,0.04303592681884766,0,0,1,0,-0.07525002037741187,0.1793759812593497,0.05800000000000005,0.046338491640449474,-0.047096450286929804,0.045581417212506796,0.03201643835616442,0.0536545293268911,0,0,0,0,0,0,0,0
0.07561758504447613,-0.17701019205330068,0.942,-0.046460664688089084,0.003863733530044556,0.03570413970947266,0,0,1,0,-0.07561758504447613,0.17701019205330068,0.05800000000000005,0.046460664688089084,-0.04344525279144587,0.04394169451583895,0.046400000000000045,0.04710368072829756,0,0,0,0,0,0,0,0
0.07413837871151593,-0.17372406233154788,0.945,-0.04761258199440534,-0.02445346450805664,0.048208251953125,0,0,1,0,-0.07413837871151593,0.17372406233154788,0.05500000000000005,0.04761258199440534,-0.03310453879942963,0.041173589660797996,0.029000000000000026,0.052549370450046415,0,0,0,0,0,0,0,0
0.07353815995005189,-0.17116962820544754,0.945,-0.04714134309636688,-0.010816737174987793,0.037844581604003905,0,0,1,0,-0.07353815995005189,0.17116962820544754,0.05500000000000005,0.04714134309636688,-0.036743307870928374,0.04203974407306978,0.04400000000000004,0.04478514860617461,0,0,0,0,0,0,0,0
0.07226742532054829,-0.16847100782090416,0.945,-0.05000368306963755,-0.020947385787963867,0.03953610610961914,0,0,1,0,-0.07226742532054829,0.16847100782090416,0.05500000000000005,0.05000368306963755,-0.033484066984194025,0.0431340292829484,0.04400000000000004,0.06193009962493201,0,0,0,0,0,0,0,0
0.07132228078994685,-0.16561058659840772,0.943,-0.05187118536927151,-0.016304027557373046,0.04214407348632813,0,0,1,0,-0.07132228078994685,0.16561058659840772,0.05700000000000005,0.05187118536927151,-0.0336239675029993,0.03852330622583079,0.05746440677966107,0.06136695977418993,0,0,0,0,0,0,0,0
0.06860795973472926,-0.16326138084808445,0.944,-0.05293583621298805,-0.04248707580566406,0.0330797119140625,0,0,1,0,-0.06860795973472926,0.16326138084808445,0.05600000000000005,0.05293583621298805,-0.024152640848295704,0.0429835342735911,0.039727536231884096,0.0575647529247991,0,0,0,0,0,0,0,0
0.06700161185990845,-0.16091625303158494,0.944,-0.05410520681182431,-0.02592271614074707,0.03385273742675781,0,0,1,0,-0.06700161185990845,0.16091625303158494,0.05600000000000005,0.05410520681182431,-0.027941883000314423,0.040838764489210186,0.04480000000000004,0.05985620975692068,0,0,0,0,0,0,0,0
0.06408172598499953,-0.15871243769864427,0.947,-0.05501277802286133,-0.04552189254760742,0.030640296936035157,0,0,1,0,-0.06408172598499953,0.15871243769864427,0.05300000000000005,0.05501277802286133,-0.02093189124771146,0.04256400944952484,0.027182608695652206,0.058958739809978795,0,0,0,0,0,0,0,0
0.062417494796580326,-0.155750822716262,0.949,-0.0570548132476946,-0.027368370056152343,0.042984401702880856,0,0,1,0,-0.062417494796580326,0.155750822716262,0.051000000000000045,0.0570548132476946,-0.025399998158300352,0.03595643353489274,0.029324590163934454,0.06709760943539919,0,0,0,0,0,0,0,0
0.061118595941236725,-0.1543680064326562,0.947,-0.05689773361501507,-0.02063458251953125,0.019597469329833986,0,0,1,0,-0.061118595941236725,0.1543680064326562,0.05300000000000005,0.05689773361501507,-0.027752970654186745,0.04562668992743257,0.05254492753623193,0.05621477869032149,0,0,0,0,0,0,0,0
0.059344640837036236,-0.15150321130176503,0.949,-0.05860815628196961,-0.029009952545166015,0.04138919448852539,0,0,1,0,-0.059344640837036236,0.15150321130176503,0.051000000000000045,0.05860815628196961,-0.023477141476580393,0.03570323829811215,0.02950967741935487,0.06688439499303994,0,0,0,0,0,0,0,0
0.059326665852527716,-0.1504344459840809,0.95,-0.05989969992844538,-0.0012081995010375976,0.015988161087036133,0,0,1,0,-0.059326665852527716,0.1504344459840809,0.050000000000000044,0.05989969992844538,-0.03343407041288306,0.046316316804186526,0.03500000000000003,0.0654348869847701,0,0,0,0,0,0,0,0
0.05901762725378415,-0.14799254597030478,0.949,-0.06211626807847817,-0.006819989681243897,0.03628530502319336,0,0,1,0,-0.05901762725378415,0.14799254597030478,0.051000000000000045,0.06211626807847817,-0.031602111453068675,0.03677195216902917,0.046633333333333374,0.07319910882864214,0,0,0,0,0,0,0,0
0.06048853774658413,-0.14626614311965097,0.95,-0.06382669074543271,0.02041357421875,0.027215730667114257,0,0,1,0,-0.06048853774658413,0.14626614311965097,0.050000000000000044,0.06382669074543271,-0.04153718629922865,0.04196882010777506,0.03500000000000003,0.0711570736038093,0,0,0,0,0,0,0,0
0.061249298977907936,-0.14320905141627185,0.951,-0.06497860805174885,0.008463308334350586,0.04649085998535156,0,0,1,0,-0.061249298977907936,0.14320905141627185,0.049000000000000044,0.06497860805174885,-0.03903753787966627,0.03193659734450197,0.033366666666666704,0.07073819458332956,0,0,0,0,0,0,0,0
0.061925070772362104,-0.13994615569751379,0.954,-0.06646213791594405,0.006937146186828613,0.04949834442138672,0,0,1,0,-0.061925070772362104,0.13994615569751379,0.04600000000000004,0.06646213791594405,-0.03835985644931597,0.03257424728045065,0.02180000000000002,0.07282012304820919,0,0,0,0,0,0,0,0
0.06347798462228613,-0.13596600028316586,0.956,-0.06798057436517915,0.019277256011962892,0.0611175308227539,0,0,1,0,-0.06347798462228613,0.13596600028316586,0.04400000000000004,0.06798057436517915,-0.04485420531733732,0.02455868559974359,0.02353333333333335,0.07557275661135468,0,0,0,0,0,0,0,0
0.0627437052939346,-0.1326666707899939,0.958,-0.06946410422937446,-0.014350513458251953,0.048627456665039065,0,0,1,0,-0.0627437052939346,0.1326666707899939,0.04200000000000004,0.06946410422937446,-0.03180092548055285,0.030382679205848095,0.023600000000000024,0.07582208936164007,0,0,0,0,0,0,0,0
0.06346106302259971,-0.12820215949722416,0.961,-0.07117452689632878,0.006086306571960449,0.06755302429199218,0,0,1,0,-0.06346106302259971,0.12820215949722416,0.039000000000000035,0.07117452689632878,-0.03998569920283752,0.020002128200032512,0.013986885245901654,0.0795864416518418,0,0,0,0,0,0,0,0
0.06393661121927369,-0.12484429833837864,0.963,-0.0721693645699655,0.003533276081085205,0.050747669219970704,0,0,1,0,-0.06393661121927369,0.12484429833837864,0.03700000000000003,0.0721693645699655,-0.038529982944647205,0.0279089034681259,0.01960000000000002,0.07643295459983719,0,0,0,0,0,0,0,0
0.06551699017522418,-0.1208635807596291,0.964,-0.07330382858376186,0.019338428497314455,0.06126467132568359,0,0,1,0,-0.06551699017522418,0.1208635807596291,0.03600000000000003,0.07330382858376186,-0.046200618876402255,0.02035565959447876,0.022966666666666687,0.07897614865274363,0,0,0,0,0,0,0,0
0.0657864923723286,-0.11704482356000198,0.968,-0.07332128187628187,-0.00016350674629211426,0.0574235954284668,0,0,1,0,-0.0657864923723286,0.11704482356000198,0.03200000000000003,0.07332128187628187,-0.03849173309905128,0.023689127367242355,0.005881690140845077,0.07339502818270444,0,0,0,0,0,0,0,0
0.06753530064676386,-0.11265405177907521,0.969,-0.07578219612159379,0.0213369140625,0.06760626983642579,0,0,1,0,-0.06753530064676386,0.11265405177907521,0.031000000000000028,0.07578219612159379,-0.048451737479861964,0.015216269915509603,0.01886779661016951,0.08829531940284083,0,0,0,0,0,0,0,0
0.06801654886314547,-0.10803053220639573,0.971,-0.0773355391558688,0.001947326898574829,0.06970027160644532,0,0,1,0,-0.06801654886314547,0.10803053220639573,0.029000000000000026,0.0773355391558688,-0.040771927880396554,0.01683418879563876,0.013200000000000016,0.083992723588476,0,0,0,0,0,0,0,0
0.06966901766053095,-0.10393457114139118,0.974,-0.0779813109791068,0.019966230392456055,0.0631707878112793,0,0,1,0,-0.06966901766053095,0.10393457114139118,0.026000000000000023,0.0779813109791068,-0.04841619488600449,0.01603313786932858,0.0041333333333333395,0.08105641489928772,0,0,0,0,0,0,0,0
0.06818910876481671,-0.09949530503951992,0.98,-0.07904596182282334,-0.027318607330322264,0.06465730285644532,0,0,1,0,-0.06818910876481671,0.09949530503951992,0.020000000000000018,0.07904596182282334,-0.03114404612801442,0.015330013492963854,-0.014000000000000009,0.08360875115303708,1425558705992,0,0,0,0,0,0,0
0.0681072688941573,-0.0964536178962328,0.987,-0.07932521450314237,-0.0048265066146850584,0.04538590621948242,0,0,1,0,-0.0681072688941573,0.0964536178962328,0.013000000000000012,0.07932521450314237,-0.0380483115987526,0.01831477233442949,-0.03184137931034485,0.08076962491858564,1425558705992,0,0,0,0,0,0,0
0.06682500230959344,-0.09356911916861829,0.984,-0.08105309046261658,-0.022602119445800782,0.04160728073120117,0,0,1,0,-0.06682500230959344,0.09356911916861829,0.016000000000000014,0.08105309046261658,-0.03153648417373002,0.021447436084774958,0.027800000000000026,0.08845827314607749,1425558705992,0,0,0,0,0,0,0
0.06548577315809814,-0.09077801435444822,0.985,-0.08063421144213803,-0.023412187576293944,0.04010267639160156,0,0,1,0,-0.06548577315809814,0.09077801435444822,0.015000000000000013,0.08063421144213803,-0.02963404715352065,0.019073437048344126,0.006262295081967219,0.07857415068568617,1425558705992,0,0,0,0,0,0,0
0.0645557877337193,-0.08894973536296284,0.988,-0.08246680715673219,-0.01611338806152344,0.026211467742919922,0,0,1,0,-0.0645557877337193,0.08894973536296284,0.01200000000000001,0.08246680715673219,-0.03224841805975806,0.02546035902723425,-0.005400000000000002,0.09032078879070712,1425558705992,0,0,0,0,0,0,0
0.06245769238717799,-0.08861248594238438,0.986,-0.08189084850357399,-0.031781181335449216,0.00244914174079895,0.0645557877337193,-0.08894973536296284,0.988,-0.08246680715673219,0.002098095346541304,-0.00033724942057845875,0.0020000000000000018,-0.0005759586531581956,0.001049047673270652,-0.00010117482617353763,0.0016000000000000016,-0.0005759586531581956,1425558705992,0,0,0,0,0,0,0
0.06039360701169041,-0.08715390669512474,0.987,-0.08902924514423062,-0.03264718627929687,0.019272756576538087,0.0645557877337193,-0.08894973536296284,0.988,-0.08246680715673219,0.0041621807220288895,-0.0017958286678381036,0.0010000000000000009,0.0065624379874984345,0.012404430764957793,-0.007832901916717141,-0.004200000000000002,0.037155566447455414,1425558706381,0,0,0,0,0,0,0
0.059362506197976415,-0.08743889884781311,0.989,-0.09407324668249442,-0.01502517032623291,-0.005633105278015136,0.0645557877337193,-0.08894973536296284,0.988,-0.08246680715673219,0.005193281535742882,-0.00151083651514973,-0.0010000000000000009,0.011606439525762235,0.008518874405948045,0.0011797712311941854,-0.012275409836065584,0.03641300446804322,1425558706442,0,0,0,0,0,0,0
0.058982817304020926,-0.08732758742872233,0.99,-0.10098475052039194,-0.005826990604400634,0.0011273000240325927,0.0645557877337193,-0.08894973536296284,0.988,-0.08246680715673219,0.005572970429698371,-0.0016221479342405087,-0.0020000000000000018,0.01851794336365975,0.004722370150433135,-0.0010545654930040511,-0.006672463768115948,0.04856796005017068,1425558706511,0,0,0,0,0,0,0
0.05962253130273505,-0.08926665679942689,0.991,-0.10545279340549743,0.012479080200195312,-0.027970483779907226,0.0645557877337193,-0.08894973536296284,0.988,-0.08246680715673219,0.004933256430984245,0.00031692143646404325,-0.0030000000000000027,0.022985986248765244,-0.0011909258768027183,0.011217779645297351,-0.008137704918032795,0.044959967650923416,1425558706572,0,0,0,0,0,0,0
0.060118689475618235,-0.09010252447984125,0.995,-0.110514248236281,0.008720749855041504,-0.011685001373291015,0.0645557877337193,-0.08894973536296284,0.988,-0.08246680715673219,0.004437098258101062,0.001152789116878411,-0.007000000000000006,0.02804744107954882,-0.00011192541491083455,0.004297013366845966,-0.02451891891891894,0.04856685255569844,1425558706646,0,0,0,0,0,0,0
0.06010981112610966,-0.0925519107648753,0.999,-0.11569787611470397,0.003919758319854736,-0.03653134536743164,0.0645557877337193,-0.08894973536296284,0.988,-0.08246680715673219,0.0044459766076096405,0.0036021754019124608,-0.01100000000000001,0.03323106895797179,0.002295362734244371,0.01586126960215318,-0.03293793103448278,0.060042937294642315,1425558706704,0,0,0,0,0,0,0
0.06127797484662997,-0.0942437457872719,1.002,-0.11988666631949044,0.020334888458251953,-0.02318507194519043,0.0645557877337193,-0.08894973536296284,0.988,-0.08246680715673219,0.0032778128870893236,0.005294010424309062,-0.014000000000000012,0.03741985916275825,-0.004098521677761197,0.009931831350580091,-0.02598873239436622,0.05511897270410951,1425558706775,0,0,0,0,0,0,0
0.062356209135159074,-0.09645565323842517,1.006,-0.12433725591207614,0.020025575637817383,-0.031006114959716797,0.0645557877337193,-0.08894973536296284,0.988,-0.08246680715673219,0.002199578598560223,0.0075059178754623285,-0.018000000000000016,0.04187044875534396,-0.0054985683697530655,0.015841538016527112,-0.03896140350877196,0.06529460450579505,1425558706832,0,0,0,0,0,0,0
0.06531925818609902,-0.09796458468784587,1.006,-0.1271472360077869,0.04690961837768555,-0.016947206497192384,0.0645557877337193,-0.08894973536296284,0.988,-0.08246680715673219,-0.0007634704523797192,0.009014849324883029,-0.018000000000000016,0.04468042885105472,-0.015175135719850196,0.010263297235025587,-0.014400000000000013,0.05672320068981513,1425558706902,0,0,0,0,0,0,0
0.06807078852235217,-0.09980386048524229,1.01,-0.1307600675594153,0.04443822479248047,-0.02213281440734863,0.0645557877337193,-0.08894973536296284,0.988,-0.08246680715673219,-0.0035150007886328716,0.010854125122279443,-0.02200000000000002,0.048293260402683114,-0.017525268926194246,0.013830265531805684,-0.040550819672131186,0.06606128442708505,1425558706963,0,0,0,0,0,0,0
0.07190200495561896,-0.1021023443011322,1.013,-0.13316862192716739,0.06147305679321289,-0.02668977165222168,0.0645557877337193,-0.08894973536296284,0.988,-0.08246680715673219,-0.007346217221899667,0.013152608938169358,-0.02499999999999991,0.0507018147704352,-0.02309218343583085,0.01563464006610238,-0.0352173913043472,0.06117379028240079,1425558707032,0,0,0,0,0,0,0
0.07586368421372691,-0.10380665634822582,1.012,-0.13611822836303766,0.06229340744018555,-0.01744813346862793,0.0645557877337193,-0.08894973536296284,0.988,-0.08246680715673219,-0.011307896480007615,0.014856920985262978,-0.02400000000000002,0.05365142120630548,-0.028377160899095873,0.0142748601388006,-0.013462295081967866,0.06815768236632323,1425558707093,0,0,0,0,0,0,0
0.08135040781478677,-0.10551496176121941,1.012,-0.14020229881270452,0.08501679992675781,-0.01421947479248047,0.0645557877337193,-0.08894973536296284,0.988,-0.08246680715673219,-0.01679462008106747,0.01656522639825657,-0.02400000000000002,0.05773549165597233,-0.03623237109661001,0.013685259466728217,-0.01920000000000002,0.07549231969800213,1425558707162,0,0,0,0,0,0,0
0.08757750660362439,-0.10673485157669495,1.012,-0.14220942745249798,0.09504702758789063,-0.00506585693359375,0.0645557877337193,-0.08894973536296284,0.988,-0.08246680715673219,-0.02302171886990509,0.017785116213732105,-0.02400000000000002,0.0597426202957658,-0.04668196431844619,0.012283410635918311,-0.01920000000000002,0.06945453306895999,1425558707224,0,0,0,0,0,0,0
0.09341470912216374,-0.10723553084708563,1.011,-0.14480996803796953,0.08773858642578125,0.004975275993347168,0.0645557877337193,-0.08894973536296284,0.988,-0.08246680715673219,-0.02885892138844444,0.01828579548412279,-0.02299999999999991,0.06234316088123734,-0.04407649948215911,0.008099434309641789,-0.013327536231883418,0.07364985907893971,1425558707293,0,0,0,0,0,0,0
0.09875203379336162,-0.1081847744165462,1.008,-0.14784684093643963,0.081276611328125,-0.0025366318225860597,0.0645557877337193,-0.08894973536296284,0.988,-0.08246680715673219,-0.03419624605964232,0.019235039053583355,-0.020000000000000018,0.06538003377970744,-0.04778101726047825,0.011302742792704042,0.001213114754097723,0.08031547426398662,1425558707354,0,0,0,0,0,0,0
0.10385128430336175,-0.10870607183578102,1.011,-0.15079644737231002,0.07680618286132812,0.0035333123207092285,0.0645557877337193,-0.08894973536296284,0.988,-0.08246680715673219,-0.03929549656964246,0.019756336472818173,-0.02299999999999991,0.06832964021557783,-0.04487169870438211,0.008596455530777793,-0.033188732394365594,0.08079276600094568,1425558707425,0,0,0,0,0,0,0
0.10789529034976134,-0.10990906353849991,1.007,-0.15247196345422465,0.0626825065612793,-0.008727399826049805,0.0645557877337193,-0.08894973536296284,0.988,-0.08246680715673219,-0.04333950261604204,0.02095932817553707,-0.018999999999999906,0.07000515629749246,-0.045771988009662895,0.013536334491711566,0.00852881355932213,0.07852472959536345,1425558707484,0,0,0,0,0,0,0
0.1105047148939028,-0.11080254903131087,1.005,-0.1551074106247361,0.04072283935546875,-0.007301933288574218,0.0645557877337193,-0.08894973536296284,0.988,-0.08246680715673219,-0.045948927160183506,0.02185281366834803,-0.016999999999999904,0.07264060346800391,-0.03616612087450642,0.011150713116370468,-0.0035999999999999175,0.08393537705591013,1425558707554,0,0,0,0,0,0,0
0.11487219590273381,-0.11216043295411551,1.001,-0.15650367402633147,0.06787235260009766,-0.010003002166748046,0.0645557877337193,-0.08894973536296284,0.988,-0.08246680715673219,-0.05031640816901452,0.02321069759115267,-0.0129999999999999,0.07403686686959929,-0.050809901054630235,0.015025566797405512,0.012933333333333434,0.08101818387757617,1425558707614,0,0,0,0,0,0,0
0.11759300633190958,-0.11242149868691308,0.998,-0.15952309363228165,0.04092372894287109,0.002493084192276001,0.0645557877337193,-0.08894973536296284,0.988,-0.08246680715673219,-0.053037218598190286,0.023471763323950234,-0.010000000000000009,0.07705628647554946,-0.040334511916601465,0.008504655865865613,0.006999999999999448,0.08999665621533592,1425558707684,0,0,0,0,0,0,0
0.12089062006762967,-0.11372897163002832,0.995,-0.16086699715631722,0.051951496124267575,-0.011505823135375976,0.0645557877337193,-0.08894973536296284,0.988,-0.08246680715673219,-0.05633483233391037,0.024779236267065477,-0.007000000000000006,0.07840018999958503,-0.04733436543551996,0.01510857835484241,0.011613114754098371,0.0850095515932026,1425558707745,0,0,0,0,0,0,0
0.12427361799058574,-0.11419117598037813,0.992,-0.16317083176894995,0.051200286865234375,0.0012844772338867188,0.0645557877337193,-0.08894973536296284,0.988,-0.08246680715673219,-0.059717830256866444,0.02524144061741529,-0.0040000000000000036,0.08070402461221776,-0.04706192194374455,0.010074036484221475,0.011800000000000008,0.09057760152350088,1425558707815,0,0,0,0,0,0,0
0.12636083938615153,-0.11521379634937017,0.988,-0.16533504004142272,0.03338429260253906,-0.010049590110778809,0.0645557877337193,-0.08894973536296284,0.988,-0.08246680715673219,-0.06180505165243223,0.026264060986407323,0,0.08286823288469053,-0.04340308419853898,0.014050844765548728,0.023333333333333355,0.09368927424705437,1425558707875,0,0,0,0,0,0,0
0.12790557607790531,-0.11645512980996262,0.985,-0.16685347649065782,0.025919605255126953,-0.014552529335021974,0.0645557877337193,-0.08894973536296284,0.988,-0.08246680715673219,-0.06334978834418602,0.027505394446999773,0.0030000000000000027,0.08438666933392563,-0.03976802271422529,0.014683880397014754,0.017400000000000013,0.0908942541163618,1425558707945,0,0,0,0,0,0,0
0.1300917813738307,-0.11751733574680245,0.983,-0.16851153928005244,0.034983829498291014,-0.010265527725219726,0.0645557877337193,-0.08894973536296284,0.988,-0.08246680715673219,-0.06553599364011141,0.02856760038383961,0.0050000000000000044,0.08604473212332026,-0.04592962772583458,0.01500921673356715,0.015666666666666683,0.09433504607029336,1425558708005,0,0,0,0,0,0,0
0.13004918831379333,-0.11876695201464649,0.986,-0.16997761585172774,0.002513847589492798,-0.018585893630981447,0.0645557877337193,-0.08894973536296284,0.988,-0.08246680715673219,-0.06549340058007404,0.029817216651683645,0.0020000000000000018,0.08751080869499556,-0.03299906385045885,0.015200977757068516,-0.012783561643835626,0.09353578090735981,1425558708078,0,0,0,0,0,0,0
0.1297567532099315,-0.12055886927671489,0.986,-0.17002997572928755,0.00022350822389125824,-0.027233423233032225,0.0645557877337193,-0.08894973536296284,0.988,-0.08246680715673219,-0.0652009654762122,0.031609133913752044,0.0020000000000000018,0.08756316857255536,-0.03133018156778344,0.020578869182960736,0.0016000000000000016,0.0878339955254509,1425558708136,0,0,0,0,0,0,0
0.12779826296835417,-0.12107939731388714,0.989,-0.17203710436908098,-0.027632530212402345,-0.012666325569152832,0.0645557877337193,-0.08894973536296284,0.988,-0.08246680715673219,-0.06324247523463487,0.0321296619509243,-0.0010000000000000009,0.0895702972123488,-0.022506003836792913,0.0125105291131061,-0.01558873239436621,0.09805112245091262,1425558708207,0,0,0,0,0,0,0
0.1271141273328535,-0.12146065301799502,0.99,-0.1720720109541209,-0.00913154125213623,-0.007391169548034668,0.0645557877337193,-0.08894973536296284,0.988,-0.08246680715673219,-0.06255833959913419,0.03251091765503218,-0.0020000000000000018,0.0896052037973887,-0.027796943063273266,0.012339790364220844,-0.007532203389830515,0.08978269490776111,1425558708266,0,0,0,0,0,0,0
0.1263200294362729,-0.12138156554538371,0.989,-0.17397441983879475,-0.01193868637084961,-0.0008707380294799804,0.0645557877337193,-0.08894973536296284,0.988,-0.08246680715673219,-0.06176424170255361,0.032431830182420865,-0.0010000000000000009,0.09150761268206256,-0.027642597996651978,0.009693275668007241,0.004061111111111114,0.09943431636820363,1425558708338,0,0,0,0,0,0,0
0.12324438728547069,-0.12209922314401632,0.989,-0.17564993592070927,-0.04357483291625976,-0.01858818244934082,0.0645557877337193,-0.08894973536296284,0.988,-0.08246680715673219,-0.05868859955175139,0.03314948778105348,-0.0010000000000000009,0.09318312876397708,-0.011439104886665656,0.014642945047912227,-0.0008000000000000008,0.10184959125663838,1425558708396,0,0,0,0,0,0,0
0.12321811817555571,-0.12281261313293305,0.988,-0.17544049641046996,0.0014819796085357665,-0.01060505485534668,0.0645557877337193,-0.08894973536296284,0.988,-0.08246680715673219,-0.05866233044183641,0.03386287776997021,0,0.09297368925373778,-0.029893107762151722,0.014168279896023674,0.005072463768115946,0.09206308268747995,1425558708465,0,0,0,0,0,0,0
0.11970107441336242,-0.12329435212173115,0.989,-0.17737781188018362,-0.05068458938598633,-0.016323234558105467,0.0645557877337193,-0.08894973536296284,0.988,-0.08246680715673219,-0.05514528667964312,0.03434461675876831,-0.0010000000000000009,0.09491100472345143,-0.008447745764356758,0.013434944675338914,-0.006445161290322585,0.10428511183496911,1425558708527,0,0,0,0,0,0,0
0.11957725323817277,-0.12404968572659497,0.992,-0.17835519626130056,0.0001709935814142227,-0.011479955673217773,0.0645557877337193,-0.08894973536296284,0.988,-0.08246680715673219,-0.05502146550445347,0.03509995036363213,-0.0040000000000000036,0.09588838910456837,-0.02765000086578903,0.014797671774458964,-0.01841739130434784,0.10013788641377247,1425558708596,0,0,0,0,0,0,0
0.11728254430925936,-0.12405974824482999,0.99,-0.18001325905069507,-0.03384783554077148,-0.006255146026611328,0.0645557877337193,-0.08894973536296284,0.988,-0.08246680715673219,-0.05272675657554006,0.035110012881867145,-0.0020000000000000018,0.09754645189396288,-0.01399652544083822,0.011048441054640108,0.009875409836065583,0.1057008590549195,1425558708657,0,0,0,0,0,0,0
0.11554620151046086,-0.12513903078338573,0.987,-0.1817411350101695,-0.022725723266601563,-0.020590831756591797,0.0645557877337193,-0.08894973536296284,0.988,-0.08246680715673219,-0.05099041377674156,0.03618929542042289,0.0010000000000000009,0.09927432785343732,-0.01764869604397041,0.016736235255414997,0.015800000000000012,0.10667951053689917,1425558708727,0,0,0,0,0,0,0
0.11632753027622253,-0.12581911416890182,0.987,-0.18353882413972364,0.013370707511901855,-0.007914953708648682,0.0645557877337193,-0.08894973536296284,0.988,-0.08246680715673219,-0.05177174254250323,0.03686937880593898,0.0010000000000000009,0.10107201698299145,-0.03130988859997902,0.015533122287751862,0.0008000000000000008,0.11006046263076213,0,0,0,0,0,0,0,0
0.11590197299091379,-0.12633665712678488,0.986,-0.18648843057559403,-0.004859292030334473,-0.008797781944274902,0.0645557877337193,-0.08894973536296284,0.988,-0.08246680715673219,-0.05134618525719449,0.03738692176382204,0.0020000000000000018,0.10402162341886184,-0.02453649839021209,0.014229894891841854,0.006394520547945212,0.11614329370326071,0,0,0,0,0,0,0,0
0.11462339766290967,-0.1271023839085947,0.987,-0.18907151786854565,-0.01671650505065918,-0.014842649459838868,0.0645557877337193,-0.08894973536296284,0.988,-0.08246680715673219,-0.050067609929190376,0.03815264854563187,0.0010000000000000009,0.10660471071181346,-0.018251052316270888,0.016621136179172144,-0.005234482758620693,0.11996550705466666,0,0,0,0,0,0,0,0
0.11747367870519843,-0.12838012034738527,0.987,-0.18992672920202275,0.04559450149536133,-0.010788963317871094,0.0645557877337193,-0.08894973536296284,0.988,-0.08246680715673219,-0.05291789097147913,0.03943038498442243,0.0010000000000000009,0.10745992204529056,-0.041285367335812555,0.018623300725028887,0.0008000000000000008,0.11102330260144515,0,0,0,0,0,0,0,0
0.11764566661373693,-0.128305847542206,0.988,-0.19221311052213533,0.0023231024742126466,0.0015810946226119996,0.0645557877337193,-0.08894973536296284,0.988,-0.08246680715673219,-0.053089878880017635,0.03935611217924316,0,0.10974630336540314,-0.028535029140402977,0.011987651872674913,-0.005737704918032792,0.12099080166103877,0,0,0,0,0,0,0,0
0.11859850362592726,-0.12912190984135768,0.987,-0.19305086856309264,0.016367748260498048,-0.00928517246246338,0.0645557877337193,-0.08894973536296284,0.988,-0.08246680715673219,-0.054042715892207965,0.04017217447839484,0.0010000000000000009,0.11058406140636046,-0.0330383471775811,0.016948553369367996,0.006023880597014929,0.11433521681363201,0,0,0,0,0,0,0,0
0.11898658268129486,-0.129607084798497,0.986,-0.19411551940680918,0.007109289646148682,-0.006025613784790039,0.0645557877337193,-0.08894973536296284,0.988,-0.08246680715673219,-0.054430794947575564,0.04065734943553416,0.0020000000000000018,0.111648712250077,-0.03055133289177903,0.015685675505656603,0.00743333333333334,0.1169719664686597,0,0,0,0,0,0,0,0
0.11927502030842571,-0.13022448566709144,0.986,-0.19661134023716115,0.00603174352645874,-0.008252490043640136,0.0645557877337193,-0.08894973536296284,0.988,-0.08246680715673219,-0.054719232574706414,0.041274750304128596,0.0020000000000000018,0.11414453308042896,-0.029932602899159246,0.01620093163031402,0.0016000000000000016,0.12499592799500271,0,0,0,0,0,0,0,0
0.11947976280172472,-0.1320263391942421,0.986,-0.19802505693127667,0.00829177188873291,-0.02590715217590332,3,0,1,0,2.8805202371982754,0.1320263391942421,0.014000000000000012,0.19802505693127667,1.4402601185991377,0.039607901758272626,0.01120000000000001,0.19802505693127667,0,0,0,0,0,0,0,0
0.12000127282529868,-0.13426094463378432,0.988,-0.20259781957150189,0.014264094352722167,-0.03132504272460938,3,0,1,0,2.8799987271747014,0.13426094463378432,0.01200000000000001,0.20259781957150189,1.4394733386237726,0.05138926927828701,-0.00025915492957746464,0.22191935185414363,0,0,0,0,0,0,0,0
0.11904766490542971,-0.13459678268123726,0.986,-0.19851374912183492,-0.012997925758361817,-0.007812736988067627,3,0,1,0,2.8809523350945705,0.13459678268123726,0.014000000000000012,0.19851374912183492,1.4498777246561019,0.042546031780377455,0.02306440677966104,0.17774728920827407,0,0,0,0,0,0,0,0
0.1202174871889334,-0.1357797864411587,0.985,-0.19439477208712838,0.020702264785766603,-0.01393600368499756,3,0,1,0,2.8797825128110666,0.1357797864411587,0.015000000000000013,0.19439477208712838,1.4398025537209813,0.04691873795493557,0.017000000000000015,0.1767420133669575,0,0,0,0,0,0,0,0
0.1273411597735375,-0.13280409671410512,0.985,-0.19423769245444888,0.0962201156616211,0.06443611907958985,3,0,1,0,2.8726588402264626,0.13280409671410512,0.015000000000000013,0.19423769245444888,1.4036565966076007,0.023395102318001532,0.01200000000000001,0.19347762971567714,0,0,0,0,0,0,0,0
0.13659421944841915,-0.1284782654282325,0.987,-0.1950056373253265,0.12366136169433593,0.09045745849609375,3,0,1,0,2.863405780551581,0.1284782654282325,0.013000000000000012,0.1950056373253265,1.394284287533227,0.017041628929987524,0.00025507246376811794,0.19834452806827263,0,0,0,0,0,0,0,0
0.15457833914986224,-0.12359486763946356,0.986,-0.19179423150165698,0.2504548950195313,0.1241349105834961,3,0,1,0,2.8454216608501377,0.12359486763946356,0.014000000000000012,0.19179423150165698,1.329027925698982,0.009106901877359488,0.017033333333333348,0.17573720238330937,0,0,0,0,0,0,0,0
0.18268036711275432,-0.11641011117465867,0.988,-0.1859822850925157,0.39325772094726563,0.1861475830078125,3,0,1,0,2.8173196328872456,0.11641011117465867,0.01200000000000001,0.1859822850925157,1.2813462605711823,-0.0004043332071319433,-0.0003999999999999976,0.16107394333905303,0,0,0,0,0,0,0,0
0.21826672159809365,-0.10570191021182923,0.988,-0.17976891295541597,0.49488894653320314,0.2565582275390625,3,0,1,0,2.7817332784019064,0.10570191021182923,0.01200000000000001,0.17976891295541597,1.1981451952788689,-0.030094095642334312,0.00960000000000001,0.1487020522699174,0,0,0,0,0,0,0,0
0.2597157921270668,-0.09034340373941575,0.987,-0.17154841217852268,0.5705247802734374,0.3378328552246094,3,0,1,0,2.740284207872933,0.09034340373941575,0.013000000000000012,0.17154841217852268,1.1766496154686599,-0.050080272632664624,0.015472463768115955,0.13580710445289967,0,0,0,0,0,0,0,0
0.30926808701320635,-0.07241316007377606,0.989,-0.1643052957827461,0.6864616088867187,0.391890625,3,0,1,0,2.6907319129867937,0.07241316007377606,0.01100000000000001,0.1643052957827461,1.0840599333540586,-0.07872809942674011,-0.002490322580645162,0.1292579583838272,0,0,0,0,0,0,0,0
0.36270898106914395,-0.05352480964172587,0.988,-0.15783012425784715,0.7444747924804688,0.41062701416015623,3,0,1,0,2.6372910189308563,0.05352480964172587,0.01200000000000001,0.15783012425784715,1.0678129152325702,-0.07894902817643316,0.014672463768115956,0.12967720458437343,0,0,0,0,0,0,0,0
0.42411282017094637,-0.0329079864068843,0.988,-0.14894639836519608,0.8610025024414063,0.4501763916015625,3,0,1,0,2.5758871798290537,0.0329079864068843,0.01200000000000001,0.14894639836519608,0.9515444653968499,-0.10956865935223238,0.00960000000000001,0.10452776890194071,0,0,0,0,0,0,0,0
0.49364885085270177,-0.011187010165363082,0.99,-0.14117968319382126,0.9831422119140625,0.47699053955078125,3,0,1,0,2.506351149147298,0.011187010165363082,0.010000000000000009,0.14117968319382126,0.9339617709594079,-0.10288744223764328,-0.001859154929577467,0.10836257683589953,0,0,0,0,0,0,0,0
0.566129056409951,0.014742788933900103,0.991,-0.13363986082520588,1.021656982421875,0.538058837890625,3,0,1,0,2.433870943590049,-0.014742788933900103,0.009000000000000008,0.13363986082520588,0.8191640415026247,-0.15485715405973668,0.001366666666666668,0.09594074898212893,0,0,0,0,0,0,0,0
0.644561195048217,0.03998772658949447,0.99,-0.12664109052470854,1.1155364990234375,0.532054931640625,3,0,1,0,2.355438804951783,-0.03998772658949447,0.010000000000000009,0.12664109052470854,0.8177842296725786,-0.13564874099693944,0.012929577464788743,0.09706882164936767,0,0,0,0,0,0,0,0
0.7296490049029989,0.06384350126588999,0.988,-0.12065461119036805,1.2209002685546875,0.5161734619140625,3,0,1,0,2.270350995097001,-0.06384350126588999,0.01200000000000001,0.12065461119036805,0.6668942810023992,-0.15755558934591032,0.021266666666666687,0.0907222145186656,0,0,0,0,0,0,0,0
0.8223139627733315,0.09057001297519005,0.984,-0.11527899709422554,1.331616455078125,0.5652833862304687,3,0,1,0,2.1776860372266684,-0.09057001297519005,0.016000000000000014,0.11527899709422554,0.6483703215478964,-0.16204661284889704,0.0330898550724638,0.09190676189360593,0,0,0,0,0,0,0,0
0.9190169283215971,0.11636443350967327,0.982,-0.10896090520200599,1.3964122314453125,0.5511954345703125,3,0,1,0,2.080983071678403,-0.11636443350967327,0.018000000000000016,0.10896090520200599,0.5341308019898092,-0.17759132261148666,0.025511111111111134,0.07887475333429386,0,0,0,0,0,0,0,0
1.0169368921595507,0.1377883886314111,0.979,-0.10279989294246598,1.425142578125,0.47917877197265624,3,0,1,0,1.9830631078404493,-0.1377883886314111,0.02100000000000002,0.10279989294246598,0.5543778749547985,-0.1435343514184524,0.031183561643835643,0.07748066447860294,0,0,0,0,0,0,0,0
1.1225645380521554,0.15592980441766327,0.98,-0.09709266628844464,1.5481253662109375,0.43327557373046877,3,0,1,0,1.8774354619478446,-0.15592980441766327,0.020000000000000018,0.09709266628844464,0.2998999917802042,-0.16179031768257082,0.009636363636363644,0.06596233908469185,0,0,0,0,0,0,0,0
1.2315054133572878,0.17013566899352803,0.98,-0.09276424974349855,1.605760009765625,0.37049560546875,3,0,1,0,1.7684945866427122,-0.17013566899352803,0.020000000000000018,0.09276424974349855,0.37413905222011,-0.12175512171770841,0.016000000000000014,0.07421389312230102,0,0,0,0,0,0,0,0
1.349519593115832,0.1841066921399739,0.978,-0.08826130027335324,1.7431893310546875,0.372641357421875,3,0,1,0,1.650480406884168,-0.1841066921399739,0.02200000000000002,0.08826130027335324,0.17241057851912311,-0.13652520481853672,0.02926666666666669,0.06574655292262672,0,0,0,0,0,0,0,0
1.4675544525412374,0.19290376130203846,0.976,-0.08419468311620641,1.7519996337890624,0.28750823974609374,3,0,1,0,1.5324455474587626,-0.19290376130203846,0.02400000000000002,0.08419468311620641,0.21270761215412148,-0.10178706898945593,0.029200000000000025,0.06676632387129142,0,0,0,0,0,0,0,0
1.5926078552137963,0.19421486661659618,0.975,-0.07981390669370074,1.8675025634765625,0.17734286499023438,3,0,1,0,1.4073921447862037,-0.19421486661659618,0.025000000000000022,0.07981390669370074,0.023694193622113113,-0.0658362612535334,0.02573770491803281,0.05826910461580399,0,0,0,0,0,0,0,0
1.722405749056607,0.1929180289838084,0.975,-0.07564256978143429,1.9423212890625,0.13583958435058593,3,0,1,0,1.277594250943393,-0.1929180289838084,0.025000000000000022,0.07564256978143429,0.01880119656951862,-0.05147942608685382,0.020000000000000018,0.05750632233679753,0,0,0,0,0,0,0,0
1.8556274345507537,0.1900527045292826,0.973,-0.0727278699306038,1.9958590087890624,0.10815738677978516,3,0,1,0,1.1443725654492463,-0.1900527045292826,0.027000000000000024,0.0727278699306038,-0.1288140527333882,-0.04139925466798495,0.03271111111111114,0.05884834683141103,0,0,0,0,0,0,0,0
1.989395520907029,0.1847546449345392,0.971,-0.06791076119509935,2.00699169921875,0.06654059600830078,3,0,1,0,1.010604479092971,-0.1847546449345392,0.029000000000000026,0.06791076119509935,-0.15368902675941498,-0.028175660874669075,0.03364776119402988,0.04634161760328839,0,0,0,0,0,0,0,0
2.1298895250053365,0.17779737468467502,0.972,-0.06354743806511357,2.109634033203125,0.0388873405456543,3,0,1,0,0.8701104749946635,-0.17779737468467502,0.028000000000000025,0.06354743806511357,-0.33072988887143484,-0.0139546031883475,0.01666229508196723,0.04208847185206871,0,0,0,0,0,0,0,0
2.2682493223641664,0.16930994933412027,0.976,-0.058939768839848555,2.079292724609375,0.00474300479888916,3,0,1,0,0.7317506776358336,-0.16930994933412027,0.02400000000000002,0.058939768839848555,-0.2753324453935755,-0.009607928633765875,-0.0005183098591549293,0.0394707439443626,0,0,0,0,0,0,0,0
2.402772092516008,0.16168018537540482,0.98,-0.055117497777980945,2.0210792236328126,0.004614538192749024,3,0,1,0,0.5972279074839921,-0.16168018537540482,0.020000000000000018,0.055117497777980945,-0.4448963138512571,-0.004748471873707631,-0.007333333333333341,0.03600614246864289,0,0,0,0,0,0,0,0
2.530779647157294,0.1538478376065153,0.989,-0.04862487296056209,1.923669677734375,-0.01152854061126709,3,0,1,0,0.46922035284270613,-0.1538478376065153,0.01100000000000001,0.04862487296056209,-0.363893250912265,-0.007851678610757848,-0.036200000000000024,0.020799338028766986,0,0,0,0,0,0,0,0
2.6477404919357097,0.14625280169415214,0.999,-0.04333652532701929,1.75787646484375,-0.02851640319824219,3,0,1,0,0.3522595080642903,-0.14625280169415214,0.0010000000000000009,0.04333652532701929,-0.4217400738918434,-0.0032931558288447696,-0.05388750000000004,0.01854739579478741,0,0,0,0,0,0,0,0
2.758499357426298,0.13814955981196148,1.011,-0.03665191429188089,1.6650889892578125,-0.04945847702026367,3,0,1,0,0.24150064257370207,-0.13814955981196148,-0.010999999999999899,0.03665191429188089,-0.4337268024406703,0.0011455077803022226,-0.073415384615384,0.0057998633604728934,0,0,0,0,0,0,0,0
2.8529512629642118,0.13118393306757492,1.026,-0.030909781052819635,1.41965576171875,-0.05249820709228516,3,0,1,0,0.14704873703578825,-0.13118393306757492,-0.026000000000000023,0.030909781052819635,-0.4176639348293339,-0.001156892678740605,-0.10547741935483942,0.0031252653799426003,0,0,0,0,0,0,0,0
2.9368392344064955,0.12459529049522354,1.035,-0.024382249650360645,1.2607728271484375,-0.05989424133300781,3,0,1,0,0.06316076559350448,-0.12459529049522354,-0.03499999999999992,0.024382249650360645,-0.33989908905579114,-0.006111625075322445,-0.07236619718309802,-0.003198868951578747,0,0,0,0,0,0,0,0
3.005463466000087,0.11854886441351083,1.045,-0.016196655458507483,1.0312686767578125,-0.06557372283935547,3,0,1,0,-0.00546346600008718,-0.11854886441351083,-0.04499999999999993,0.016196655458507483,-0.3677750739928225,-0.0009782357307278819,-0.09532203389830507,-0.02542500992379673,0,0,0,0,0,0,0,0
3.061304760172933,0.11366594399761666,1.049,-0.0111177473352039,0.83869580078125,-0.05966815948486328,3,0,1,0,-0.06130476017293285,-0.11366594399761666,-0.04899999999999993,0.0111177473352039,-0.2639203335340482,-0.011391957279944999,-0.0589183098591549,-0.010342427833684477,0,0,0,0,0,0,0,0
3.1051323827257526,0.11135716172259015,1.047,-0.010088003076527265,0.6577587280273437,-0.027320777893066406,3,0,1,0,-0.10513238272575265,-0.11135716172259015,-0.04699999999999993,0.010088003076527265,-0.2706165586332176,-0.02113959172910921,-0.02573559322033892,0.004852015320544377,0,0,0,0,0,0,0,0
3.1354945806806716,0.1107124283888332,1.05,-0.008656833089891871,0.45550735473632814,-0.005076176643371582,3,0,1,0,-0.13549458068067155,-0.1107124283888332,-0.050000000000000044,0.008656833089891871,-0.17770912251569831,-0.03149616979836243,-0.055000000000000604,0.0025232474328830386,0,0,0,0,0,0,0,0
3.1529067171835283,0.11141200099805662,1.043,-0.010088003076527265,0.2610814208984375,0.01275417709350586,3,0,1,0,-0.15290671718352833,-0.11141200099805662,-0.04299999999999993,0.010088003076527265,-0.1346031753359137,-0.039011610770985236,0.00576393442623023,0.017126543994406253,0,0,0,0,0,0,0,0
3.159206701649262,0.11361278429431308,1.036,-0.010576695267085625,0.09416194152832032,0.0339633674621582,3,0,1,0,-0.15920670164926198,-0.11361278429431308,-0.03600000000000003,0.010576695267085625,-0.0699137618891462,-0.0468996909122987,0.006707246376811027,0.012701443921687188,0,0,0,0,0,0,0,0
3.1561053544700206,0.1182457202060376,1.026,-0.012740903539558725,-0.047252609252929685,0.06899813079833984,3,0,1,0,-0.1561053544700206,-0.1182457202060376,-0.026000000000000023,0.012740903539558725,-0.01870725466076465,-0.06378072720903855,0.0365770491803279,0.02338455078122971,0,0,0,0,0,0,0,0
3.1474564600679753,0.12438137841507461,1.016,-0.013316862192716794,-0.1308954620361328,0.09037452697753906,3,0,1,0,-0.1474564600679753,-0.12438137841507461,-0.016000000000000014,0.013316862192716794,0.011592036108586341,-0.07024773261610695,0.037924637681159445,0.015821030249925788,0,0,0,0,0,0,0,0
3.1303250331774217,0.1322648360338298,1.002,-0.013351768777756701,-0.2585233154296875,0.11481942749023437,3,0,1,0,-0.13032503317742172,-0.1322648360338298,-0.0020000000000000018,0.013351768777756701,0.07450212011783772,-0.08680350104306542,0.07872786885245908,0.01352344050746116,0,0,0,0,0,0,0,0
3.1110564578616904,0.13999592853143356,0.992,-0.013805554383275265,-0.29055117797851565,0.11209712219238281,3,0,1,0,-0.11105645786169038,-0.13999592853143356,0.008000000000000007,0.013805554383275265,0.08210647251100849,-0.08264333488010267,0.05640000000000003,0.015750349835497682,0,0,0,0,0,0,0,0
3.089680915048392,0.14822251366017386,0.983,-0.01247910415175948,-0.32230612182617185,0.11896063995361328,3,0,1,0,-0.08968091504839215,-0.14822251366017386,0.017000000000000015,0.01247910415175948,0.11904321910630304,-0.09374798161582731,0.06523934426229513,0.005955578422993321,0,0,0,0,0,0,0,0
3.0618393359428184,0.15785761502652554,0.972,-0.012025318546240917,-0.41939468383789064,0.1393038330078125,3,0,1,0,-0.06183933594281843,-0.15785761502652554,0.028000000000000025,0.012025318546240917,0.1601934511491039,-0.10142071657329739,0.0816307692307693,0.009930923443847554,0,0,0,0,0,0,0,0
3.0378208712859043,0.16362592383188834,0.964,-0.008429940287132755,-0.3612913818359375,0.08218603515625,3,0,1,0,-0.03782087128590428,-0.16362592383188834,0.03600000000000003,0.008429940287132755,0.14066051758663814,-0.07982139366809982,0.06823661971830992,-0.006761798835859478,0,0,0,0,0,0,0,0
3.0141284654824068,0.16850049674824352,0.959,-0.005619960191421771,-0.3559898376464844,0.07012014770507813,3,0,1,0,-0.01412846548240676,-0.16850049674824352,0.041000000000000036,0.005619960191421771,0.16784453084475742,-0.08047066108839449,0.06102580645161296,-0.007976717691050733,0,0,0,0,0,0,0,0
2.992814305119818,0.17064882328091407,0.957,-0.002495820830351849,-0.3198884582519531,0.030427627563476563,3,0,1,0,0.007185694880182059,-0.17064882328091407,0.04300000000000004,0.002495820830351849,0.15778853975461035,-0.06510267764085391,0.04500606060606065,-0.011704812629056885,0,0,0,0,0,0,0,0
2.9759315645820275,0.1710019661613287,0.956,0.0001570796326795,-0.2532535400390625,0.004665082931518555,3,0,1,0,0.024068435417972545,-0.1710019661613287,0.04400000000000004,-0.0001570796326795,0.14700843783908799,-0.055885615931296366,0.040755555555555587,-0.012789938980447828,0,0,0,0,0,0,0,0
2.9621237696496254,0.1706947619609575,0.967,0.00010471975511969558,-0.20711764526367188,-0.004575529098510742,3,0,1,0,0.03787623035037457,-0.1706947619609575,0.03300000000000003,-0.00010471975511969558,0.1312146208945069,-0.0523664241279802,-0.03021764705882354,0.00012627970470297097,0,0,0,0,0,0,0,0
2.954334937671603,0.16810446952605568,0.969,0.000890117918517095,-0.1168365478515625,-0.0388421516418457,3,0,1,0,0.04566506232839718,-0.16810446952605568,0.031000000000000028,-0.000890117918517095,0.10875737937726529,-0.03841074457118705,0.01332459016393444,-0.004752731836864961,0,0,0,0,0,0,0,0
2.9505424486356424,0.16336537970809278,0.97,0.0001570796326795,-0.056950588226318356,-0.07103568267822266,3,0,1,0,0.04945755136435759,-0.16336537970809278,0.030000000000000027,-0.0001570796326795,0.08523499328554172,-0.027925211985212178,0.018927536231884076,0.0030300433492230867,0,0,0,0,0,0,0,0
2.9525394442558954,0.1572362998058181,0.968,-0.001204277183876192,0.029940492630004884,-0.09194090270996094,3,0,1,0,0.04746055574410457,-0.1572362998058181,0.03200000000000003,0.001204277183876192,0.0535700115969173,-0.01505441165457793,0.03707540983606561,0.007899474642346808,0,0,0,0,0,0,0,0
2.9565787288757863,0.15051584467963014,0.972,-0.0027052603405912884,0.06071062469482422,-0.1007337875366211,3,0,1,0,0.04342127112421368,-0.15051584467963014,0.028000000000000025,0.0027052603405912884,0.04254937667215871,-0.01421971781501033,0.0021101449275362366,0.009231274065439532,0,0,0,0,0,0,0,0
2.9652443404548103,0.14228746107652504,0.977,-0.003368485456348959,0.13031759643554688,-0.12307366180419922,3,0,1,0,0.034755659545189665,-0.14228746107652504,0.02300000000000002,0.003368485456348959,0.009808469232191752,0.0005218665053902047,-0.009825806451612906,0.006577639242273173,0,0,0,0,0,0,0,0
2.973604451206844,0.13326384395424795,0.989,-0.0037175513067480253,0.1258568878173828,-0.1349310760498047,3,0,1,0,0.0263955487931562,-0.13326384395424795,0.01100000000000001,0.0037175513067480253,0.012159042940593508,0.0024584179016721303,-0.05206956521739134,0.005235228917178748,0,0,0,0,0,0,0,0
2.9867580816197052,0.12492547573446706,0.994,-0.004468042885105519,0.19776806640625,-0.12434117126464844,3,0,1,0,0.01324191838029476,-0.12492547573446706,0.006000000000000005,0.004468042885105519,-0.026257568623210367,0.00618193716131292,-0.023425806451612918,0.008099453748125648,0,0,0,0,0,0,0,0
3.0032041962822262,0.11757689219901929,1,-0.005445427266222239,0.2471817626953125,-0.10912542724609375,3,0,1,0,-0.003204196282226235,-0.11757689219901929,0,0.005445427266222239,-0.043650792367928466,-0.001490625601900955,-0.030434782608695674,0.00969492457542537,0,0,0,0,0,0,0,0
3.021679024071972,0.10996467392035464,0.995,-0.006352998477259478,0.27774008178710935,-0.11267253875732422,3,0,1,0,-0.021679024071972197,-0.10996467392035464,0.0050000000000000044,0.006352998477259478,-0.07377270918985776,0.006421638013539309,0.03222580645161292,0.010744472079052571,0,0,0,0,0,0,0,0
3.041167713683921,0.10249091678343433,0.996,-0.005794493116621083,0.29303665161132814,-0.11024693298339844,3,0,1,0,-0.041167713683921026,-0.10249091678343433,0.0040000000000000036,0.005794493116621083,-0.07810774897889228,0.0035312087505573395,-0.0018724637681159428,0.003366208939932409,0,0,0,0,0,0,0,0
3.05850003564627,0.09567894569296069,1,-0.005672320068981687,0.26057254028320315,-0.10067137908935547,3,0,1,0,-0.05850003564626993,-0.09567894569296069,0,0.005672320068981687,-0.0890585494838218,0.0073435284493203815,-0.023333333333333355,0.005061454830784709,1425558713415,0,0,0,0,0,0,0
3.077046372203945,0.08854982252123844,1.002,-0.004433136300065502,0.2787971496582031,-0.10535712432861329,3,0,1,0,-0.07704637220394517,-0.08854982252123844,-0.0020000000000000018,0.004433136300065502,-0.09135528853253663,0.005846886982531406,-0.011744927536231894,-0.000954619216961391,1425558713415,0,0,0,0,0,0,0
3.0917105492614247,0.0819395748217807,1.002,-0.003141592653589845,0.22040005493164064,-0.09817761993408203,3,0,1,0,-0.09171054926142475,-0.0819395748217807,-0.0020000000000000018,0.003141592653589845,-0.0848651698758034,0.007765093083895395,-0.0016000000000000016,-0.0029125181892647968,1425558713415,0,0,0,0,0,0,0
3.103356008428749,0.07666214679783541,1.001,-0.001954768762233686,0.17492971801757812,-0.07861225128173828,3,0,1,0,-0.10335600842874904,-0.07666214679783541,-0.0009999999999998899,0.001954768762233686,-0.07139691788953632,0.0007158196027455335,0.004423880597015597,-0.00335936806473419,0,0,0,0,0,0,0,0
3.1137348216265655,0.07130052707782493,1.004,-2.5153490401663703e-17,0.155839111328125,-0.08011981964111328,3,0,1,0,-0.11373482162656545,-0.07130052707782493,-0.0040000000000000036,2.5153490401663703e-17,-0.07348356255975663,0.00449750855253947,-0.019866666666667296,-0.00930842267730312,0,0,0,0,0,0,0,0
3.1220932190468127,0.06656315169126895,1.003,-0.001483529864195224,0.12537596130371093,-0.07106063079833984,3,0,1,0,-0.1220932190468127,-0.06656315169126895,-0.0029999999999998916,0.001483529864195224,-0.06374776051120848,0.0008348309971985546,0.0028238805970155958,0.00812620089790507,0,0,0,0,0,0,0,0
3.126669612198565,0.06331265213413609,1.001,-0.001745329251994246,0.06871815490722656,-0.04865560150146484,3,0,1,0,-0.12666961219856487,-0.06331265213413609,-0.0009999999999998899,0.001745329251994246,-0.048707948938416554,-0.004325715921044703,0.010675409836065672,0.0030328672247763224,0,0,0,0,0,0,0,0
3.129415073444843,0.05951068664327236,0.999,-0.0015009831567151218,0.04128139114379883,-0.05695751953125,3,0,1,0,-0.12941507344484293,-0.05951068664327236,0.0010000000000000009,0.0015009831567151218,-0.0369037429005869,-0.0038973022633815337,0.010259459459458942,0.0005103908785565098,0,0,0,0,0,0,0,0
3.12889433531275,0.05517308548694751,0.999,-0.00211184839491321,-0.007713403224945068,-0.06507566833496094,3,0,1,0,-0.12889433531274985,-0.05517308548694751,0.0010000000000000009,0.00211184839491321,-0.020475651658391582,0.006500819169128896,0.0008000000000000008,0.005384340742402969,0,0,0,0,0,0,0,0
3.126154345040198,0.05110677550755242,0.999,-0.004014257279586955,-0.04097095108032227,-0.0610813102722168,3,0,1,0,-0.12615434504019785,-0.05110677550755242,0.0010000000000000009,0.004014257279586955,-0.008748626526465431,0.0009064800900372531,0.0008000000000000008,0.012167438213903006,0,0,0,0,0,0,0,0
3.120153028630684,0.04697971785556969,1,-0.005951572749300606,-0.08977051544189453,-0.062266727447509766,3,0,1,0,-0.12015302863068378,-0.04697971785556969,0,0.005951572749300606,0.013817030627016835,0.004711548332978328,-0.00555555555555556,0.0151768845098418,0,0,0,0,0,0,0,0
3.1123420421655483,0.04241033247953326,1.002,-0.007155849933176774,-0.11675479888916016,-0.06923687744140625,3,0,1,0,-0.11234204216554833,-0.04241033247953326,-0.0020000000000000018,0.007155849933176774,0.025110268610578322,0.006995774562617692,-0.012047761194029859,0.012548135831129764,0,0,0,0,0,0,0,0
3.1035749067160276,0.03875698935151683,1.003,-0.010768681484805056,-0.1311115264892578,-0.05573978042602539,3,0,1,0,-0.10357490671602765,-0.03875698935151683,-0.0029999999999998916,0.010768681484805056,0.038930231189249,0.0051600169642389455,-0.008137704918032068,0.02853670550920644,0,0,0,0,0,0,0,0
3.0971960995685954,0.03570890844602081,1.002,-0.012828170002158214,-0.09518421173095704,-0.0467489128112793,3,0,1,0,-0.09719609956859543,-0.03570890844602081,-0.0020000000000000018,0.012828170002158214,0.021914507268932626,-0.0004971893118974474,0.003129729729729207,0.02117744777521156,1425558714271,0,0,0,0,0,0,0
3.088057852463667,0.03327031506522269,1.001,-0.015899949485668443,-0.13659320068359376,-0.03833424758911133,3,0,1,0,-0.08805785246366682,-0.03327031506522269,-0.0009999999999998899,0.015899949485668443,0.05140711806025247,0.0005141427539709,0.0052344827586214525,0.03178846405554893,1425558714271,0,0,0,0,0,0,0
3.079143089726952,0.031118591895207295,1,-0.01740093264238354,-0.13319137573242187,-0.03439784240722656,3,0,1,0,-0.07914308972695183,-0.031118591895207295,0,0.01740093264238354,0.04655089573256859,-0.0025021049212055873,0.0051470588235288444,0.024022917157303085,1425558714271,0,0,0,0,0,0,0
3.071566475882447,0.03087080480335965,1.003,-0.020839231268812403,-0.11356732940673828,-0.005693746089935303,3,0,1,0,-0.07156647588244702,-0.03087080480335965,-0.0029999999999998916,0.020839231268812403,0.04860836865855617,-0.012075912302109137,-0.01989999999999928,0.038030724400956714,1425558714271,0,0,0,0,0,0,0
3.0619357599623287,0.030497771277589784,1,-0.023911010752322187,-0.14431277465820314,-0.008604520797729493,3,0,1,0,-0.061935759962328696,-0.030497771277589784,0,0.023911010752322187,0.05733703709428861,-0.011565607757867743,0.014999999999999455,0.03707577996736412,1425558714271,0,0,0,0,0,0,0
3.0535761651453712,0.03122388442064367,1,-0.02506292805863855,-0.1256184844970703,0.007890573978424072,3,0,1,-0.023911010752322187,-0.053576165145371224,-0.03122388442064367,0,0.0011519173063163635,-0.026788082572685612,-0.0093671653261931,0,0.0011519173063163635,1425558714271,0,0,0,0,0,0,0
3.0457903660536894,0.031605807745244956,1.002,-0.030735248127620213,-0.1168938751220703,0.0028003332614898683,3,0,1,-0.023911010752322187,-0.04579036605368936,-0.031605807745244956,-0.0020000000000000018,0.006824237375298026,0.015453005560984712,-0.011386903061304304,-0.011459154929577477,0.030791786962544487,1425558714660,0,0,0,0,0,0,0
3.0398758468538296,0.031118755862652003,1.001,-0.0360410490536828,-0.08845137786865234,-0.010028661727905274,3,0,1,-0.023911010752322187,-0.03987584685382961,-0.031118755862652003,-0.0009999999999998899,0.012130038301360613,0.014507001904256633,-0.006535602154020093,0.005033333333334074,0.03865904293167355,1425558714720,0,0,0,0,0,0,0
3.033311990211721,0.031238573511119458,1.001,-0.03988077340807053,-0.09845867156982421,-0.0017516584396362305,3,0,1,-0.023911010752322187,-0.03331199021172093,-0.031238573511119458,-0.0009999999999998899,0.015969762655748343,0.017554052546986325,-0.010059526363614093,-0.0007999999999999119,0.03316255827240982,1425558714787,0,0,0,0,0,0,0
3.028154984016495,0.03004330367707582,0.998,-0.04075343803406764,-0.07657875061035156,-0.02099895477294922,3,0,1,-0.023911010752322187,-0.028154984016495188,-0.03004330367707582,0.0020000000000000018,0.016842427281745453,0.01493842794745201,-0.002346168174038256,0.01853548387096713,0.021064998052699214,1425558714849,0,0,0,0,0,0,0
3.02112372138507,0.029627215248680606,0.998,-0.043668137884898234,-0.10512708282470704,-0.01053317642211914,3,0,1,-0.023911010752322187,-0.021123721385070127,-0.029627215248680606,0.0020000000000000018,0.019757127132576047,0.02499317709017792,-0.006878681945307698,0.0016000000000000016,0.03242973517966558,1425558714918,0,0,0,0,0,0,0
3.0138381851123475,0.029691039430271283,0.995,-0.04504694799397371,-0.10922065734863282,-0.003814220428466797,3,0,1,-0.023911010752322187,-0.013838185112347468,-0.029691039430271283,0.0050000000000000044,0.021135937241651526,0.0347639362941166,-0.009392738531806636,0.02121311475409838,0.027916970564973553,1425558714979,0,0,0,0,0,0,0
3.00690225945259,0.03096999788534829,0.994,-0.04663519761328863,-0.10479724884033204,0.014479866027832031,3,0,1,-0.023911010752322187,-0.006902259452589821,-0.03096999788534829,0.006000000000000005,0.022724186860966444,0.0316071108699324,-0.015919061470572045,0.00987246376811595,0.02962961998842261,1425558715048,0,0,0,0,0,0,0
2.9986640229578083,0.030069065684451293,0.993,-0.04749040894676574,-0.12280919647216797,-0.01926007843017578,3,0,1,-0.023911010752322187,0.0013359770421916828,-0.030069065684451293,0.007000000000000006,0.023579398194443553,0.047813382507877575,-0.004010370396165997,0.011337704918032796,0.027785355572199823,1425558715109,0,0,0,0,0,0,0
2.9941630792839047,0.029722065355623568,0.993,-0.04745550236172583,-0.0671909408569336,-0.008404206275939942,3,0,1,-0.023911010752322187,0.005836920716095317,-0.029722065355623568,0.007000000000000006,0.023544491609403646,0.025304088506823818,-0.0073613572190287906,0.005600000000000005,0.023394891959232618,1425558715179,0,0,0,0,0,0,0
2.9879143261860435,0.02942688469904384,0.996,-0.048712139423161695,-0.09341573333740234,-0.008869121551513672,3,0,1,-0.023911010752322187,0.012085673813956532,-0.02942688469904384,0.0040000000000000036,0.024801128670839508,0.04238205782804838,-0.0073035736336311856,-0.014300000000000012,0.031084313978018814,1425558715239,0,0,0,0,0,0,0
2.9846077451297286,0.029573051201071555,0.996,-0.04888667234836123,-0.04964664077758789,-0.0002252073884010315,3,0,1,-0.023911010752322187,0.015392254870271405,-0.029573051201071555,0.0040000000000000036,0.02497566159603904,0.024127968478665614,-0.009820844393600562,0.003200000000000003,0.025723659846894183,1425558715309,0,0,0,0,0,0,0
2.9789311071739135,0.029900836135495476,0.997,-0.0494451777089994,-0.08528810882568359,0.0007498786449432373,3,0,1,-0.023911010752322187,0.021068892826086483,-0.029900836135495476,0.0030000000000000027,0.025534166956677214,0.04301710771659446,-0.011087320104133009,-0.0033377049180327895,0.028280914631946916,1425558715370,0,0,0,0,0,0,0
2.976272072604844,0.029883821565106425,0.998,-0.049235738198759954,-0.03982415771484375,-0.0022262496948242186,3,0,1,-0.023911010752322187,0.023727927395155834,-0.029883821565106425,0.0020000000000000018,0.025324727446437767,0.02508753387868075,-0.009137328325865423,-0.003400000000000002,0.024427129545411565,1425558715440,0,0,0,0,0,0,0
2.9738226564572403,0.02932049044686671,0.997,-0.050701814770435366,-0.036280845642089846,-0.010247978210449218,3,0,1,-0.023911010752322187,0.02617734354275969,-0.02932049044686671,0.0030000000000000027,0.02679080401811318,0.02732103637428407,-0.005784895946875224,0.00823333333333334,0.03412118687649024,1425558715500,0,0,0,0,0,0,0
2.9720627489945435,0.02826292357399599,1,-0.050300389042476495,-0.025560724258422853,-0.017181001663208007,3,0,1,-0.023911010752322187,0.02793725100545652,-0.02826292357399599,0,0.02638937829015431,0.02273182263379796,-0.003485673756893852,-0.015000000000000012,0.02466898231318772,1425558715570,0,0,0,0,0,0,0
2.969762471672628,0.028717703879905434,1,-0.051975905124391125,-0.034803508758544925,0.005078235626220703,3,0,1,-0.023911010752322187,0.030237528327372143,-0.028717703879905434,0,0.028064894372068938,0.028518850876109177,-0.01158005795315334,0,0.03644247478164209,1425558715630,0,0,0,0,0,0,0
2.968421566224042,0.027140571669229098,1,-0.0518362787842315,-0.01885737991333008,-0.024669986724853515,3,0,1,-0.023911010752322187,0.031578433775957926,-0.027140571669229098,0,0.02792526803190931,0.022497651369133023,-0.0005873705189321232,0,0.027326869431225198,1425558715700,0,0,0,0,0,0,0
2.966733543768519,0.025769323832980088,1,-0.05113814708343392,-0.024220598220825194,-0.02185301399230957,3,0,1,-0.023911010752322187,0.033266456231480834,-0.025769323832980088,0,0.027227136331111734,0.026342802637070336,-0.0002095610550894543,0,0.02379370173702529,1425558715761,0,0,0,0,0,0,0
2.968088194584682,0.02324963026216494,1.003,-0.05057964172279574,0.022225143432617188,-0.036707332611083984,3,0,1,-0.023911010752322187,0.03191180541531802,-0.02324963026216494,-0.0029999999999998916,0.026668630970473554,0.009130704446487347,0.005443543662100954,-0.017617391304347186,0.024240346793785818,1425558715830,0,0,0,0,0,0,0
2.96849918276322,0.020560810411957994,1.002,-0.05197590512439112,0.008196062088012695,-0.03996903610229492,3,0,1,-0.023911010752322187,0.03150081723677989,-0.020560810411957994,-0.0020000000000000018,0.02806489437206893,0.013457714145915733,0.008884248056333793,0.004137704918032153,0.03493176356024291,1425558715891,0,0,0,0,0,0,0
2.969949646941073,0.017884676787712044,1.003,-0.05028293574995659,0.023813058853149414,-0.03895746612548828,3,0,1,-0.023911010752322187,0.030050353058927115,-0.017884676787712044,-0.0029999999999998916,0.026371924997634404,0.007859325308118295,0.007627582112849361,-0.007399999999999362,0.019116341964343572,1425558715961,0,0,0,0,0,0,0
2.9698915277048488,0.013413912400132542,1.007,-0.0495149908790792,0.0024999399185180664,-0.06702052307128906,3,0,1,-0.023911010752322187,0.030108472295151234,-0.013413912400132542,-0.006999999999999895,0.025603980126757013,0.015487465530872721,0.020818012741121918,-0.028180645161290256,0.021888117848318026,1425558716023,0,0,0,0,0,0,0
2.970922912222047,0.008592774902504409,1.014,-0.04930555136883977,0.019031122207641603,-0.07146270751953125,3,0,1,-0.023911010752322187,0.029077087777952926,-0.008592774902504409,-0.014000000000000012,0.02539454061651758,0.009354856449709893,0.021835003141175504,-0.04722941176470649,0.024470542777225966,1425558716091,0,0,0,0,0,0,0
2.971176761930976,0.0032931882606992997,1.015,-0.048816859178281415,0.007721015930175781,-0.07920952606201172,3,0,1,-0.023911010752322187,0.028823238069024093,-0.0032931882606992997,-0.014999999999999902,0.024905848425959227,0.013097595826802599,0.029015656330488655,-0.017737704918032077,0.022502444210098477,1425558716152,0,0,0,0,0,0,0
2.9724423990456117,-0.002716824842477147,1.016,-0.04630358505540958,0.02336104202270508,-0.08911640167236329,3,0,1,-0.023911010752322187,0.027557600954388306,0.002716824842477147,-0.016000000000000014,0.022392574303087394,0.007520408329932558,0.030898644244121445,-0.01787246376811652,0.011465295507992466,1425558716221,0,0,0,0,0,0,0
2.9742346855439514,-0.008404734958599565,1.017,-0.04387757739513746,0.030804630279541015,-0.0839828109741211,3,0,1,-0.023911010752322187,0.02576531445604857,0.008404734958599565,-0.016999999999999904,0.01996656664281527,0.0027762692741060534,0.034760120302122374,-0.019337704918032078,0.00803538142836221,1425558716282,0,0,0,0,0,0,0
2.975590503910001,-0.013593517858632217,1.019,-0.043423791789618894,0.023731674194335937,-0.07686476898193359,3,0,1,-0.023911010752322187,0.024409496089999205,0.013593517858632217,-0.018999999999999906,0.019512781037296707,0.005619965964145198,0.029634635288192428,-0.02519999999999993,0.01756798558507429,1425558716352,0,0,0,0,0,0,0
2.979678903837181,-0.01809780306493273,1.018,-0.04045673206122861,0.06420116424560547,-0.06483841705322266,3,0,1,-0.023911010752322187,0.020321096162819074,0.01809780306493273,-0.018000000000000016,0.01654572130890642,-0.012345672807393963,0.030077214667519746,-0.008844444444445071,0.002416865459428867,1425558716415,0,0,0,0,0,0,0
2.9825408817810164,-0.020519343990776616,1.018,-0.0373849525777186,0.04436365509033203,-0.034557071685791016,3,0,1,-0.023911010752322187,0.017459118218983605,0.020519343990776616,-0.018000000000000016,0.013473941825396414,-0.005568561484214477,0.018077207200310086,-0.014400000000000013,0.00011837885361377747,1425558716484,0,0,0,0,0,0,0
2.986094367553657,-0.02296943765836466,1.015,-0.033824480903650124,0.054638671875,-0.03473348617553711,3,0,1,-0.023911010752322187,0.01390563244634313,0.02296943765836466,-0.014999999999999902,0.009913470151327937,-0.0138998209683113,0.021077062619719943,0.005796610169492277,-0.008190623106647373,1425558716543,0,0,0,0,0,0,0
2.9910304638366605,-0.025164853061479732,1.014,-0.02932153143350472,0.07511276245117188,-0.0304084587097168,3,0,1,-0.023911010752322187,0.008969536163339509,0.025164853061479732,-0.014000000000000012,0.0054105206811825325,-0.019962071503344572,0.018195925693104797,-0.006200000000000562,-0.0138878341908692,1425558716613,0,0,0,0,0,0,0
2.9963433214049164,-0.025198127444374777,1.014,-0.027820548276789623,0.0796732406616211,0.0018374807834625245,3,0,1,-0.023911010752322187,0.0036566785950835623,0.025198127444374777,-0.014000000000000012,0.003909537524467436,-0.028927494013457077,0.007438050435752344,-0.01120000000000001,-0.0035953782591080473,1425558716673,0,0,0,0,0,0,0
3.002248370523732,-0.023987176216141905,1.012,-0.02569124658935654,0.08803618621826172,0.02062114715576172,3,0,1,-0.023911010752322187,-0.0022483705237319462,0.023987176216141905,-0.01200000000000001,0.001780235837034353,-0.029999342832360484,0.0009282175098531773,0.00025915492957746464,-0.007216813546485715,1425558716744,0,0,0,0,0,0,0
3.007200629646584,-0.023927587840133865,1.01,-0.02530727415391779,0.07423641204833985,0.0028017663955688474,3,0,1,-0.023911010752322187,-0.007200629646583856,0.023927587840133865,-0.010000000000000009,0.0013962634015956023,-0.03274813205659559,0.006540445793382056,0.0038644067796610206,-0.000556138812499741,1425558716803,0,0,0,0,0,0,0
3.0125891196541037,-0.0223836926472382,1.011,-0.0246091424531201,0.0802154541015625,0.025196313858032227,3,0,1,-0.023911010752322187,-0.012589119654103698,0.0223836926472382,-0.010999999999999899,0.0006981317007979139,-0.03301583112581143,-0.0012730397779625088,-0.013799999999999368,-0.00229386130262075,1425558716873,0,0,0,0,0,0,0
3.01748034884275,-0.02108365472244813,1.012,-0.02370157124208308,0.07286637878417969,0.021300016403198244,3,0,1,-0.023911010752322187,-0.017480348842750182,0.02108365472244813,-0.01200000000000001,-0.00020943951023910667,-0.03659408846625199,-0.0013899481562376446,-0.015337704918033438,-0.004672904482552323,1425558716934,0,0,0,0,0,0,0
3.022569127474554,-0.020050110437217432,1.012,-0.024155356847601533,0.0759428253173828,0.01730782127380371,3,0,1,-0.023911010752322187,-0.022569127474553863,0.020050110437217432,-0.01200000000000001,0.00024434609527934636,-0.03690226594297561,0.0005304411895159554,-0.00960000000000001,0.0022173269888378375,1425558717003,0,0,0,0,0,0,0
3.0272358142785376,-0.017798093025999544,1.01,-0.02364921136452316,0.06916398620605468,0.03546112442016602,3,0,1,-0.023911010752322187,-0.027235814278537607,0.017798093025999544,-0.010000000000000009,-0.0002617993877990256,-0.04021564978402684,-0.007813102633367892,0.0034754098360655766,-0.0027510394685123303,1425558717064,0,0,0,0,0,0,0
3.028044870884348,-0.014754163537517889,1.008,-0.02228785454796758,0.01105275821685791,0.04593315124511719,3,0,1,-0.023911010752322187,-0.02804487088434815,0.014754163537517889,-0.008000000000000007,-0.0016231562043546068,-0.017909020699467638,-0.011014189632004057,0.0036000000000000008,-0.007457542561021382,1425558717134,0,0,0,0,0,0,0
3.0283990873922186,-0.01238445769771326,1.008,-0.022811453323565958,0.0045197587013244625,0.03565517044067383,3,0,1,-0.023911010752322187,-0.028399087392218636,0.01238445769771326,-0.008000000000000007,-0.0010995574287562294,-0.016090559166916308,-0.010094572273679598,-0.006400000000000006,0.0014755185168095607,1425558717195,0,0,0,0,0,0,0
3.030540970514857,-0.010045732669775041,1.008,-0.021659536017249594,0.03131971168518066,0.0358045768737793,3,0,1,-0.023911010752322187,-0.030540970514857158,0.010045732669775041,-0.008000000000000007,-0.002251474735072593,-0.025859905221531684,-0.008886110057545285,-0.006400000000000006,-0.0071882631907141505,1425558717265,0,0,0,0,0,0,0
3.0301878462401506,-0.006982876187583401,1.006,-0.020874137853852198,-0.006290644645690918,0.04581735229492188,3,0,1,-0.023911010752322187,-0.030187846240150584,0.006982876187583401,-0.006000000000000005,-0.003036872898469989,-0.012932148576274873,-0.0159738149495837,0.006866666666666673,-0.006963863715456969,1425558717325,0,0,0,0,0,0,0
3.0277622594507823,-0.0025249681533939276,1.008,-0.02007128639793479,-0.03777159881591797,0.0660946273803711,3,0,1,-0.023911010752322187,-0.027762259450782256,0.0025249681533939276,-0.008000000000000007,-0.003839724354387397,-0.0014947016375752437,-0.0220553593040492,-0.0165449275362319,-0.007330382858376129,1425558717394,0,0,0,0,0,0,0
3.025309099132967,0.0007444050248259621,1.007,-0.01879719604397892,-0.03777423477172852,0.048292198181152345,3,0,1,-0.023911010752322187,-0.025309099132967194,-0.0007444050248259621,-0.006999999999999895,-0.005113814708343267,0.0012609714394633577,-0.018880194712917322,0.00004516129032329508,-0.011278768033936187,1425558717456,0,0,0,0,0,0,0
3.022643553999977,0.0026319866903633526,1.005,-0.01624901533606718,-0.04050830078125,0.027557195663452147,3,0,1,-0.023911010752322187,-0.022643553999976973,-0.0026319866903633526,-0.004999999999999893,-0.0076619954162550075,0.0022505153979841437,-0.010566835981887415,0.006144927536231977,-0.018741041972393006,1425558717525,0,0,0,0,0,0,0
3.0185874215251594,0.006625803876485822,1.006,-0.014014993893514486,-0.06180734634399414,0.058910770416259764,0,0,1,0,-3.0185874215251594,-0.006625803876485822,-0.006000000000000005,0.014014993893514486,-1.5092937107625797,-0.0019877411629457466,-0.004800000000000005,0.014014993893514486,0,0,0,0,0,0,0,0
3.0143993070528583,0.009733102415945188,1.001,-0.0088837258926511,-0.06346875762939454,0.04572448348999023,0,0,1,0,-3.0143993070528583,-0.009733102415945188,-0.0009999999999998899,0.0088837258926511,-1.4883691606798608,-0.018463236593771547,0.024200000000000662,-0.013107422682477698,0,0,0,0,0,0,0,0
3.0121089855733207,0.012294348499287091,0.998,-0.003630284844148206,-0.03469476318359375,0.03811198043823242,0,0,1,0,-3.0121089855733207,-0.012294348499287091,0.0020000000000000018,0.003630284844148206,-1.4966116290623057,-0.018643096483404627,0.019099999999999367,-0.02263692039836626,0,0,0,0,0,0,0,0
3.0086006897610034,0.014685581379813569,0.996,0.0002268928027593111,-0.052754302978515626,0.03567721557617187,0,0,1,0,-3.0086006897610034,-0.014685581379813569,0.0040000000000000036,-0.0002268928027593111,-1.4927822312080286,-0.016386308504333064,0.01320000000000001,-0.016757654146648666,0,0,0,0,0,0,0,0
3.003082969885179,0.01828444347382384,1.002,0.004328416544945843,-0.08275354766845704,0.054001708984375,0,0,1,0,-3.003082969885179,-0.01828444347382384,-0.0020000000000000018,-0.004328416544945843,-1.4771800008379912,-0.026514135611047956,-0.036600000000000035,-0.024836035255878505,0,0,0,0,0,0,0,0
2.9930914138287528,0.021251135892425735,1.002,0.009512044423369146,-0.1496793212890625,0.045148681640625,0,0,1,0,-2.9930914138287528,-0.021251135892425735,-0.0020000000000000018,-0.009512044423369146,-1.4565083057929709,-0.021259119009702794,-0.0016000000000000016,-0.03172759247375473,0,0,0,0,0,0,0,0
2.972810433105387,0.02316025364117558,1.006,0.013596114873035779,-0.30392855834960936,0.03152913093566895,0,0,1,0,-2.972810433105387,-0.02316025364117558,-0.006000000000000005,-0.013596114873035779,-1.3817727272386293,-0.017966474292145058,-0.027750819672131173,-0.03368170724844545,0,0,0,0,0,0,0,0
2.9480909331934426,0.026172665438218924,1.007,0.018151424220741095,-0.3701438903808594,0.05022318267822266,0,0,1,0,-2.9480909331934426,-0.026172665438218924,-0.006999999999999895,-0.018151424220741095,-1.3642454242151538,-0.022996623386175863,-0.010599999999999365,-0.03767417856804959,0,0,0,0,0,0,0,0
2.915536961597699,0.02883048992469898,1.005,0.02164208272472976,-0.48750552368164063,0.048723827362060546,0,0,1,0,-2.915536961597699,-0.02883048992469898,-0.004999999999999893,-0.02164208272472976,-1.2865593325971818,-0.023999310973101817,0.007475409836065669,-0.038809255695165815,0,0,0,0,0,0,0,0
2.8750552217621825,0.031232660366200045,1.001,0.02614503219487505,-0.6063041381835937,0.04916473007202148,0,0,1,0,-2.8750552217621825,-0.031232660366200045,-0.0009999999999998899,-0.02614503219487505,-1.252707385083471,-0.0215028645479692,0.019200000000000102,-0.045443387066926286,0,0,0,0,0,0,0,0
2.8308223913418282,0.03241127738482952,0.995,0.030962140930379387,-0.6628035278320312,0.03501826858520508,0,0,1,0,-2.8308223913418282,-0.03241127738482952,0.0050000000000000044,-0.030962140930379387,-1.1722717077003448,-0.016856515972935464,0.03959322033898243,-0.05545591416175738,0,0,0,0,0,0,0,0
2.777659705276696,0.03299193860682978,0.991,0.03347541505325122,-0.7967884521484375,0.03339225769042969,0,0,1,0,-2.777659705276696,-0.03299193860682978,0.009000000000000008,-0.03347541505325122,-1.1479910704256353,-0.012924757217369881,0.026918309859154957,-0.04409488317806177,0,0,0,0,0,0,0,0
2.718475328789296,0.03214972270827729,0.987,0.03455751918948766,-0.8876911010742188,0.017086612701416017,0,0,1,0,-2.718475328789296,-0.03214972270827729,0.013000000000000012,-0.03455751918948766,-1.0368573503970222,-0.0049160417318904,0.033733333333333365,-0.03996803987066985,0,0,0,0,0,0,0,0
2.6515737659938186,0.029080946367131127,0.984,0.03639011490408181,-1.0045147094726563,-0.011331783294677735,0,0,1,0,-2.6515737659938186,-0.029080946367131127,0.016000000000000014,-0.03639011490408181,-1.0111225977639267,0.006637856045485916,0.028017391304347848,-0.044357922358839,0,0,0,0,0,0,0,0
2.577564301771484,0.026567457338271788,0.982,0.038100537571036236,-1.1107786865234375,0.0027119033336639405,0,0,1,0,-2.577564301771484,-0.026567457338271788,0.018000000000000016,-0.038100537571036236,-0.8904014663377723,0.006231098164559745,0.025875409836065597,-0.046512452326549804,0,0,0,0,0,0,0,0
2.4988144321946995,0.020761475927990443,0.977,0.0356047167406843,-1.1837081298828125,-0.042031219482421875,0,0,1,0,-2.4988144321946995,-0.020761475927990443,0.02300000000000002,-0.0356047167406843,-0.8779393201849595,0.02298753914895297,0.043762318840579746,-0.024753321826110668,0,0,0,0,0,0,0,0
2.414939647263751,0.012122488895765034,0.975,0.03483677186980691,-1.261937255859375,-0.08471707153320313,0,0,1,0,-2.414939647263751,-0.012122488895765034,0.025000000000000022,-0.03483677186980691,-0.7634683613465622,0.04488956415541603,0.03129032258064519,-0.031120909591367922,0,0,0,0,0,0,0,0
2.3258848396678773,0.00285614247204037,0.979,0.03324852225049199,-1.339852783203125,-0.0923845443725586,0,0,1,0,-2.3258848396678773,-0.00285614247204037,0.02100000000000002,-0.03324852225049199,-0.7671504376961817,0.043326596249537684,-0.002378082191780824,-0.026721469020430683,0,0,0,0,0,0,0,0
2.22523445765964,-0.00892051055692979,0.977,0.0318348055563765,-1.5147935791015625,-0.12636426544189452,0,0,1,0,-2.22523445765964,0.00892051055692979,0.02300000000000002,-0.0318348055563765,-0.5270400737905631,0.07474977027315402,0.030680701754385992,-0.024394191376821292,0,0,0,0,0,0,0,0
2.1194518009249066,-0.018734970471720153,0.979,0.028256880589788126,-1.5906217041015625,-0.0966372833251953,0,0,1,0,-2.1194518009249066,0.018734970471720153,0.02100000000000002,-0.028256880589788126,-0.5491490773790226,0.05590966877327504,0.006505882352941184,-0.012471917501898237,0,0,0,0,0,0,0,0
2.012194272540617,-0.029129827960006086,0.984,0.023945917337362264,-1.6126259765625,-0.11040522003173828,0,0,1,0,-2.012194272540617,0.029129827960006086,0.016000000000000014,-0.023945917337362264,-0.4453823946109713,0.06628008357703334,-0.014977777777777784,-0.0034175208972391097,0,0,0,0,0,0,0,0
1.9025539411524242,-0.03796083794450535,0.984,0.018919369091618485,-1.64730517578125,-0.09304936218261718,0,0,1,0,-1.9025539411524242,0.03796083794450535,0.016000000000000014,-0.018919369091618485,-0.42340588820107194,0.05665971953532349,0.012800000000000013,0.003256579051368766,0,0,0,0,0,0,0,0
1.7801667867974982,-0.04711091023188441,0.979,0.013561208287995983,-1.8380753173828126,-0.10249627685546875,0,0,1,0,-1.7801667867974982,0.04711091023188441,0.02100000000000002,-0.013561208287995983,-0.23674602332054617,0.06563385600485336,0.04502580645161294,0.012365376245661287,0,0,0,0,0,0,0,0
1.6587422987877707,-0.054630873817939934,0.978,0.009826203688728195,-1.8227294921875,-0.08808989715576172,0,0,1,0,-1.6587422987877707,0.054630873817939934,0.02200000000000002,-0.009826203688728195,-0.24307796787301184,0.054979055122727494,0.022747058823529433,0.006651757778629693,0,0,0,0,0,0,0,0
1.5394071374987184,-0.05865788052457543,0.972,0.005480333851262207,-1.7905345458984374,-0.04281329345703125,0,0,1,0,-1.5394071374987184,0.05865788052457543,0.028000000000000025,-0.005480333851262207,-0.13567756897338423,0.04025093246858454,0.05627096774193553,0.015548068588089346,0,0,0,0,0,0,0,0
1.413963654495956,-0.061475272082065636,0.966,0.000610865238197842,-1.8818555908203125,-0.03194820785522461,0,0,1,0,-1.413963654495956,0.061475272082065636,0.03400000000000003,-0.000610865238197842,-0.11129017299918464,0.03269658209336495,0.0576347826086957,0.020560737427299396,0,0,0,0,0,0,0,0
1.2800462122690175,-0.06199176332710272,0.962,-0.004520402762665323,-2.0087659912109377,-0.006520284652709961,0,0,1,0,-1.2800462122690175,0.06199176332710272,0.038000000000000034,0.004520402762665323,0.08695896432289663,0.021561702203310926,0.05335081967213119,0.029756147029205482,0,0,0,0,0,0,0,0
1.1464818377404826,-0.060739941650208976,0.952,-0.008918632477691004,-2.003530029296875,0.00972069263458252,0,0,1,0,-1.1464818377404826,0.060739941650208976,0.04800000000000004,0.008918632477691004,0.05238172006754349,0.012006090918159094,0.08840000000000006,0.027768188399229635,0,0,0,0,0,0,0,0
1.0163435892658106,-0.05662826372012258,0.947,-0.011519173063162549,-1.952546142578125,0.04426311874389648,0,0,1,0,-1.0163435892658106,0.05662826372012258,0.05300000000000005,0.011519173063162549,0.2081589482775661,-0.006919115043670026,0.07156666666666674,0.024521875990520272,0,0,0,0,0,0,0,0
0.8794095117034579,-0.05036528523966478,0.944,-0.01514945790731084,-2.05495703125,0.07027845764160157,0,0,1,0,-0.8794095117034579,0.05036528523966478,0.05600000000000005,0.01514945790731084,0.20154100544339287,-0.016092857364924613,0.059800000000000055,0.030707821525089225,0,0,0,0,0,0,0,0
0.7453520050808934,-0.04189581192742421,0.942,-0.018814649336498925,-2.012556396484375,0.0965652084350586,0,0,1,0,-0.7453520050808934,0.04189581192742421,0.05800000000000005,0.018814649336498925,0.3526271212673141,-0.03588858918782218,0.05787540983606563,0.03684018095545673,0,0,0,0,0,0,0,0
0.621849742194589,-0.032016126134321844,0.945,-0.019861846887695347,-1.854994140625,0.11331633758544922,0,0,1,0,-0.621849742194589,0.032016126134321844,0.05500000000000005,0.019861846887695347,0.2535682963207467,-0.038937101244278224,0.029211267605633827,0.02428662527303234,0,0,0,0,0,0,0,0
0.513293814299856,-0.021247828848103018,0.949,-0.02288126649364555,-1.6312257080078125,0.12915290832519533,0,0,1,0,-0.513293814299856,0.021247828848103018,0.051000000000000045,0.02288126649364555,0.3427052883862678,-0.057332107430262645,0.017071186440677982,0.03823424754084997,0,0,0,0,0,0,0,0
0.40679676501071266,-0.011098051904907567,0.959,-0.023823744289722695,-1.6005208740234376,0.11565818023681641,0,0,1,0,-0.40679676501071266,0.011098051904907567,0.041000000000000036,0.023823744289722695,0.26228329906138115,-0.045152523382531784,-0.01514520547945207,0.02769694071195754,0,0,0,0,0,0,0,0
0.31594752165929557,0.00013522630093728769,0.969,-0.021659536017249594,-1.3663658447265625,0.1359888916015625,0,0,1,0,-0.31594752165929557,-0.00013522630093728769,0.031000000000000028,0.021659536017249594,0.3547717706426055,-0.06883553949707796,-0.03660350877192985,0.010268966162128013,0,0,0,0,0,0,0,0
0.24030427924381503,0.00992384471537888,0.986,-0.023143065881444796,-1.1375625,0.12222079467773438,0,0,1,0,-0.24030427924381503,-0.00992384471537888,0.014000000000000012,0.023143065881444796,0.21827895724781096,-0.05245511503641929,-0.07503188405797107,0.02959319572577176,0,0,0,0,0,0,0,0
0.181162968664789,0.017032472670240127,1.002,-0.02282890661608586,-0.889349609375,0.08607202911376953,0,0,1,0,-0.181162968664789,-0.017032472670240127,-0.0020000000000000018,0.02282890661608586,0.1979019221810788,-0.045075202666853394,-0.09192258064516136,0.021308781138542614,0,0,0,0,0,0,0,0
0.1338228847027168,0.025728724667725005,1.018,-0.021240656996770937,-0.7128938598632812,0.11420036315917968,0,0,1,0,-0.1338228847027168,-0.025728724667725005,-0.018000000000000016,0.021240656996770937,0.12774824990918482,-0.05168390290367984,-0.09555942028985515,0.014335223869314753,0,0,0,0,0,0,0,0
0.09359304155421683,0.033469377798971814,1.039,-0.021642082724729696,-0.605777587890625,0.10326694488525391,0,0,1,0,-0.09359304155421683,-0.033469377798971814,-0.038999999999999924,0.021642082724729696,0.13850218793574487,-0.05432867552780403,-0.15169180327868792,0.023616307616330153,1425558720062,0,0,0,0,0,0,0
0.06447916180747176,0.03936453773170738,1.051,-0.021397736629450576,-0.43851953125,0.07895615386962891,0,0,1,0,-0.06447916180747176,-0.03936453773170738,-0.050999999999999934,0.021397736629450576,0.06775642224474152,-0.04118699480777402,-0.1008,0.020350539078254345,1425558720062,0,0,0,0,0,0,0
0.04713537568739449,0.04380168607579369,1.055,-0.020525072003453465,-0.26152130126953127,0.06097564697265625,0,0,1,0,-0.04713537568739449,-0.04380168607579369,-0.05499999999999994,0.020525072003453465,0.0320027210460932,-0.038951985999471035,-0.06733333333333331,0.016161748873467913,1425558720062,0,0,0,0,0,0,0
0.03570001101056336,0.04714776137300852,1.054,-0.02075196480621258,-0.17252444458007812,0.04666012954711914,0,0,1,0,-0.03570001101056336,-0.04714776137300852,-0.05400000000000005,0.02075196480621258,-0.006299848939493778,-0.03083582316716728,-0.038200000000000595,0.021724362532323075,1425558720062,0,0,0,0,0,0,0
0.029179935202676262,0.05037981671159474,1.055,-0.018657569703819404,-0.09878607940673828,0.04644097137451172,0,0,1,0,-0.029179935202676262,-0.05037981671159474,-0.05499999999999994,0.018657569703819404,-0.02342784641887856,-0.033351772454597535,-0.04964516129032191,0.008523399853529843,1425558720062,0,0,0,0,0,0,0
0.025861423362233737,0.052460841826888975,1.054,-0.01940806128217701,-0.050351383209228516,0.030281267166137694,0,0,1,0,-0.025861423362233737,-0.052460841826888975,-0.05400000000000005,0.01940806128217701,-0.041512480177860064,-0.02647743835772222,-0.0380529411764712,0.022719053539637043,1425558720392,0,0,0,0,0,0,0
0.028454962400846107,0.055467621965494,1.035,-0.017837264955382102,0.038020477294921876,0.04584819412231445,0,0,1,0,-0.028454962400846107,-0.055467621965494,-0.03499999999999992,0.017837264955382102,-0.07387353127997606,-0.0328947222644084,0.07430769230769305,0.01058743575479021,1425558720457,0,0,0,0,0,0,0
0.03295918759338269,0.05811982025217353,1.011,-0.017715091907742484,0.06684304809570313,0.040981727600097655,0,0,1,0,-0.03295918759338269,-0.05811982025217353,-0.010999999999999899,0.017715091907742484,-0.08571205091189685,-0.03139373460671404,0.11657313432835839,0.017168048410848673,1425558720524,0,0,0,0,0,0,0
0.039542591045167955,0.060733846716034746,0.981,-0.017680185322702578,0.09804097747802734,0.04095353698730469,0,0,1,0,-0.039542591045167955,-0.060733846716034746,0.019000000000000017,0.017680185322702578,-0.10390113040661961,-0.033608103390537714,0.19019999999999954,0.017505652397503044,1425558720584,0,0,0,0,0,0,0
0.0472271916462811,0.06177669572685773,0.94,-0.01666789435654584,0.11497444152832031,0.01767816162109375,0,0,1,0,-0.0472271916462811,-0.06177669572685773,0.06000000000000005,0.01666789435654584,-0.10835268878891982,-0.02400491013099418,0.25597101449275383,0.012266629286299159,1425558720653,0,0,0,0,0,0,0
0.05493685943625456,0.061693206000566395,0.902,-0.015742869852988926,0.11564982604980469,0.000675297737121582,0,0,1,0,-0.05493685943625456,-0.061693206000566395,0.09799999999999998,0.015742869852988926,-0.11749697484150393,-0.018248642832604953,0.29643278688524544,0.01119356901582377,1425558720714,0,0,0,0,0,0,0
0.06241458637661768,0.06193990949443621,0.863,-0.015830136315588637,0.11209375,0.005465834140777588,0,0,1,0,-0.06241458637661768,-0.06193990949443621,0.137,0.015830136315588637,-0.11443236442903507,-0.020078568699908098,0.30460000000000015,0.016204135441015968,0,0,0,0,0,0,0,0
0.06783996199629506,0.05938168892055484,0.815,-0.016598081186466027,0.08197786712646485,-0.03708028793334961,0,0,1,0,-0.06783996199629506,-0.05938168892055484,0.18500000000000005,0.016598081186466027,-0.11144514596237398,-0.003190260724105649,0.42800000000000027,0.02043780554085298,0,0,0,0,0,0,0,0
0.07101917150602295,0.0568560509190817,0.773,-0.016510814723866316,0.04831035614013672,-0.03708785629272461,0,0,1,0,-0.07101917150602295,-0.0568560509190817,0.22699999999999998,0.016510814723866316,-0.09733248723781351,-0.00476713189958264,0.3915999999999996,0.016136815598438985,0,0,0,0,0,0,0,0
0.07214400175937125,0.05365577920478431,0.721,-0.015515977050229588,0.017662704467773436,-0.04771896743774414,0,0,1,0,-0.07214400175937125,-0.05365577920478431,0.279,0.015515977050229588,-0.08849680673351001,0.0018942443361912864,0.5215606557377052,0.010623332753655516,0,0,0,0,0,0,0,0
0.07207870080537951,0.049572390229059106,0.674,-0.01499237827463132,-0.0000290679931640625,-0.06125865936279297,0,0,1,0,-0.07207870080537951,-0.049572390229059106,0.32599999999999996,0.01499237827463132,-0.08173416250053064,0.005139290480209162,0.4957999999999996,0.012748383522067315,0,0,0,0,0,0,0,0
0.06704138088838944,0.042619577679857856,0.628,-0.014625859131712467,-0.07398777770996094,-0.10541324615478516,0,0,1,0,-0.06704138088838944,-0.042619577679857856,0.372,0.014625859131712467,-0.0501978659580853,0.027340690823409564,0.5659333333333336,0.012793263417118202,0,0,0,0,0,0,0,0
0.059712625452675874,0.032221431495306596,0.579,-0.01420698011123392,-0.107638427734375,-0.15756329345703124,0,0,1,0,-0.059712625452675874,-0.032221431495306596,0.42100000000000004,0.01420698011123392,-0.03931587608191959,0.04187023739581056,0.5818000000000002,0.012411784309183008,0,0,0,0,0,0,0,0
0.0514937417601976,0.020557770005262266,0.53,-0.01282817000215822,-0.12078531646728516,-0.17668869018554687,0,0,1,0,-0.0514937417601976,-0.020557770005262266,0.47,0.01282817000215822,-0.024724093213649954,0.06028871257406135,0.6571475409836062,0.0060471366788351,0,0,0,0,0,0,0,0
0.04268237631013836,0.008867605864704971,0.482,-0.010454522219446013,-0.12991021728515625,-0.17703349304199217,0,0,1,0,-0.04268237631013836,-0.008867605864704971,0.518,0.010454522219446013,-0.022810058718292267,0.05616492932079001,0.6578782608695655,0.00013431446852337457,0,0,0,0,0,0,0,0
0.03373738690593318,-0.0029454268895060393,0.432,-0.008604473212332072,-0.13231504821777343,-0.17858851623535157,0,0,1,0,-0.03373738690593318,0.0029454268895060393,0.5680000000000001,0.008604473212332072,-0.012557905262160725,0.06709920649080443,0.7366580645161294,-0.0003473768220902222,0,0,0,0,0,0,0,0
0.02339109796764703,-0.01572099906924529,0.383,-0.006771877497737918,-0.15353970336914063,-0.1929618377685547,0,0,1,0,-0.02339109796764703,0.01572099906924529,0.617,0.006771877497737918,-0.0054156328036648466,0.06905987740737661,0.7421507246376808,-0.001195929957019273,0,0,0,0,0,0,0,0
0.010218216561617754,-0.03155467861889594,0.333,-0.004625122517785048,-0.1959803466796875,-0.2388378143310547,0,0,1,0,-0.010218216561617754,0.03155467861889594,0.667,0.004625122517785048,0.025525309397335043,0.10138841778706123,0.825266666666667,-0.0061086523819793,0,0,0,0,0,0,0,0
-0.004979660657347697,-0.049399502821310684,0.287,-0.000052359877559833914,-0.22672770690917968,-0.268723876953125,0,0,1,0,0.004979660657347697,0.049399502821310684,0.7130000000000001,0.000052359877559833914,0.0333765573163108,0.10493004421358418,0.8037333333333336,-0.01982921681907153,0,0,0,0,0,0,0,0
-0.02164793734844213,-0.0688799736863274,0.252,0.0038048177693475716,-0.2500088500976563,-0.29222015380859373,0,0,1,0,0.02164793734844213,0.0688799736863274,0.748,-0.0038048177693475716,0.05872854619048957,0.13027006688607662,0.7959806451612899,-0.022468580576964048,0,0,0,0,0,0,0,0
-0.04217441482775939,-0.0917920706361255,0.201,0.005654866776461624,-0.30920257568359377,-0.3425074768066406,0,0,1,0,0.04217441482775939,0.0917920706361255,0.7989999999999999,-0.005654866776461624,0.0805763402051763,0.1451656253056191,0.9016999999999996,-0.013816847690200088,0,0,0,0,0,0,0,0
-0.06298222383630994,-0.11221910740912869,0.154,0.008115781021773544,-0.31384481811523435,-0.30463568115234374,0,0,1,0,0.06298222383630994,0.11221910740912869,0.846,-0.008115781021773544,0.10283174461382749,0.14874731868004754,0.9421225806451616,-0.02002343059586348,0,0,0,0,0,0,0,0
-0.0837058303782009,-0.13040559904587326,0.108,0.01343903524035625,-0.31305780029296876,-0.2702655944824219,0,0,1,0,0.0837058303782009,0.13040559904587326,0.892,-0.01343903524035625,0.10090761028467124,0.13122964866398953,0.9469333333333335,-0.036583618799411494,0,0,0,0,0,0,0,0
-0.10397278512928404,-0.14688646138579203,0.056,0.019495327744776667,-0.307299072265625,-0.24310520935058594,0,0,1,0,0.10397278512928404,0.14688646138579203,0.944,-0.019495327744776667,0.12227057367954701,0.13857551311205335,1.0535606557377046,-0.04928037284848363,0,0,0,0,0,0,0,0
-0.12342268465903687,-0.16007760396044196,0.062,0.023247785636564468,-0.29555029296875,-0.1921421661376953,0,0,1,0,0.12342268465903687,0.16007760396044196,0.938,-0.023247785636564468,0.114453789806167,0.11499257729997113,0.7199652173913043,-0.03956281994868534,0,0,0,0,0,0,0,0
-0.1426701725248297,-0.16811640989926507,0,0.022881266493645726,-0.29143731689453123,-0.11383818817138672,0,0,1,0,0.1426701725248297,0.16811640989926507,1,-0.022881266493645726,0.13594205767347287,0.09671947369198977,1.155737704918033,-0.021078713331750272,0,0,0,0,0,0,0,0
