0.20321008554426095,-0.04077829143127753,0.71,-0.7123037743239261,-0.02111859893798828,0.07123604583740234,0.20117154192118145,-0.04529273537362403,0.71,-0.7123561342014859,-0.0020385436230795084,-0.004514443942346499,0,-0.000052359877559804424,-0.0010192718115397542,-0.0013543331827039497,0,-0.000052359877559804424,1425557946356,0,0,0,0,0,0,0
0.20535223337893108,-0.036553888142779954,0.708,-0.7112042168951699,-0.017095195770263673,0.06896006011962891,0.20117154192118145,-0.04529273537362403,0.71,-0.7123561342014859,-0.00418069145774963,-0.008738847230844074,0.0020000000000000018,-0.0011519173063160304,-0.015019524704653802,-0.028118811510546262,0.01366896551724139,-0.006839283317124095,1425557946356,0,0,0,0,0,0,0
0.20546583922863818,-0.03378888745045038,0.705,-0.7113438432353294,-0.02578169250488281,0.0325328254699707,0.20117154192118145,-0.04529273537362403,0.71,-0.7123561342014859,-0.004294297307456729,-0.011503847923173646,0.0050000000000000044,-0.001012290966156515,-0.002745914027962164,-0.017907963953847795,0.019671641791044792,-0.0003870983982780875,1425557946356,0,0,0,0,0,0,0
0.20682369881098658,-0.03200498711476555,0.702,-0.7108376977522509,-0.0020409729480743407,0.03356639862060547,0.20117154192118145,-0.04529273537362403,0.71,-0.7123561342014859,-0.005652156889805138,-0.013287748258858478,0.008000000000000007,-0.0015184364492349944,-0.010378605630364683,-0.013918029289034328,0.023066666666666687,-0.003928653035322992,1425557946356,0,0,0,0,0,0,0
0.20793560610458786,-0.031763618075795925,0.7,-0.7116929090857281,0.010277023315429687,0.013625970840454102,0.20117154192118145,-0.04529273537362403,0.71,-0.7123561342014859,-0.006764064183406415,-0.013529117297828103,0.010000000000000009,-0.0006632251157577818,-0.009118546740907155,-0.00533142302177187,0.01829411764705884,0.0031097660613475676,1425557946356,0,0,0,0,0,0,0
0.21180193617866588,-0.03192753501176936,0.696,-0.7111867636026498,0.045522953033447264,0.03601556015014649,0.20117154192118145,-0.04529273537362403,0.71,-0.7123561342014859,-0.010630394257484438,-0.013365200361854665,0.014000000000000012,-0.0011693705988361502,-0.026479455576407976,-0.0031520402838512694,0.03307500000000003,-0.0035419275507660025,1425557946676,0,0,0,0,0,0,0
0.21611023044821828,-0.03178247892793939,0.691,-0.71108204384753,0.047538421630859376,0.04383089828491211,0.20117154192118145,-0.04529273537362403,0.71,-0.7123561342014859,-0.014938688527036836,-0.01351025644568464,0.019000000000000017,-0.0012740903539558701,-0.030697827871394707,-0.004881830739917638,0.04212307692307696,-0.0017574123006622695,1425557946741,0,0,0,0,0,0,0
0.22221315773285055,-0.03160475029578048,0.687,-0.71113440372509,0.06761887359619141,0.061766353607177735,0.20117154192118145,-0.04529273537362403,0.71,-0.7123561342014859,-0.021041615811669107,-0.01368798507784355,0.02299999999999991,-0.0012217304763959547,-0.04446919170768044,-0.005150082829313134,0.040622222222221546,-0.000972397726110643,1425557946804,0,0,0,0,0,0,0
0.22897373147234762,-0.031162783312271774,0.683,-0.7105758983644517,0.07250234985351563,0.07121141052246094,0.20117154192118145,-0.04529273537362403,0.71,-0.7123561342014859,-0.027802189551166173,-0.014129952061352254,0.026999999999999913,-0.0017802358370342386,-0.048760303203032984,-0.006579730064172889,0.042188235294117596,-0.004244230075144314,1425557946872,0,0,0,0,0,0,0
0.23682690306184775,-0.032333869319037666,0.682,-0.7102268325140529,0.10074692535400391,0.06352086257934571,0.20117154192118145,-0.04529273537362403,0.71,-0.7123561342014859,-0.03565536114066631,-0.012958866054586363,0.027999999999999914,-0.0021293016874329718,-0.0615410122100806,0.0025442950853412595,0.027955555555555494,-0.0037915200226650344,1425557946935,0,0,0,0,0,0,0
0.24486141902278036,-0.033004343381837775,0.684,-0.7102093792215329,0.09793553161621094,0.07095281982421875,0.20117154192118145,-0.04529273537362403,0.71,-0.7123561342014859,-0.04368987710159891,-0.012288391991786253,0.025999999999999912,-0.0021467549799529806,-0.063930163390149,-0.00026635284191156615,0.010352238805970072,-0.0022249040509380947,1425557947002,0,0,0,0,0,0,0
0.25274667765382697,-0.035387813450832833,0.683,-0.7115358294530485,0.11299211883544921,0.050008834838867186,0.20117154192118145,-0.04529273537362403,0.71,-0.7123561342014859,-0.05157513573264552,-0.009904921922791195,0.026999999999999913,-0.0008203047484374171,-0.0697409254011647,0.010181472013818213,0.027155555555555492,0.005496124925446219,1425557947065,0,0,0,0,0,0,0
0.2626063737257187,-0.038222923286459654,0.682,-0.7103839121467324,0.13977987670898437,0.0643674087524414,0.20117154192118145,-0.04529273537362403,0.71,-0.7123561342014859,-0.061434831804537265,-0.007069812087164375,0.027999999999999914,-0.0019722220547535585,-0.08241081738213578,0.012596043067839098,0.027623880597014865,-0.007130060739751206,1425557947132,0,0,0,0,0,0,0
0.27070340952149646,-0.039719740976816624,0.683,-0.7112042168951699,0.10671852874755859,0.062182853698730466,0.20117154192118145,-0.04529273537362403,0.71,-0.7123561342014859,-0.06953186760031502,-0.005572994396807404,0.026999999999999913,-0.0011519173063160304,-0.07998079755295859,0.006546955963055583,0.01604444444444437,0.002754295781481722,1425557947195,0,0,0,0,0,0,0
0.27682865914505267,-0.043113963287218726,0.684,-0.7118499887184077,0.10283866882324219,0.021402791976928712,0.20117154192118145,-0.04529273537362403,0.71,-0.7123561342014859,-0.07565711722387122,-0.002178772086405302,0.025999999999999912,-0.0005061454830782575,-0.07010815309487964,0.016979121112826533,0.015576119402985,0.0023853701433595316,1425557947262,0,0,0,0,0,0,0
0.28381977951575277,-0.04619047039693437,0.688,-0.7121641479837668,0.109545654296875,0.03356185531616211,0.20117154192118145,-0.04529273537362403,0.71,-0.7123561342014859,-0.08264823759457132,0.0008977350233103434,0.02200000000000002,-0.00019198621771909785,-0.08049776662454658,0.01726333291462812,-0.004622222222221608,0.001304010283991186,1425557947325,0,0,0,0,0,0,0
0.28887282648141877,-0.05131411568639704,0.693,-0.7132287988274834,0.10759600830078125,-0.008644625663757325,0.20117154192118145,-0.04529273537362403,0.71,-0.7123561342014859,-0.08770128456023732,0.006021380312773009,0.017000000000000015,0.0008726646259974435,-0.06987664403065455,0.027702380180273097,-0.011762318840579716,0.005501581337808492,1425557947394,0,0,0,0,0,0,0
0.2929196518437404,-0.05586095783724572,0.7,-0.7140665568684406,0.09052992248535156,-0.011862174034118652,0.20117154192118145,-0.04529273537362403,0.71,-0.7123561342014859,-0.09174810992255897,0.010568222463621692,0.010000000000000009,0.0017104226669546474,-0.0695441151907519,0.029171812920196494,-0.032163934426229536,0.005830544179858929,1425557947455,0,0,0,0,0,0,0
0.2962354660524758,-0.061136167021265765,0.695,-0.7149217682019178,0.08940864562988281,-0.027224008560180663,0.20117154192118145,-0.04529273537362403,0.71,-0.7123561342014859,-0.09506392413129436,0.015843431647641737,0.015000000000000013,0.00256563400043186,-0.06511386675997183,0.031828522615053395,0.03773529411764709,0.006338625177537209,1425557947523,0,0,0,0,0,0,0
0.2982465284966833,-0.06608420255432297,0.696,-0.7146774221066386,0.07143553161621094,-0.03627169799804687,0.20117154192118145,-0.04529273537362403,0.71,-0.7123561342014859,-0.09707498657550187,0.020791467180698943,0.014000000000000012,0.0023212879051527358,-0.059944603719595965,0.03281790400698767,0.0058153846153846216,0.001193536696172162,1425557947588,0,0,0,0,0,0,0
0.2996698346974354,-0.0717048419754441,0.696,-0.7159689657531144,0.07137974548339844,-0.04968746566772461,0.20117154192118145,-0.04529273537362403,0.71,-0.7123561342014859,-0.09849829277625397,0.026412106601820078,0.014000000000000012,0.0036128315516285037,-0.057220278621723075,0.03680854953724861,0.01120000000000001,0.00931081822725689,1425557947656,0,0,0,0,0,0,0
0.29868503267269614,-0.07805484346666397,0.694,-0.714886861616878,0.051372364044189454,-0.08155770874023438,0.20117154192118145,-0.04529273537362403,0.71,-0.7123561342014859,-0.09751349075151469,0.03276210809303994,0.016000000000000014,0.0025307274153920645,-0.04381101667891149,0.04623820792988029,0.024275409836065596,-0.002791096205442882,1425557947717,0,0,0,0,0,0,0
0.2962090956435897,-0.0830532125272835,0.698,-0.7150613945420775,0.021102657318115236,-0.08096492004394532,0.20117154192118145,-0.04529273537362403,0.71,-0.7123561342014859,-0.09503755372240827,0.03776047715365947,0.01200000000000001,0.0027052603405915976,-0.03535322734020765,0.037439466534561414,-0.011295522388059706,0.0034867510504402533,1425557947784,0,0,0,0,0,0,0
0.2921851689196869,-0.09095276351980552,0.699,-0.7157420729503552,0.03211757278442383,-0.12904383850097656,0.20117154192118145,-0.04529273537362403,0.71,-0.7123561342014859,-0.09101362699850543,0.045660028146181496,0.01100000000000001,0.003385938748869277,-0.023615976455904263,0.05832099737119327,0.003154838709677423,0.006679543950212888,1425557947846,0,0,0,0,0,0,0
0.2898386886913944,-0.09682983743943195,0.701,-0.7156373531952357,0.031286022186279294,-0.08961878967285156,0.20117154192118145,-0.04529273537362403,0.71,-0.7123561342014859,-0.08866714677021295,0.05153710206580792,0.009000000000000008,0.0032812189937497793,-0.03296012617110869,0.04622554234750956,-0.0032477611940298513,0.00281232456784158,1425557947913,0,0,0,0,0,0,0
0.286125113420953,-0.10204941801200161,0.702,-0.7163703914810734,0.009330239295959473,-0.09563339233398438,0.20117154192118145,-0.04529273537362403,0.71,-0.7123561342014859,-0.08495357149977154,0.05675668263837758,0.008000000000000007,0.004014257279587485,-0.023420116360072987,0.04523260979933462,0.0010153846153846176,0.007397510906530744,1425557947978,0,0,0,0,0,0,0
0.2819996448319219,-0.10598643246048926,0.702,-0.716771817209032,-0.007892358779907226,-0.08517402648925781,0.20117154192118145,-0.04529273537362403,0.71,-0.7123561342014859,-0.08082810291074047,0.060693697086865235,0.008000000000000007,0.004415683007546134,-0.019529418204793206,0.03922644504545824,0.006400000000000006,0.006240345407358173,1425557948044,0,0,0,0,0,0,0
0.27527605162723817,-0.1100799872647258,0.704,-0.7171383363519509,-0.035697647094726566,-0.11255023193359374,0.20117154192118145,-0.04529273537362403,0.71,-0.7123561342014859,-0.07410450970605673,0.06478725189110177,0.006000000000000005,0.004782202150464987,-0.0013228830923804197,0.042004496239809876,-0.006137500000000005,0.0065002606328971105,1425557948108,0,0,0,0,0,0,0
0.26913928563093764,-0.11623251929419962,0.708,-0.7183775201208669,-0.00872376823425293,-0.1300555419921875,0.20117154192118145,-0.04529273537362403,0.71,-0.7123561342014859,-0.0679677437097562,0.0709397839205756,0.0020000000000000018,0.0060213859193809505,-0.002525553102205147,0.05413751206303531,-0.019612121212121227,0.011654039414453511,1425557948174,0,0,0,0,0,0,0
0.2626480860675562,-0.12151697817796446,0.709,-0.7191454649917444,-0.021135276794433593,-0.12376213073730469,0.20117154192118145,-0.04529273537362403,0.71,-0.7123561342014859,-0.06147654414637474,0.07622424280434043,0.0010000000000000009,0.006789330790258452,0.004200080212249352,0.052501912118271876,-0.00475555555555556,0.010446211127770364,1425557948237,0,0,0,0,0,0,0
0.25451764704963187,-0.12752394454847113,0.71,-0.7241196533599281,-0.03240073013305664,-0.14812974548339844,0.20117154192118145,-0.04529273537362403,0.71,-0.7123561342014859,-0.05334610512845042,0.08223120917484711,0,0.011763519158442204,0.014639780665159731,0.05638066709957744,-0.005223880597014929,0.03403600438911572,1425557948304,0,0,0,0,0,0,0
0.2489396034321089,-0.13243163247716414,0.711,-0.7287098692926732,-0.01390785789489746,-0.11057379913330079,0.20117154192118145,-0.04529273537362403,0.71,-0.7123561342014859,-0.04776806151092747,0.08713889710354011,-0.0010000000000000009,0.016353735091187316,0.00543071431693494,0.05336798566256046,-0.006268750000000005,0.03787037227593003,1425557948368,0,0,0,0,0,0,0
0.2432152664574525,-0.1357671607561948,0.711,-0.7335618846132176,-0.030740951538085936,-0.09450447082519531,0.20117154192118145,-0.04529273537362403,0.71,-0.7123561342014859,-0.04204372453627106,0.09047442538257078,-0.0010000000000000009,0.021205750411731672,0.007222866172510743,0.04475940865520658,-0.0008000000000000008,0.042611700355309715,1425557948436,0,0,0,0,0,0,0
0.23767156663681283,-0.13807040517027178,0.713,-0.7391294849270794,-0.03863642501831055,-0.0813367919921875,0.20117154192118145,-0.04529273537362403,0.71,-0.7123561342014859,-0.03650002471563138,0.09277766979664775,-0.0030000000000000027,0.026773350725593503,0.01180366656588933,0.041341930083486,-0.013690322580645172,0.05371335224427978,1425557948498,0,0,0,0,0,0,0
0.2331538489307954,-0.13914733763195497,0.712,-0.7425154236759484,-0.03920059585571289,-0.0575887451171875,0.20117154192118145,-0.04529273537362403,0.71,-0.7123561342014859,-0.031982307009613964,0.09385460225833095,-0.0020000000000000018,0.030159289474462447,0.006346035507813399,0.03435147278788734,0.0036238805970149274,0.04532020924551742,1425557948565,0,0,0,0,0,0,0
0.2288122574689192,-0.13960004457143646,0.713,-0.7469485599760138,-0.04338990020751953,-0.04903618621826172,0.20117154192118145,-0.04529273537362403,0.71,-0.7123561342014859,-0.027640715547737754,0.09430730919781244,-0.0030000000000000027,0.034592425774527924,0.009408660186835355,0.031475592501173384,-0.008045161290322587,0.05604308529097378,1425557948627,0,0,0,0,0,0,0
0.22422238031365943,-0.1390938909420414,0.714,-0.7514166028611193,-0.055676631927490235,-0.041204666137695314,0.20117154192118145,-0.04529273537362403,0.71,-0.7123561342014859,-0.023050838392477985,0.09380115556841737,-0.0040000000000000036,0.03906046865963342,0.010803307846275617,0.02622672500328073,-0.00834705882352942,0.058772422564510596,1425557948695,0,0,0,0,0,0,0
0.22208324154429954,-0.1400178285535987,0.715,-0.7549770745351878,-0.013985522270202637,-0.03203216552734375,0.20117154192118145,-0.04529273537362403,0.71,-0.7123561342014859,-0.02091169962311809,0.09472509317997468,-0.0050000000000000044,0.042620940333701895,0.0001194394235187659,0.034301772330564646,-0.009555555555555564,0.05957556735307559,1425557948758,0,0,0,0,0,0,0
0.22183847306294846,-0.1393154097743,0.716,-0.7594625707128132,-0.009894145011901856,0.005157444953918457,0.20117154192118145,-0.04529273537362403,0.71,-0.7123561342014859,-0.020666931141767014,0.09402267440067597,-0.006000000000000005,0.04710643651132729,-0.010432905055071183,0.025511781941487916,-0.009800000000000008,0.06632999155829325,1425557948828,0,0,0,0,0,0,0
0.22202433206977365,-0.13783452441140845,0.717,-0.7637386273801993,-0.013272758483886718,0.01802875518798828,0.20117154192118145,-0.04529273537362403,0.71,-0.7123561342014859,-0.020852790148592204,0.09254178903778443,-0.007000000000000006,0.05138249317871335,-0.012846366179141923,0.01999663735233609,-0.011433333333333344,0.07276277651564367,1425557948888,0,0,0,0,0,0,0
0.22271860311944955,-0.13659386969014548,0.721,-0.7672292858841878,-0.005349431037902832,0.020643686294555662,0.20117154192118145,-0.04529273537362403,0.71,-0.7123561342014859,-0.021547061198268103,0.09130113431652145,-0.01100000000000001,0.054873151682701904,-0.01569743009793645,0.02193930082746305,-0.029388235294117673,0.07027311567088669,1425557948956,0,0,0,0,0,0,0
0.2246389077781654,-0.13508599151393832,0.72,-0.7692713211090212,0.005034330368041992,0.03627589416503906,0.20117154192118145,-0.04529273537362403,0.71,-0.7123561342014859,-0.023467365856983946,0.0897932561403143,-0.010000000000000009,0.056915186907535276,-0.02393910778697913,0.019416116512591095,-0.0023548387096774225,0.06679600251156773,1425557949018,0,0,0,0,0,0,0
0.22738686277906936,-0.13349404120110853,0.72,-0.7709817437759756,0.013001999855041503,0.04582793426513672,0.20117154192118145,-0.04529273537362403,0.71,-0.7123561342014859,-0.026215320857887914,0.0882013058274845,-0.010000000000000009,0.0586256095744897,-0.028845208838089477,0.019193683453889963,-0.008000000000000007,0.06628421853100205,1425557949085,0,0,0,0,0,0,0
0.2296879955942195,-0.1314324246473306,0.719,-0.7741582430146052,0.0032072710990905763,0.04623251342773437,0.20117154192118145,-0.04529273537362403,0.71,-0.7123561342014859,-0.028516453673038067,0.08613968927370658,-0.009000000000000008,0.061802108813119316,-0.028442822996064827,0.015492199543836179,-0.0016444444444444466,0.07692829566373653,1425557949148,0,0,0,0,0,0,0
0.23276886307721995,-0.13012932403613642,0.719,-0.7762526381169985,0.01937750816345215,0.04628413009643555,0.20117154192118145,-0.04529273537362403,0.71,-0.7123561342014859,-0.0315973211560385,0.0848365886625124,-0.009000000000000008,0.0638965039155126,-0.03307807788317474,0.019905248040741126,-0.007200000000000007,0.07313648230842416,1425557949216,0,0,0,0,0,0,0
0.23534812547108072,-0.12765233147326246,0.719,-0.7783819398044316,0.0015751547813415527,0.05361751937866211,0.20117154192118145,-0.04529273537362403,0.71,-0.7123561342014859,-0.034176583549899275,0.08235959609963844,-0.009000000000000008,0.06602580560294569,-0.0328610696866881,0.012160102522471107,-0.007200000000000007,0.07616533744786513,1425557949279,0,0,0,0,0,0,0
0.23808090477257274,-0.1255918529127128,0.719,-0.7806159612469843,0.007487353801727295,0.050788894653320316,3,0,1,undefined,2.761919095227427,0.1255918529127128,0.281,0,1.3809595476137135,0.037677555873813835,0.22480000000000003,0,0,0,0,0,0,0,0,0
0.24163172880205577,-0.12304363809451789,0.719,-0.788993541656557,0.010943514823913574,0.06463848114013672,3,0,1,undefined,2.758368271197944,0.12304363809451789,0.281,0,1.3585361716465738,0.021055653251970122,0.22480000000000003,0,0,0,0,0,0,0,0,0
0.2411525813080484,-0.12155104577920244,0.72,-0.7978947208417282,-0.02095197105407715,0.0106739444732666,3,0,1,undefined,2.7588474186919516,0.12155104577920244,0.28,0,1.385368399973887,0.028318615800404255,0.21844444444444447,0,0,0,0,0,0,0,0,0
0.2446652885004713,-0.12245491952097766,0.724,-0.8083666963536941,0.04649547576904297,0.02825408172607422,3,0,1,undefined,2.7553347114995286,0.12245491952097766,0.276,0,1.36317093676575,0.04198062483940548,0.1985777777777778,0,0,0,0,0,0,0,0,0
0.25040585266820753,-0.12360072607015164,0.724,-0.8187164988180204,0.07190245819091796,0.05039940643310547,3,0,1,undefined,2.7495941473317926,0.12360072607015164,0.276,0,1.3525941108520614,0.04320019272346093,0.22080000000000002,0,0,0,0,0,0,0,0,0
0.2608961845059345,-0.12533876759276755,0.731,-0.8310385233371004,0.12653706359863282,0.09710117340087891,3,0,1,undefined,2.7391038154940657,0.12533876759276755,0.269,0,1.3189463778352148,0.047798777734642854,0.17568387096774193,0,0,0,0,0,0,0,0,0
0.28158861371614735,-0.13104857637954914,0.737,-0.8404633012978698,0.2724960021972656,0.17152580261230468,3,0,1,undefined,2.7184113862838526,0.13104857637954914,0.263,0,1.263163147839071,0.06917803037484077,0.17951764705882353,0,0,0,0,0,0,0,0,0
0.31015860882621304,-0.1376128197725955,0.749,-0.8465719536798499,0.3592439880371094,0.25356239318847656,3,0,1,undefined,2.689841391173787,0.1376128197725955,0.251,0,1.1957687718332037,0.07890011434702485,0.133058064516129,0,0,0,0,0,0,0,0,0
0.3467767696936857,-0.14708793069442203,0.756,-0.8498880792586394,0.4703778076171875,0.31724578857421876,3,0,1,undefined,2.653223230306314,0.14708793069442203,0.244,0,1.1492306813698567,0.09428183193355065,0.1586328358208955,0,0,0,0,0,0,0,0,0
0.39239290512312786,-0.15875899474958674,0.767,-0.8515985019255938,0.5831564331054687,0.3984517822265625,3,0,1,undefined,2.6076070948768724,0.15875899474958674,0.23299999999999998,0,1.0659313315708614,0.11322556596861368,0.12528888888888884,0,0,0,0,0,0,0,0,0
0.44515568543315714,-0.16959357339806805,0.777,-0.8517206749732334,0.6436554565429687,0.48836456298828124,3,0,1,undefined,2.554844314566843,0.16959357339806805,0.22299999999999998,0,1.023137076209081,0.10751823207404275,0.12692941176470585,0,0,0,0,0,0,0,0,0
0.5015094912804972,-0.18169218711453633,0.787,-0.8512668893677149,0.693342529296875,0.5164832153320312,3,0,1,undefined,2.498490508719503,0.18169218711453633,0.21299999999999997,0,0.9499560480177398,0.12379287753187772,0.11394838709677416,0,0,0,0,0,0,0,0,0
0.5653427415044676,-0.19618656917889413,0.798,-0.8495739199932804,0.7945430297851562,0.5768663940429688,3,0,1,undefined,2.434657258495532,0.19618656917889413,0.20199999999999996,0,0.9092678193734407,0.13457941029541337,0.1049823529411764,0,0,0,0,0,0,0,0,0
0.6337643563677695,-0.21559651002062044,0.807,-0.8473398985507277,0.896337890625,0.5785219116210938,3,0,1,undefined,2.3662356436322307,0.21559651002062044,0.19299999999999995,0,0.8188265201930216,0.17550487197534947,0.10359354838709672,0,0,0,0,0,0,0,0,0
0.7037534796424598,-0.23648750320158818,0.819,-0.8437619735841394,0.9298441772460937,0.5794348754882812,3,0,1,undefined,2.29624652035754,0.23648750320158818,0.18100000000000005,0,0.8166501283293246,0.1783319056101003,0.08393043478260925,0,0,0,0,0,0,0,0,0
0.7833680396087311,-0.26506747388488683,0.826,-0.8399571558147917,1.1140477294921876,0.60732080078125,3,0,1,undefined,2.2166319603912688,0.26506747388488683,0.17400000000000004,0,0.683797420067038,0.2424399768383942,0.09968387096774195,0,0,0,0,0,0,0,0,0
0.866248186372185,-0.2948102356673006,0.836,-0.834598995011169,1.1620343017578125,0.6279093627929687,3,0,1,undefined,2.133751813627815,0.2948102356673006,0.16400000000000003,0,0.6602680019127481,0.2455944202278919,0.07896119402985075,0,0,0,0,0,0,0,0,0
0.9516779776162148,-0.32379075327525275,0.84,-0.8306894574867018,1.1825897216796875,0.6576917724609375,3,0,1,undefined,2.0483220223837852,0.32379075327525275,0.16000000000000003,0,0.5771895883644689,0.260122803107787,0.10577777777777779,0,0,0,0,0,0,0,0,0
1.0361605434078431,-0.35182092551677774,0.844,-0.8253138433905591,1.1650443115234375,0.6521851806640625,3,0,1,undefined,1.9638394565921569,0.35182092551677774,0.15600000000000003,0,0.5823785520339182,0.24995376872830152,0.10451014492753624,0,0,0,0,0,0,0,0,0
1.1272383054505424,-0.37968770846960065,0.852,-0.8220849842743697,1.2338380126953126,0.7202637939453125,3,0,1,undefined,1.8727616945494576,0.37968770846960065,0.14800000000000002,0,0.4439394864659346,0.2762547576052944,0.07249836065573768,0,0,0,0,0,0,0,0,0
1.225104933809463,-0.4071560404352064,0.856,-0.8177391144369036,1.3010960693359375,0.7949439697265624,3,0,1,undefined,1.774895066190537,0.4071560404352064,0.14400000000000002,0,0.4150651311034428,0.266261866115514,0.09461176470588237,0,0,0,0,0,0,0,0,0
1.3262474764566328,-0.42907184284183897,0.864,-0.8137074038647969,1.2773760986328124,0.8820921020507813,3,0,1,undefined,1.6737525235433672,0.42907184284183897,0.136,0,0.30737060218704837,0.2534802595019132,0.06435555555555553,0,0,0,0,0,0,0,0,0
1.4308901638688023,-0.45612126658410224,0.873,-0.8101643854832483,1.37295068359375,0.8622083129882813,3,0,1,undefined,1.5691098361311977,0.45612126658410224,0.127,0,0.2713626723857394,0.2814491899062222,0.05458507462686565,0,0,0,0,0,0,0,0,0
1.5435730504519605,-0.47886690893506445,0.877,-0.8077558311154961,1.4123731689453125,0.9892074584960937,3,0,1,undefined,1.4564269495480395,0.47886690893506445,0.123,0,0.13656364589120507,0.27363628864406386,0.07617777777777776,0,0,0,0,0,0,0,0,0
1.6550672459345395,-0.49652765739130483,0.882,-0.804404798951667,1.347302978515625,1.02563037109375,3,0,1,undefined,1.3449327540654605,0.49652765739130483,0.118,0,0.14221032138270362,0.242495944199057,0.06903768115942027,0,0,0,0,0,0,0,0,0
1.770165747633509,-0.5080533770460774,0.89,-0.8014900991008365,1.3219315185546876,1.1238822021484376,3,0,1,undefined,1.229834252366491,0.5080533770460774,0.10999999999999999,0,-0.009439702888602741,0.222811244340454,0.04209836065573766,0,0,0,0,0,0,0,0,0
1.8917398597756179,-0.5164783679011615,0.894,-0.799779676433882,1.359358642578125,1.22215966796875,3,0,1,undefined,1.1082601402243821,0.5164783679011615,0.10599999999999998,0,-0.0441716309278023,0.20356475001431895,0.06390447761194026,0,0,0,0,0,0,0,0,0
2.018109339298837,-0.5235894771305788,0.899,-0.7978598142566883,1.3974381103515625,1.285155517578125,3,0,1,undefined,0.981890660701163,0.5235894771305788,0.10099999999999998,0,-0.17370179807257524,0.20152296028148597,0.053022222222222186,0,0,0,0,0,0,0,0,0
2.1423373298321917,-0.5230139078844284,0.902,-0.7978249076716484,1.2949345703125,1.3399822998046875,3,0,1,undefined,0.8576626701678083,0.5230139078844284,0.09799999999999998,0,-0.17258869350968659,0.1592372878124,0.06295882352941173,0,0,0,0,0,0,0,0,0
