0.15617027592105215,-0.04956112702761909,0.719,0.05960299395560634,-0.0024730610847473146,0.02843485450744629,0,0,1,0,-0.15617027592105215,0.04956112702761909,0.281,-0.05960299395560634,-0.07808513796052607,0.014868338108285726,0.22480000000000003,-0.05960299395560634,0,0,0,0,0,0,0,0
0.1554698435731822,-0.04659519980768427,0.716,0.05684537373745527,-0.00783772611618042,0.0450357551574707,0,0,1,0,-0.1554698435731822,0.04659519980768427,0.28400000000000003,-0.05684537373745527,-0.07406441838869082,-0.001961530515930293,0.2433538461538462,-0.04411789580752726,0,0,0,0,0,0,0,0
0.1556693606560627,-0.04492716276054755,0.715,0.05120796025351351,0.004409459114074707,0.024810108184814453,0,0,1,0,-0.1556693606560627,0.04492716276054755,0.28500000000000003,-0.05120796025351351,-0.07909652264087452,0.004692436627917997,0.23330303030303035,-0.025583353508323716,0,0,0,0,0,0,0,0
0.1560426943104179,-0.04315248031703911,0.714,0.046687557490848214,0.0069552364349365235,0.026298702239990233,0,0,1,0,-0.1560426943104179,0.04315248031703911,0.28600000000000003,-0.046687557490848214,-0.08036668007817811,0.0033280058768748247,0.23426875000000003,-0.025498169540854626,0,0,0,0,0,0,0,0
0.1576940758478467,-0.04253691733347108,0.715,0.04401720373529697,0.025174661636352538,0.008067318916320801,0,0,1,0,-0.1576940758478467,0.04253691733347108,0.28500000000000003,-0.04401720373529697,-0.08814525800624762,0.009561710679487764,0.22261538461538466,-0.031692494094291215,0,0,0,0,0,0,0,0
0.1601940820609255,-0.041942285031940585,0.72,0.040002946455709926,0.03785625457763672,0.007260728836059571,0,0,1,0,-0.1601940820609255,0.041942285031940585,0.28,-0.040002946455709926,-0.09406890475039587,0.009523287146809207,0.1970769230769231,-0.0214756051653082,0,0,0,0,0,0,0,0
0.16400423188087315,-0.04033940128161211,0.727,0.036390114904081644,0.05806806945800781,0.021738372802734374,0,0,1,0,-0.16400423188087315,0.04033940128161211,0.273,-0.036390114904081644,-0.10313520183269374,0.003639596369785362,0.18070769230769232,-0.019715507742720344,0,0,0,0,0,0,0,0
0.16358069664268207,-0.03995797267407481,0.734,0.033457961760731264,-0.006140665054321289,0.005948777675628662,0,0,1,0,-0.16358069664268207,0.03995797267407481,0.266,-0.033457961760731264,-0.08030434442923066,0.01019031462892397,0.1762328358208955,-0.020328917835281804,0,0,0,0,0,0,0,0
0.16484358555959971,-0.038120075330495565,0.742,0.03155555287605752,0.019854944229125978,0.026919343948364257,0,0,1,0,-0.16484358555959971,0.038120075330495565,0.258,-0.03155555287605752,-0.09016021005977946,0.0016048786784232383,0.16265,-0.022638011229149338,0,0,0,0,0,0,0,0
0.16414956299649386,-0.03661195569953823,0.743,0.028710666195306628,-0.009691431045532226,0.022938982009887695,0,0,1,0,-0.16414956299649386,0.03661195569953823,0.257,-0.028710666195306628,-0.0792764276592109,0.003106597491346388,0.20021538461538463,-0.015580419976456364,0,0,0,0,0,0,0,0
0.1627510619834318,-0.03510934414685374,0.749,0.028379053637427792,-0.020321844100952148,0.023132080078125,0,0,1,0,-0.1627510619834318,0.03510934414685374,0.251,-0.028379053637427792,-0.07488961984320501,0.0027082939822441372,0.16849230769230766,-0.026848534139525475,0,0,0,0,0,0,0,0
0.15957006928388848,-0.033630632491408026,0.757,0.026319565120074412,-0.0470662956237793,0.023525665283203125,0,0,1,0,-0.15957006928388848,0.033630632491408026,0.243,-0.026319565120074412,-0.0638048118804917,0.0024152321510924855,0.1513230769230769,-0.01681423350152035,0,0,0,0,0,0,0,0
0.15644804518702127,-0.032916891318982434,0.763,0.024521875990520275,-0.04653239440917969,0.01193482208251953,0,0,1,0,-0.15644804518702127,0.032916891318982434,0.237,-0.024521875990520275,-0.06291928937771415,0.006400137411065113,0.15778181818181813,-0.0163505617652742,0,0,0,0,0,0,0,0
0.1502354253886046,-0.03140059536340709,0.772,0.02406809038500171,-0.09260359954833984,0.02502254867553711,0,0,1,0,-0.1502354253886046,0.03140059536340709,0.22799999999999998,-0.02406809038500171,-0.042490054020641016,0.001458092564265729,0.13318124999999997,-0.021940970359133442,0,0,0,0,0,0,0,0
0.14536311989935083,-0.03197478724599721,0.778,0.02277654673852594,-0.07327069091796876,-0.006851547241210938,0,0,1,0,-0.14536311989935083,0.03197478724599721,0.22199999999999998,-0.02277654673852594,-0.04788816073055803,0.013035179692521348,0.14529230769230767,-0.01681557606248392,0,0,0,0,0,0,0,0
0.1383636632782902,-0.03311372269590988,0.786,0.023684117949563068,-0.10535369873046875,-0.014688455581665039,0,0,1,0,-0.1383636632782902,0.03311372269590988,0.21399999999999997,-0.023684117949563068,-0.03302447809142933,0.01643931114821503,0.1281230769230769,-0.027872908154349813,0,0,0,0,0,0,0,0
0.13264645224164573,-0.034603357876635515,0.794,0.023527038316883544,-0.08626327514648438,-0.02030734443664551,0,0,1,0,-0.13264645224164573,0.034603357876635515,0.20599999999999996,-0.023527038316883544,-0.037156492067766625,0.01879707705096855,0.12172307692307686,-0.0228020553968242,0,0,0,0,0,0,0,0
0.1237262567334645,-0.03527151759840443,0.801,0.023719024534602864,-0.13400167846679686,-0.006871925830841064,0,0,1,0,-0.1237262567334645,0.03527151759840443,0.19899999999999995,-0.023719024534602864,-0.01625896905928892,0.014542962909319444,0.12207878787878783,-0.024591689160599773,0,0,0,0,0,0,0,0
0.11522365160464206,-0.03662254563820693,0.809,0.02316051917396469,-0.1279838333129883,-0.017234901428222656,0,0,1,0,-0.11522365160464206,0.03662254563820693,0.19099999999999995,-0.02316051917396469,-0.012886854922496728,0.018816873091333695,0.10904999999999992,-0.020542525295973255,0,0,0,0,0,0,0,0
0.10778264936259822,-0.03670934004009945,0.815,0.022794000031045838,-0.11161524963378906,0.00128326416015625,0,0,1,0,-0.10778264936259822,0.03670934004009945,0.18500000000000005,-0.022794000031045838,-0.016866282740238187,0.011932475669034262,0.11665671641791106,-0.021152869540364407,0,0,0,0,0,0,0,0
0.09742535219106804,-0.037800613229872576,0.821,0.022741640153486144,-0.15569218444824218,-0.012823888778686524,0,0,1,0,-0.09742535219106804,0.037800613229872576,0.17900000000000005,-0.022741640153486144,0.005148193824900192,0.01770711083906043,0.11089230769230772,-0.022499979180133713,0,0,0,0,0,0,0,0
0.0890451833564994,-0.03860340061255305,0.827,0.023474678439323625,-0.12594385528564453,-0.009180261611938476,0,0,1,0,-0.0890451833564994,0.03860340061255305,0.17300000000000004,-0.023474678439323625,-0.000659724053971189,0.016486810322819796,0.10558750000000003,-0.026910795404186814,0,0,0,0,0,0,0,0
0.08175955028071888,-0.03945144056452399,0.837,0.023160519173964687,-0.10955297088623046,-0.010151911735534667,0,0,1,0,-0.08175955028071888,0.03945144056452399,0.16300000000000003,-0.023160519173964687,-0.004263984155689501,0.01687419832363203,0.07736969696969698,-0.021732522513242244,0,0,0,0,0,0,0,0
0.07388223400515408,-0.04047657210018482,0.844,0.023265238929084407,-0.11848416137695313,-0.012636452674865723,0,0,1,0,-0.07388223400515408,0.04047657210018482,0.15600000000000003,-0.023265238929084407,0.00407052975670065,0.018316649312637358,0.08651874999999999,-0.023756112781208094,0,0,0,0,0,0,0,0
0.06652241035649813,-0.04166774360406149,0.852,0.0225496539357666,-0.11078313446044921,-0.015294548034667968,0,0,1,0,-0.06652241035649813,0.04166774360406149,0.14800000000000002,-0.0225496539357666,0.004257948278910843,0.01950889711698756,0.07532307692307691,-0.019246953966607486,0,0,0,0,0,0,0,0
0.059221738746011,-0.043227989506658834,0.858,0.022148228207808058,-0.11000993347167969,-0.020928533554077148,0,0,1,0,-0.059221738746011,0.043227989506658834,0.14200000000000002,-0.022148228207808058,0.00695506087285936,0.021865532257004,0.08178181818181818,-0.02032356580799651,0,0,0,0,0,0,0,0
0.052303867665593064,-0.043611389406238606,0.868,0.020891591146372086,-0.10386997985839844,-0.0034514970779418947,0,0,1,0,-0.052303867665593064,0.043611389406238606,0.132,-0.020891591146372086,0.009496946625911652,0.01583115041527221,0.05091249999999997,-0.015001104920890965,0,0,0,0,0,0,0,0
0.04537147407352939,-0.04399359763640405,0.878,0.0210312174865316,-0.10408297729492187,-0.0035595993995666503,0,0,1,0,-0.04537147407352939,0.04399359763640405,0.122,-0.0210312174865316,0.011314633439730645,0.015875180551492035,0.04536119402985071,-0.02165641005441003,0,0,0,0,0,0,0,0
0.03768325470705143,-0.04446187653862992,0.887,0.020839231268812285,-0.11544550323486329,-0.004597419738769531,0,0,1,0,-0.03768325470705143,0.04446187653862992,0.11299999999999999,-0.020839231268812285,0.020965579123931457,0.01660840991211159,0.04118124999999996,-0.01993929587325299,0,0,0,0,0,0,0,0
0.030735004677106447,-0.04467810879158153,0.895,0.020176006153054392,-0.10426870727539063,-0.0010709939002990722,0,0,1,0,-0.030735004677106447,0.04467810879158153,0.10499999999999998,-0.020176006153054392,0.01978843073283354,0.015305747628057127,0.04092307692307688,-0.017114967157248733,0,0,0,0,0,0,0,0
0.02235476190175197,-0.04498968536646733,0.902,0.02029817920069401,-0.12577234649658203,-0.0021366720199584963,0,0,1,0,-0.02235476190175197,0.04498968536646733,0.09799999999999998,-0.02029817920069401,0.031674751692864225,0.01594185639873364,0.040707692307692264,-0.020862054805184552,1425561086854,0,0,0,0,0,0,0
0.015304114123614702,-0.04519622611734372,0.909,0.020612338466052947,-0.10580081176757812,-0.0009508907794952392,0,0,1,0,-0.015304114123614702,0.04519622611734372,0.09099999999999997,-0.020612338466052947,0.028030770230429065,0.015467618657075995,0.035107692307692256,-0.02206230430617112,1425561086854,0,0,0,0,0,0,0
0.008499276785405598,-0.04525107033688996,0.914,0.020525072003453236,-0.10206783294677735,0.0012813166379928589,0,0,1,0,-0.008499276785405598,0.04525107033688996,0.08599999999999997,-0.020525072003453236,0.027486399599167148,0.014677826265187887,0.04379999999999996,-0.020151072878025904,1425561086854,0,0,0,0,0,0,0
0.0013613136299091982,-0.04458046573618861,0.919,0.020559978588493143,-0.10684044647216796,0.012254404067993165,0,0,1,0,-0.0013613136299091982,0.04458046573618861,0.08099999999999996,-0.020559978588493143,0.03732530376857639,0.010444392543011237,0.03657419354838705,-0.0207288814193314,1425561086854,0,0,0,0,0,0,0
-0.0045793851087622146,-0.04419648370404914,0.925,0.01961750079241622,-0.08897323608398437,0.007590493679046631,0,0,1,0,0.0045793851087622146,0.04419648370404914,0.07499999999999996,-0.01961750079241622,0.03249182687433389,0.012043253077668742,0.02718749999999994,-0.015199636123305639,1425561086854,0,0,0,0,0,0,0
-0.00962664839300713,-0.042965331266013006,0.931,0.020525072003453236,-0.07533212280273438,0.0199488582611084,0,0,1,0.01961750079241622,0.00962664839300713,0.042965331266013006,0.06899999999999995,-0.0009075712110370171,0.004813324196503565,0.012889599379803902,0.055199999999999964,-0.0009075712110370171,1425561086854,0,0,0,0,0,0,0
-0.013859282766932894,-0.04368978549184091,0.936,0.021816615649929115,-0.06369916915893555,-0.00956148910522461,0,0,1,0.01961750079241622,0.013859282766932894,0.04368978549184091,0.06399999999999995,-0.002199114857512896,0.030085730556843805,0.0170967561577634,0.02385624999999994,-0.008253225700368579,1425561087244,0,0,0,0,0,0,0
-0.018670285115188704,-0.04319534274832205,0.939,0.023352505391684007,-0.07198606872558594,0.008989148139953614,0,0,1,0.01961750079241622,0.018670285115188704,0.04319534274832205,0.061000000000000054,-0.0037350045992677883,0.03486922612749172,0.010393028361431318,0.03289090909090971,-0.010716321607244571,1425561087310,0,0,0,0,0,0,0
-0.021050024338156947,-0.042673644620099184,0.944,0.024050637092481807,-0.03550362777709961,0.008656855583190917,0,0,1,0.01961750079241622,0.021050024338156947,0.042673644620099184,0.05600000000000005,-0.004433136300065588,0.023373867445412602,0.01007715787660761,0.0178769230769231,-0.0076552826114400455,1425561087375,0,0,0,0,0,0,0
-0.02490515732765907,-0.04289195982454632,0.945,0.025656340004316627,-0.05788902282714844,-0.0018831390142440797,0,0,1,0.01961750079241622,0.02490515732765907,0.04289195982454632,0.05500000000000005,-0.006038839211900408,0.03294777797817402,0.014137837043575251,0.03869696969696973,-0.013337488811149588,1425561087441,0,0,0,0,0,0,0
-0.02732261472391972,-0.04462126125586011,0.949,0.026459191460234035,-0.03691536712646484,-0.02500074005126953,0,0,1,0.01961750079241622,0.02732261472391972,0.04462126125586011,0.051000000000000045,-0.006841690667817816,0.02695057621998652,0.022984570137875023,0.018925000000000018,-0.010605056867430667,1425561087505,0,0,0,0,0,0,0
-0.030847014942052563,-0.046772044998143664,0.95,0.026633724385433457,-0.053701019287109374,-0.03085183525085449,0,0,1,0.01961750079241622,0.030847014942052563,0.046772044998143664,0.050000000000000044,-0.007016223593017238,0.03448989638906476,0.02578423311499223,0.034615384615384645,-0.007821760170860725,1425561087570,0,0,0,0,0,0,0
-0.03275079817004912,-0.04719613805769569,0.953,0.026965336943312292,-0.028716028213500975,-0.005598657131195069,0,0,1,0.01961750079241622,0.03275079817004912,0.04719613805769569,0.04700000000000004,-0.007347836150896073,0.026581684042221932,0.01661044560240448,0.021690909090909115,-0.008855165959436233,1425561087636,0,0,0,0,0,0,0
-0.035547220947848665,-0.04870910706784367,0.955,0.02806489437206874,-0.042542984008789066,-0.02155532455444336,0,0,1,0.01961750079241622,0.035547220947848665,0.04870910706784367,0.04500000000000004,-0.008447393579652521,0.03296484208749956,0.022993775087422896,0.025230769230769255,-0.013522274020066897,1425561087701,0,0,0,0,0,0,0
-0.03785412346215296,-0.04942281485610527,0.96,0.02949606435870413,-0.03489032363891602,-0.00973038387298584,0,0,1,0.01961750079241622,0.03785412346215296,0.04942281485610527,0.040000000000000036,-0.009878563566287912,0.031319189894400856,0.01887856430187728,0.005484848484848495,-0.01638388168735787,1425561087767,0,0,0,0,0,0,0
-0.0396993982396985,-0.05121883888458595,0.962,0.029949849964222584,-0.028461601257324217,-0.026112335205078125,0,0,1,0.01961750079241622,0.0396993982396985,0.05121883888458595,0.038000000000000034,-0.010332349171806365,0.02997015290855143,0.0253367483419324,0.01963076923076925,-0.012426744274199226,1425561087832,0,0,0,0,0,0,0
-0.042520191557608604,-0.051827149868168776,0.967,0.0307003415425803,-0.042566165924072266,-0.007853527069091797,0,0,1,0.01961750079241622,0.042520191557608604,0.051827149868168776,0.03300000000000003,-0.01108284075016408,0.03714231632056278,0.019260499590877285,-0.001377777777777773,-0.014656610170915102,1425561087895,0,0,0,0,0,0,0
-0.043298569746234444,-0.052633294701843754,0.967,0.030997047515419228,-0.012041346549987793,-0.011728083610534668,0,0,1,0.01961750079241622,0.043298569746234444,0.052633294701843754,0.03300000000000003,-0.011379546723003009,0.02601677160401942,0.020432586032743685,0.026400000000000024,-0.01272821023590723,1425561087961,0,0,0,0,0,0,0
-0.04506266682141446,-0.054356757529998426,0.97,0.031154127148098752,-0.027249950408935547,-0.02501942825317383,0,0,1,0.01961750079241622,0.04506266682141446,0.054356757529998426,0.030000000000000027,-0.011536626355682533,0.03229933200451199,0.02599013075126924,0.007846153846153857,-0.012261609275741877,1425561088026,0,0,0,0,0,0,0
-0.0448618078550542,-0.054826083845597354,0.976,0.03152064629101761,0.002792136192321777,-0.007130327224731445,0,0,1,0.01961750079241622,0.0448618078550542,0.054826083845597354,0.02400000000000002,-0.011903145498601393,0.02168071242451959,0.019339182296556828,-0.012143283582089558,-0.013544275989282855,1425561088093,0,0,0,0,0,0,0
-0.04575648755481271,-0.05609436661631422,0.977,0.030141836181942022,-0.014013086318969727,-0.018591848373413086,0,0,1,0.01961750079241622,0.04575648755481271,0.05609436661631422,0.02300000000000002,-0.010524335389525803,0.028176584895100387,0.024349317337885912,0.012844444444444457,-0.0039585729653563275,1425561088156,0,0,0,0,0,0,0
-0.04503038447040013,-0.05613238713849547,0.978,0.029077185338225477,0.01086941146850586,-0.0008982902765274048,0,0,1,0.01961750079241622,0.04503038447040013,0.05613238713849547,0.02200000000000002,-0.009459684545809258,0.018962574487219032,0.017555920041977088,0.012215384615384626,-0.004545911420963667,1425561088221,0,0,0,0,0,0,0
-0.044242583784557206,-0.05636785231072961,0.98,0.028483773392547398,0.011709329605102538,-0.0038740415573120116,0,0,1,0.01961750079241622,0.044242583784557206,0.05636785231072961,0.020000000000000018,-0.008866272600131179,0.018265213969901842,0.018726362197934103,0.005230769230769237,-0.00612744823546312,1425561088286,0,0,0,0,0,0,0
-0.043949579616860864,-0.05700609965635473,0.982,0.026930430358272497,0.0041206212043762205,-0.009694997787475585,0,0,1,0.01961750079241622,0.043949579616860864,0.05700609965635473,0.018000000000000016,-0.007312929565856278,0.02083591232139327,0.021072216053120433,0.0037939393939394,-0.0002522794100612742,1425561088352,0,0,0,0,0,0,0
-0.042350873336324014,-0.056848390426202544,0.985,0.024801128670839414,0.02403559875488281,0.0017190510034561157,0,0,1,0.01961750079241622,0.042350873336324014,0.056848390426202544,0.015000000000000013,-0.005183627878423195,0.013140332886402924,0.016841441380512773,-0.003909090909090911,0.004495016155363544,1425561088418,0,0,0,0,0,0,0
-0.041183393366958546,-0.05643763837756569,0.985,0.02267182698340633,0.017659605026245116,0.005725108146667481,0,0,1,0.01961750079241622,0.041183393366958546,0.05643763837756569,0.015000000000000013,-0.003054326190990112,0.014676282042339409,0.015344372415065206,0.01200000000000001,0.006926775468852463,1425561088482,0,0,0,0,0,0,0
-0.039163722130945364,-0.05598746679947253,0.984,0.020472712125893435,0.03044036293029785,0.006064052581787109,0,0,1,0.01961750079241622,0.039163722130945364,0.05598746679947253,0.016000000000000014,-0.0008552113334772161,0.009031090217016946,0.015029577368674723,0.018268750000000018,0.009453139561114484,1425561088546,0,0,0,0,0,0,0
-0.037705827017260184,-0.054527500322155587,0.985,0.01778490507782218,0.022312154769897462,0.021447233200073242,0,0,1,0.01961750079241622,0.037705827017260184,0.054527500322155587,0.015000000000000013,0.0018325957145940396,0.011640843611440514,0.009347204922769092,0.006696969696969704,0.01404990047855429,1425561088612,0,0,0,0,0,0,0
-0.03554147995734933,-0.05276941321778956,0.983,0.016423548261266598,0.032929058074951174,0.025789775848388673,0,0,1,0.01961750079241622,0.03554147995734933,0.05276941321778956,0.017000000000000015,0.0031939525311496207,0.006658857533526642,0.0071297025110077725,0.02436923076923079,0.009477137838329226,1425561088677,0,0,0,0,0,0,0
-0.0340333076358265,-0.05148754404140517,0.98,0.014800392056911884,0.022935312271118165,0.018853918075561523,0,0,1,0.01961750079241622,0.0340333076358265,0.05148754404140517,0.020000000000000018,0.004817108735504335,0.009583526309020781,0.009447955319936086,0.031909090909090936,0.012195091482571217,1425561088743,0,0,0,0,0,0,0
-0.030880815245591192,-0.048996449748293744,0.981,0.01387536755335486,0.04783522415161133,0.0366624755859375,0,0,1,0.01961750079241622,0.030880815245591192,0.048996449748293744,0.019000000000000017,0.005742133239061359,-0.0012152654002119054,0.0019066039312753968,0.009731250000000009,0.01007818559948491,1425561088807,0,0,0,0,0,0,0
-0.02785475601668473,-0.0461961969783303,0.98,0.014433872913993031,0.04596931838989258,0.04136995315551758,0,0,1,0.01961750079241622,0.02785475601668473,0.0461961969783303,0.020000000000000018,0.005183627878423188,-0.0017641617428820408,-0.00035855660218162867,0.021384615384615405,0.0026059108293239367,1425561088872,0,0,0,0,0,0,0
-0.023928326943529393,-0.042136772240313654,0.98,0.013334315485236583,0.05976916885375977,0.06003495407104492,0,0,1,0.01961750079241622,0.023928326943529393,0.042136772240313654,0.020000000000000018,0.006283185307179636,-0.00855996818213268,-0.008329151872686132,0.016000000000000014,0.011358065747594012,1425561088937,0,0,0,0,0,0,0
-0.020380062369378126,-0.0383459436346553,0.978,0.012426744274199566,0.05397743606567383,0.05614768981933594,0,0,1,0.01961750079241622,0.020380062369378126,0.0383459436346553,0.02200000000000002,0.007190756518216653,-0.008284583049415527,-0.007995188724476451,0.028369230769230792,0.011379546723002886,1425561089002,0,0,0,0,0,0,0
-0.01652543855813078,-0.03400574613633963,0.979,0.01171115928088198,0.0586238899230957,0.06437944793701172,0,0,1,0.01961750079241622,0.01652543855813078,0.03400574613633963,0.02100000000000002,0.00790634151153424,-0.011230877432911311,-0.011534983592255698,0.011576119402985087,0.011110453421911491,1425561089069,0,0,0,0,0,0,0
-0.01264605453929377,-0.02912831303928898,0.976,0.011763519158441784,0.05904355621337891,0.07247501373291015,0,0,1,0.01961750079241622,0.01264605453929377,0.02912831303928898,0.02400000000000002,0.007853981633974435,-0.014241762784072846,-0.016980360151857533,0.035606250000000034,0.007608544707912852,1425561089133,0,0,0,0,0,0,0
-0.007565143709766583,-0.02472882921061762,0.976,0.010646508437165327,0.07698467254638672,0.06509117126464843,0,0,1,0.01961750079241622,0.007565143709766583,0.02472882921061762,0.02400000000000002,0.008970992355250892,-0.023348226252824088,-0.015670593788314913,0.01920000000000002,0.014206980111234283,1425561089197,0,0,0,0,0,0,0
-0.003739157728413497,-0.019815238161459286,0.974,0.011466813185602633,0.05817121124267578,0.07308869934082031,0,0,1,0.01961750079241622,0.003739157728413497,0.019815238161459286,0.026000000000000023,0.008150687606813586,-0.01776183989850762,-0.019128838088214462,0.03140606060606063,0.004422029659371286,1425561089263,0,0,0,0,0,0,0
0.001952001504913878,-0.015624077455377661,0.973,0.009721483933608301,0.08608264923095703,0.06188440704345703,0,0,1,0.01961750079241622,-0.001952001504913878,0.015624077455377661,0.027000000000000024,0.009896016858807918,-0.03096407228213544,-0.016886896836670433,0.026984615384615412,0.017951382637243295,1425561089328,0,0,0,0,0,0,0
0.007284580635186051,-0.010166916954790411,0.973,0.010175269539126865,0.08078067016601563,0.08107594299316406,0,0,1,0.01961750079241622,-0.007284580635186051,0.010166916954790411,0.027000000000000024,0.009442231253289354,-0.03084729560290214,-0.024456999588938294,0.021600000000000022,0.007410355407683844,1425561089395,0,0,0,0,0,0,0
0.01125413414955928,-0.007208351569830865,0.974,0.008936085770210904,0.059991775512695314,0.04377032470703125,0,0,1,0.01961750079241622,-0.01125413414955928,0.007208351569830865,0.026000000000000023,0.010681415022205315,-0.02669101413699755,-0.013012055454604998,0.015331250000000015,0.016490088938998886,1425561089459,0,0,0,0,0,0,0
0.015606320589822408,-0.0037116508802893973,0.975,0.009162978572970241,0.06574888610839844,0.05186505126953125,0,0,1,0.01961750079241622,-0.015606320589822408,0.0037116508802893973,0.025000000000000022,0.010454522219445978,-0.030969619215766974,-0.017001617651836436,0.014531250000000013,0.009390962206511583,1425561089523,0,0,0,0,0,0,0
0.01769034482539883,-0.00031979758320068753,0.976,0.008552113334772153,0.031725236892700195,0.050589229583740236,0,0,1,0.01961750079241622,-0.01769034482539883,0.00031979758320068753,0.02400000000000002,0.011065387457644066,-0.019443779423298835,-0.01716020932246635,0.01381538461538463,0.013884765480096782,1425561089588,0,0,0,0,0,0,0
0.020456812169810587,0.0018043207989574656,0.976,0.008360127117052833,0.041767974853515626,0.03150572776794434,0,0,1,0.01961750079241622,-0.020456812169810587,-0.0018043207989574656,0.02400000000000002,0.011257373675363386,-0.024289505790499995,-0.010799074390787214,0.01920000000000002,0.012130038301360295,1425561089654,0,0,0,0,0,0,0
0.021578871374436887,0.003202942704211992,0.979,0.0058293997016609905,0.017005687713623048,0.020837888717651368,0,0,1,0.01961750079241622,-0.021578871374436887,-0.003202942704211992,0.02100000000000002,0.013788101090755229,-0.016144431252088302,-0.007373445102786694,0.000890909090909095,0.025291407524354513,1425561089720,0,0,0,0,0,0,0
0.022352276923352305,0.00560076151231648,0.978,0.00504400153826348,0.011810552597045899,0.03589904403686523,0,0,1,0.01961750079241622,-0.022352276923352305,-0.00560076151231648,0.02200000000000002,0.014573499254152739,-0.0148246871154808,-0.013792512493360613,0.02306875000000002,0.018255053145078567,1425561089784,0,0,0,0,0,0,0
0.022378279435147815,0.0063625745701480834,0.98,0.0036128315516280856,0.0004476712644100189,0.01142508316040039,0,0,1,0.01961750079241622,-0.022378279435147815,-0.0063625745701480834,0.020000000000000018,0.01600466924078813,-0.010762686182432951,-0.005014190788760211,0.005230769230769237,0.022610069179105328,1425561089849,0,0,0,0,0,0,0
0.022581568773992037,0.00723283787381754,0.98,0.0016231562043546293,0.0030964818000793455,0.013042847633361816,0,0,1,0.01961750079241622,-0.022581568773992037,-0.00723283787381754,0.020000000000000018,0.017994344588061588,-0.011833630247974304,-0.0058639339866828535,0.016000000000000014,0.02717746157547754,1425561089914,0,0,0,0,0,0,0
0.021669447508753173,0.009796960305625716,0.982,0.0010297442586765498,-0.01361937141418457,0.03848399353027344,0,0,1,0.01961750079241622,-0.021669447508753173,-0.009796960305625716,0.018000000000000016,0.018587756533739667,-0.005385597657326635,-0.015760318661170915,0.003630769230769236,0.021326580898407728,1425561089979,0,0,0,0,0,0,0
0.020305317548951936,0.011758231353854114,0.987,-0.0009250245035571109,-0.020431644439697267,0.029440120697021486,0,0,1,0.01961750079241622,-0.020305317548951936,-0.011758231353854114,0.013000000000000012,0.020542525295973328,-0.0025025074088114206,-0.012795210670622247,-0.015719402985074637,0.0292952212462733,1425561090046,0,0,0,0,0,0,0
0.019638618150004825,0.012996267470826862,0.989,-0.001727875959474408,-0.010017664909362792,0.018561283111572267,0,0,1,0.01961750079241622,-0.019638618150004825,-0.012996267470826862,0.01100000000000001,0.021345376751890625,-0.005603696517878625,-0.009807341807519626,-0.0023111111111111127,0.025168478922925373,1425561090109,0,0,0,0,0,0,0
0,0,0.992,0,-0.026616275787353514,0.01873728942871094,0,0,1,-0.0017278759594744077,0,0,0.008000000000000007,-0.0017278759594744077,0,0,0.006400000000000006,-0.0017278759594744077,1425561090109,0,0,0,0,0,0,0
-0.0005467864990234375,0.0005922240575154623,0.994,-0.002967059728390286,-0.008201797485351563,0.008883360862731934,0,0,1,-0.0017278759594744077,0.0005467864990234375,-0.0005922240575154623,0.006000000000000005,0.0012391837689158785,0.00321798365547767,-0.003366950934129128,-0.005969230769230773,0.014933305592255659,1425561090109,0,0,0,0,0,0,0
-0.0009159726008906296,-0.000014827534030651215,0.995,-0.0034906585039885525,-0.005510749816894531,-0.009122164726257324,0,0,1,-0.0017278759594744077,0.0009159726008906296,0.000014827534030651215,0.0050000000000000044,0.0017627825445141448,0.0024167513392456194,0.0032232860862160843,-0.0013030303030303033,0.004142776979051719,1425561090109,0,0,0,0,0,0,0
-0.0009855373999288657,-0.0012135694175318755,0.996,-0.005462880558742112,-0.0009806997776031494,-0.01798466110229492,0,0,1,-0.0017278759594744077,0.0009855373999288657,0.0012135694175318755,0.0040000000000000036,0.0037350045992677046,0.0008632833451133183,0.006721461155328822,-0.0021030303030303036,0.012699650302692976,1425561090109,0,0,0,0,0,0,0
-0.0002705440275578449,-0.003133089926544789,0.997,-0.007138396640656742,0.010882031440734864,-0.028733789443969728,0,0,1,-0.0017278759594744077,0.0002705440275578449,0.003133089926544789,0.0030000000000000027,0.005410520681182335,-0.0037730644353725544,0.011439735735531443,-0.0030687500000000025,0.013264502315157163,1425561090435,0,0,0,0,0,0,0
-0.000504495338729696,-0.004044579545290675,1.001,-0.009128071987930308,-0.0034115824699401855,-0.013697046279907227,0,0,1,-0.0017278759594744077,0.000504495338729696,0.004044579545290675,-0.0009999999999998899,0.0074001960284559,0.0015140969767244556,0.006126454838211584,-0.02233846153846087,0.016583313015872354,1425561090500,0,0,0,0,0,0,0
0.0002786365257418904,-0.005079508981179196,1.003,-0.009721483933608388,0.011888190269470215,-0.015416069030761719,0,0,1,-0.0017278759594744077,-0.0002786365257418904,0.005079508981179196,-0.0029999999999998916,0.00799360797413398,-0.004354251784256195,0.0071049112882762494,-0.01316923076923069,0.010732432338802039,1425561090565,0,0,0,0,0,0,0
0.0012330607166697466,-0.007834556223188072,1.005,-0.01125737367536339,0.014717427253723145,-0.041184581756591794,0,0,1,-0.0017278759594744077,-0.0012330607166697466,0.007834556223188072,-0.004999999999999893,0.009529497715888981,-0.005754608665488948,0.017198690724610506,-0.014769230769230693,0.016618219600912067,1425561090630,0,0,0,0,0,0,0
0.002286022215289331,-0.01031337951768273,1.006,-0.013194689145077152,0.01621198844909668,-0.037002193450927735,0,0,1,-0.0017278759594744077,-0.002286022215289331,0.01031337951768273,-0.006000000000000005,0.011466813185602744,-0.0066439590098063646,0.016063454824111832,-0.010023880597015514,0.0201413600649181,1425561090697,0,0,0,0,0,0,0
0.0021033537332536046,-0.01185978736731195,1.006,-0.014137166941153965,-0.002433732032775879,-0.02323025131225586,0,0,1,-0.0017278759594744077,-0.0021033537332536046,0.01185978736731195,-0.006000000000000005,0.012409290981679557,-0.000038579839399365944,0.012176926653665088,-0.004800000000000005,0.016897280486807238,1425561090760,0,0,0,0,0,0,0
0.003605718269677481,-0.014352334585597901,1.007,-0.017086773377024467,0.0230617618560791,-0.03706589508056641,0,0,1,-0.0017278759594744077,-0.003605718269677481,0.014352334585597901,-0.006999999999999895,0.015358897417550059,-0.009896585920813638,0.01776427321493199,-0.010984615384614708,0.02897246558310622,1425561090825,0,0,0,0,0,0,0
0.0044542127248480765,-0.015772250697620574,1.009,-0.016406094968746676,0.013089468002319336,-0.02107817268371582,0,0,1,-0.0017278759594744077,-0.0044542127248480765,0.015772250697620574,-0.008999999999999897,0.014678219009272268,-0.0067337095403916265,0.01230910780535361,-0.017806060606060534,0.011584226244373219,1425561090891,0,0,0,0,0,0,0
0.004874165494473384,-0.017506051334198407,1.009,-0.019460421159736785,0.006725098133087158,-0.025900167465209963,0,0,1,-0.0017278759594744077,-0.004874165494473384,0.017506051334198407,-0.008999999999999897,0.01773254520026238,-0.0047085464691891035,0.014646618341449931,-0.007199999999999918,0.031829435312524426,1425561090956,0,0,0,0,0,0,0
0.006442572842355508,-0.019040738233426113,1.007,-0.02028072590817409,0.02396961212158203,-0.02255814552307129,0,0,1,-0.0017278759594744077,-0.006442572842355508,0.019040738233426113,-0.006999999999999895,0.018552849948699685,-0.01142895523561534,0.013800953239630306,0.004847761194029941,0.022225856284986127,1425561091023,0,0,0,0,0,0,0
0.00769552949248914,-0.01995569569359351,1.005,-0.02040289895581371,0.01906880569458008,-0.013340402603149414,0,0,1,-0.0017278759594744077,-0.00769552949248914,0.01995569569359351,-0.004999999999999893,0.018675022996339302,-0.010719292667158584,0.011074864617846271,0.006937500000000095,0.01924770915715001,1425561091087,0,0,0,0,0,0,0
0.008886047818108572,-0.020776497654739715,1.005,-0.023195425759004573,0.018105241775512697,-0.011945141792297363,0,0,1,-0.0017278759594744077,-0.008886047818108572,0.020776497654739715,-0.004999999999999893,0.021467549799530167,-0.010978779313384854,0.010819489279417008,-0.003999999999999915,0.034557519189487344,1425561091151,0,0,0,0,0,0,0
0.009806913504871968,-0.022051260836528204,1.002,-0.02387610416728236,0.01425275993347168,-0.018795934677124024,0,0,1,-0.0017278759594744077,-0.009806913504871968,0.022051260836528204,-0.0020000000000000018,0.022148228207807954,-0.009893447101424046,0.01359160026887855,0.014553846153845567,0.02528982086139774,1425561091216,0,0,0,0,0,0,0
0.009924956468088636,-0.023157923627325647,0.999,-0.0249407550109989,0.0021664440631866456,-0.01655293846130371,0,0,1,-0.0017278759594744077,-0.009924956468088636,0.023157923627325647,0.0010000000000000009,0.023212879051524495,-0.0056360282164081045,0.013033495804985296,0.016953846153846167,0.02812665217637007,1425561091281,0,0,0,0,0,0,0
0.011397842073855108,-0.024887026715950725,0.997,-0.027646015351590055,0.02273322296142578,-0.025377513885498047,0,0,1,-0.0017278759594744077,-0.011397842073855108,0.024887026715950725,0.0030000000000000027,0.02591813939211565,-0.013438670155284809,0.016642575625470328,0.01284776119402986,0.0380312453947626,1425561091348,0,0,0,0,0,0,0
0.012870297462222343,-0.025279675151253258,0.995,-0.027000243528352286,0.02224119758605957,-0.005276940822601319,0,0,1,-0.0017278759594744077,-0.012870297462222343,0.025279675151253258,0.0050000000000000044,0.02527236756887788,-0.01454144670739152,0.00989121720381149,0.014937500000000013,0.022245312147450836,1425561091412,0,0,0,0,0,0,0
0.012763240139805234,-0.024517274460857,0.994,-0.028396506929947662,-0.0019140120744705201,0.01138848876953125,0,0,1,-0.0017278759594744077,-0.012763240139805234,0.024517274460857,0.006000000000000005,0.026668630970473256,-0.005867261241817626,0.003425902607782365,0.010184615384615393,0.03311292359322115,1425561091477,0,0,0,0,0,0,0
0.014799468427332244,-0.02399312049097869,0.992,-0.029984756549262585,0.030307878494262697,0.008726349830627441,0,0,1,-0.0017278759594744077,-0.014799468427332244,0.02399312049097869,0.008000000000000007,0.028256880589788178,-0.018606932998110857,0.004567118901773115,0.017169230769230784,0.03558726344816474,1425561091541,0,0,0,0,0,0,0
0.016345710398577594,-0.022306047649183626,0.993,-0.029478611066184213,0.02242452049255371,0.025990068435668947,0,0,1,-0.0017278759594744077,-0.016345710398577594,0.022306047649183626,0.007000000000000006,0.027750735106709806,-0.016214144000801116,-0.0019147574527305514,0.00037611940298507614,0.025484412048149933,1425561091609,0,0,0,0,0,0,0
0.017161304432774523,-0.021252001620748907,0.992,-0.03143337982841776,0.011762585639953613,0.01616440773010254,0,0,1,-0.0017278759594744077,-0.017161304432774523,0.021252001620748907,0.008000000000000007,0.029705503868943356,-0.013205232226043058,0.0007396733146824031,0.011955555555555566,0.03901392654624597,1425561091672,0,0,0,0,0,0,0
0.019108651140850016,-0.02024157117512145,0.993,-0.031328660073298153,0.028719430923461915,0.016066993713378906,0,0,1,-0.0017278759594744077,-0.019108651140850016,0.02024157117512145,0.007000000000000006,0.029600784113823747,-0.020145961279045062,0.0008647331487303773,0.00021538461538461642,0.02911746216711786,1425561091737,0,0,0,0,0,0,0
0.02059146844588261,-0.0179356385602377,0.996,-0.03096214093037941,0.02114789581298828,0.03526872253417969,0,0,1,-0.0017278759594744077,-0.02059146844588261,0.0179356385602377,0.0040000000000000036,0.029234264970905005,-0.01804780698017125,-0.006242841890806039,-0.012241176470588245,0.02761726875214585,1425561091805,0,0,0,0,0,0,0
0.020798384636137382,-0.015965035316326367,0.998,-0.031607912753617184,0.002187190055847168,0.02964096450805664,0,0,1,-0.0017278759594744077,-0.020798384636137382,0.015965035316326367,0.0020000000000000018,0.029880036794142778,-0.011700087447790187,-0.00607972688129404,-0.009690322580645169,0.033004739164648134,1425561091867,0,0,0,0,0,0,0
0.023081007318340063,-0.013814906362458386,1.001,-0.03077015471265998,0.033202991485595704,0.03331787872314453,0,0,1,-0.0017278759594744077,-0.023081007318340063,0.013814906362458386,-0.0009999999999998899,0.029042278753185574,-0.023612936136092305,-0.006823153352270162,-0.01647164179104412,0.02529112334591451,1425561091934,0,0,0,0,0,0,0
0.02301145022422202,-0.009808156754475678,1.004,-0.030141836181941994,-0.002891895294189453,0.06004069519042969,0,0,1,-0.0017278759594744077,-0.02301145022422202,0.009808156754475678,-0.0040000000000000036,0.028413960222467588,-0.01128207816215399,-0.01904670221706709,-0.019866666666667296,0.025421967219048606,1425561091997,0,0,0,0,0,0,0
0.022282421935768532,-0.007383433954448574,1.007,-0.031206487025658536,-0.012026575088500977,0.03602475738525391,0,0,1,-0.0017278759594744077,-0.022282421935768532,0.007383433954448574,-0.006999999999999895,0.02947861106618413,-0.0074526396116255025,-0.010367904431309126,-0.02150909090909025,0.0343179330830775,1425561092063,0,0,0,0,0,0,0
0.0203094060305733,-0.003927148762405983,1.009,-0.029845130209103062,-0.031198444366455077,0.05089562225341797,0,0,1,-0.0017278759594744077,-0.0203094060305733,0.003927148762405983,-0.008999999999999897,0.028117254249628656,0.00027853991882218626,-0.01715462527592499,-0.017969230769230696,0.021834068942449547,1425561092128,0,0,0,0,0,0,0
0.01893746338828734,-0.00024431829756290865,1.008,-0.030490902032340946,-0.022218448638916016,0.054603759765625,0,0,1,-0.0017278759594744077,-0.01893746338828734,0.00024431829756290865,-0.008000000000000007,0.02876302607286654,-0.002284346449979471,-0.01947917476971787,-0.0010153846153852153,0.03174351141088754,1425561092193,0,0,0,0,0,0,0
0.01652862107493471,0.004190955970098808,1.007,-0.030002209841782587,-0.038144058227539065,0.06539664459228516,0,0,1,-0.0017278759594744077,-0.01652862107493471,-0.004190955970098808,-0.006999999999999895,0.02827433388230818,0.004105121694105134,-0.024151282599869733,-0.0003761194029844074,0.026086159894733434,1425561092260,0,0,0,0,0,0,0
0.012051972695874356,0.0070899928197698334,1.006,-0.030595621787460666,-0.0684239730834961,0.041451644897460935,0,0,1,-0.0017278759594744077,-0.012051972695874356,-0.0070899928197698334,-0.006000000000000005,0.02886774582798626,0.018233898822104924,-0.01771029583253649,0.0006687499999993929,0.03164936432335226,1425561092324,0,0,0,0,0,0,0
0.010199041123868106,0.011378234712460631,1.007,-0.029146998508305152,-0.029748680114746094,0.0634432830810547,0,0,1,-0.0017278759594744077,-0.010199041123868106,-0.011378234712460631,-0.006999999999999895,0.027419122548830745,0.004649388257655639,-0.02624058974960347,-0.010984615384614708,0.02073316895272837,1425561092389,0,0,0,0,0,0,0
0.007465920394585125,0.014702163524554175,1.004,-0.02848377339254748,-0.04243243026733398,0.04864299011230469,0,0,1,-0.0017278759594744077,-0.007465920394585125,-0.014702163524554175,-0.0040000000000000036,0.026755897433073075,0.01098060057224647,-0.02233438020068875,0.013206249999999404,0.023647029702958993,1425561092453,0,0,0,0,0,0,0
0.005157973852930702,0.017948479382608115,0.999,-0.028867745827986124,-0.03599197769165039,0.04768903350830078,0,0,1,-0.0017278759594744077,-0.005157973852930702,-0.017948479382608115,0.0010000000000000009,0.027139869868511718,0.009063449044043976,-0.021851722914108525,0.02653529411764708,0.028833865907211615,1425561092521,0,0,0,0,0,0,0
0.002497437036217524,0.020949323909972662,0.997,-0.026005405854715336,-0.04119065856933594,0.04384201812744141,0,0,1,-0.0017278759594744077,-0.002497437036217524,-0.020949323909972662,0.0030000000000000027,0.02427752989524093,0.013062793197640992,-0.022467273667485153,0.013337500000000013,0.010860311270534106,1425561092585,0,0,0,0,0,0,0
0.00046790041996285707,0.02236177347955998,0.993,-0.027104963283471784,-0.03098366355895996,0.020387985229492187,0,0,1,-0.0017278759594744077,-0.00046790041996285707,-0.02236177347955998,0.007000000000000006,0.025377087323997377,0.009822178890094787,-0.013660168919060005,0.025889855072463788,0.030157771796851498,1425561092654,0,0,0,0,0,0,0
-0.002296662515417116,0.02456482878022003,0.991,-0.02626720524251458,-0.04234880828857422,0.031909828186035154,0,0,1,-0.0017278759594744077,0.002296662515417116,-0.02456482878022003,0.009000000000000008,0.024539329283040173,0.015797310349987836,-0.01903505884703512,0.017969230769230786,0.02067275370939154,1425561092719,0,0,0,0,0,0,0
-0.004736108436197457,0.026552767409662968,0.99,-0.02523746098383794,-0.037362239837646485,0.028847742080688476,0,0,1,-0.0017278759594744077,0.004736108436197457,-0.026552767409662968,0.010000000000000009,0.023509585024363535,0.015269481702248129,-0.018490379197361358,0.013384615384615396,0.018756919215086744,1425561092784,0,0,0,0,0,0,0
-0.007264118832763693,0.027589591812261952,0.989,-0.02300343954128514,-0.038300540924072264,0.014590506553649902,0,0,1,-0.0017278759594744077,0.007264118832763693,-0.027589591812261952,0.01100000000000001,0.021275563581810732,0.017015094216619675,-0.013697975454428508,0.014184615384615396,0.010964695385413182,1425561092849,0,0,0,0,0,0,0
-0.008581940132266923,0.02809137347597018,0.99,-0.021642082724729558,-0.01993521499633789,0.007070057392120362,0,0,1,-0.0017278759594744077,0.008581940132266923,-0.02809137347597018,0.010000000000000009,0.01991420676525515,0.011055751558284792,-0.010945112998805663,0.0026969696969697003,0.013726221235457055,1425561092915,0,0,0,0,0,0,0
-0.011551125863596228,0.02916432005780289,0.987,-0.020909044438892074,-0.04487564086914062,0.015126614570617676,0,0,1,-0.0017278759594744077,0.011551125863596228,-0.02916432005780289,0.013000000000000012,0.019181168479417667,0.021797025327464883,-0.014492375389440424,0.026806250000000025,0.01574505151455446,1425561092979,0,0,0,0,0,0,0
-0.013852231252922878,0.030788738962323984,0.984,-0.017523105690022907,-0.03501847457885742,0.023639301300048828,0,0,1,-0.0017278759594744077,0.013852231252922878,-0.030788738962323984,0.016000000000000014,0.0157952297305485,0.019109414985225125,-0.01787890814606896,0.028953846153846177,0.00016782012038311922,1425561093044,0,0,0,0,0,0,0
-0.014709286489747581,0.03143437379869012,0.983,-0.015515977050229442,-0.01302354907989502,0.009457773208618164,0,0,1,-0.0017278759594744077,0.014709286489747581,-0.03143437379869012,0.017000000000000015,0.013788101090755034,0.011771848972537635,-0.012822655188344355,0.018984615384615402,0.004524430445554419,1425561093109,0,0,0,0,0,0,0
0,0,0.979,0,-0.02366427230834961,0.0021207242012023925,0,0,1,-0.015515977050229442,0,0,0.02100000000000002,-0.015515977050229442,0,0,0.016800000000000016,-0.015515977050229442,1425561093109,0,0,0,0,0,0,0
-0.001007720438639323,0.0003856938997904459,0.979,0.003298672286269233,-0.015115806579589844,0.005785408496856689,0,0,1,-0.015515977050229442,0.001007720438639323,-0.0003856938997904459,0.02100000000000002,-0.018814649336498675,0.005768746638636878,-0.0021307854643523227,0.016800000000000016,-0.03358482375262957,1425561093109,0,0,0,0,0,0,0
-0.00116872965052251,0.0025525355146474773,0.979,0.00568977336150156,-0.002307909727096558,0.032510414123535156,0,0,1,-0.015515977050229442,0.00116872965052251,-0.0025525355146474773,0.02100000000000002,-0.021205750411731002,0.0014663071124176575,-0.012617567773285867,0.016800000000000016,-0.03241403670188253,1425561093109,0,0,0,0,0,0,0
-0.002000246657385694,0.004425151119694153,0.978,0.006021385919380395,-0.012312732696533202,0.028159746170043944,0,0,1,-0.015515977050229442,0.002000246657385694,-0.004425151119694153,0.02200000000000002,-0.021537362969609838,0.005480245916415206,-0.011415628518183455,0.022984615384615402,-0.023067882467512155,1425561093109,0,0,0,0,0,0,0
-0.002723228901503529,0.006312974500854536,0.978,0.005899212871740777,-0.010674028396606446,0.028382137298583986,0,0,1,-0.015515977050229442,0.002723228901503529,-0.006312974500854536,0.02200000000000002,-0.02141518992197022,0.005259089184015915,-0.012067966991184783,0.017600000000000015,-0.020851314317479677,1425561093435,0,0,0,0,0,0,0
-0.004699885853931898,0.007927641992887435,0.981,0.00804596785169376,-0.029506460189819336,0.024394500732421876,0,0,1,-0.015515977050229442,0.004699885853931898,-0.007927641992887435,0.019000000000000017,-0.023561944901923204,0.013001028707707264,-0.011086680803095883,-0.0009538461538461506,-0.03347004480939851,1425561093500,0,0,0,0,0,0,0
-0.0066051221953214835,0.00995927366695177,0.984,0.009546951008408857,-0.028332426071166993,0.030703428268432618,0,0,1,-0.015515977050229442,0.0066051221953214835,-0.00995927366695177,0.016000000000000014,-0.0250629280586383,0.013417994875721768,-0.013782184339456036,-0.0031090909090909086,-0.031885578770979646,1425561093566,0,0,0,0,0,0,0
-0.008715731115099148,0.011334309665484925,0.984,0.010279989294246452,-0.03146078300476074,0.020926843643188475,0,0,1,-0.015515977050229442,0.008715731115099148,-0.011334309665484925,0.016000000000000014,-0.025795966344475896,0.015740255768353126,-0.010832298100240806,0.012800000000000013,-0.029179219971418643,1425561093631,0,0,0,0,0,0,0
-0.01259601688579997,0.012741996062435831,0.985,0.010995574287564149,-0.05798414993286133,0.021712509155273438,0,0,1,-0.015515977050229442,0.01259601688579997,-0.012741996062435831,0.015000000000000013,-0.026511551337793593,0.027543955652689297,-0.011557003888029696,0.006531250000000006,-0.0298658559939703,1425561093695,0,0,0,0,0,0,0
-0.015897407270730367,0.01319415864905326,0.987,0.010489428804485891,-0.049443286895751955,0.007326528072357178,0,0,1,-0.015515977050229442,0.015897407270730367,-0.01319415864905326,0.013000000000000012,-0.026005405854715336,0.025761388808677878,-0.006437665504059237,-0.00036923076923076753,-0.023669349778969534,1425561093760,0,0,0,0,0,0,0
-0.019846572143484634,0.011694665092161181,0.991,0.009948376736367616,-0.05947014236450195,-0.021869810104370117,0,0,1,-0.015515977050229442,0.019846572143484634,-0.011694665092161181,0.009000000000000008,-0.02546435378659706,0.03123688798984603,0.004513498726518907,-0.014338461538461548,-0.022967190395281945,1425561093825,0,0,0,0,0,0,0
-0.024342065123027043,0.010676537805723854,0.997,0.010681415022205322,-0.06758098602294922,-0.014600321769714356,0,0,1,-0.015515977050229442,0.024342065123027043,-0.010676537805723854,0.0030000000000000027,-0.026197392072434766,0.03379140372050127,0.0016183791595266576,-0.026367123287671254,-0.02920987817861712,1425561093898,0,0,0,0,0,0,0
-0.028062368160846108,0.009706954653156893,0.999,0.010471975511965994,-0.05595670700073242,-0.013946857452392578,0,0,1,-0.015515977050229442,0.028062368160846108,-0.009706954653156893,0.0010000000000000009,-0.025987952562195438,0.036183972865213195,0.002773859271184195,-0.011064406779661027,-0.02492300589996156,1425561093957,0,0,0,0,0,0,0
-0.03390796528626254,0.008894672228587306,1.004,0.010768681484804922,-0.0878067398071289,-0.011265360832214355,0,0,1,-0.015515977050229442,0.03390796528626254,-0.008894672228587306,-0.0040000000000000036,-0.026284658535034366,0.049534078739551596,0.0017728560271684942,-0.0309777777777778,-0.027697544119981647,1425561094020,0,0,0,0,0,0,0
-0.03563018770630498,0.005652120306917431,1.003,0.010541788682045696,-0.026355598449707033,-0.04835727310180664,0,0,1,-0.015515977050229442,0.03563018770630498,-0.005652120306917431,-0.0029999999999998916,-0.02605776573227514,0.027076163969855387,0.015424562167533674,0.0029030303030309823,-0.025026434810642293,1425561094086,0,0,0,0,0,0,0
-0.03891826701908201,0.002675840802223383,1.004,0.010157816246606945,-0.049789070129394535,-0.044121788024902346,0,0,1,-0.015515977050229442,0.03891826701908201,-0.002675840802223383,-0.0040000000000000036,-0.02567379329683639,0.03731754527117785,0.01514647603254698,-0.00858461538461599,-0.023901612825580617,1425561094151,0,0,0,0,0,0,0
-0.04183551444361794,-0.002502239841885066,1.005,0.010384709049366172,-0.04454541015625,-0.07722271728515626,0,0,1,-0.015515977050229442,0.04183551444361794,0.002502239841885066,-0.004999999999999893,-0.025900686099595616,0.036568989463314924,0.028134949861425902,-0.009303030303029633,-0.026932017021228462,1425561094217,0,0,0,0,0,0,0
-0.04411798744230548,-0.007848300300560199,1.014,0.010070549784007234,-0.0350679931640625,-0.07983104705810547,0,0,1,-0.015515977050229442,0.04411798744230548,0.007848300300560199,-0.014000000000000012,-0.025586526834236678,0.03455889038444723,0.031070830219848133,-0.05966153846153911,-0.024136560994118504,1425561094282,0,0,0,0,0,0,0
-0.04389111491189371,-0.013802181976128883,1.014,0.010716321607245007,0.002503547668457031,-0.08933796691894531,0,0,1,-0.015515977050229442,0.04389111491189371,0.013802181976128883,-0.014000000000000012,-0.02623229865747445,0.020999466932916423,0.0351821297535026,-0.01120000000000001,-0.02912381428391224,1425561094349,0,0,0,0,0,0,0
-0.04295566932515286,-0.02121509507609765,1.01,0.01186823891356137,0.012839313507080077,-0.11133767700195313,0,0,1,-0.015515977050229442,0.04295566932515286,0.02121509507609765,-0.010000000000000009,-0.027384215963790814,0.01654704129449653,0.04749985278684725,0.014222222222222233,-0.03286953647005921,1425561094412,0,0,0,0,0,0,0
-0.044406294195054846,-0.029112160513500185,1.009,0.011676252695842052,-0.023163671493530272,-0.11818939971923828,0,0,1,-0.015515977050229442,0.044406294195054846,0.029112160513500185,-0.008999999999999897,-0.027192229746071495,0.0303091947387923,0.05122770481457187,-0.001815384615383931,-0.026306139510443863,1425561094477,0,0,0,0,0,0,0
-0.04158388562544778,-0.03742778168283021,1.006,0.01190314549860117,0.040876846313476566,-0.12522013092041015,0,0,1,-0.015515977050229442,0.04158388562544778,0.03742778168283021,-0.006000000000000005,-0.02741912254883061,0.00658810757263305,0.05402617332209115,0.010641176470587668,-0.028420120208062002,1425561094545,0,0,0,0,0,0,0
-0.03917277378018659,-0.045405543698958405,1.006,0.010838494654884628,0.034739742279052736,-0.12008843994140625,0,0,1,-0.015515977050229442,0.03917277378018659,0.045405543698958405,-0.006000000000000005,-0.02635447170511407,0.006539267622278459,0.057968016196332975,-0.004800000000000005,-0.02128470578265435,1425561094608,0,0,0,0,0,0,0
-0.03580438674042516,-0.051968937972127024,1.005,0.010873401239924535,0.0494557991027832,-0.09899274444580078,0,0,1,-0.015515977050229442,0.03580438674042516,0.051968937972127024,-0.004999999999999893,-0.026389378290153975,-0.00014781190677710596,0.05154295694037552,0.001468750000000697,-0.026553002907528538,1425561094672,0,0,0,0,0,0,0
-0.03116310796085638,-0.05855996063850325,1.004,0.009023352232810594,0.06854008483886719,-0.0996164779663086,0,0,1,-0.015515977050229442,0.03116310796085638,0.05855996063850325,-0.0040000000000000036,-0.024539329283040034,-0.009018829773446587,0.05315488733303068,0.002184615384614788,-0.016000641557898772,1425561094737,0,0,0,0,0,0,0
-0.025729614704549732,-0.06347053586509775,1.005,0.008709192967451545,0.08083444213867187,-0.07439104461669922,0,0,1,-0.015515977050229442,0.025729614704549732,0.06347053586509775,-0.004999999999999893,-0.024225170017680986,-0.015984622411399696,0.04562075261203512,-0.009384615384614707,-0.0227752041775623,1425561094802,0,0,0,0,0,0,0
-0.021166687148402807,-0.06853411296868753,1.002,0.00572467994654125,0.06777983093261719,-0.07654685974121093,0,0,1,-0.015515977050229442,0.021166687148402807,0.06853411296868753,-0.0020000000000000018,-0.02124065699677069,-0.013564666380428195,0.048008229177285484,0.014553846153845567,-0.00746598151564625,1425561094867,0,0,0,0,0,0,0
-0.014012406374394106,-0.07138062808220352,1,0.0026354471705112344,0.10706802368164063,-0.043311363220214845,0,0,1,-0.015515977050229442,0.014012406374394106,0.07138062808220352,0,-0.018151424220740675,-0.029935917058388467,0.0365144486295856,0.010447761194029858,-0.0043190386564271755,1425561094934,0,0,0,0,0,0,0
-0.006960455128181942,-0.0739916813886844,0.998,5.204170427930421e-18,0.10567568206787109,-0.03944443893432617,0,0,1,-0.015515977050229442,0.006960455128181942,0.0739916813886844,0.0020000000000000018,-0.015515977050229448,-0.03526190599722372,0.036980376012870284,0.012711111111111121,-0.0029662286192236025,1425561094997,0,0,0,0,0,0,0
-0.0008868004447509532,-0.07406836291518637,0.998,-0.0014835298641951936,0.09110482025146484,-0.001150222897529602,0,0,1,-0.015515977050229442,0.0008868004447509532,0.07406836291518637,0.0020000000000000018,-0.014032447186034249,-0.03132941596362124,0.022953058346395997,0.0016000000000000016,-0.007289129621510618,1425561095063,0,0,0,0,0,0,0
0.00617555418682005,-0.07362817435775078,0.996,-0.0065449846949787675,0.10592540740966797,0.006759979248046875,0,0,1,-0.015515977050229442,-0.00617555418682005,0.07362817435775078,0.0040000000000000036,-0.008970992355250675,-0.040683895954018647,0.020091969555275917,0.01396923076923078,0.014389568402211972,1425561095128,0,0,0,0,0,0,0
0.01249074832629156,-0.07035871682304995,1.001,-0.009389871375729658,0.0944049072265625,0.049660800933837894,0,0,1,-0.015515977050229442,-0.01249074832629156,0.07035871682304995,-0.0009999999999998899,-0.006126105674499784,-0.039826440129630755,0.0039223401986032275,-0.027723076923076257,0.00700414054435048,1425561095193,0,0,0,0,0,0,0
0.015467222816312558,-0.06596818391174139,1.004,-0.01111774733520387,0.04402676010131836,0.0662743148803711,0,0,1,-0.015515977050229442,-0.015467222816312558,0.06596818391174139,-0.0040000000000000036,-0.004398229715025572,-0.02286889622962758,-0.0026814693368119417,-0.01887164179104537,0.0033385283124708993,1425561095260,0,0,0,0,0,0,0
0.019150327717775955,-0.06052485691065272,1.003,-0.01399754060099467,0.05433541488647461,0.08225906372070313,0,0,1,-0.015515977050229442,-0.019150327717775955,0.06052485691065272,-0.0029999999999998916,-0.0015184364492347724,-0.029635459947909754,-0.011581422652948307,0.0031555555555562633,0.0121948648164357,1425561095323,0,0,0,0,0,0,0
0.02300912438677508,-0.053128644227172256,1.011,-0.016772614111665526,0.05632339859008789,0.11174250030517578,0,0,1,-0.015515977050229442,-0.02300912438677508,0.053128644227172256,-0.010999999999999899,0.0012566370614360833,-0.03189625622623713,-0.02335080788099743,-0.05187692307692303,0.014064668649147726,1425561095388,0,0,0,0,0,0,0
0.024163206300534753,-0.04489293206928786,1.017,-0.021572269554650077,0.015236874580383301,0.12380864715576172,0,0,1,-0.015515977050229442,-0.024163206300534753,0.04489293206928786,-0.016999999999999904,0.006056292504420635,-0.01783124035012679,-0.02964036273013672,-0.04541818181818177,0.027872908154350413,1425561095454,0,0,0,0,0,0,0
0.027851800207083645,-0.03504070152062668,1.016,-0.026302111827554594,0.052128257751464846,0.1489425506591797,0,0,1,-0.015515977050229442,-0.027851800207083645,0.03504070152062668,-0.016000000000000014,0.010786134777325151,-0.03374522902112627,-0.04277876051845662,-0.007331250000000615,0.03295727043156507,1425561095518,0,0,0,0,0,0,0
0.03060471874723137,-0.02176039027611941,1.023,-0.0286757596102668,0.03604059600830078,0.20022175598144532,0,0,1,-0.015515977050229442,-0.03060471874723137,0.02176039027611941,-0.02299999999999991,0.013159782560037359,-0.02935111327336188,-0.06224364884983366,-0.054967164179103856,0.023788056213972612,1425561095585,0,0,0,0,0,0,0
0.03227996250405516,-0.0076193722101432874,1.023,-0.03427826650916865,0.019036592483520506,0.21274855041503907,0,0,1,-0.015515977050229442,-0.03227996250405516,0.0076193722101432874,-0.02299999999999991,0.01876228945893921,-0.024989965875866122,-0.07444001018721826,-0.018399999999999927,0.045024040547541645,1425561095649,0,0,0,0,0,0,0
0.033606253620378196,0.006196655939719913,1.026,-0.04021238596594934,0.012780228614807128,0.20780049133300782,0,0,1,-0.015515977050229442,-0.033606253620378196,-0.006196655939719913,-0.026000000000000023,0.024696408915719895,-0.023655033753182505,-0.07564915164026373,-0.03695384615384678,0.05208465256239997,1425561095714,0,0,0,0,0,0,0
0.03554758138727963,0.021972157460517918,1.028,-0.04502949470145379,0.019583381652832032,0.2376118927001953,0,0,1,-0.015515977050229442,-0.03554758138727963,-0.021972157460517918,-0.028000000000000025,0.029513517651224345,-0.0279605393753417,-0.09094709445773219,-0.0331692307692308,0.05174632719970642,1425561095779,0,0,0,0,0,0,0
0.0361918369493711,0.037785922935770926,1.027,-0.05000368306963765,-0.0010236411094665528,0.2374010467529297,0,0,1,-0.015515977050229442,-0.0361918369493711,-0.037785922935770926,-0.026999999999999913,0.034487706019408204,-0.021269757177202458,-0.09463203214081446,-0.016296969696969036,0.05709765314751665,1425561095845,0,0,0,0,0,0,0
0.035114503626322326,0.054315417284778886,1.031,-0.05625196179177716,-0.02853266906738281,0.2468247833251953,0,0,1,-0.015515977050229442,-0.035114503626322326,-0.054315417284778886,-0.030999999999999917,0.040735984741547715,-0.011536382588721021,-0.1047702775180522,-0.04633846153846149,0.06957419422834546,1425561095910,0,0,0,0,0,0,0
0.035761192788112635,0.0692321340659152,1.026,-0.060545471751683344,-0.0028947877883911135,0.2239422149658203,0,0,1,-0.015515977050229442,-0.035761192788112635,-0.0692321340659152,-0.026000000000000023,0.0450294947014539,-0.02122022127218857,-0.10186042644345318,0.006543749999999397,0.06515532263851413,1425561095974,0,0,0,0,0,0,0
0.03519634350631767,0.08181159589666306,1.024,-0.06213372137099815,-0.019874677658081055,0.18783351135253906,0,0,1,-0.015515977050229442,-0.03519634350631767,-0.08181159589666306,-0.02400000000000002,0.046617744320768706,-0.014382596768287344,-0.09184721133719806,-0.008430769230769242,0.05394812717914474,1425561096039,0,0,0,0,0,0,0
0.03376334166294668,0.0929405228816883,1.024,-0.06529276731710798,-0.03181910133361816,0.16527706909179687,0,0,1,-0.015515977050229442,-0.03376334166294668,-0.0929405228816883,-0.02400000000000002,0.049776790266878534,-0.009013374379427199,-0.08743572852638,-0.01920000000000002,0.06435700232584697,1425561096104,0,0,0,0,0,0,0
0,0,1.018,0,-0.056539279937744144,0.1308419647216797,0,0,1,-0.06529276731710798,0,0,-0.018000000000000016,-0.06529276731710798,0,0,-0.014400000000000013,-0.06529276731710798,1425561096104,0,0,0,0,0,0,0
-0.004731385803222656,0.006216150410970052,1.014,-0.008150687606813587,-0.07097078704833984,0.09324225616455079,0,0,1,-0.06529276731710798,0.004731385803222656,-0.006216150410970052,-0.014000000000000012,-0.05714207971029439,0.027085057424546196,-0.03434143746405917,0.009695522388059706,-0.0206464635603828,1425561096104,0,0,0,0,0,0,0
-0.009893016023913294,0.011058738182301416,1.013,-0.018797196043979003,-0.07801393127441406,0.07200534820556641,0,0,1,-0.06529276731710798,0.009893016023913294,-0.011058738182301416,-0.0129999999999999,-0.04649557127312898,0.03318367484010203,-0.029811765742370835,-0.0049312499999993094,0.0034099370260839007,1425561096104,0,0,0,0,0,0,0
-0.014001983457957633,0.014150570763308308,1.01,-0.029740410453983346,-0.06249533843994141,0.04521080780029297,0,0,1,-0.06529276731710798,0.014001983457957633,-0.014150570763308308,-0.010000000000000009,-0.035552356863124635,0.029144803837208695,-0.020913940795545472,0.00815384615384556,0.014954786567664642,1425561096104,0,0,0,0,0,0,0
-0.01701268973280403,0.017267635026021813,1.013,-0.03827507049623557,-0.04653096008300781,0.04539239120483399,0,0,1,-0.06529276731710798,0.01701268973280403,-0.017267635026021813,-0.0129999999999999,-0.027017696820872412,0.024747501288815456,-0.02199614693862358,-0.02655384615384549,0.012373041835676307,1425561096430,0,0,0,0,0,0,0
-0.020471401829155255,0.020535704396253036,1.014,-0.046233771885329726,-0.05371850967407227,0.04699988555908203,0,0,1,-0.06529276731710798,0.020471401829155255,-0.020535704396253036,-0.014000000000000012,-0.019058995431778254,0.02890250278705217,-0.023803020382645913,-0.016584615384615996,0.01767347251788709,1425561096495,0,0,0,0,0,0,0
-0.024045794837780573,0.023002476393162514,1.011,-0.05447172595474302,-0.05526871490478515,0.034484058380126956,0,0,1,-0.06529276731710798,0.024045794837780573,-0.023002476393162514,-0.010999999999999899,-0.010821041362364961,0.030754177892801608,-0.019847289403880006,0.006871641791045449,0.026065320142470677,1425561096562,0,0,0,0,0,0,0
-0.025479765899800944,0.025905072489829095,1.014,-0.061330869915080626,-0.02384813117980957,0.04230327987670898,0,0,1,-0.06529276731710798,0.025479765899800944,-0.025905072489829095,-0.014000000000000012,-0.003961897402027355,0.020781519292578238,-0.023973799927003287,-0.027866666666667303,0.02870069288529458,1425561096625,0,0,0,0,0,0,0
-0.02597104389393838,0.028756480952516084,1.012,-0.06550220682734721,-0.009976861000061035,0.04223903656005859,0,0,1,-0.06529276731710798,0.02597104389393838,-0.028756480952516084,-0.01200000000000001,0.00020943951023923157,0.01572287661342028,-0.024076118184065486,0.001169230769230768,0.0194617637207004,1425561096690,0,0,0,0,0,0,0
-0.027526994308377503,0.03282726726694314,1.014,-0.0706858347057704,-0.027286027908325194,0.05940316772460937,0,0,1,-0.06529276731710798,0.027526994308377503,-0.03282726726694314,-0.014000000000000012,0.005393067388662423,0.022251595860872435,-0.03188457254225594,-0.02196923076923079,0.029317503750615613,1425561096755,0,0,0,0,0,0,0
-0.028849983711866076,0.037096984728028616,1.012,-0.07785913793146705,-0.02431864356994629,0.06248424530029297,0,0,1,-0.06529276731710798,0.028849983711866076,-0.037096984728028616,-0.01200000000000001,0.012566370614359071,0.021569789909866854,-0.03391279425587027,0.001006060606060604,0.04517229436752565,1425561096821,0,0,0,0,0,0,0
-0.029577027849070056,0.0417931700646424,1.006,-0.08302531251737023,-0.01635169792175293,0.0693811264038086,0,0,1,-0.06529276731710798,0.029577027849070056,-0.0417931700646424,-0.006000000000000005,0.017732545200262254,0.01879251701079458,-0.03761080541629266,0.027018181818181837,0.04121515695436763,1425561096887,0,0,0,0,0,0,0
-0.030540905534495292,0.04694146291812518,1.008,-0.08639379797371917,-0.020812578201293945,0.07575936889648438,0,0,1,-0.06529276731710798,0.030540905534495292,-0.04694146291812518,-0.008000000000000007,0.02110103065661119,0.020709671033985303,-0.042436049202379596,-0.017337500000000016,0.03689080623324682,1425561096951,0,0,0,0,0,0,0
-0.03147771220398489,0.05235101606228222,1.008,-0.09086184085882476,-0.021001251220703124,0.07962815856933594,0,0,1,-0.06529276731710798,0.03147771220398489,-0.05235101606228222,-0.008000000000000007,0.02556907354171678,0.02097167239443742,-0.04506657984750573,-0.006400000000000006,0.046190809934511814,1425561097016,0,0,0,0,0,0,0
-0.03063828287263137,0.05716623821845079,1.007,-0.0949284580159716,0.005985726356506347,0.07307289123535156,0,0,1,-0.06529276731710798,0.03063828287263137,-0.05716623821845079,-0.006999999999999895,0.029635690698863626,0.011007524915780314,-0.04334806076772194,-0.00021538461538392947,0.0484046929626183,1425561097081,0,0,0,0,0,0,0
-0.028751386150516048,0.06355895770960888,1.01,-0.0987158224927992,0.019086919784545898,0.09814183044433594,0,0,1,-0.06529276731710798,0.028751386150516048,-0.06355895770960888,-0.010000000000000009,0.03342305517569122,0.004442555928541559,-0.05380140635675494,-0.024153846153846772,0.05090319891489549,1425561097146,0,0,0,0,0,0,0
-0.027295102605284432,0.0704457064610613,1.007,-0.10220648099678786,0.01155699348449707,0.10495118713378906,0,0,1,-0.06529276731710798,0.027295102605284432,-0.0704457064610613,-0.006999999999999895,0.03691371367967988,0.006612316120673869,-0.05592815101235498,0.009400000000000647,0.05187367869677416,1425561097216,0,0,0,0,0,0,0
-0.024872613722775102,0.07766092298357788,1.005,-0.10519099401769838,0.02510532569885254,0.11137090301513672,0,0,1,-0.06529276731710798,0.024872613722775102,-0.07766092298357788,-0.004999999999999893,0.0398982267005904,-0.001433772174160141,-0.06579433181365144,0.0076666666666667625,0.05482079180514299,1425561097276,0,0,0,0,0,0,0
-0.023808949463640434,0.08438618971976954,1.006,-0.1084722130114476,0.00527476978302002,0.10199662017822266,0,0,1,-0.06529276731710798,0.023808949463640434,-0.08438618971976954,-0.006000000000000005,0.043179445694339624,0.006453633727592926,-0.06199097454315308,-0.010184615384615993,0.05832353335779758,1425561097341,0,0,0,0,0,0,0
-0.019505547799615795,0.08951906611514361,1.004,-0.11060151469888069,0.05583638763427735,0.08352890014648437,0,0,1,-0.06529276731710798,0.019505547799615795,-0.08951906611514361,-0.0040000000000000036,0.04530874738177271,-0.013130128370834104,-0.05501461532726087,0.007569230769230774,0.055136293631463856,1425561097406,0,0,0,0,0,0,0
-0.013583518682665127,0.09603344561487562,1.008,-0.11224212419575542,0.07750218963623047,0.10692340087890626,0,0,1,-0.06529276731710798,0.013583518682665127,-0.09603344561487562,-0.008000000000000007,0.046949356878647444,-0.02384585216450156,-0.06342504705012385,-0.027295522388059722,0.05429536955122089,1425561097473,0,0,0,0,0,0,0
-0.0081053449118894,0.10200820367870424,1.005,-0.11487757136626676,0.07161734771728516,0.09826129913330078,0,0,1,-0.06529276731710798,0.0081053449118894,-0.10200820367870424,-0.004999999999999893,0.049584804049158784,-0.025141556342416126,-0.06342521332126819,0.01215384615384685,0.061748406374595735,0,0,0,0,0,0,0,0
-0.002932210454942319,0.10685128033364852,1.002,-0.11650072757062148,0.06875849151611328,0.0810618896484375,0,0,1,-0.06529276731710798,0.002932210454942319,-0.10685128033364852,-0.0020000000000000018,0.0512079602535135,-0.026518967251912395,-0.059260322404045135,0.014806249999999407,0.05881650496142622,0,0,0,0,0,0,0,0
0.0024535276899086134,0.11068090865218957,1.003,-0.11648327427810157,0.07356127166748047,0.06644539642333984,0,0,1,-0.06529276731710798,-0.0024535276899086134,-0.11068090865218957,-0.0029999999999998916,0.05119050696099359,-0.029922980528181205,-0.05461665359487975,-0.007784615384614705,0.05110995330320938,0,0,0,0,0,0,0,0
0.008276266625330564,0.1126303589574952,0.996,-0.11695451317614003,0.08335073852539063,0.03919438171386719,0,0,1,-0.06529276731710798,-0.008276266625330564,-0.1126303589574952,0.0040000000000000036,0.05166174585903205,-0.03519281074919644,-0.04515066296391068,0.040892307692307124,0.05383669461920956,0,0,0,0,0,0,0,0
0.012609271697029809,0.11300915555792121,1.001,-0.12082914411556733,0.06388805389404296,0.013227283477783203,0,0,1,-0.06529276731710798,-0.012609271697029809,-0.11300915555792121,-0.0009999999999998899,0.05553637679845935,-0.029345865430065326,-0.03688039179195327,-0.027723076923076257,0.07341928882658537,0,0,0,0,0,0,0,0
0.017612719726714538,0.11351183303728785,0.997,-0.12213814105456322,0.07359566497802734,0.016531572341918946,0,0,1,-0.06529276731710798,-0.017612719726714538,-0.11351183303728785,0.0030000000000000027,0.05684537373745524,-0.03428104165289325,-0.03765601963549826,0.022988235294117094,0.06262036023302534,0,0,0,0,0,0,0,0
0.022962713662389368,0.1127796422612432,0.991,-0.12262683324512158,0.08099017333984375,-0.001123820424079895,0,0,1,-0.06529276731710798,-0.022962713662389368,-0.1127796422612432,0.009000000000000008,0.0573340659280136,-0.04141881284307382,-0.030785640199264747,0.04107096774193551,0.0596987055597476,0,0,0,0,0,0,0,0
0.026192870714480412,0.11124396883034625,0.986,-0.12397073676915714,0.050906162261962894,-0.01693544578552246,0,0,1,-0.06529276731710798,-0.026192870714480412,-0.11124396883034625,0.014000000000000012,0.05867796945204916,-0.03024249142336496,-0.02626157099404113,0.038123076923076954,0.06488060110144404,0,0,0,0,0,0,0,0
0.027397327359560956,0.10822765544529699,0.987,-0.12519246724555322,0.023522857666015626,-0.042663440704345704,0,0,1,-0.06529276731710798,-0.027397327359560956,-0.10822765544529699,0.013000000000000012,0.05989969992844524,-0.01985691871209757,-0.01770151672852087,0.005096969696969703,0.06545302027570014,0,0,0,0,0,0,0,0
0.028019387633498736,0.10568356247546894,0.986,-0.12337732482347906,0.014022926330566406,-0.0366976203918457,0,0,1,-0.06529276731710798,-0.028019387633498736,-0.10568356247546894,0.014000000000000012,0.05808455750637108,-0.01714844668468332,-0.019303622292305707,0.0165846153846154,0.04970697709679804,0,0,0,0,0,0,0,0
0.026644994231782248,0.10275881715066375,0.993,-0.12096877045572695,-0.015060205459594727,-0.046074787139892576,0,0,1,-0.06529276731710798,-0.026644994231782248,-0.10275881715066375,0.007000000000000006,0.055676003138618965,-0.005840830501227192,-0.016682968573323423,-0.031521212121212144,0.04472802873974572,0,0,0,0,0,0,0,0
0.024225805625271955,0.09811333770135398,0.992,-0.12255702007504175,-0.02761381912231445,-0.07355196380615234,0,0,1,-0.06529276731710798,-0.024225805625271955,-0.09811333770135398,0.008000000000000007,0.05726425275793377,0.0012947471206935044,-0.005457164622334719,0.011868750000000011,0.06470917284847194,1425561098253,0,0,0,0,0,0,0
0.019725962323620335,0.09490213797647583,0.996,-0.12084659740808744,-0.06110280990600586,-0.05605831909179688,0,0,1,-0.06529276731710798,-0.019725962323620335,-0.09490213797647583,0.0040000000000000036,0.05555383009097946,0.014531834674587598,-0.012669381391317142,-0.018338461538461553,0.04765957162811339,1425561098253,0,0,0,0,0,0,0
0.014163747091036214,0.09140756721927476,0.997,-0.11929325437381254,-0.07650554656982422,-0.06209436798095703,0,0,1,-0.06529276731710798,-0.014163747091036214,-0.09140756721927476,0.0030000000000000027,0.05400048705670456,0.02302420009875318,-0.010154581062649052,-0.0029846153846153863,0.046831211513897325,1425561098253,0,0,0,0,0,0,0
0.007375737538101289,0.08798803981992417,1.001,-0.11751301853677819,-0.09499211120605469,-0.06304603958129883,0,0,1,-0.06529276731710798,-0.007375737538101289,-0.08798803981992417,-0.0009999999999998899,0.05222025121967021,0.03245996753100409,-0.009869856990178373,-0.022012121212120553,0.04412827014224135,1425561098253,0,0,0,0,0,0,0
-0.003431254560563846,0.08407774888695722,0.998,-0.11552334318950462,-0.15411009216308594,-0.07725546264648438,0,0,1,-0.06529276731710798,0.003431254560563846,-0.08407774888695722,0.0020000000000000018,0.05023057587239664,0.059178514435703794,-0.006149727134163861,0.017509090909090332,0.041186597021153154,1425561098253,0,0,0,0,0,0,0
-0.01221146008085657,0.08027781546178299,1.004,-0.11403981332530953,-0.12425514984130859,-0.07180004119873047,0,0,1,-0.06529276731710798,0.01221146008085657,-0.08027781546178299,-0.0040000000000000036,0.04874704600820155,0.05428337488557249,-0.00501663030077391,-0.03601250000000003,0.04179299976978708,1425561098579,0,0,0,0,0,0,0
-0.021406599445369663,0.07699649611052437,0.998,-0.11107275359691915,-0.13143032836914062,-0.0645951919555664,0,0,1,-0.06529276731710798,0.021406599445369663,-0.07699649611052437,0.0020000000000000018,0.04577998627981117,0.06039039880420742,-0.007194525476166398,0.03390769230769233,0.032085864456470936,1425561098644,0,0,0,0,0,0,0
-0.030469790756165998,0.07244590983221758,0.994,-0.1092576111748451,-0.12754401397705079,-0.08290724182128906,0,0,1,-0.06529276731710798,0.030469790756165998,-0.07244590983221758,0.006000000000000005,0.04396484385773712,0.06423131030358378,0.0009580747885017393,0.02633846153846156,0.03558726344816459,1425561098709,0,0,0,0,0,0,0
-0.040290798910315756,0.067111056320163,0.986,-0.10632545803149449,-0.13771101379394532,-0.09560894775390626,0,0,1,-0.06529276731710798,0.040290798910315756,-0.067111056320163,0.014000000000000012,0.041032690714386505,0.07324855563339187,0.006737886067998109,0.05427692307692312,0.027499676206614435,1425561098774,0,0,0,0,0,0,0
-0.04692599252336778,0.06086980458534062,0.98,-0.10360274439838343,-0.08903053283691406,-0.10365251159667968,0,0,1,-0.06529276731710798,0.04692599252336778,-0.06086980458534062,0.020000000000000018,0.038309977081275454,0.05837670042830043,0.012446898362318465,0.04734328358208959,0.026118722007643883,1425561098841,0,0,0,0,0,0,0
-0.054910509595931904,0.05351533396913215,0.979,-0.10136872295583063,-0.10771685028076172,-0.12211162567138673,0,0,1,-0.06529276731710798,0.054910509595931904,-0.05351533396913215,0.02100000000000002,0.03607595563872265,0.07210052159387992,0.022874141138203203,0.022355555555555576,0.025437758293233116,1425561098904,0,0,0,0,0,0,0
-0.06067909893345701,0.04451127463846954,0.973,-0.10084512418023237,-0.0724171371459961,-0.14312387084960937,0,0,1,-0.06529276731710798,0.06067909893345701,-0.04451127463846954,0.027000000000000024,0.035552356863124385,0.061727464390403344,0.033171652914715494,0.05390769230769235,0.033135747129593926,1425561098969,0,0,0,0,0,0,0
-0.06629839131179827,0.033720583181906544,0.971,-0.09759881177152294,-0.06756597137451172,-0.1695238037109375,0,0,1,-0.06529276731710798,0.06629839131179827,-0.033720583181906544,0.029000000000000026,0.032306044454414956,0.06377629783062903,0.04600726880438744,0.0339692307692308,0.017323064106525288,1425561099034,0,0,0,0,0,0,0
-0.06909282048346477,0.020996286357880055,0.971,-0.09539969691401005,-0.02311837387084961,-0.19404063415527345,0,0,1,-0.06529276731710798,0.06909282048346477,-0.020996286357880055,0.029000000000000026,0.030106929596902074,0.04955984074471901,0.05817697440177934,0.023200000000000023,0.02026014665281454,1425561099101,0,0,0,0,0,0,0
-0.07088398936418606,0.010658884227833936,0.972,-0.09220574438286043,-0.011975016593933106,-0.15691522216796874,0,0,1,-0.06529276731710798,0.07088398936418606,-0.010658884227833936,0.028000000000000025,0.02691297706575245,0.045262005490329466,0.04880220070935859,0.017176119402985093,0.012611697075530254,1425561099168,0,0,0,0,0,0,0
-0.07196092787616741,-0.0007511014879526268,0.966,-0.08827875356587321,-0.0003268146514892578,-0.17191014099121094,0,0,1,-0.06529276731710798,0.07196092787616741,0.0007511014879526268,0.03400000000000003,0.02298598624876523,0.04256772975952113,0.0626355173822203,0.06107096774193553,0.003984417779472234,1425561099230,0,0,0,0,0,0,0
-0.07313778215248573,-0.009569107531747768,0.941,-0.08449138908904562,-0.005922595024108887,-0.13331137084960937,0,0,1,-0.06529276731710798,0.07313778215248573,0.009569107531747768,0.05900000000000005,0.019198621771937638,0.043559395301979,0.04909930429029195,0.18391875000000016,0.001445350786808297,1425561099294,0,0,0,0,0,0,0
-0.07308079467535925,-0.01641485454527268,0.92,-0.08038986534685864,0.00951754379272461,-0.10224775695800781,0,0,1,-0.06529276731710798,0.07308079467535925,0.01641485454527268,0.07999999999999996,0.015097098029750664,0.03684100674619068,0.03924359550594644,0.17536363636363583,-0.0035461917074628563,1425561099360,0,0,0,0,0,0,0
-0.07247551760749983,-0.021262560808169507,0.895,-0.07642796794483174,0.014889137268066406,-0.07175167083740235,0,0,1,-0.06529276731710798,0.07247551760749983,0.021262560808169507,0.10499999999999998,0.01113520062772376,0.03362849940525016,0.030511557913029584,0.2186153846153847,-0.007150479689323488,0,0,0,0,0,0,0,0
-0.07061431269258671,-0.02506436487578473,0.853,-0.07218681786248547,0.0321907958984375,-0.05472894287109375,0,0,1,-0.06529276731710798,0.07061431269258671,0.02506436487578473,0.14700000000000002,0.006894050545377492,0.026133660541788173,0.025726690067588973,0.3403272727272729,-0.012383904374378269,0,0,0,0,0,0,0,0
-0.06755672498612064,-0.027457827177916956,0.818,-0.06775368156241988,0.048333766937255856,-0.032500545501708986,0,0,1,-0.06529276731710798,0.06755672498612064,0.027457827177916956,0.18200000000000005,0.0024609142453119043,0.017796946286743182,0.01939046655566071,0.3370062500000002,-0.018319412161245538,0,0,0,0,0,0,0,0
-0.0643870551073719,-0.029508802847698995,0.778,-0.06630505828326459,0.049518783569335936,-0.027475160598754884,0,0,1,-0.06529276731710798,0.0643870551073719,0.029508802847698995,0.22199999999999998,0.001012290966156612,0.01590769250966246,0.017979408158640933,0.39298461538461493,-0.005673662629944736,0,0,0,0,0,0,0,0
-0.061243608341495136,-0.029957294786788612,0.729,-0.06679375047382306,0.04749382400512695,-0.0035884904861450194,0,0,1,-0.06529276731710798,0.061243608341495136,0.029957294786788612,0.271,0.0015009831567150828,0.01451697884914898,0.00950466943209696,0.48064615384615406,0.003756485574677255,0,0,0,0,0,0,0,0
-0.06022077966157654,-0.03308748404668216,0.684,-0.06930702459669467,0.018442043304443358,-0.04582412338256836,0,0,1,-0.06529276731710798,0.06022077966157654,0.03308748404668216,0.31599999999999995,0.004014257279586694,0.025463420786513695,0.024905141725178055,0.49510769230769186,0.015613984000532594,0,0,0,0,0,0,0,0
-0.06021974894458587,-0.040921382043479976,0.633,-0.07330382858376182,0.008153067588806153,-0.11722528839111328,0,0,1,-0.06529276731710798,0.06021974894458587,0.040921382043479976,0.367,0.008011061266653838,0.031005407363038195,0.05135121094907211,0.5600179104477614,0.02590719852217836,0,0,0,0,0,0,0,0
-0.05936502904685101,-0.05423500624219621,0.585,-0.0754854901487547,0.02741235542297363,-0.1982290802001953,0,0,1,-0.06529276731710798,0.05936502904685101,0.05423500624219621,0.41500000000000004,0.010192722831646725,0.026019681114659746,0.0861459489036733,0.5904615384615387,0.02026193005469082,0,0,0,0,0,0,0,0
-0.05917468773215645,-0.07664877942996308,0.536,-0.07721336610822914,0.028201614379882813,-0.33503387451171873,0,0,1,-0.06529276731710798,0.05917468773215645,0.07664877942996308,0.46399999999999997,0.01192059879112116,0.02950667667316065,0.1457505860599095,0.6434222222222218,0.020148579550523224,0,0,0,0,0,0,0,0
-0.05959192502174044,-0.09614800183499794,0.485,-0.07995353303386009,0.016321662902832032,-0.29209963989257814,0,0,1,-0.06529276731710798,0.05959192502174044,0.09614800183499794,0.515,0.014660765716752108,0.0329608144481293,0.1275084160002045,0.6745000000000003,0.026749737447476885,0,0,0,0,0,0,0,0
-0.05867876227424319,-0.11871809158032581,0.435,-0.08307767239493001,0.04069322967529297,-0.33637582397460936,0,0,1,-0.06529276731710798,0.05867876227424319,0.11871809158032581,0.565,0.01778490507782203,0.02532052944676998,0.15937997806374507,0.7297777777777774,0.03266175917815499,0,0,0,0,0,0,0,0
-0.05006349580326105,-0.13380521190224995,0.387,-0.08498008127960398,0.14756271362304688,-0.21480258178710937,0,0,1,-0.06529276731710798,0.05006349580326105,0.13380521190224995,0.613,0.019687313962495998,-0.019567954670805486,0.11861249437876206,0.7449454545454548,0.028334627074650395,0,0,0,0,0,0,0,0
-0.041422943670891214,-0.14788841222712645,0.336,-0.0874759021099558,0.14707084655761718,-0.1994848175048828,0,0,1,-0.06529276731710798,0.041422943670891214,0.14788841222712645,0.6639999999999999,0.022183134792847822,-0.02542772036263931,0.11994214858409077,0.8101062499999996,0.033882294935122,0,0,0,0,0,0,0,0
-0.03221267518911678,-0.16041425025215036,0.286,-0.08998917623282764,0.15404046630859375,-0.17509942626953126,0,0,1,-0.06529276731710798,0.03221267518911678,0.16041425025215036,0.714,0.024696408915719656,-0.032352650254156866,0.11423348761233759,0.8404307692307695,0.03629613563666658,0,0,0,0,0,0,0,0
-0.022813920790489405,-0.17068327357478774,0.235,-0.09341002156673649,0.15425367736816406,-0.14074240112304687,0,0,1,-0.06529276731710798,0.022813920790489405,0.17068327357478774,0.765,0.028117254249628507,-0.038052122572626426,0.1052730595702557,0.8866153846153849,0.043905771175361666,0,0,0,0,0,0,0,0
-0.012955089709326139,-0.17815138921202567,0.187,-0.0949982711860514,0.15768650817871094,-0.09773974609375,0,0,1,-0.06529276731710798,0.012955089709326139,0.17815138921202567,0.813,0.029705503868943425,-0.04464599019879521,0.0919399767410668,0.904945454545454,0.036924820320374876,0,0,0,0,0,0,0,0
-0.0021509172497278716,-0.1830621956692967,0.151,-0.09681341360812544,0.16831910705566405,-0.05795743942260742,0,0,1,-0.06529276731710798,0.0021509172497278716,0.1830621956692967,0.849,0.03152064629101746,-0.05505983079975878,0.07997255165180789,0.870109090909091,0.03977129366408125,0,0,0,0,0,0,0,0
0.009408595967594888,-0.18537172939721303,0.113,-0.09719738604356408,0.17592941284179686,-0.017720252990722656,0,0,1,-0.06529276731710798,-0.009408595967594888,0.18537172939721303,0.887,0.0319046187264561,-0.06676684286465823,0.06737215679631411,0.9174125000000002,0.03370448951757472,0,0,0,0,0,0,0,0
0.019771697346845415,-0.185730063518675,0.061,-0.09609782861480785,0.15523443603515624,0.009735574722290039,0,0,1,-0.06529276731710798,-0.019771697346845415,0.185730063518675,0.9390000000000001,0.030805061297699873,-0.06454647236936638,0.056899610422754245,1.0312000000000003,0.025730180857286525,0,0,0,0,0,0,0,0
0.02898296131566741,-0.1831843619876675,0,-0.09608037532228773,0.13386756896972657,0.051266651153564456,0,0,1,-0.06529276731710798,-0.02898296131566741,0.1831843619876675,1,0.030787608005179753,-0.06296874183786355,0.040617854746985316,1.1284615384615382,0.030707054347394586,0,0,0,0,0,0,0,0
