0.2262805762126177,0.07135945612348983,0.715,0.2593210202613172,0.02426536560058594,0.034709331512451175,0,0,1,undefined,-0.2262805762126177,-0.07135945612348983,0.28500000000000003,0,-0.11314028810630886,-0.035679728061744916,0.22800000000000004,0,0,0,0,0,0,0,0,0
0.22709367141719647,0.07346420685905543,0.713,0.2599493387920353,0.0198842716217041,0.027388193130493163,0,0,1,undefined,-0.22709367141719647,-0.07346420685905543,0.28700000000000003,0,-0.11806403128959132,-0.04842516307155881,0.24071111111111115,0,0,0,0,0,0,0,0,0
0.22879797416431005,0.07435491156525352,0.712,0.26162485487394993,0.02813973808288574,0.0063408007621765135,0,0,1,undefined,-0.22879797416431005,-0.07435491156525352,0.28800000000000003,0,-0.12357600187430509,-0.04197355804677033,0.23578461538461543,0,0,0,0,0,0,0,0,0
0.23072155297779276,0.07541777709404335,0.711,0.2627418655952265,0.03199547958374024,0.007937440872192383,0,0,1,undefined,-0.23072155297779276,-0.07541777709404335,0.28900000000000003,0,-0.12540932252947767,-0.04326117116010286,0.23642388059701497,0,0,0,0,0,0,0,0,0
0.23283758011812822,0.07744541035270264,0.712,0.26324801107830464,0.0385506591796875,0.021126804351806642,0,0,1,undefined,-0.23283758011812822,-0.07744541035270264,0.28800000000000003,0,-0.1281744963942611,-0.04998733439112515,0.22484444444444449,0,0,0,0,0,0,0,0,0
0.23568463853860175,0.07912762011713083,0.714,0.26462682118738035,0.04780077362060547,0.013251022338867187,0,0,1,undefined,-0.23568463853860175,-0.07912762011713083,0.28600000000000003,0,-0.1329403563475696,-0.04848461941538158,0.2181939393939394,0,0,0,0,0,0,0,0,0
0.2388223136508345,0.07883751206329531,0.717,0.2670877354326924,0.04428863525390625,-0.016509983062744142,0,0,1,undefined,-0.2388223136508345,-0.07883751206329531,0.28300000000000003,0,-0.13630633050667057,-0.03785663574176411,0.2102461538461539,0,0,0,0,0,0,0,0,0
0.24152447977154526,0.07868205676494645,0.721,0.26839673237168804,0.038479930877685545,-0.012946630477905273,0,0,1,undefined,-0.24152447977154526,-0.07868205676494645,0.279,0,-0.13531236515113823,-0.03850396139136399,0.20166153846153848,0,0,0,0,0,0,0,0,0
0.2440927226999902,0.07624585632926419,0.727,0.2699151688209229,0.027453702926635744,-0.04545059585571289,0,0,1,undefined,-0.2440927226999902,-0.07624585632926419,0.273,0,-0.13546255575231936,-0.02539650797823219,0.18705671641791047,0,0,0,0,0,0,0,0,0
0.24563276304082415,0.0728099761322103,0.737,0.2717826711205571,0.008521568298339844,-0.05583195495605469,0,0,1,undefined,-0.24563276304082415,-0.0728099761322103,0.263,0,-0.13137216119171188,-0.017316764749139096,0.15484444444444445,0,0,0,0,0,0,0,0,0
0.24675760695355803,0.06831861260848789,0.746,0.2728124153792335,-0.0018322086334228516,-0.06942699432373046,0,0,1,undefined,-0.24675760695355803,-0.06831861260848789,0.254,0,-0.1294356553145768,-0.009975041176507889,0.15473846153846152,0,0,0,0,0,0,0,0,0
0.2472020318781652,0.06221713241785677,0.755,0.2734756404949919,-0.018239994049072266,-0.08993362426757813,0,0,1,undefined,-0.2472020318781652,-0.06221713241785677,0.245,0,-0.12599407322542888,0.0017455578944699165,0.1475384615384615,0,0,0,0,0,0,0,0,0
0.24634931453254602,0.053901178139445616,0.761,0.2740515991481501,-0.04600496673583984,-0.11664923095703125,0,0,1,undefined,-0.24634931453254602,-0.053901178139445616,0.239,0,-0.11865267134253496,0.017149168467306047,0.15938181818181818,0,0,0,0,0,0,0,0,0
0.2446691703501468,0.04455798716454745,0.767,0.27375489317531027,-0.062190460205078124,-0.12809730529785157,0,0,1,undefined,-0.2446691703501468,-0.04455798716454745,0.23299999999999998,0,-0.1134247296623502,0.027268231284610464,0.15458181818181815,0,0,0,0,0,0,0,0,0
0.24195625167456486,0.03362423787370369,0.775,0.2728996818418337,-0.08351727294921875,-0.14689756774902343,0,0,1,undefined,-0.24195625167456486,-0.03362423787370369,0.22499999999999998,0,-0.10614185183019374,0.04298182249745,0.13624999999999995,0,0,0,0,0,0,0,0,0
0.23765926605546178,0.022856697842004562,0.782,0.27188739087567654,-0.1056013412475586,-0.13816387939453126,0,0,1,undefined,-0.23765926605546178,-0.022856697842004562,0.21799999999999997,0,-0.0956920181556374,0.04655071278814685,0.13670769230769228,0,0,0,0,0,0,0,0,0
0.2327419715607911,0.009346150469673386,0.79,0.27052603405912184,-0.12547377777099608,-0.17540562438964843,0,0,1,undefined,-0.2327419715607911,-0.009346150469673386,0.20999999999999996,0,-0.08989324619370727,0.06807602600079271,0.12492307692307687,0,0,0,0,0,0,0,0,0
0.2258701091836627,-0.0037730931023683845,0.8,0.26816983956892876,-0.15191851806640624,-0.16208515930175782,0,0,1,undefined,-0.2258701091836627,0.0037730931023683845,0.19999999999999996,0,-0.07593271871498618,0.0725286273237168,0.1061538461538461,0,0,0,0,0,0,0,0,0
0.21823628307682863,-0.01886599734294267,0.808,0.26563911215353714,-0.17040145874023438,-0.18796098327636718,0,0,1,undefined,-0.21823628307682863,0.01886599734294267,0.19199999999999995,0,-0.06923994545793778,0.08827652828641162,0.11180895522388053,0,0,0,0,0,0,0,0,0
0.2073143345279524,-0.030833211704392724,0.815,0.2629338518129461,-0.20520848083496093,-0.1302025146484375,0,0,1,undefined,-0.2073143345279524,0.030833211704392724,0.18500000000000005,0,-0.04392776113730928,0.0798554524138505,0.11030769230769293,0,0,0,0,0,0,0,0,0
0.19555715178094807,-0.04193566243155486,0.825,0.2593733801388776,-0.2135819549560547,-0.11497518920898438,0,0,1,undefined,-0.19555715178094807,0.04193566243155486,0.17500000000000004,0,-0.03447066879121999,0.08168435862994536,0.0853125,0,0,0,0,0,0,0,0,0
0.18232697419952792,-0.05250562272574644,0.832,0.25747097125420365,-0.23247854614257812,-0.10234793090820313,0,0,1,undefined,-0.18232697419952792,0.05250562272574644,0.16800000000000004,0,-0.01992406935365551,0.08316798217775093,0.09670769230769233,0,0,0,0,0,0,0,0,0
0.16982007239413607,-0.060688202950477436,0.84,0.2552194965191309,-0.2126732177734375,-0.07092231750488281,0,0,1,undefined,-0.16982007239413607,0.060688202950477436,0.16000000000000003,0,-0.01756518032188116,0.07440414883917486,0.08492307692307692,0,0,0,0,0,0,0,0,0
0.15670079175485813,-0.06780240081682692,0.848,0.2526538625186995,-0.21735531616210937,-0.05357534027099609,0,0,1,undefined,-0.15670079175485813,0.06780240081682692,0.15200000000000002,0,-0.009816840299111437,0.07106492060576153,0.0798089552238806,0,0,0,0,0,0,0,0,0
0.14523943007541215,-0.07113499287709767,0.858,0.2515892116749828,-0.17895831298828124,-0.005426142692565918,0,0,1,undefined,-0.14523943007541215,0.07113499287709767,0.14200000000000002,0,-0.009940393353235905,0.05379260926815445,0.05891249999999998,0,0,0,0,0,0,0,0,0
0.13367025719815698,-0.0733851460518634,0.863,0.2508212668041051,-0.17647669982910155,0.01051133918762207,0,0,1,undefined,-0.13367025719815698,0.0733851460518634,0.137,0,-0.003566214426589262,0.048998098200431814,0.08225625,0,0,0,0,0,0,0,0,0
0.12331960383532019,-0.07341131055678943,0.871,0.25068164046394636,-0.15049896240234376,0.03815523529052734,0,0,1,undefined,-0.12331960383532019,0.07341131055678943,0.129,0,-0.006769973478374096,0.03684440644088122,0.06077575757575756,0,0,0,0,0,0,0,0,0
0.11503426565251265,-0.07146120487105444,0.878,0.2516939314301022,-0.11313924407958985,0.05916674041748047,0,0,1,undefined,-0.11503426565251265,0.07146120487105444,0.122,0,-0.012903773380369597,0.025230033358492658,0.05990769230769229,0,0,0,0,0,0,0,0,0
0.10805281482708413,-0.06792687996971947,0.884,0.2533694475120173,-0.08821910095214844,0.07742489624023438,0,0,1,undefined,-0.10805281482708413,0.06792687996971947,0.11599999999999999,0,-0.016433979892003896,0.014932459746902202,0.060492307692307665,0,0,0,0,0,0,0,0,0
0.10175563133828516,-0.06301919891121549,0.894,0.254992603716372,-0.07298910522460937,0.09494239044189454,0,0,1,undefined,-0.10175563133828516,0.06301919891121549,0.10599999999999998,0,-0.016969904575609665,0.005083624525201721,0.030953846153846103,0,0,0,0,0,0,0,0,0
0.09580440640619615,-0.057924254473517074,0.902,0.2574535179616836,-0.06710479736328125,0.09646990203857422,0,0,1,undefined,-0.09580440640619615,0.057924254473517074,0.09799999999999998,0,-0.016342677048080616,0.0019434824913881488,0.03597575757575753,0,1425374148399,0,0,0,0,0,0,0
0.09137742792260711,-0.05104343432237424,0.911,0.2591115807510781,-0.037936283111572267,0.11671846008300782,0,0,1,undefined,-0.09137742792260711,0.05104343432237424,0.08899999999999997,0,-0.021851137511208717,-0.011528852883428156,0.02273846153846147,0,1425374148399,0,0,0,0,0,0,0
0.0877119154610798,-0.04300641060765942,0.92,0.26104889622079225,-0.022258333206176758,0.13061874389648437,0,0,1,undefined,-0.0877119154610798,0.04300641060765942,0.07999999999999996,0,-0.024707758304650957,-0.020481246937217853,0.01698507462686561,0,1425374148399,0,0,0,0,0,0,0
0.08484992302325638,-0.034132931386042356,0.925,0.26305602486058516,-0.007122529983520508,0.139672607421875,0,0,1,undefined,-0.08484992302325638,0.034132931386042356,0.07499999999999996,0,-0.027247728886807,-0.029989863512523834,0.03348484848484844,0,1425374148399,0,0,0,0,0,0,0
0.08322149127738736,-0.02513845278869746,0.931,0.26490607386769965,0.011496671676635742,0.136627685546875,0,0,1,undefined,-0.08322149127738736,0.02513845278869746,0.06899999999999995,0,-0.032417985782981475,-0.03820605601001762,0.021329032258064456,0,1425374148399,0,0,0,0,0,0,0
0.08174762393433996,-0.016907064832039034,0.937,0.26630233726929503,0.010990140914916992,0.12495208740234375,0.08322149127738736,-0.02513845278869746,0.931,0.26490607386769965,0.0014738673430473997,-0.008231387956658426,-0.006000000000000005,-0.0013962634015953768,0.0007369336715236999,-0.004115693978329213,-0.004800000000000005,-0.0013962634015953768,1425374148399,0,0,0,0,0,0,0
0.07951939840643318,-0.007170457949976221,0.942,0.2673146282354513,0.006189918518066407,0.1496968536376953,0.08322149127738736,-0.02513845278869746,0.931,0.26490607386769965,0.003702092870954174,-0.01796799483872124,-0.010999999999999899,-0.0024085543677516696,0.013849183893436638,-0.06141188063046807,-0.03572307692307626,-0.007080666519242252,1425374148789,0,0,0,0,0,0,0
0.07850467337824425,0.0009803099997695575,0.946,0.26624997739173556,0.017614164352416993,0.12193972015380859,0.08322149127738736,-0.02513845278869746,0.931,0.26490607386769965,0.004716817899143105,-0.026118762788467018,-0.014999999999999902,-0.0013439035240359054,0.007659211335633134,-0.0556380199376816,-0.032895522388059636,0.00342318980603468,1425374148856,0,0,0,0,0,0,0
0.07928223363736313,0.009130022436229708,0.948,0.2676986006708904,0.04341716003417969,0.11486946105957031,0.08322149127738736,-0.02513845278869746,0.931,0.26490607386769965,0.00393925764002423,-0.03426847522492717,-0.016999999999999904,-0.0027925268031907535,-0.0022826538470442368,-0.06170297749935502,-0.024537499999999934,-0.009582948424229104,1425374148920,0,0,0,0,0,0,0
0.08185147460362012,0.017009063460788534,0.951,0.2675589743307308,0.06842755126953125,0.10378215026855468,0.08322149127738736,-0.02513845278869746,0.931,0.26490607386769965,0.0013700166737672381,-0.042147516249486,-0.019999999999999907,-0.002652900463031127,-0.013149366096807872,-0.06349936364159824,-0.03215384615384609,-0.002008471200755928,1425374148985,0,0,0,0,0,0,0
0.08554247288162849,0.02374317545807649,0.955,0.26698301567757304,0.08010031127929687,0.08278031158447266,0.08322149127738736,-0.02513845278869746,0.931,0.26490607386769965,-0.002320981604241129,-0.04888162824677395,-0.02399999999999991,-0.0020769418098733894,-0.02103509691447331,-0.06070141718570672,-0.04073846153846149,0.0005813288970084765,1425374149050,0,0,0,0,0,0,0
0.09128935476529554,0.030066279171237636,0.956,0.2677160539634105,0.10817181396484375,0.06874390411376953,0.08322149127738736,-0.02513845278869746,0.931,0.26490607386769965,-0.00806786348790818,-0.0552047319599351,-0.02499999999999991,-0.0028099800957108734,-0.03450982052097633,-0.061133976580064524,-0.025303030303030237,-0.006141972304063073,1425374149116,0,0,0,0,0,0,0
0.09854140266206732,0.03491322701333748,0.957,0.2671400953102519,0.12413809967041016,0.04133860397338867,0.08322149127738736,-0.02513845278869746,0.931,0.26490607386769965,-0.01531991138467996,-0.06005167980203494,-0.025999999999999912,-0.0022340214425522475,-0.046117785447947895,-0.05572935118488029,-0.026103030303030236,0.000383972435441506,1425374149182,0,0,0,0,0,0,0
0.10671899472532216,0.03883653336034101,0.953,0.26803021322876913,0.1338477325439453,0.024382104873657228,0.08322149127738736,-0.02513845278869746,0.931,0.26490607386769965,-0.023497503447934803,-0.06397498614903847,-0.02199999999999991,-0.003124139361069478,-0.05717981874204986,-0.05378363944676108,0.004622222222222312,-0.007362796115913432,1425374149245,0,0,0,0,0,0,0
0.11575084976868592,0.041866926370209695,0.951,0.2673495348204911,0.1426787109375,0.007953935623168946,0.08322149127738736,-0.02513845278869746,0.931,0.26490607386769965,-0.032529358491298566,-0.06700537915890716,-0.019999999999999907,-0.0024434609527914652,-0.06416088023318438,-0.0495729555408784,-0.005393939393939314,0.0006505318121085919,1425374149311,0,0,0,0,0,0,0
0.1259637954336621,0.042577753647708855,0.949,0.26780332042601024,0.1505686340332031,-0.030186614990234374,0.08322149127738736,-0.02513845278869746,0.931,0.26490607386769965,-0.04274230415627474,-0.06771620643640631,-0.017999999999999905,-0.0028972465583105844,-0.07636393642800907,-0.0376856347124294,-0.0036307692307691476,-0.004991641660706519,1425374149376,0,0,0,0,0,0,0
0.13503197458416513,0.041504405321942044,0.948,0.2675589743307308,0.12691374969482422,-0.05151979064941406,0.08322149127738736,-0.02513845278869746,0.931,0.26490607386769965,-0.051810483306777774,-0.0666428581106395,-0.016999999999999904,-0.002652900463031127,-0.074733898617636,-0.027541861147344575,-0.008215384615384536,-0.0015251492540490161,1425374149441,0,0,0,0,0,0,0
0.14442857264866407,0.03913801760084352,0.957,0.2676462407933305,0.12654956817626953,-0.0714966583251953,0.08322149127738736,-0.02513845278869746,0.931,0.26490607386769965,-0.061207081371276714,-0.06427647038954099,-0.025999999999999912,-0.002740166925630838,-0.08043398496707213,-0.019589209401066263,-0.06852727272727269,-0.0031368326647204336,1425374149507,0,0,0,0,0,0,0
0.15341430401711392,0.03536398749381556,0.953,0.2685712652968875,0.11501573181152344,-0.09024069213867188,0.08322149127738736,-0.02513845278869746,0.931,0.26490607386769965,-0.07019281273972656,-0.06050244028251302,-0.02199999999999991,-0.003665191429187864,-0.0842371247910734,-0.009611992993447314,0.004275000000000091,-0.008001243789611423,1425374149571,0,0,0,0,0,0,0
0.16217065071800627,0.029436277271641376,0.944,0.2678905868886095,0.10304246520996094,-0.12058111572265626,0.08322149127738736,-0.02513845278869746,0.931,0.26490607386769965,-0.07894915944061891,-0.05457473006033883,-0.0129999999999999,-0.0029845130209098514,-0.08662413887896053,0.004631074627691578,0.03806153846153858,0.00015707963268097582,1425374149636,0,0,0,0,0,0,0
0.16973854559710919,0.022127919925879265,0.94,0.2678382270110496,0.0804517822265625,-0.1357632598876953,0.08322149127738736,-0.02513845278869746,0.931,0.26490607386769965,-0.08651705431972183,-0.047266372714576725,-0.008999999999999897,-0.002932153143349936,-0.08339130303389156,0.015123254112662205,0.014012121212121309,-0.002694153699895775,1425374149702,0,0,0,0,0,0,0
0.1750606266166764,0.014388276750934756,0.933,0.267942946766169,0.04626071166992188,-0.1330824432373047,0.08322149127738736,-0.02513845278869746,0.931,0.26490607386769965,-0.09183913533928904,-0.03952672953963222,-0.0020000000000000018,-0.0030368728984693227,-0.07502469824540273,0.022562808843161666,0.03668124999999942,-0.0035277467505914484,1425374149766,0,0,0,0,0,0,0
0.17938841819357404,0.0061077804894143686,0.929,0.2683269192016085,0.029716764450073242,-0.13696205139160156,0.08322149127738736,-0.02513845278869746,0.931,0.26490607386769965,-0.09616692691618668,-0.03124623327811183,0.0020000000000000018,-0.0034208453339088507,-0.07003602942786397,0.026379400629525752,0.021889855072463785,-0.005090290705385059,1425374149835,0,0,0,0,0,0,0
0.18246560958719918,-0.001671754005649337,0.926,0.26666885641221355,0.013568659782409669,-0.12475456237792969,0.08322149127738736,-0.02513845278869746,0.931,0.26490607386769965,-0.09924411830981182,-0.023466698783048124,0.0050000000000000044,-0.0017627825445138967,-0.06699330089311234,0.032183377596738796,0.020935483870967758,0.0062601019203003955,1425374149897,0,0,0,0,0,0,0
0.18452337540675293,-0.009622702258373096,0.924,0.2662848839767749,-0.0016529664993286133,-0.1231826400756836,0.08322149127738736,-0.02513845278869746,0.931,0.26490607386769965,-0.10130188412936557,-0.015515750530324364,0.007000000000000006,-0.001378810109075257,-0.061731219554587574,0.03505492301873498,0.016369230769230782,0.00039337036218000353,0,0,0,0,0,0,0,0
0.1858837145799587,-0.016758565422268855,0.921,0.2664070570244144,-0.008481023788452148,-0.10863499450683593,0.08322149127738736,-0.02513845278869746,0.931,0.26490607386769965,-0.10266222330257134,-0.008379887366428605,0.010000000000000009,-0.0015009831567147636,-0.05843736106355463,0.03308695344161429,0.023671641791044796,-0.002048026653608077,0,0,0,0,0,0,0,0
0.18536561869100518,-0.023923324849900892,0.92,0.2652027798405386,-0.035790950775146484,-0.10163416290283203,0.08322149127738736,-0.02513845278869746,0.931,0.26490607386769965,-0.10214412741361782,-0.0012151279387965681,0.01100000000000001,-0.00029670597283892874,-0.04823872681409436,0.038574714150464415,0.014268750000000012,0.005348343326579047,0,0,0,0,0,0,0,0
0.18410403282253346,-0.031442763085172055,0.921,0.2642428487519413,-0.04782543182373047,-0.10388829040527343,0.08322149127738736,-0.02513845278869746,0.931,0.26490607386769965,-0.1008825415451461,0.006304310296474595,0.010000000000000009,0.0006632251157583369,-0.043751042682192716,0.043027963971644975,0.0026969696969697003,0.005026548245745908,0,0,0,0,0,0,0,0
0.18241829843252266,-0.03758429907109649,0.923,0.2632654643708248,-0.04846890640258789,-0.0823213348388672,0.08322149127738736,-0.02513845278869746,0.931,0.26490607386769965,-0.0991968071551353,0.012445846282399031,0.008000000000000007,0.0016406094968748342,-0.04037954363219611,0.03980944806422377,-0.004537500000000003,0.006222098783358415,1425374150223,0,0,0,0,0,0,0
0.18089628053498233,-0.04356388118156497,0.922,0.26345745058854436,-0.04538509750366211,-0.0806621322631836,0.08322149127738736,-0.02513845278869746,0.931,0.26490607386769965,-0.09767478925759497,0.01842542839286751,0.009000000000000008,0.0014486232791552922,-0.04064191364204184,0.04141046402203326,0.012584615384615395,0.0005625330435266371,1425374150223,0,0,0,0,0,0,0
0.17938304201923305,-0.04847928402649994,0.924,0.26333527754090486,-0.04111642837524414,-0.06527581024169922,0.08322149127738736,-0.02513845278869746,0.931,0.26490607386769965,-0.0961615507418457,0.02334083123780248,0.007000000000000006,0.0015707963267947989,-0.039932567978426745,0.03813796939932029,-0.005169230769230772,0.0021346719312848295,1425374150223,0,0,0,0,0,0,0
0.17747096457961184,-0.051829232632222756,0.933,0.2617121213365497,-0.04077243041992187,-0.041051223754882814,0.08322149127738736,-0.02513845278869746,0.931,0.26490607386769965,-0.09424947330222448,0.026690779843525296,-0.0020000000000000018,0.0031939525311499573,-0.036828935053151865,0.03138357472180858,-0.050061538461538505,0.010685442705096842,1425374150223,0,0,0,0,0,0,0
0.17568624300606517,-0.05464280546025116,0.928,0.26056020403023333,-0.03677877044677735,-0.03383995056152344,0.08322149127738736,-0.02513845278869746,0.931,0.26490607386769965,-0.09246475172867781,0.0295043526715537,0.0030000000000000027,0.004345869837466321,-0.03690920346521451,0.029449944840402836,0.02851940298507465,0.009503708522464963,1425374150223,0,0,0,0,0,0,0
0.17330183912524844,-0.05580252882671412,0.926,0.2552020432266107,-0.039040355682373046,-0.007594548225402832,0.08322149127738736,-0.02513845278869746,0.931,0.26490607386769965,-0.09008034784786108,0.030664076038016658,0.0050000000000000044,0.009704030641088934,-0.03220107610414814,0.02157670229996272,0.014769230769230781,0.03443400358088561,1425374150550,0,0,0,0,0,0,0
0.17036232415777094,-0.05596245172981185,0.925,0.25047220095370665,-0.04327022933959961,0.008809657096862792,0.08322149127738736,-0.02513845278869746,0.931,0.26490607386769965,-0.08714083288038359,0.030823998941114393,0.006000000000000005,0.014433872913993007,-0.027494943961799266,0.016286577846872936,0.01026875000000001,0.036605008568230846,1425374150614,0,0,0,0,0,0,0
0.16714877672021847,-0.05539987999201403,0.923,0.24698154244971773,-0.04460745620727539,0.02012297248840332,0.08322149127738736,-0.02513845278869746,0.931,0.26490607386769965,-0.08392728544283111,0.030261427203316572,0.008000000000000007,0.01792453141798192,-0.02465992574997914,0.01210148116736233,0.017169230769230784,0.03403526297485383,1425374150679,0,0,0,0,0,0,0
0.16414817461929687,-0.05442365177626073,0.922,0.24261821931973174,-0.04006322479248047,0.025202793121337892,0.08322149127738736,-0.02513845278869746,0.931,0.26490607386769965,-0.08092668334190951,0.029285198987563273,0.009000000000000008,0.022287854547967917,-0.024551057802431143,0.009465631682968684,0.012503030303030314,0.04212114150244972,1425374150745,0,0,0,0,0,0,0
0.1614711639088199,-0.05217134529060911,0.922,0.23982569251654096,-0.030862527847290037,0.04244219970703125,0.08322149127738736,-0.02513845278869746,0.931,0.26490607386769965,-0.07824967263143255,0.027032892501911647,0.009000000000000008,0.025080381351158698,-0.024928567396520267,0.0015723967058335689,0.007200000000000007,0.03777368500202588,1425374150811,0,0,0,0,0,0,0
0.15924757451478713,-0.048957879847838184,0.923,0.23705061900586988,-0.020949657440185548,0.054745059967041015,0.08322149127738736,-0.02513845278869746,0.931,0.26490607386769965,-0.07602608323739977,0.023819427059140724,0.008000000000000007,0.027855454861829776,-0.025659767207406682,-0.005942872263601431,0.0008444444444444463,0.04107009062693015,1425374150874,0,0,0,0,0,0,0
0.15673738567908863,-0.045680617567825446,0.925,0.23525292987631574,-0.025055540084838866,0.05662646484375,0.08322149127738736,-0.02513845278869746,0.931,0.26490607386769965,-0.07351589440170127,0.020542164779127986,0.006000000000000005,0.029653143991383912,-0.023446339738813098,-0.007108338792321738,-0.005806060606060609,0.03782445821662998,1425374150940,0,0,0,0,0,0,0
0.1542266341312841,-0.04198359049173468,0.931,0.23293164197116287,-0.023697866439819335,0.06270633697509766,0.08322149127738736,-0.02513845278869746,0.931,0.26490607386769965,-0.07100514285389674,0.016845137703037222,0,0.03197443189653679,-0.02198314001569321,-0.01148450001973935,-0.03230769230769233,0.04268806838185774,1425374151005,0,0,0,0,0,0,0
0.1520022289076644,-0.03884481931263535,0.933,0.23073252711365042,-0.021597105026245116,0.05351200103759766,0.08322149127738736,-0.02513845278869746,0.931,0.26490607386769965,-0.06878073763027705,0.01370636652393789,-0.0020000000000000018,0.03417354675404924,-0.02241280222641711,-0.01004789231779668,-0.012369230769230778,0.044323307634875936,1425374151070,0,0,0,0,0,0,0
0.14968686292766606,-0.03458588796497411,0.936,0.2296155163923743,-0.01920043182373047,0.07013352966308593,0.08322149127738736,-0.02513845278869746,0.931,0.26490607386769965,-0.0664653716502787,0.00944743517627665,-0.0050000000000000044,0.03529055747532536,-0.020954229870602668,-0.01786152440703492,-0.019909090909090925,0.04036787893567138,1425374151136,0,0,0,0,0,0,0
0.14803755840472033,-0.030719870712941105,0.94,0.22734658836478136,-0.010891487121582031,0.06209904861450195,1,-0.25,1,undefined,0.8519624415952797,-0.2192801292870589,0.06000000000000005,0,0.42598122079763984,-0.10964006464352945,0.04800000000000004,0,0,0,0,0,0,0,0,0
0.14534282409474691,-0.026034086296306796,0.95,0.22436207534387148,-0.02353873825073242,0.07758876037597656,1,-0.25,1,undefined,0.854657175905253,-0.2239659137036932,0.050000000000000044,0,0.4416188456570307,-0.1368318136067255,-0.013030303030303031,0,0,0,0,0,0,0,0,0
0.14262636128129458,-0.021747238219504188,0.948,0.21858503551976954,-0.02541931343078613,0.07175661468505859,1,-0.25,1,undefined,0.8573736387187054,-0.2282527617804958,0.052000000000000046,0,0.443313926816404,-0.13720940899610806,0.05236923076923082,0,0,0,0,0,0,0,0,0
0.14074563429411638,-0.018928027291244678,0.948,0.21416935251222452,-0.0183695068359375,0.04739942169189453,1,-0.25,1,undefined,0.8592543657058836,-0.23107197270875532,0.052000000000000046,0,0.439754174322363,-0.13071635289115965,0.04160000000000004,0,0,0,0,0,0,0,0,0
0.1415075913142627,-0.017673462232292454,0.947,0.21132446583147296,0.015167832374572754,0.01595938777923584,1,-0.25,1,undefined,0.8584924086857373,-0.23232653776770754,0.05300000000000005,0,0.4252055231754258,-0.12281626540860037,0.04770303030303035,0,0,0,0,0,0,0,0,0
0.14629494987092734,-0.017360958250367188,0.948,0.20903808451136036,0.07119612121582031,-0.010479311943054199,1,-0.25,1,undefined,0.8537050501290726,-0.23263904174963282,0.052000000000000046,0,0.4006716579577764,-0.1180285270259703,0.03613125000000003,0,0,0,0,0,0,0,0,0
0.15694538805994404,-0.018433001851250862,0.952,0.20842721927316235,0.15294178771972655,-0.048883121490478514,1,-0.25,1,undefined,0.8430546119400559,-0.23156699814874915,0.04800000000000004,0,0.3650477095131214,-0.11009841937271875,0.01718787878787881,0,0,0,0,0,0,0,0,0
0.17568893193183852,-0.020088682675278004,0.952,0.20738002172196626,0.26992938232421876,-0.08247432708740235,1,-0.25,1,undefined,0.8243110680681615,-0.229911317324722,0.04800000000000004,0,0.31122875933926436,-0.10604045422529176,0.03840000000000004,0,0,0,0,0,0,0,0,0
0.20358193300564448,-0.022957935836797116,0.953,0.20715312891920737,0.4005688171386719,-0.1282628173828125,1,-0.25,1,undefined,0.7964180669943555,-0.22704206416320288,0.04700000000000004,0,0.24801595079206856,-0.09807120736572926,0.032215384615384646,0,0,0,0,0,0,0,0,0
0.2374096003605259,-0.02773806866547683,0.948,0.2061931978306101,0.48181939697265624,-0.17453147888183593,1,-0.25,1,undefined,0.7625903996394741,-0.22226193133452316,0.052000000000000046,0,0.20718220608137686,-0.08652734081376298,0.06733529411764712,0,0,0,0,0,0,0,0,0
0.28155427226485585,-0.0348748143212126,0.947,0.20535543978965282,0.6262264404296874,-0.24035310363769533,1,-0.25,1,undefined,0.7184457277351441,-0.2151251856787874,0.05300000000000005,0,0.11001907085925805,-0.06727451252475644,0.04804516129032263,0,0,0,0,0,0,0,0,0
0.3325622343156884,-0.04517005048446567,0.944,0.20357520395261833,0.7175528564453125,-0.30720321655273436,1,-0.25,1,undefined,0.6674377656843116,-0.20482994951553432,0.05600000000000005,0,0.06322211439077091,-0.047819025407182594,0.06070909090909096,0,0,0,0,0,0,0,0,0
0.38805892810315745,-0.05683067435661419,0.944,0.199421320332872,0.7798985595703125,-0.3395956420898438,1,-0.25,1,undefined,0.6119410718968425,-0.19316932564338582,0.05600000000000005,0,0.011669887075479557,-0.034748021075450865,0.04480000000000004,0,0,0,0,0,0,0,0,0
0.4510250346356877,-0.07021124894501618,0.941,0.1971523923052795,0.8860122680664062,-0.383836669921875,1,-0.25,1,undefined,0.5489749653643123,-0.17978875105498382,0.05900000000000005,0,-0.075324220276345,-0.015557850036369697,0.06386666666666672,0,0,0,0,0,0,0,0,0
0.5198280917815329,-0.08525473971817009,0.941,0.19531979659068469,0.9678531494140625,-0.42343585205078127,1,-0.25,1,undefined,0.4801719082184671,-0.1647452602818299,0.05900000000000005,0,-0.11933300113025636,-0.0037872305796631256,0.04720000000000005,0,0,0,0,0,0,0,0,0
0.5920027647661207,-0.10211898849772655,0.942,0.19198621771937643,1.0129395141601563,-0.4582689819335938,1,-0.25,1,undefined,0.4079972352338793,-0.14788101150227345,0.05800000000000005,0,-0.19070662526752485,0.01828585476206257,0.040931250000000044,0,0,0,0,0,0,0,0,0
0.6664680098394895,-0.1212830697895696,0.937,0.18905406457602605,1.0416064453125,-0.495309326171875,1,-0.25,1,undefined,0.3335319901605105,-0.1287169302104304,0.06299999999999994,0,-0.23420070916096142,0.03883274185086276,0.0773230769230763,0,0,0,0,0,0,0,0,0
0.7454041298843469,-0.14177869961485443,0.936,0.18736109520159128,1.1051689453125,-0.5244735717773438,1,-0.25,1,undefined,0.2545958701156531,-0.10822130038514557,0.06399999999999995,0,-0.2977427113375594,0.056250433482037815,0.05658461538461535,0,0,0,0,0,0,0,0,0
0.821823425368566,-0.16478467096008176,0.937,0.18613936472519532,1.06194970703125,-0.55256591796875,1,-0.25,1,undefined,0.178176574631434,-0.08521532903991824,0.06299999999999994,0,-0.32240022683007813,0.08127064272357265,0.04501538461538457,0,0,0,0,0,0,0,0,0
0.8930314876852257,-0.19071562897182942,0.935,0.18542377973187796,0.97768603515625,-0.5799186401367188,1,-0.25,1,undefined,0.10696851231477433,-0.05928437102817058,0.06499999999999995,0,-0.31849815892964084,0.10581804290549204,0.062447761194029824,0,0,0,0,0,0,0,0,0
0.9601523234646154,-0.21821498575727996,0.935,0.18479546120115986,0.9135059814453125,-0.59103857421875,1,-0.25,1,undefined,0.03984767653538457,-0.03178501424272004,0.06499999999999995,0,-0.3471432324008455,0.13449460029907262,0.05199999999999996,0,1425374152504,0,0,0,0,0,0,0
1.0189013038481582,-0.24575280741765232,0.939,0.18477800790863974,0.7903314208984376,-0.567957275390625,1,-0.25,1,undefined,-0.018901303848158246,-0.004247192582347681,0.061000000000000054,0,-0.3307341383965789,0.14847386591398748,0.026925000000000632,0,1425374152504,0,0,0,0,0,0,0
1.0690730428487232,-0.2742152383054059,0.947,0.18495254083383872,0.66132470703125,-0.5579382934570313,1,-0.25,1,undefined,-0.06907304284872318,0.024215238305405895,0.05300000000000005,0,-0.30059877370008464,0.16304475264836582,-0.00002424242424241274,0,1425374152504,0,0,0,0,0,0,0
1.1075224117738873,-0.30340870524872243,0.952,0.18432422230312107,0.48637408447265623,-0.53649609375,1,-0.25,1,undefined,-0.10752241177388733,0.05340870524872243,0.04800000000000004,0,-0.25765937442948084,0.18151819247528223,0.011884848484848505,0,0,0,0,0,0,0,0,0
1.1358528005416215,-0.331286509125296,0.956,0.18378317023500224,0.3411146240234375,-0.48897030639648437,1,-0.25,1,undefined,-0.13585280054162152,0.081286509125296,0.04400000000000004,0,-0.21374457775179556,0.18413195098618843,0.014611764705882366,0,0,0,0,0,0,0,0,0
1.1548659559094918,-0.35770435786362426,0.96,0.18228218707828792,0.2079763641357422,-0.4417142333984375,1,-0.25,1,undefined,-0.15486595590949181,0.10770435786362426,0.040000000000000036,0,-0.18476530664433627,0.20298519600302,0.00941935483870969,0,0,0,0,0,0,0,0,0
1.1625224005767387,-0.3837207483657104,0.965,0.1803797781936135,0.04220236206054687,-0.4045992431640625,1,-0.25,1,undefined,-0.16252240057673872,0.1337207483657104,0.03500000000000003,0,-0.12186355837225449,0.20482608139088782,0.0014848484848484916,0,0,0,0,0,0,0,0,0
1.1639867617398116,-0.4072098608668162,0.967,0.17962928661525587,-0.041601287841796876,-0.3505609130859375,1,-0.25,1,undefined,-0.16398676173981164,0.1572098608668162,0.03300000000000003,0,-0.08987840251722151,0.20508476697782396,0.015630769230769247,0,0,0,0,0,0,0,0,0
1.1618799364866668,-0.4300855103493118,0.97,0.17720327895498408,-0.09240000915527344,-0.33196746826171875,1,-0.25,1,undefined,-0.16187993648666676,0.1800855103493118,0.030000000000000027,0,-0.07009601473449947,0.20778506868750085,0.008558823529411773,0,0,0,0,0,0,0,0,0
1.1486254661236273,-0.4526238534682954,0.976,0.17475981800219173,-0.2552986755371094,-0.297734130859375,1,-0.25,1,undefined,-0.14862546612362726,0.20262385346829542,0.02400000000000002,0,-0.011622670533924073,0.207912198242854,-0.009178378378378382,0,0,0,0,0,0,0,0,0
1.128353064333052,-0.47254172652601867,0.979,0.17231635704940026,-0.3514015808105469,-0.24134542846679688,1,-0.25,1,undefined,-0.12835306433305194,0.22254172652601867,0.02100000000000002,0,0.07227232603926947,0.2453334703823004,-0.0033923076923076945,0,0,0,0,0,0,0,0,0
1.1049612013302212,-0.4897064761646773,0.982,0.16936675061352935,-0.38982879638671875,-0.19349491882324218,1,-0.25,1,undefined,-0.10496120133022124,0.23970647616467727,0.018000000000000016,0,0.07156715768323395,0.21087842556007363,-0.0015090909090909078,0,0,0,0,0,0,0,0,0
1.077660186152829,-0.5016273725796335,0.983,0.16592845198710038,-0.4337962341308594,-0.107227783203125,1,-0.25,1,undefined,-0.07766018615282899,0.2516273725796335,0.017000000000000015,0,0.10378715038757486,0.1880870257709315,0.008376119402985084,0,0,0,0,0,0,0,0,0
1.0502357955642687,-0.5090022591021885,0.986,0.16030849179567866,-0.4239873657226563,-0.04115941619873047,1,-0.25,1,undefined,-0.050235795564268715,0.25900225910218855,0.014000000000000012,0,0.12723982770986716,0.17047272134306662,-0.00546666666666667,0,0,0,0,0,0,0,0,0
1.023564170571723,-0.5111170462977606,0.99,0.15549138306017488,-0.4000081787109375,0.0325458984375,1,-0.25,1,undefined,-0.02356417057172311,0.26111704629776056,0.010000000000000009,0,0.12754729900355577,0.1416059189466445,-0.012895522388059709,0,0,0,0,0,0,0,0,0
0.9970094706314777,-0.5110457908394731,0.99,0.15076154078726992,-0.39334945678710936,0.06274206924438476,1,-0.25,1,undefined,0.002990529368522288,0.2610457908394731,0.010000000000000009,0,0.14902137546340222,0.13012703176258403,0.008000000000000007,0,0,0,0,0,0,0,0,0
0.9719446010051199,-0.5044659684033835,0.993,0.14755013496360073,-0.35688491821289064,0.1540456085205078,1,-0.25,1,undefined,0.028055398994880076,0.25446596840338354,0.007000000000000006,0,0.14899238210090504,0.09180317108428641,-0.01055384615384616,0,0,0,0,0,0,0,0,0
0.9484837214068514,-0.49179668444279645,0.992,0.14446090218757104,-0.32015069580078126,0.23971096801757813,1,-0.25,1,undefined,0.05151627859314856,0.24179668444279645,0.008000000000000007,0,0.15208595251801993,0.05267912089516008,0.011784615384615395,0,0,0,0,0,0,0,0,0
0.9259854022935661,-0.4744789723641735,0.997,0.1437453171942528,-0.2965639343261719,0.3056423950195313,1,-0.25,1,undefined,0.07401459770643393,0.22447897236417352,0.0030000000000000027,0,0.1581520940785997,0.01899026729719408,-0.02452307692307694,0,0,0,0,0,0,0,0,0
0.9047147381234024,-0.4527232554038317,0.995,0.14498450096316887,-0.2690214538574219,0.3686756591796875,1,-0.25,1,undefined,0.09528526187659758,0.20272325540383168,0.0050000000000000044,0,0.15875804078243727,-0.012287640001362427,0.014447761194029862,0,0,0,0,0,0,0,0,0
0.8894238857455858,-0.42760317270476556,0.992,0.14723597569824123,-0.17251719665527343,0.40598556518554685,1,-0.25,1,undefined,0.11057611425441416,0.17760317270476556,0.008000000000000007,0,0.1389099060683915,-0.04857386590813509,0.02280625000000002,0,0,0,0,0,0,0,0,0
0.8793573476044595,-0.4047583789797678,0.991,0.14908602470535529,-0.09909278869628907,0.3611164245605469,1,-0.25,1,undefined,0.1206426523955405,0.1547583789797678,0.009000000000000008,0,0.11452576234229672,-0.045631238260104026,0.012584615384615395,0,0,0,0,0,0,0,0,0
0.8736330567752536,-0.3760857342078682,0.991,0.15109315334514908,-0.021028797149658204,0.4380726013183594,1,-0.25,1,undefined,0.1263669432247464,0.12608573420786823,0.009000000000000008,0,0.094006576077328,-0.09134829705244815,0.007200000000000007,0,0,0,0,0,0,0,0,0
0.8718009878301675,-0.3455629124088369,0.995,0.1532224550325824,0.04174598693847656,0.45676260375976563,1,-0.25,1,undefined,0.12819901216983254,0.09556291240883691,0.0050000000000000044,0,0.07381502321794883,-0.11408199272983852,-0.017212121212121224,0,0,0,0,0,0,0,0,0
0.8752151757316784,-0.3196884370419538,0.992,0.1551597705022957,0.10984867095947265,0.3757538146972656,1,-0.25,1,undefined,0.1247848242683216,0.06968843704195382,0.008000000000000007,0,0.04455710220089473,-0.10032095130602428,0.022071641791044795,0,0,0,0,0,0,0,0,0
0.884582957132313,-0.2981036813379631,0.983,0.15599752854325347,0.18886363220214844,0.29816665649414065,1,-0.25,1,undefined,0.11541704286768695,0.04810368133796311,0.017000000000000015,0,0.006478466899122709,-0.09398979208721762,0.06281875000000005,0,0,0,0,0,0,0,0,0
0.898919242622539,-0.2748628863796593,0.977,0.15598007525073335,0.2665953063964844,0.31096826171875,1,-0.25,1,undefined,0.10108075737746103,0.024862886379659277,0.02300000000000002,0,-0.027861182585942473,-0.11466665423839445,0.05121250000000005,0,0,0,0,0,0,0,0,0
0.9182245127448925,-0.25232968609950357,0.976,0.15533430342749513,0.3385709228515625,0.28890899658203123,1,-0.25,1,undefined,0.08177548725510753,0.0023296860995035695,0.02400000000000002,0,-0.06306371087742663,-0.12016777384339432,0.024584615384615406,0,1425374154263,0,0,0,0,0,0,0
0.9422513527135568,-0.2361398115966792,0.979,0.15535175672001528,0.3936344299316406,0.1841661682128906,1,-0.25,1,undefined,0.057748647286443244,-0.013860188403320789,0.02100000000000002,0,-0.10050096849573989,-0.09410634152456078,0.0006461538461538519,0,1425374154263,0,0,0,0,0,0,0
0.9691111054360847,-0.22434690192447906,0.981,0.15563100940033409,0.4254146118164063,0.11242415618896484,1,-0.25,1,undefined,0.030888894563915303,-0.025653098075520936,0.019000000000000017,0,-0.12486769380587484,-0.07443130105671644,0.004752238805970156,0,1425374154263,0,0,0,0,0,0,0
0.9973892602943681,-0.21596769816210823,0.986,0.15737633865232875,0.43852783203125,0.05842078018188476,1,-0.25,1,undefined,0.0026107397056318593,-0.03403230183789177,0.014000000000000012,0,-0.15579549047098099,-0.06356728293211719,-0.01657777777777779,0,1425374154263,0,0,0,0,0,0,0
1.0277606038165048,-0.2124264016919272,0.992,0.16008159899292024,0.4582654418945312,-0.01893738555908203,1,-0.25,1,undefined,-0.027760603816504803,-0.0375735983080728,0.008000000000000007,0,-0.1749404569498862,-0.03756640164742066,-0.025418181818181836,0,1425374154263,0,0,0,0,0,0,0
1.0586053319249575,-0.21315039255775328,1.001,0.16191419470751417,0.4550242919921875,-0.08447018432617187,1.0277606038165048,-0.2124264016919272,0.992,0.16008159899292024,-0.030844728108452735,0.0007239908658260852,-0.008999999999999897,-0.001832595714593932,-0.015422364054226367,0.0003619954329130426,-0.007199999999999918,-0.001832595714593932,1425374154263,0,0,0,0,0,0,0
1.0882226431358932,-0.21714072469004192,0.997,0.16638223759261955,0.4287998962402344,-0.13069017028808594,1.0277606038165048,-0.2124264016919272,0.992,0.16008159899292024,-0.06046203931938843,0.004714322998114723,-0.0050000000000000044,-0.006300638599699315,-0.18970884925704024,0.02384356528830387,0.017538461538460955,-0.026922374992493392,1425374154654,0,0,0,0,0,0,0
1.1158784019551466,-0.2224749912019575,0.998,0.16561429272174186,0.3958560791015625,-0.1476124267578125,1.0277606038165048,-0.2124264016919272,0.992,0.16008159899292024,-0.08811779813864185,0.010048589510030292,-0.006000000000000005,-0.005532693728821619,-0.19071822614111933,0.03331207171214316,-0.010103030303030312,-0.002042035224832093,1425374154720,0,0,0,0,0,0,0
1.1423625624804836,-0.2321849477517173,0.995,0.16126842288427595,0.3678152770996094,-0.20914845275878907,1.0277606038165048,-0.2124264016919272,0.992,0.16008159899292024,-0.11460195866397882,0.019758546059790105,-0.0030000000000000027,-0.001186823891355715,-0.202136232204926,0.06298059791139403,0.014006250000000012,0.01918444097176571,0,0,0,0,0,0,0,0
1.1651124106818922,-0.24424432251982245,0.997,0.15730652548224872,0.307774169921875,-0.23333770751953126,1.0277606038165048,-0.2124264016919272,0.992,0.16008159899292024,-0.1373518068653874,0.03181792082789525,-0.0050000000000000044,0.002775073510671522,-0.18931903783410278,0.07986019024480824,-0.014606060606060617,0.020783698065340778,0,0,0,0,0,0,0,0
1.1830616500945204,-0.2545792816403614,1.001,0.15514231720977562,0.24162835693359375,-0.19528880310058594,1.0277606038165048,-0.2124264016919272,0.992,0.16008159899292024,-0.15530104627801555,0.042152879948434224,-0.008999999999999897,0.004939281783144622,-0.17283588366052072,0.07588304137101469,-0.02841212121212056,0.014776592112567806,0,0,0,0,0,0,0,0
1.1964311127163771,-0.2642348789483273,1.004,0.15193091138610643,0.17575349426269532,-0.17408232116699218,1.0277606038165048,-0.2124264016919272,0.992,0.16008159899292024,-0.16867050889987234,0.051808477256400115,-0.01200000000000001,0.008150687606813811,-0.1574495031632155,0.07870828640613853,-0.026006250000000633,0.023204152405263134,0,0,0,0,0,0,0,0
1.2021153123546113,-0.2722385127606364,1.007,0.14683454997028295,0.06611092376708984,-0.13157586669921875,1.0277606038165048,-0.2124264016919272,0.992,0.16008159899292024,-0.17435470853810653,0.05981211106870918,-0.014999999999999902,0.013247049022637292,-0.11732083719908305,0.0723495681753875,-0.027909090909090252,0.03641232818547129,0,0,0,0,0,0,0,0
1.202644828151819,-0.27944135226316924,1.01,0.14238396037769724,-0.007950173377990723,-0.10804204559326172,1.0277606038165048,-0.2124264016919272,0.992,0.16008159899292024,-0.17488422433531414,0.06701495057124204,-0.018000000000000016,0.017697638615223,-0.0903379016836362,0.07289800381509762,-0.030806250000000635,0.0385597773304685,0,0,0,0,0,0,0,0
1.1984213068747163,-0.2845038324075112,1.014,0.13763666481227305,-0.07348746490478515,-0.06617877960205078,1.0277606038165048,-0.2124264016919272,0.992,0.16008159899292024,-0.17066070305821146,0.072077430715584,-0.02200000000000002,0.02244493418064719,-0.06258831388316821,0.06329822382732565,-0.039138461538461566,0.044355529097989614,0,0,0,0,0,0,0,0
1.1904402941061014,-0.28914690062252824,1.016,0.13267992973660875,-0.12813865661621093,-0.05256215667724609,1.0277606038165048,-0.2124264016919272,0.992,0.16008159899292024,-0.1626796902895966,0.07672049893060104,-0.02400000000000002,0.02740166925631149,-0.038365161006102974,0.06336138600769992,-0.029969230769230797,0.05027890806706979,0,0,0,0,0,0,0,0
1.178330076687233,-0.2922775939161719,1.013,0.12927653769521957,-0.1862691345214844,-0.022516571044921874,1.0277606038165048,-0.2124264016919272,0.992,0.16008159899292024,-0.1505694728707283,0.07985119222424472,-0.020999999999999908,0.030805061297700664,-0.011063886486820107,0.05652775751780856,-0.000890909090908415,0.04627502512219691,0,0,0,0,0,0,0,0
1.163586010655349,-0.29411297731956654,1.007,0.12623966479674936,-0.22286466979980468,0.0012103378772735595,1.0277606038165048,-0.2124264016919272,0.992,0.16008159899292024,-0.13582540683884425,0.08168657562763934,-0.014999999999999902,0.033841934196170875,0.010275525537538743,0.050576381619700225,0.019818181818181922,0.04764590191649001,0,0,0,0,0,0,0,0
1.1457017381537369,-0.2944669896065863,1.006,0.12433725591207628,-0.26679791259765623,0.028507762908935547,1.0277606038165048,-0.2124264016919272,0.992,0.16008159899292024,-0.11794113433723208,0.0820405879146591,-0.014000000000000012,0.035744343080843954,0.03883404807457552,0.04295629865196884,-0.005731250000000613,0.04466188472774901,0,0,0,0,0,0,0,0
1.1262581355297285,-0.2939285292233193,1,0.12438961578963575,-0.28840081787109373,0.04418465042114258,1.0277606038165048,-0.2124264016919272,0.992,0.16008159899292024,-0.09849753171322373,0.0815021275313921,-0.008000000000000007,0.03569198320328448,0.05544755596497154,0.03785166170195071,0.025907692307692323,0.03545032222993308,1425374155501,0,0,0,0,0,0,0
1.1052144374086768,-0.2921124805064805,0.996,0.124668868469955,-0.30983685302734376,0.06619334411621093,1.0277606038165048,-0.2124264016919272,0.992,0.16008159899292024,-0.07745383359217195,0.07968607881455328,-0.0040000000000000036,0.035412730522965244,0.07286845202767345,0.030212478030101055,0.018012121212121222,0.03414340015787779,1425374155501,0,0,0,0,0,0,0
1.0862440999685885,-0.29104896851584366,0.981,0.12913691135505995,-0.28036294555664065,0.05121220397949219,1.0277606038165048,-0.2124264016919272,0.992,0.16008159899292024,-0.0584834961520837,0.07862256682391647,0.01100000000000001,0.03094468763786029,0.07450228479944075,0.03349520221316317,0.09083125000000007,0.010000736613930822,1425374155501,0,0,0,0,0,0,0
1.0672798605107268,-0.29089922530806633,0.955,0.13400637996812498,-0.2818057250976562,0.038860179901123046,1.0277606038165048,-0.2124264016919272,0.992,0.16008159899292024,-0.03951925669422196,0.07847282361613914,0.03700000000000003,0.02607521902479526,0.07785042768600091,0.03846567470921566,0.16342352941176486,0.004592269261273065,1425374155501,0,0,0,0,0,0,0
1.04840048522094,-0.2905564644410914,0.93,0.13727014566935408,-0.27996478271484376,0.04293119049072266,1.0277606038165048,-0.2124264016919272,0.992,0.16008159899292024,-0.02063988140443529,0.0781300627491642,0.061999999999999944,0.022811453323566155,0.09456547757437497,0.03716080433583247,0.18848888888888835,0.00726971188914185,1425374155501,0,0,0,0,0,0,0
1.0301570306120909,-0.288556858303449,0.888,0.14001031259498492,-0.2669732666015625,0.06715830993652344,1.0277606038165048,-0.2124264016919272,0.992,0.16008159899292024,-0.0023964267955860485,0.07613045661152182,0.10399999999999998,0.020071286397935317,0.09703577295754905,0.02729811833384038,0.3093538461538463,0.007424362125792989,0,0,0,0,0,0,0,0
1.0144645116288575,-0.2857300207107615,0.854,0.14290755915329595,-0.2271669921875,0.07483678436279297,1.0277606038165048,-0.2124264016919272,0.992,0.16008159899292024,0.013296092187647268,0.07330361901883428,0.138,0.01717403983962429,0.08741836438987746,0.022101910135290115,0.28540000000000015,0.004392069729428577,0,0,0,0,0,0,0,0
1.000271279353864,-0.28290758598461546,0.809,0.1449845009631689,-0.20469857788085938,0.0722262954711914,1.0277606038165048,-0.2124264016919272,0.992,0.16008159899292024,0.02748932446264085,0.07048118429268826,0.18299999999999994,0.015097098029751344,0.09386774765467129,0.019307492885842423,0.40043225806451566,0.005047379594882254,0,0,0,0,0,0,0,0
0.9888941653865494,-0.2794373065407708,0.761,0.14519394047340856,-0.16134556579589843,0.07616403198242187,1.0277606038165048,-0.2124264016919272,0.992,0.16008159899292024,0.03886643842995541,0.06701090484884362,0.23099999999999998,0.014887658519511682,0.07799189404674378,0.015643719992868475,0.43185882352941196,0.013963660680219056,0,0,0,0,0,0,0,0
0.9796695640189654,-0.2762992043369266,0.712,0.14454816865017034,-0.13010256958007813,0.0665960693359375,1.0277606038165048,-0.2124264016919272,0.992,0.16008159899292024,0.04809103979753937,0.06387280264499942,0.28,0.015533430342749899,0.07611988245771141,0.014221308236282482,0.5006129032258066,0.018658132713257402,0,0,0,0,0,0,0,0
0.9757172130597134,-0.27295453307815,0.661,0.14259339988793646,-0.051440219879150394,0.05818661499023438,1.0277606038165048,-0.2124264016919272,0.992,0.16008159899292024,0.05204339075679143,0.06052813138622279,0.33099999999999996,0.01748819910498378,0.04698113228352027,0.012527172654144405,0.535254545454545,0.02637351166059234,0,0,0,0,0,0,0,0
0.9760546340722821,-0.27103397135261365,0.609,0.13915510126150793,0.009103931427001954,0.027796775817871093,1.0277606038165048,-0.2124264016919272,0.992,0.16008159899292024,0.0517059697442227,0.05860756966068645,0.383,0.020926497731412308,0.024036102496741277,0.018962298615916775,0.5864000000000003,0.036795568314928584,0,0,0,0,0,0,0,0
0.9787407997219193,-0.2695563682804795,0.564,0.13533283019964035,0.042977294921875,0.016360971450805666,1.0277606038165048,-0.2124264016919272,0.992,0.16008159899292024,0.049019804094585506,0.05712996658855232,0.42800000000000005,0.02474876879327989,0.010265084208307627,0.020729209426898224,0.5810363636363639,0.042122728165405264,0,0,0,0,0,0,0,0
0.983824061275273,-0.2692936396951966,0.511,0.13074261426689546,0.07608345031738281,-0.006382617950439453,1.0277606038165048,-0.2124264016919272,0.992,0.16008159899292024,0.043936542541231804,0.0568672380032694,0.481,0.02933898472602478,-0.0038163887826275084,0.027100937771938713,0.6536405797101446,0.04929644530317648,0,0,0,0,0,0,0,0
0.99346119373459,-0.2614916204426776,0.457,0.12541936004831264,0.15858053588867188,0.09718551635742187,1.0277606038165048,-0.2124264016919272,0.992,0.16008159899292024,0.03429941008191484,0.0490652187507504,0.5349999999999999,0.0346622389446076,-0.039066900971724876,-0.020979169597652295,0.7429999999999995,0.06127851003752169,0,0,0,0,0,0,0,0
1.0065489572867077,-0.2518382255600276,0.406,0.1209513171632068,0.21288771057128905,0.11910617065429688,1.0277606038165048,-0.2124264016919272,0.992,0.16008159899292024,0.021211646529797124,0.03941182386810041,0.586,0.03913028182971344,-0.05986674970804298,-0.03227390666483436,0.7434153846153848,0.059752018222509626,0,0,0,0,0,0,0,0
1.0255586401147028,-0.2412740411674423,0.355,0.11636110123046192,0.302181640625,0.12290042114257813,1.0277606038165048,-0.2124264016919272,0.992,0.16008159899292024,0.0022019637018020344,0.028847639475515108,0.637,0.043720497762458316,-0.09820333142967032,-0.040762218133956696,0.7760179104477615,0.06427370343146521,0,0,0,0,0,0,0,0
1.0503974328445587,-0.22796401917189538,0.302,0.1133591349170315,0.39324151611328123,0.15504396057128905,1.0277606038165048,-0.2124264016919272,0.992,0.16008159899292024,-0.022636829028053862,0.01553761747996818,0.69,0.04672246407588873,-0.14715556225542636,-0.06502037404816316,0.8418437499999996,0.0607941811700938,0,0,0,0,0,0,0,0
1.0798988640267382,-0.21268616270855922,0.25,0.11098548713431963,0.4656039123535156,0.1776405029296875,1.0277606038165048,-0.2124264016919272,0.992,0.16008159899292024,-0.05213826021023338,0.00025976101663202633,0.742,0.049096111858600605,-0.18251611364697776,-0.08088905528210298,0.869357575757576,0.0598854199618364,0,0,0,0,0,0,0,0
1.1200663306323637,-0.19366330997891035,0.204,0.1079660675283691,0.630408935546875,0.21685430908203124,1.0277606038165048,-0.2124264016919272,0.992,0.16008159899292024,-0.09230572681585891,-0.01876309171301685,0.788,0.05211553146455114,-0.26581869640744404,-0.1134127717217757,0.8819625000000003,0.06626906086744427,0,0,0,0,0,0,0,0
1.1588747432923243,-0.17628868742605538,0.167,0.10480702158225938,0.606820068359375,0.19637399291992189,1.0277606038165048,-0.2124264016919272,0.992,0.16008159899292024,-0.1311141394758195,-0.03613771426587181,0.825,0.05527457741066086,-0.2745254455992361,-0.11162451703292416,0.8592307692307688,0.06985478946962878,0,0,0,0,0,0,0,0
1.1962361832469262,-0.16176918405276636,0.129,0.10135126966331029,0.580130859375,0.15796882629394532,1.0277606038165048,-0.2124264016919272,0.992,0.16008159899292024,-0.16847557943042135,-0.05065721763916084,0.863,0.05873032932960995,-0.2854147740861437,-0.10351055006036748,0.8950153846153848,0.07467995357091345,0,0,0,0,0,0,0,0
1.2309740659290884,-0.1503961123241993,0.094,0.09875072907783908,0.5356548461914062,0.11700007629394531,1.0277606038165048,-0.2124264016919272,0.992,0.16008159899292024,-0.20321346211258362,-0.06203028936772789,0.898,0.06133086991508116,-0.2886568685756271,-0.09225476168384038,0.9068615384615386,0.0733333649249483,0,0,0,0,0,0,0,0
1.2588214818095973,-0.1406882888872032,0.104,0.0914552528045027,0.43003265380859373,0.10372563934326172,1.0277606038165048,-0.2124264016919272,0.992,0.16008159899292024,-0.2310608779930925,-0.071738112804724,0.888,0.06862634618841754,-0.2588627266168125,-0.08583579468101844,0.6589294117647059,0.10081227092372508,0,0,0,0,0,0,0,0
1.2776179520010005,-0.13100690072393784,0,0.07847000316966454,0.2940314636230469,0.11886431884765625,1.0277606038165048,-0.2124264016919272,0.992,0.16008159899292024,-0.24985734818449568,-0.08141950096798936,0.992,0.0816115958232557,-0.22935350848893216,-0.09449524027991334,1.3713777777777776,0.1434461178939136,0,0,0,0,0,0,0,0
