0.2939229630536243,-0.09321379242257316,0.705,-0.06044075199656365,-0.004793362617492676,-0.00910977554321289,0,0,0.7,undefined,-0.2939229630536243,0.09321379242257316,-0.0050000000000000044,0,-0.14696148152681215,0.027964137726771948,-0.0040000000000000036,0,0,0,0,0,0,0,0,0
0.2932280192014687,-0.09233062441684271,0.702,-0.06002187297608494,-0.011205326080322266,0.012593669891357422,0,0,0.7,undefined,-0.2932280192014687,0.09233062441684271,-0.0020000000000000018,0,-0.14292870129384844,0.02301572062799741,0.01430909090909092,0,0,0,0,0,0,0,0,0
0.293059137188225,-0.09350689400200006,0.699,-0.0601614993162445,-0.001470275640487671,-0.01776422882080078,0,0,0.7,undefined,-0.293059137188225,0.09350689400200006,0.0010000000000000009,0,-0.14562020390741584,0.034385827505293426,0.016953846153846167,0,0,0,0,0,0,0,0,0
0.2939542408971814,-0.09442845252128465,0.697,-0.06040584541152368,0.0142333984375,-0.012991094589233398,0,0,0.7,undefined,-0.2939542408971814,0.09442845252128465,0.0030000000000000027,0,-0.15179690965066364,0.03329077393714857,0.01316923076923078,0,0,0,0,0,0,0,0,0
0.29611483267228966,-0.09648725118311563,0.694,-0.05962044724812628,0.03421408462524414,-0.02886915969848633,0,0,0.7,undefined,-0.29611483267228966,0.09648725118311563,0.006000000000000005,0,-0.15969137204826614,0.04003201430325534,0.02095384615384617,0,0,0,0,0,0,0,0,0
0.2992873530434796,-0.09983350408820636,0.69,-0.05963790054064624,0.050494056701660156,-0.047269084930419925,0,0,0.7,undefined,-0.2992873530434796,0.09983350408820636,0.010000000000000009,0,-0.16672647852045477,0.04796833610002739,0.029538461538461562,0,0,0,0,0,0,0,0,0
0.3022098604094421,-0.10409908147461855,0.687,-0.058817595792208875,0.047573265075683595,-0.06125707626342773,0,0,0.7,undefined,-0.3022098604094421,0.10409908147461855,0.0129999999999999,0,-0.16684150832913452,0.0541982180615281,0.02655384615384549,0,0,0,0,0,0,0,0,0
0.30581590973619055,-0.10865876764194052,0.685,-0.056967546785094934,0.058017730712890625,-0.0650973663330078,0,0,0.7,undefined,-0.30581590973619055,0.10865876764194052,0.014999999999999902,0,-0.1720309437220644,0.056777784210198655,0.022606060606060536,0,0,0,0,0,0,0,0,0
0.30884118969575725,-0.1131538237790104,0.68,-0.05649630788705636,0.04914459228515625,-0.06473271942138673,0,0,0.7,undefined,-0.30884118969575725,0.1131538237790104,0.019999999999999907,0,-0.170965094626759,0.05852848538330403,0.043343749999999945,0,0,0,0,0,0,0,0,0
0.3107924087364502,-0.11774581102297006,0.676,-0.056007615696498,0.0331109733581543,-0.06711724090576172,0,0,0.7,undefined,-0.3107924087364502,0.11774581102297006,0.02399999999999991,0,-0.16574357806886955,0.05967519081273771,0.040412121212121156,0,0,0,0,0,0,0,0,0
0.31163422296858656,-0.1229584840416757,0.673,-0.05731661263549372,0.016984365463256837,-0.07736064147949219,0,0,0.7,undefined,-0.31163422296858656,0.1229584840416757,0.026999999999999913,0,-0.1603499573496429,0.06495578454399459,0.037753846153846096,0,0,0,0,0,0,0,0,0
0.31034641618619685,-0.12760796932444962,0.672,-0.056670840812255895,-0.01529017734527588,-0.07073433685302734,0,0,0.7,undefined,-0.31034641618619685,0.12760796932444962,0.027999999999999914,0,-0.14834392970163784,0.06293875214537842,0.02770303030303024,0,0,0,0,0,0,0,0,0
0.3076544422961423,-0.13200831420717032,0.671,-0.05609488215909771,-0.03657621765136719,-0.06818633270263671,0,0,0.7,undefined,-0.3076544422961423,0.13200831420717032,0.028999999999999915,0,-0.13933197712470052,0.06329665901526257,0.02858461538461532,0,0,0,0,0,0,0,0,0
0.30360089299001614,-0.1364895206995217,0.669,-0.055920349233898346,-0.056938987731933594,-0.07052133178710937,0,0,0.7,undefined,-0.30360089299001614,0.1364895206995217,0.030999999999999917,0,-0.12997364253894408,0.06507642963021003,0.035569230769230714,0,0,0,0,0,0,0,0,0
0.29723635555317646,-0.14068569205234252,0.669,-0.057089719832734497,-0.09180089569091797,-0.06818000793457031,0,0,0.7,undefined,-0.29723635555317646,0.14068569205234252,0.030999999999999917,0,-0.11434759157822073,0.06480047643858412,0.024799999999999933,0,0,0,0,0,0,0,0,0
0.2887801498567644,-0.14483985165780516,0.671,-0.05791002458117186,-0.12308097076416015,-0.06944837951660156,0,0,0.7,undefined,-0.2887801498567644,0.14483985165780516,0.028999999999999915,0,-0.09885665964000973,0.06582050721906346,0.012430769230769155,0,0,0,0,0,0,0,0,0
0.28088579384709406,-0.1489137847102201,0.673,-0.0585732496969297,-0.11467999267578124,-0.06786016082763671,0,0,0.7,undefined,-0.28088579384709406,0.1489137847102201,0.026999999999999913,0,-0.09857888778135569,0.06627832584253918,0.010993939393939318,0,0,0,0,0,0,0,0,0
0.27226708345248496,-0.15282158358030062,0.673,-0.05974262029576585,-0.12562752532958985,-0.06608451843261719,0,0,0.7,undefined,-0.27226708345248496,0.15282158358030062,0.026999999999999913,0,-0.0897251011398858,0.0668884689899084,0.021599999999999932,0,0,0,0,0,0,0,0,0
0.2623971630416796,-0.1562398566082232,0.675,-0.0600742328536448,-0.14472325134277345,-0.06002218246459961,0,0,0.7,undefined,-0.2623971630416796,0.1562398566082232,0.02499999999999991,0,-0.07805285623188782,0.0652780425174347,0.009230769230769154,0,0,0,0,0,0,0,0,0
0.25321613472149596,-0.15940940298403208,0.677,-0.06044075199656365,-0.13461259460449218,-0.05572560501098633,0,0,0.7,undefined,-0.25321613472149596,0.15940940298403208,0.02299999999999991,0,-0.07717176102129764,0.06488960907264205,0.007630769230769149,0,0,0,0,0,0,0,0,0
0.24359515207063945,-0.16286034015133655,0.681,-0.06129596333004081,-0.14092446899414063,-0.06038671875,0,0,0.7,undefined,-0.24359515207063945,0.16286034015133655,0.018999999999999906,0,-0.06999228483840007,0.06744007140780961,-0.0063384615384616295,0,0,0,0,0,0,0,0,0
0.23651925955081635,-0.16572804210412734,0.684,-0.06059783162924312,-0.10330403137207031,-0.049436527252197264,0,0,0.7,undefined,-0.23651925955081635,0.16572804210412734,0.015999999999999903,0,-0.08129601213454123,0.06469894522044382,-0.002871641791044866,0,0,0,0,0,0,0,0,0
0.22787186804725248,-0.16865812094604982,0.69,-0.06159266930287985,-0.12681107330322267,-0.05172589874267578,0,0,0.7,undefined,-0.22787186804725248,0.16865812094604982,0.010000000000000009,0,-0.06664551173851138,0.0666213049505785,-0.02481249999999941,0,0,0,0,0,0,0,0,0
0.21951882377237789,-0.17187579069647008,0.691,-0.06145304296272033,-0.12208718109130859,-0.055885940551757815,0,0,0.7,undefined,-0.21951882377237789,0.17187579069647008,0.009000000000000008,0,-0.06546296497397516,0.06862613740056361,0.0018969696969697,0,0,0,0,0,0,0,0,0
0.2115543730498364,-0.17507944567520317,0.693,-0.06145304296272033,-0.1162899932861328,-0.055301090240478516,0,0,0.7,undefined,-0.2115543730498364,0.17507944567520317,0.007000000000000006,0,-0.06222159663601947,0.07004382186750757,-0.005337500000000005,0,0,0,0,0,0,0,0,0
0.20466395503228824,-0.1780128447118784,0.695,-0.062029001615878404,-0.10045887756347656,-0.05026548767089844,0,0,0.7,undefined,-0.20466395503228824,0.1780128447118784,0.0050000000000000044,0,-0.06522972665242323,0.06919907899566086,-0.006769230769230774,0,0,0,0,0,0,0,0,0
0.19880963508017557,-0.18048591530556862,0.697,-0.06185446869067904,-0.08534635925292969,-0.04246828842163086,0,0,0.7,undefined,-0.19880963508017557,0.18048591530556862,0.0030000000000000027,0,-0.06788155625948114,0.0674623085576949,-0.008369230769230775,0,0,0,0,0,0,0,0,0
0.19515496242498137,-0.18311060458663364,0.698,-0.06246533392887707,-0.052281574249267576,-0.04268375396728516,0,0,0.7,undefined,-0.19515496242498137,0.18311060458663364,0.0020000000000000018,0,-0.07819664137433961,0.0688519881695167,-0.0037030303030303052,0,0,0,0,0,0,0,0,0
0.1906043318755512,-0.18611662882223812,0.701,-0.06307619916707505,-0.06531157684326172,-0.049263500213623045,0,0,0.7,undefined,-0.1906043318755512,0.18611662882223812,-0.0010000000000000009,0,-0.07079877067161316,0.072021272992234,-0.016953846153846167,0,0,0,0,0,0,0,0,0
0.18668412695500636,-0.18860447727173976,0.701,-0.06408849013323173,-0.05633383560180664,-0.040950130462646485,0,0,0.7,undefined,-0.18668412695500636,0.18860447727173976,-0.0010000000000000009,0,-0.07223326775149247,0.06997745021730002,-0.0008000000000000008,0,0,0,0,0,0,0,0,0
0.18377514657398558,-0.19066428603550895,0.704,-0.06480407512654948,-0.041566329956054686,-0.03362826919555664,0,0,0.7,undefined,-0.18377514657398558,0.19066428603550895,-0.0040000000000000036,0,-0.076223832773804,0.06829056376940981,-0.019353846153846166,0,0,0,0,0,0,0,0,0
0.18150475188321188,-0.19224983486748504,0.707,-0.06541494036474746,-0.03244426345825195,-0.02593872833251953,0,0,0.7,undefined,-0.18150475188321188,0.19224983486748504,-0.007000000000000006,0,-0.07852717376051681,0.06621252109396292,-0.02175384615384617,0,0,0,0,0,0,0,0,0
0.17932648700229842,-0.19332404179285528,0.708,-0.0654323936572674,-0.03155080413818359,-0.0182144832611084,0,0,0.7,undefined,-0.17932648700229842,0.19332404179285528,-0.008000000000000007,0,-0.0781118388296384,0.06360874125247727,-0.011623880597014935,0,0,0,0,0,0,0,0,0
0.17675112895139705,-0.19475617807516896,0.71,-0.06654940437854369,-0.037143085479736326,-0.02396194839477539,0,0,0.7,undefined,-0.17675112895139705,0.19475617807516896,-0.010000000000000009,0,-0.07471836269061552,0.06613835648116277,-0.018769230769230785,0,0,0,0,0,0,0,0,0
0.1745427656790218,-0.19536077786561115,0.715,-0.06742206900454091,-0.03244903182983398,-0.011251773834228516,0,0,0.7,undefined,-0.1745427656790218,0.19536077786561115,-0.015000000000000013,0,-0.07538019598825954,0.06186377069283362,-0.03892307692307695,0,0,0,0,0,0,0,0,0
0.17217906001427605,-0.19551527267942975,0.718,-0.06736970912698105,-0.03521890258789063,-0.004700835227966309,0,0,0.7,undefined,-0.17217906001427605,0.19551527267942975,-0.018000000000000016,0,-0.07316301465305969,0.0594994753168994,-0.030806250000000028,0,0,0,0,0,0,0,0,0
0.1706769992181271,-0.19626122616794214,0.722,-0.06794566778013923,-0.021726551055908202,-0.012680672645568847,0,0,0.7,undefined,-0.1706769992181271,0.19626122616794214,-0.02200000000000002,0,-0.07725047993749226,0.06289504048083397,-0.039138461538461566,0,0,0,0,0,0,0,0,0
0.1695809582667795,-0.19578964986561034,0.726,-0.06789330790257937,-0.016882932662963868,0.005941113471984863,0,0,0.7,undefined,-0.1695809582667795,0.19578964986561034,-0.026000000000000023,0,-0.07897814075503123,0.05623611153822659,-0.04201212121212125,0,0,0,0,0,0,0,0,0
0.16786999422433602,-0.1951471844895268,0.728,-0.06745697558958083,-0.026259117126464844,0.007873671531677246,0,0,0.7,undefined,-0.16786999422433602,0.1951471844895268,-0.028000000000000025,0,-0.07472211380670314,0.055084726398715936,-0.0331692307692308,0,0,0,0,0,0,0,0,0
0.16662352266479638,-0.19543914482699204,0.73,-0.06672393730374322,-0.018359352111816406,-0.005629736423492432,0,0,0.7,undefined,-0.16662352266479638,0.19543914482699204,-0.030000000000000027,0,-0.07659999139641553,0.06020383757291038,-0.0347692307692308,0,0,0,0,0,0,0,0,0
0.16576357470674874,-0.1946054083201607,0.732,-0.0669682833990224,-0.013704349517822265,0.011618170738220215,0,0,0.7,undefined,-0.16576357470674874,0.1946054083201607,-0.03200000000000003,0,-0.07825129834850246,0.05389227207464875,-0.036369230769230806,0,0,0,0,0,0,0,0,0
0.16368626111757714,-0.19381969523690834,0.735,-0.06736970912698105,-0.031878536224365234,0.00967412567138672,0,0,0.7,undefined,-0.16368626111757714,0.19381969523690834,-0.03500000000000003,0,-0.07099149240639963,0.054041437240649665,-0.04367164179104481,0,0,0,0,0,0,0,0,0
0.16338160296132684,-0.19334237444969757,0.736,-0.06670648401122321,-0.005041495323181152,0.006835931777954101,0,0,0.7,undefined,-0.16338160296132684,0.19334237444969757,-0.03600000000000003,0,-0.08002470218866957,0.05539236427985036,-0.03426875000000003,0,0,0,0,0,0,0,0,0
0.16174907403968306,-0.19244600806817,0.738,-0.06565928646002663,-0.025329708099365234,0.011783299446105957,0,0,0.7,undefined,-0.16174907403968306,0.19244600806817,-0.038000000000000034,0,-0.07208399667252885,0.05290721421222562,-0.041169230769230805,0,0,0,0,0,0,0,0,0
0.16028168897884307,-0.19151238289342082,0.738,-0.06600835231042554,-0.022882204055786132,0.012530027389526367,0,0,0.7,undefined,-0.16028168897884307,0.19151238289342082,-0.038000000000000034,0,-0.07223954031566776,0.052426502388607576,-0.030400000000000028,0,0,0,0,0,0,0,0,0
0.1579578639530335,-0.19153540894638327,0.741,-0.0660607121879854,-0.034758682250976565,-0.002643846035003662,0,0,0.7,undefined,-0.1579578639530335,0.19153540894638327,-0.041000000000000036,0,-0.06646602799138825,0.057584609122943546,-0.048953846153846195,0,0,0,0,0,0,0,0,0
0.15499449333491844,-0.19223833773760918,0.74,-0.06550220682734718,-0.043657569885253905,-0.013455233573913573,0,0,0.7,undefined,-0.15499449333491844,0.19223833773760918,-0.040000000000000036,0,-0.06154063564683971,0.06145650250480688,-0.026615384615384638,0,0,0,0,0,0,0,0,0
0.15357151897468452,-0.19250480879028464,0.74,-0.06529276731710791,-0.021037212371826174,-0.005385613918304443,0,0,0.7,undefined,-0.15357151897468452,0.19250480879028464,-0.040000000000000036,0,-0.06923968333458663,0.059164546704303767,-0.03200000000000003,0,0,0,0,0,0,0,0,0
0.1513251948845341,-0.1938024602014076,0.741,-0.06478662183402954,-0.032353057861328124,-0.02162176322937012,0,0,0.7,undefined,-0.1513251948845341,0.1938024602014076,-0.041000000000000036,0,-0.063567006187611,0.06512809181262279,-0.03818461538461542,0,0,0,0,0,0,0,0,0
0.14916102146517574,-0.1945033926944923,0.743,-0.06438519610607078,-0.031713808059692386,-0.01259360122680664,0,0,0.7,undefined,-0.14916102146517574,0.1945033926944923,-0.04300000000000004,0,-0.0629272692437351,0.06212526969418838,-0.04516923076923081,0,0,0,0,0,0,0,0,0
0.14665912814836357,-0.1954653279456026,0.742,-0.0645248224462303,-0.036522266387939456,-0.016813735961914062,0,0,0.7,undefined,-0.14665912814836357,0.1954653279456026,-0.04200000000000004,0,-0.05985783082980859,0.06381924973581314,-0.028215384615384642,0,0,0,0,0,0,0,0,0
0.1442082280050632,-0.1965923514047813,0.742,-0.06510078109938847,-0.03559693908691406,-0.019240684509277343,0,0,0.7,undefined,-0.1442082280050632,0.1965923514047813,-0.04200000000000004,0,-0.058906959384760336,0.06504629327855047,-0.03360000000000003,0,0,0,0,0,0,0,0,0
0.14153605000142946,-0.1977863054009202,0.742,-0.06508332780686851,-0.03883267593383789,-0.02047894287109375,0,0,0.7,undefined,-0.14153605000142946,0.1977863054009202,-0.04200000000000004,0,-0.05659738407235405,0.06566746584222487,-0.03360000000000003,0,0,0,0,0,0,0,0,0
0.13885192033523625,-0.19961612270983392,0.742,-0.06555456670490697,-0.03839160537719727,-0.030007680892944335,0,0,0.7,undefined,-0.13885192033523625,0.19961612270983392,-0.04200000000000004,0,-0.05497295427273156,0.06973769924556247,-0.03360000000000003,0,0,0,0,0,0,0,0,0
0.1367167307226044,-0.20089881573416427,0.74,-0.06496115475922895,-0.030698657989501953,-0.021297136306762696,0,0,0.7,undefined,-0.1367167307226044,0.20089881573416427,-0.040000000000000036,0,-0.05686119052405381,0.06717645331279729,-0.02123076923076925,0,0,0,0,0,0,0,0,0
0.13400363102021687,-0.20268836212039448,0.737,-0.06476916854150958,-0.03886811828613281,-0.029428409576416015,0,0,0.7,undefined,-0.13400363102021687,0.20268836212039448,-0.03700000000000003,0,-0.052828906617039234,0.07015488528060455,-0.01392835820895524,0,0,0,0,0,0,0,0,0
0.13148222655895478,-0.20492898086644534,0.735,-0.06476916854150958,-0.03556644058227539,-0.03598673629760742,0,0,0.7,undefined,-0.13148222655895478,0.20492898086644534,-0.03500000000000003,0,-0.05256959743706349,0.0731834190527366,-0.017552238805970167,0,0,0,0,0,0,0,0,0
0.1288922508567936,-0.20616074095625972,0.734,-0.06429792964347106,-0.03757231140136719,-0.020952159881591798,0,0,0.7,undefined,-0.1288922508567936,0.20616074095625972,-0.03400000000000003,0,-0.05028219580720282,0.06858441027805029,-0.02173125000000002,0,0,0,0,0,0,0,0,0
0.12657296053542072,-0.2086960716615695,0.731,-0.06469935537142982,-0.032273902893066406,-0.04018671798706055,0,0,0.7,undefined,-0.12657296053542072,0.2086960716615695,-0.031000000000000028,0,-0.05040153403786106,0.0766939920835252,-0.008133333333333343,0,0,0,0,0,0,0,0,0
0.12455492377211863,-0.2103136109325044,0.729,-0.06401867696315203,-0.028638505935668947,-0.026169443130493165,0,0,0.7,undefined,-0.12455492377211863,0.2103136109325044,-0.029000000000000026,0,-0.051411110083663454,0.07180391012324686,-0.012430769230769245,0,0,0,0,0,0,0,0,0
0.12226452066100559,-0.21135063395831843,0.727,-0.06520550085450813,-0.0332905158996582,-0.017721406936645506,0,0,0.7,undefined,-0.12226452066100559,0.21135063395831843,-0.027000000000000024,0,-0.04879932050143255,0.06898916032649423,-0.010830769230769244,0,0,0,0,0,0,0,0,0
0.12067723812990179,-0.21249173986314593,0.727,-0.06508332780686851,-0.022643335342407228,-0.01863160705566406,0,0,0.7,undefined,-0.12067723812990179,0.21249173986314593,-0.027000000000000024,0,-0.05192121170303683,0.06979884115121078,-0.021600000000000022,0,0,0,0,0,0,0,0,0
0.11881488386086432,-0.21259288560333847,0.726,-0.06518804756198818,-0.027777496337890624,-0.0033308138847351074,0,0,0.7,undefined,-0.11881488386086432,0.21259288560333847,-0.026000000000000023,0,-0.04937938048176886,0.06432249658973062,-0.015415384615384631,0,0,0,0,0,0,0,0,0
0.11718926901890561,-0.2128447562525849,0.724,-0.06599089901790559,-0.024086320877075195,-0.005358469486236572,0,0,0.7,undefined,-0.11718926901890561,0.2128447562525849,-0.02400000000000002,0,-0.049841323821982836,0.06520965344864083,-0.008430769230769242,0,0,0,0,0,0,0,0,0
0.11523236098957268,-0.2123498892503553,0.723,-0.06625269840570466,-0.029779224395751952,0.005471181869506836,0,0,0.7,undefined,-0.11523236098957268,0.2123498892503553,-0.02300000000000002,0,-0.04707898341376286,0.06104029830156266,-0.013015384615384628,0,0,0,0,0,0,0,0,0
0.11320819259028972,-0.21207919149984203,0.726,-0.06616543194310501,-0.030564733505249023,0.0020414299964904787,0,0,0.7,undefined,-0.11320819259028972,0.21207919149984203,-0.026000000000000023,0,-0.04570472799131353,0.06216615417795804,-0.036953846153846184,0,0,0,0,0,0,0,0,0
0.11142740566876837,-0.21142517652670131,0.726,-0.0660956187730252,-0.027301979064941407,0.008022649765014649,0,0,0.7,undefined,-0.11142740566876837,0.21142517652670131,-0.026000000000000023,0,-0.04641108458763085,0.06001105682966337,-0.02080000000000002,0,0,0,0,0,0,0,0,0
0.1101840090585785,-0.21032765608242882,0.726,-0.06689847022894262,-0.019697551727294923,0.015195011138916015,0,0,0.7,undefined,-0.1101840090585785,0.21032765608242882,-0.026000000000000023,0,-0.04829217931731343,0.05709623189511342,-0.02080000000000002,0,0,0,0,0,0,0,0,0
0.10898144210331316,-0.20880111036564317,0.729,-0.06623524511318483,-0.019528865814208984,0.021641117095947265,0,0,0.7,undefined,-0.10898144210331316,0.20880111036564317,-0.029000000000000026,0,-0.04801536052330475,0.05442047155777022,-0.039353846153846184,0,0,0,0,0,0,0,0,0
0.10787399195258096,-0.2075023545771184,0.729,-0.06459463561631011,-0.017864734649658202,0.018339139938354492,0,0,0.7,undefined,-0.10787399195258096,0.2075023545771184,-0.029000000000000026,0,-0.047973802856963246,0.055257405973386825,-0.023200000000000023,0,0,0,0,0,0,0,0,0
0.10743917509587285,-0.2059600400531973,0.727,-0.0644550092761506,-0.00800199031829834,0.02266546058654785,0,0,0.7,undefined,-0.10743917509587285,0.2059600400531973,-0.027000000000000024,0,-0.051378266011815825,0.053483241502537776,-0.010830769230769244,0,0,0,0,0,0,0,0,0
0.10766706915342282,-0.20474066311484015,0.724,-0.06351253148007367,0.002233204364776611,0.01847285461425781,0,0,0.7,undefined,-0.10766706915342282,0.20474066311484015,-0.02400000000000002,0,-0.055060656425057405,0.054856323112529,-0.0030461538461538547,0,0,0,0,0,0,0,0,0
0.1086106344219436,-0.20346801695324854,0.723,-0.06284930636431578,0.012913322448730469,0.019949522018432617,0,0,0.7,undefined,-0.1086106344219436,0.20346801695324854,-0.02300000000000002,0,-0.05930907242282443,0.05429152392601901,-0.013096969696969711,0,0,0,0,0,0,0,0,0
0.10943953010058914,-0.20250896950553365,0.721,-0.062412974051317224,0.01150535011291504,0.015138227462768555,0,0,0.7,undefined,-0.10943953010058914,0.20250896950553365,-0.02100000000000002,0,-0.059115423952202734,0.0556668331743842,-0.006193939393939403,0,0,0,0,0,0,0,0,0
0.11158898790284119,-0.20072254848015142,0.721,-0.06192428186075887,0.03050773811340332,0.028755146026611327,0,0,0.7,undefined,-0.11158898790284119,0.20072254848015142,-0.02100000000000002,0,-0.0675493413074865,0.05044727456148633,-0.016800000000000016,0,0,0,0,0,0,0,0,0
0.11360421680027606,-0.19880333037188344,0.718,-0.06077236455444251,0.028388940811157226,0.030603771209716798,0,0,0.7,undefined,-0.11360421680027606,0.19880333037188344,-0.018000000000000016,0,-0.06765334092478734,0.04930674775935284,0.001753846153846151,0,0,0,0,0,0,0,0,0
0.11647584110183372,-0.19657774685673615,0.717,-0.06099925735720179,0.04096728515625,0.0359382438659668,0,0,0.7,undefined,-0.11647584110183372,0.19657774685673615,-0.017000000000000015,0,-0.07370051294391963,0.04698941282161236,-0.008215384615384624,0,0,0,0,0,0,0,0,0
0.1194061932732713,-0.19492175109636464,0.715,-0.062029001615878425,0.0423592529296875,0.02747331428527832,0,0,0.7,undefined,-0.1194061932732713,0.19492175109636464,-0.015000000000000013,0,-0.0752428430003198,0.04969472962996957,-0.001393939393939397,0,0,0,0,0,0,0,0,0
0.12262205515489626,-0.1934773039297333,0.713,-0.060528018459163335,0.04680205535888672,0.024615270614624023,0,0,0.7,undefined,-0.12262205515489626,0.1934773039297333,-0.013000000000000012,0,-0.07862720694004403,0.0502653987432128,0.00036923076923076753,0,0,0,0,0,0,0,0,0
0.12570870801379816,-0.19175538537586648,0.711,-0.060615284921763046,0.04465259552001953,0.028582202911376954,0,0,0.7,undefined,-0.12570870801379816,0.19175538537586648,-0.01100000000000001,0,-0.07947479247790933,0.048254746476553936,0.00196923076923077,0,0,0,0,0,0,0,0,0
0.12826392806840298,-0.19089680553669514,0.713,-0.0610341639422417,0.03747774124145508,0.01517690372467041,0,0,0.7,undefined,-0.12826392806840298,0.19089680553669514,-0.013000000000000012,0,-0.07789084125130435,0.05264591945008593,-0.021169230769230787,0,0,0,0,0,0,0,0,0
0.1304448194394491,-0.18927707600690175,0.712,-0.060318578948924007,0.031170495986938475,0.026246097564697264,0,0,0.7,undefined,-0.1304448194394491,0.18927707600690175,-0.01200000000000001,0,-0.07678774274799947,0.04819364802286315,-0.004296969696969703,0,0,0,0,0,0,0,0,0
0.13188571440213268,-0.18854243553297942,0.713,-0.06016149931624453,0.020909833908081054,0.012302467346191406,0,0,0.7,undefined,-0.13188571440213268,0.18854243553297942,-0.013000000000000012,0,-0.0737015223847471,0.05260697426185053,-0.015784615384615397,0,0,0,0,0,0,0,0,0
0.1335830923458004,-0.1880387230868174,0.712,-0.06101671064972174,0.02496031951904297,0.009072845458984374,0,0,0.7,undefined,-0.1335830923458004,0.1880387230868174,-0.01200000000000001,0,-0.07593127356188027,0.05369931913901899,-0.004215384615384621,0,0,0,0,0,0,0,0,0
0.13355450179963793,-0.18731469227093953,0.71,-0.06106907052728155,-0.0010903186798095702,0.01081410026550293,0,0,0.7,undefined,-0.13355450179963793,0.18731469227093953,-0.010000000000000009,0,-0.06662330180509797,0.0522957802111702,0.0027692307692307704,0,0,0,0,0,0,0,0,0
0.13417638587740993,-0.18756026066518408,0.707,-0.06092944418712203,0.00953568172454834,-0.003107345104217529,0,0,0.7,undefined,-0.13417638587740993,0.18756026066518408,-0.007000000000000006,0,-0.07043679951132342,0.05759036955317975,0.01055384615384616,0,0,0,0,0,0,0,0,0
0.1334543944266974,-0.18765720118552456,0.707,-0.06127851003752088,-0.010721232414245606,-0.002110859394073486,0,0,0.7,undefined,-0.1334543944266974,0.18765720118552456,-0.007000000000000006,0,-0.06289845467169136,0.05681123887261447,-0.005600000000000005,0,0,0,0,0,0,0,0,0
0.1327602131288608,-0.1882506218081256,0.704,-0.06222098783359791,-0.009848057746887207,-0.009522278785705567,0,0,0.7,undefined,-0.1327602131288608,0.1882506218081256,-0.0040000000000000036,0,-0.06264220726838715,0.059670528356443264,0.012953846153846161,0,0,0,0,0,0,0,0,0
0.1315243098935191,-0.18864673682904398,0.702,-0.061173790282401275,-0.01813321304321289,-0.007082970142364502,0,0,0.7,undefined,-0.1315243098935191,0.18864673682904398,-0.0020000000000000018,0,-0.0591072913718427,0.05872694808442755,0.009169230769230777,0,0,0,0,0,0,0,0,0
0.1304013925021871,-0.19033844967198155,0.701,-0.06274458660919618,-0.015260894775390626,-0.026357980728149415,0,0,0.7,undefined,-0.1304013925021871,0.19033844967198155,-0.0010000000000000009,0,-0.059154217990075114,0.0662107579020275,0.004584615384615388,0,0,0,0,0,0,0,0,0
0.1292636907263325,-0.19157025068117534,0.698,-0.06272713331667623,-0.01587337303161621,-0.01951072311401367,0,0,0.7,undefined,-0.1292636907263325,0.19157025068117534,0.0020000000000000018,0,-0.05868862713109002,0.06390585659566345,0.01727164179104479,0,0,0,0,0,0,0,0,0
0.12717793200407776,-0.19293686036141172,0.696,-0.0625002405139169,-0.02993984031677246,-0.022420047760009765,0,0,0.7,undefined,-0.12717793200407776,0.19293686036141172,0.0040000000000000036,0,-0.05235795749759023,0.06523972561738867,0.01396923076923078,0,0,0,0,0,0,0,0,0
0.1265602561036254,-0.19352220301010375,0.695,-0.06269222673163632,-0.008698644638061524,-0.009341692924499512,0,0,0.7,undefined,-0.1265602561036254,0.19352220301010375,0.0050000000000000044,0,-0.05995418089553074,0.061208505934449764,0.009384615384615392,0,0,0,0,0,0,0,0,0
0.12462082641247199,-0.19419005253096322,0.694,-0.06272713331667623,-0.02840667152404785,-0.011820675849914551,0,0,0.7,undefined,-0.12462082641247199,0.19419005253096322,0.006000000000000005,0,-0.051704157082740815,0.06190931782648916,0.01026875000000001,0,0,0,0,0,0,0,0,0
0.12271056756615199,-0.1952984873519346,0.691,-0.0629889327044754,-0.027555278778076172,-0.018390020370483397,0,0,0.7,undefined,-0.12271056756615199,0.1952984873519346,0.009000000000000008,0,-0.0510692746105837,0.06455804139542634,0.02335384615384617,0,0,0,0,0,0,0,0,0
0.12161934121313199,-0.19558202005523193,0.69,-0.06323327879975459,-0.016068220138549805,-0.00527490234375,0,0,0.7,undefined,-0.12161934121313199,0.19558202005523193,0.010000000000000009,0,-0.054933836397996746,0.06020132057278587,0.013384615384615396,0,0,0,0,0,0,0,0,0
0.11926149053850921,-0.19577020429748387,0.692,-0.06436774281355084,-0.03511870193481445,-0.005052051544189453,0,0,0.7,undefined,-0.11926149053850921,0.19577020429748387,0.008000000000000007,0,-0.047126991691709544,0.05972900802846003,-0.004206060606060607,0,0,0,0,0,0,0,0,0
0.1176216210936167,-0.19596940198616306,0.69,-0.06415830330331158,-0.02435490608215332,-0.004564004898071289,0,0,0.7,undefined,-0.1176216210936167,0.19596940198616306,0.010000000000000009,0,-0.04998074430507943,0.05986342353489066,0.018769230769230785,0,0,0,0,0,0,0,0,0
0.11481292817935858,-0.1948957103922519,0.69,-0.06361725123519331,-0.04307629776000976,0.013371077537536621,0,0,0.7,undefined,-0.11481292817935858,0.1948957103922519,0.010000000000000009,0,-0.042282733012904826,0.052687296842769335,0.008000000000000007,0,0,0,0,0,0,0,0,0
0.11267720467816104,-0.19386581953030113,0.69,-0.06412339671827169,-0.03295316696166992,0.013380454063415528,0,0,0.7,undefined,-0.11267720467816104,0.19386581953030113,0.010000000000000009,0,-0.045012795893336024,0.05269820340935143,0.008000000000000007,0,0,0,0,0,0,0,0,0
0.1107905324248908,-0.1925055790417206,0.691,-0.06417575659583155,-0.029549373626708984,0.018548219680786134,0,0,0.7,undefined,-0.1107905324248908,0.1925055790417206,0.009000000000000008,0,-0.04507752732737375,0.050312858540591456,0.0017312500000000019,0,0,0,0,0,0,0,0,0
0.10953196475994786,-0.19059493792026908,0.693,-0.0645073691537105,-0.020677642822265627,0.027389907836914064,0,0,0.7,undefined,-0.10953196475994786,0.19059493792026908,0.007000000000000006,0,-0.048091759914367455,0.047046293610807435,-0.0050060606060606085,0,0,0,0,0,0,0,0,0
0.10725287355237698,-0.1886431700568497,0.692,-0.06548475353482727,-0.03600250625610352,0.02701188278198242,0,0,0.7,undefined,-0.10725287355237698,0.1886431700568497,0.008000000000000007,0,-0.04154034703907014,0.046242666892861196,0.011703030303030312,0,0,0,0,0,0,0,0,0
0.10574331059959854,-0.1861779011354661,0.693,-0.06515314097694838,-0.02501474380493164,0.035418033599853516,0,0,0.7,undefined,-0.10574331059959854,0.1861779011354661,0.007000000000000006,0,-0.04461623290179222,0.04237143092682326,0.0001312500000000003,0,0,0,0,0,0,0,0,0
0.10462583606482341,-0.1828967055739429,0.694,-0.06522295414702814,-0.019930988311767577,0.04802217483520508,0,0,0.7,undefined,-0.10462583606482341,0.1828967055739429,0.006000000000000005,0,-0.04638691671163448,0.03746873217925695,-0.000503030303030302,0,0,0,0,0,0,0,0,0
0.10310179815951696,-0.17979999141978822,0.696,-0.06464699549387001,-0.025839466094970703,0.044861968994140626,0,0,0.7,undefined,-0.10310179815951696,0.17979999141978822,0.0040000000000000036,0,-0.043344541128108385,0.037265382749718905,-0.007569230769230774,0,0,0,0,0,0,0,0,0
0.10059749184831905,-0.17706614218825137,0.698,-0.06469935537142987,-0.04013530731201172,0.038495330810546874,0,0,0.7,undefined,-0.10059749184831905,0.17706614218825137,0.0020000000000000018,0,-0.036814019633093845,0.03839911602512311,-0.009169230769230777,0,0,0,0,0,0,0,0,0
0.09879076419598642,-0.17363143974193332,0.703,-0.06475171524898968,-0.030375232696533205,0.049660552978515626,0,0,0.7,undefined,-0.09879076419598642,0.17363143974193332,-0.0030000000000000027,0,-0.039666848585432915,0.03359488028855973,-0.029323076923076945,0,0,0,0,0,0,0,0,0
0.09770406101351048,-0.1703346423561005,0.706,-0.06394886379307232,-0.019466249465942383,0.04829357528686523,0,0,0.7,undefined,-0.09770406101351048,0.1703346423561005,-0.006000000000000005,0,-0.04300055183188477,0.03334840678311492,-0.02095384615384617,0,0,0,0,0,0,0,0,0
0.0956474274935973,-0.16656969422441398,0.709,-0.06372197099031303,-0.03439544677734375,0.0543873405456543,0,0,0.7,undefined,-0.0956474274935973,0.16656969422441398,-0.009000000000000008,0,-0.03674953325495842,0.029698110635166045,-0.02335384615384617,0,0,0,0,0,0,0,0,0
0.09421677193520789,-0.1632156402626514,0.712,-0.06328563867731447,-0.024620014190673827,0.0488421630859375,0,0,0.7,undefined,-0.09421677193520789,0.1632156402626514,-0.01200000000000001,0,-0.03940485603781483,0.03090440151545844,-0.025753846153846176,0,0,0,0,0,0,0,0,0
0.09343857906929252,-0.15907779281416398,0.713,-0.06277949319423612,-0.015574898719787598,0.06120522689819336,0,0,0.7,undefined,-0.09343857906929252,0.15907779281416398,-0.013000000000000012,0,-0.04252902025664045,0.025442620813932355,-0.015784615384615397,0,0,0,0,0,0,0,0,0
0.0917020795434844,-0.15512575890464453,0.715,-0.06195918844579876,-0.029715335845947266,0.0575295524597168,0,0,0.7,undefined,-0.0917020795434844,0.15512575890464453,-0.015000000000000013,0,-0.03664233016518398,0.02557997209060838,-0.022606060606060623,0,0,0,0,0,0,0,0,0
0.09105247507042416,-0.15056173535668518,0.72,-0.06173229564303942,-0.013964404106140136,0.06772563934326171,0,0,0.7,undefined,-0.09105247507042416,0.15056173535668518,-0.020000000000000018,0,-0.04202836729565693,0.020593009194916776,-0.04292307692307695,0,0,0,0,0,0,0,0,0
0.08926984878033051,-0.14671762449139591,0.72,-0.0604756585816035,-0.03024578666687012,0.05590219116210938,0,0,0.7,undefined,-0.08926984878033051,0.14671762449139591,-0.020000000000000018,0,-0.03503616744350713,0.02331622884201502,-0.016000000000000014,0,0,0,0,0,0,0,0,0
0.08835956838822835,-0.14284598231628276,0.72,-0.0592888346902474,-0.017139205932617186,0.05714322280883789,0,0,0.7,undefined,-0.08835956838822835,0.14284598231628276,-0.020000000000000018,0,-0.039278274390487186,0.02200649067504476,-0.016000000000000014,0,0,0,0,0,0,0,0,0
0.0866349436856895,-0.13948236582895543,0.722,-0.058328903601650516,-0.02881353759765625,0.04883272933959961,0,0,0.7,undefined,-0.0866349436856895,0.13948236582895543,-0.02200000000000002,0,-0.03430823832211939,0.024273578844737884,-0.028047761194029873,0,0,0,0,0,0,0,0,0
0.08576450810226041,-0.13490909027843845,0.722,-0.05761331860833282,-0.01703337287902832,0.06772132873535157,0,0,0.7,undefined,-0.08576450810226041,0.13490909027843845,-0.02200000000000002,0,-0.03812205945425239,0.015462626416641798,-0.017600000000000015,0,0,0,0,0,0,0,0,0
0.08385029933611426,-0.13128810533397806,0.722,-0.05773549165597249,-0.03179301452636719,0.0525713119506836,0,0,0.7,undefined,-0.08385029933611426,0.13128810533397806,-0.02200000000000002,0,-0.03161787169650096,0.0198888203607913,-0.017600000000000015,0,0,0,0,0,0,0,0,0
0.08202914930434138,-0.12728568435461562,0.72,-0.05693264020005508,-0.030736034393310546,0.05835998153686523,0,0,0.7,undefined,-0.08202914930434138,0.12728568435461562,-0.020000000000000018,0,-0.031208382173393626,0.01663420772520237,-0.005230769230769237,0,0,0,0,0,0,0,0,0
0.08059120372675276,-0.1233298447963904,0.722,-0.05654866776461628,-0.02491065788269043,0.05801412582397461,0,0,0.7,undefined,-0.08059120372675276,0.1233298447963904,-0.02200000000000002,0,-0.03255281798405301,0.01569827889462748,-0.028369230769230792,0,0,0,0,0,0,0,0,0
0.07842679671178111,-0.11951182511407957,0.721,-0.05733406592801373,-0.03565104293823242,0.05534381484985352,0,0,0.7,undefined,-0.07842679671178111,0.11951182511407957,-0.02100000000000002,0,-0.027735482367404578,0.01560647346136336,-0.01149696969696971,0,0,0,0,0,0,0,0,0
0.07598598776717548,-0.11531705535638731,0.721,-0.056758107274855606,-0.04015754699707031,0.06072018432617188,0,0,0.7,undefined,-0.07598598776717548,0.11531705535638731,-0.02100000000000002,0,-0.024644819967775688,0.011654969494536663,-0.016800000000000016,0,0,0,0,0,0,0,0,0
0.07384305383672976,-0.11112018034895382,0.719,-0.0563043216693371,-0.035663429260253905,0.061028297424316404,0,0,0.7,undefined,-0.07384305383672976,0.11112018034895382,-0.019000000000000017,0,-0.025557483347819397,0.011079898762235835,-0.0045939393939394,0,0,0,0,0,0,0,0,0
0.07128239336849927,-0.10669374590144862,0.718,-0.056426494716976715,-0.04208547592163086,0.06412979888916015,0,0,0.7,undefined,-0.07128239336849927,0.10669374590144862,-0.018000000000000016,0,-0.021853024932239312,0.008173476745406551,-0.009015384615384625,0,0,0,0,0,0,0,0,0
0.06954374992626636,-0.10236574074675651,0.72,-0.056391588131936864,-0.029699413299560547,0.06334595108032226,0,0,0.7,undefined,-0.06954374992626636,0.10236574074675651,-0.020000000000000018,0,-0.025409948735725177,0.007405079083377172,-0.02676923076923079,0,0,0,0,0,0,0,0,0
0.06854811129931826,-0.0978801491506457,0.719,-0.05710717312525451,-0.018703073501586915,0.0663351821899414,0,0,0.7,undefined,-0.06854811129931826,0.0978801491506457,-0.019000000000000017,0,-0.028994153840085884,0.00557681658400002,-0.009896969696969706,0,1425390611981,0,0,0,0,0,0,0
0.06719743110902503,-0.09430674358927878,0.717,-0.0573864258055736,-0.02328651809692383,0.052357330322265624,0,0,0.7,undefined,-0.06719743110902503,0.09430674358927878,-0.017000000000000015,0,-0.026436017575684766,0.009342145099837808,-0.0029939393939393995,0,1425390611981,0,0,0,0,0,0,0
0.06692043066337366,-0.09024327794546669,0.718,-0.05665338751973589,-0.0076440639495849606,0.06061333847045899,0,0,0.7,undefined,-0.06692043066337366,0.09024327794546669,-0.018000000000000016,0,-0.031945369144530944,0.004850905644042648,-0.01986875000000002,0,1425390611981,0,0,0,0,0,0,0
0.0664827396831332,-0.08647318757522561,0.715,-0.05693264020005509,-0.009756943702697755,0.05608887481689453,0,0,0.7,undefined,-0.0664827396831332,0.08647318757522561,-0.015000000000000013,0,-0.03088457225565642,0.005641469663577266,0.004153846153846154,0,1425390611981,0,0,0,0,0,0,0
0.06678662712717036,-0.08297726562431146,0.714,-0.05721189288037413,0.0015670577287673951,0.05261324310302734,0,0,0.7,undefined,-0.06678662712717036,0.08297726562431146,-0.014000000000000012,0,-0.03500483788802465,0.0063541996445668734,-0.0058969696969697035,0,1425390611981,0,0,0,0,0,0,0
0.06639339287882831,-0.07940277472835663,0.714,-0.056845373737455386,-0.008954740524291993,0.05319235610961914,0.06678662712717036,-0.08297726562431146,0.714,-0.057211892880374135,0.00039323424834204757,-0.003574490895954824,0,-0.00036651914291874893,0.00019661712417102378,-0.001072347268786447,0,-0.00036651914291874893,1425390611981,0,0,0,0,0,0,0
0.06642895598375631,-0.07562154369446406,0.713,-0.05803219762881149,-0.0026898612976074218,0.05665715789794922,0.06678662712717036,-0.08297726562431146,0.714,-0.057211892880374135,0.0003576711434140484,-0.007355721929847403,0.0010000000000000009,0.0008203047484373546,-0.000012658070212971423,-0.02256719137683734,0.006184615384615389,0.006297953477773216,1425390612372,0,0,0,0,0,0,0
0.06611495060035996,-0.07315909273403276,0.713,-0.058922315547328664,-0.006844470500946045,0.03660140228271484,0.06678662712717036,-0.08297726562431146,0.714,-0.057211892880374135,0.0006716765268103969,-0.009818172890278698,0.0010000000000000009,0.0017104226669545294,0.0020266364816932288,-0.016204803192482888,0.0008000000000000008,0.005818659213956874,1425390612437,0,0,0,0,0,0,0
0.0668898913660943,-0.07126874100215538,0.713,-0.05932374127528731,0.009934146881103516,0.028990591049194336,0.06678662712717036,-0.08297726562431146,0.714,-0.057211892880374135,-0.00010326423892394188,-0.011708524622156075,0.0010000000000000009,0.002111848394913178,-0.004224390088800718,-0.013691374404448078,0.0008000000000000008,0.003964582523953095,1425390612502,0,0,0,0,0,0,0
0.06789789943599168,-0.07000631847916639,0.712,-0.0592539281052075,0.013970807075500488,0.019799482345581054,0.06678662712717036,-0.08297726562431146,0.714,-0.057211892880374135,-0.001111272308821326,-0.012970947145145073,0.0020000000000000018,0.002042035224833365,-0.005901133494775578,-0.01058594903818215,0.006903030303030308,0.0017247026335614865,1425390612568,0,0,0,0,0,0,0
0.06915512318876105,-0.06938833700710714,0.714,-0.06038839211900386,0.01827631378173828,0.01037023162841797,0.06678662712717036,-0.08297726562431146,0.714,-0.057211892880374135,-0.0023684960615906886,-0.013588928617204316,0,0.0031764992386297264,-0.00795391439186114,-0.007404271127018754,-0.010769230769230777,0.008412486994612934,1425390612633,0,0,0,0,0,0,0
0.07121440932200841,-0.07001247246010336,0.714,-0.05996951309852526,0.03139800071716309,-0.007480745315551758,0.06678662712717036,-0.08297726562431146,0.714,-0.057211892880374135,-0.004427782194838054,-0.012964793164208094,0,0.0027576202181511245,-0.013302354891827914,-0.0005287085869750806,0,0.0008243324313268081,1425390612698,0,0,0,0,0,0,0
0.074051234449801,-0.07106939830065481,0.712,-0.06078981784696251,0.043426063537597655,-0.01327507209777832,0.06678662712717036,-0.08297726562431146,0.714,-0.057211892880374135,-0.007264607322630637,-0.011907867323656646,0.0020000000000000018,0.003577924966588375,-0.018907515887890768,0.002118778944333881,0.012369230769230778,0.007363946882452608,1425390612763,0,0,0,0,0,0,0
0.07754057718033691,-0.07317703345649547,0.712,-0.06201154832335863,0.05416411972045899,-0.0283763427734375,0.06678662712717036,-0.08297726562431146,0.714,-0.057211892880374135,-0.010753950053166553,-0.00980023216781599,0.0020000000000000018,0.004799655442984496,-0.024165743575622824,0.008408735034951043,0.0016000000000000016,0.010438411487889671,1425390612828,0,0,0,0,0,0,0
0.08186660383233815,-0.0756855669381423,0.711,-0.06190682856823891,0.06709754943847657,-0.0335343017578125,0.06678662712717036,-0.08297726562431146,0.714,-0.057211892880374135,-0.015079976705167794,-0.007291698686169162,0.0030000000000000027,0.004694935687864776,-0.030833978017205964,0.011319978372247548,0.0077846153846153916,0.004211613741158377,1425390612893,0,0,0,0,0,0,0
0.08685377927367828,-0.07911942624223506,0.709,-0.06326818538479455,0.07785098266601563,-0.046781074523925784,0.06678662712717036,-0.08297726562431146,0.714,-0.057211892880374135,-0.02006715214650792,-0.0038578393820764,0.0050000000000000044,0.006056292504420413,-0.03608598509518,0.016780719176906433,0.014447761194029862,0.012151920041236695,1425390612960,0,0,0,0,0,0,0
0.09270969303305869,-0.08319810933230869,0.706,-0.06414085001079166,0.09153114318847656,-0.055504150390625,0.06678662712717036,-0.08297726562431146,0.714,-0.057211892880374135,-0.02592306590588833,0.00022084370799722863,0.008000000000000007,0.0069289571304175235,-0.044986061324555786,0.022371551261239322,0.02280625000000002,0.011019572564778979,1425390613024,0,0,0,0,0,0,0
0.0986690094343996,-0.08746032005867098,0.708,-0.0648913415891492,0.09330384826660157,-0.05807209014892578,0.06678662712717036,-0.08297726562431146,0.714,-0.057211892880374135,-0.03188238230722924,0.004483054434359521,0.006000000000000005,0.007679448708775072,-0.04802981793006568,0.024295281779950967,-0.005969230769230773,0.011143255993502217,1425390613089,0,0,0,0,0,0,0
0.10540526582349669,-0.0923493291194772,0.709,-0.06510078109938854,0.10558665466308594,-0.0666285171508789,0.06678662712717036,-0.08297726562431146,0.714,-0.057211892880374135,-0.03861863869632633,0.009372063495165742,0.0050000000000000044,0.0078888882190144,-0.055581469135609,0.029137052452890905,-0.0013846153846153852,0.008855532112426687,1425390613154,0,0,0,0,0,0,0
0.11193668500043556,-0.0958033008706771,0.71,-0.06623524511318489,0.10113421630859375,-0.04532632446289062,0.06678662712717036,-0.08297726562431146,0.714,-0.057211892880374135,-0.045150057873265204,0.012826035246365636,0.0040000000000000036,0.009023352232810755,-0.0572113427537327,0.02216432743633337,-0.0021030303030303036,0.014180006840976003,1425390613220,0,0,0,0,0,0,0
0.11811100607299914,-0.09877604567095152,0.712,-0.0670380965691023,0.09536308288574219,-0.0383635139465332,0.06678662712717036,-0.08297726562431146,0.714,-0.057211892880374135,-0.05132437894582878,0.015798780046640065,0.0020000000000000018,0.009826203688728163,-0.059428007838496444,0.020996832140492805,-0.009337500000000009,0.013589569888341015,1425390613284,0,0,0,0,0,0,0
0.1243253855618154,-0.10063572900037127,0.712,-0.06771877497738003,0.09487495422363282,-0.021588268280029296,0.06678662712717036,-0.08297726562431146,0.714,-0.057211892880374135,-0.05753875843464504,0.017658463376059808,0.0020000000000000018,0.010506882097005898,-0.06075515599799443,0.01486943850247838,0.0016000000000000016,0.013509875074701787,1425390613352,0,0,0,0,0,0,0
0.12892287616837486,-0.10092794074548803,0.713,-0.06839945338565782,0.06910089111328124,0.0002933481931686401,0.06678662712717036,-0.08297726562431146,0.714,-0.057211892880374135,-0.0621362490412045,0.017950675121176568,0.0010000000000000009,0.011187560505283689,-0.05660973900148816,0.007008601120334973,-0.00475555555555556,0.014428886258987453,1425390613415,0,0,0,0,0,0,0
0.13382919916676897,-0.10053769803219402,0.715,-0.07035422214789143,0.0730226821899414,0.010869875907897949,0.06678662712717036,-0.08297726562431146,0.714,-0.057211892880374135,-0.06704257203959861,0.017560432407882562,-0.0010000000000000009,0.013142329267517294,-0.0599399483188445,0.0031668228046278124,-0.011569230769230778,0.022164338939364703,1425390613480,0,0,0,0,0,0,0
0.1387846720215128,-0.0985142700750844,0.723,-0.07276277651564365,0.07201461791992188,0.0355015983581543,0.06678662712717036,-0.08297726562431146,0.714,-0.057211892880374135,-0.07199804489434243,0.01553700445077294,-0.009000000000000008,0.015550883635269519,-0.06227804516172177,-0.0060691984373191414,-0.04962424242424246,0.026498858034143265,1425390613546,0,0,0,0,0,0,0
0.14255000116704247,-0.09511432169925978,0.723,-0.07293730944084308,0.052622917175292966,0.05497029113769531,0.06678662712717036,-0.08297726562431146,0.714,-0.057211892880374135,-0.07576337403987211,0.012137056074948319,-0.009000000000000008,0.01572541656046894,-0.058156536265095884,-0.014666297508878849,-0.007200000000000007,0.01653095313831243,1425390613611,0,0,0,0,0,0,0
0.14493664534132483,-0.0920005586288584,0.726,-0.07412413333219918,0.032300857543945315,0.049191082000732425,0.06678662712717036,-0.08297726562431146,0.714,-0.057211892880374135,-0.07815001821415447,0.009023293004546948,-0.01200000000000001,0.016912240451825045,-0.05192617004552071,-0.014059428631566371,-0.025753846153846176,0.022389889181160905,1425390613676,0,0,0,0,0,0,0
0.14710603624477608,-0.0883550533246388,0.73,-0.07627088831215227,0.028401920318603516,0.056942279815673826,0.06678662712717036,-0.08297726562431146,0.714,-0.057211892880374135,-0.08031940911760573,0.005377787700327347,-0.016000000000000014,0.019058995431778136,-0.05184104019277114,-0.018016307635699648,-0.03433846153846157,0.028967095339253943,1425390613741,0,0,0,0,0,0,0
0.14865712363336603,-0.0841200337722265,0.728,-0.0767246739176708,0.018358236312866212,0.06511343383789063,0.06678662712717036,-0.08297726562431146,0.714,-0.057211892880374135,-0.08187049650619567,0.0011427681479150437,-0.014000000000000012,0.01951278103729666,-0.04928725726858215,-0.022461120991691733,-0.00043076923076923283,0.02160717613968984,1425390613806,0,0,0,0,0,0,0
0.14858988257908484,-0.0805811926226502,0.73,-0.07756243195862805,-0.005074400424957276,0.05284914398193359,0.06678662712717036,-0.08297726562431146,0.714,-0.057211892880374135,-0.08180325545191448,-0.002396073001661253,-0.016000000000000014,0.020350539078253918,-0.040539560510597004,-0.019774120398216893,-0.02356923076923079,0.024217114651902807,1425390613871,0,0,0,0,0,0,0
0.14802439258237232,-0.07688535051437027,0.728,-0.07976154681614095,-0.012752415657043457,0.05461370849609375,0.06678662712717036,-0.08297726562431146,0.714,-0.057211892880374135,-0.08123776545520196,-0.0060919151099411845,-0.014000000000000012,0.022549653935766814,-0.03757393659145664,-0.02172826280833583,-0.00043076923076923283,0.032699414816595565,1425390613936,0,0,0,0,0,0,0
0.14672322969082238,-0.07302440359320378,0.727,-0.0801106126665398,-0.024069822311401368,0.05617498779296875,0.06678662712717036,-0.08297726562431146,0.714,-0.057211892880374135,-0.07993660256365202,-0.009952862031107679,-0.013000000000000012,0.02289871978616566,-0.03306819503875815,-0.02346057713066977,-0.005096969696969703,0.024485382742524042,1425390614002,0,0,0,0,0,0,0
0.14585934392224695,-0.06857467591772475,0.726,-0.08044222522441867,-0.018258066177368165,0.06549486541748047,0.06678662712717036,-0.08297726562431146,0.714,-0.057211892880374135,-0.07907271679507659,-0.014402589706586713,-0.01200000000000001,0.023230332344044535,-0.03502352229303976,-0.027565622977911264,-0.0043761194029850806,0.024715164692755923,1425390614069,0,0,0,0,0,0,0
0.143708953703755,-0.0647509191507481,0.722,-0.08108799704765661,-0.036760444641113284,0.05457894134521484,0.06678662712717036,-0.08297726562431146,0.714,-0.057211892880374135,-0.07692232657658464,-0.01822634647356336,-0.008000000000000007,0.023876104167282475,-0.02705757879628956,-0.02574540194876334,0.014812121212121221,0.026811430636545834,1425390614135,0,0,0,0,0,0,0
0.14181590087134885,-0.06236616433254362,0.72,-0.0820828347212934,-0.03119993591308594,0.033353748321533205,0.06678662712717036,-0.08297726562431146,0.714,-0.057211892880374135,-0.07502927374417849,-0.02061110129176784,-0.006000000000000005,0.02487094184091926,-0.026997676692055078,-0.019431968266444125,0.006311111111111115,0.029608264096332514,1425390614198,0,0,0,0,0,0,0
0.1392476688932149,-0.05973140648042565,0.721,-0.08211774130633324,-0.04163415908813477,0.036229736328125,0.06678662712717036,-0.08297726562431146,0.714,-0.057211892880374135,-0.07246104176604455,-0.023245859143885807,-0.007000000000000006,0.02490584842595911,-0.022401579462301063,-0.021160915408416338,-0.010984615384615395,0.025066955741527654,1425390614263,0,0,0,0,0,0,0
0.13605725493939094,-0.058769662461591834,0.718,-0.08368853763312822,-0.04887825775146484,0.010452118873596192,0.06678662712717036,-0.08297726562431146,0.714,-0.057211892880374135,-0.06927062781222058,-0.024207603162719624,-0.0040000000000000036,0.02647664475275409,-0.017456161847058164,-0.012440902588690284,0.012953846153846161,0.0337264739533463,1425390614328,0,0,0,0,0,0,0
0.13341794005458507,-0.05768180243920368,0.72,-0.08391543043588745,-0.04081519317626953,0.01295145034790039,0.06678662712717036,-0.08297726562431146,0.714,-0.057211892880374135,-0.06663131292741471,-0.02529546318510778,-0.006000000000000005,0.026703537555513315,-0.019103960930137283,-0.01344634676839164,-0.015569230769230783,0.027750735106709744,1425390614393,0,0,0,0,0,0,0
0.13128459870652343,-0.05728479105586565,0.717,-0.08442157591896582,-0.03238666152954101,0.0032520620822906496,0.06678662712717036,-0.08297726562431146,0.714,-0.057211892880374135,-0.06449797157935307,-0.02569247456844581,-0.0030000000000000027,0.027209683038591684,-0.020761763146267674,-0.009845495973123139,0.013753846153846162,0.029545739114338,1425390614458,0,0,0,0,0,0,0
0.12873416313115804,-0.05740100542228464,0.714,-0.08456120225912533,-0.037973297119140624,-0.004962849140167236,0.06678662712717036,-0.08297726562431146,0.714,-0.057211892880374135,-0.06194753600398768,-0.025576260202026815,0,0.0273493093787512,-0.017448730859904685,-0.007056589753840642,0.01590909090909092,0.02798397456129445,1425390614524,0,0,0,0,0,0,0
0.12625744895105423,-0.05721011179509235,0.716,-0.08522442737488313,-0.037259811401367186,-0.0002845933437347412,0.06678662712717036,-0.08297726562431146,0.714,-0.057211892880374135,-0.05947082182388387,-0.02576715382921911,-0.0020000000000000018,0.028012534494508995,-0.01660132056290657,-0.008742460838421846,-0.012206060606060616,0.031027194111589884,1425390614590,0,0,0,0,0,0,0
0.12375914765664581,-0.057794922046529695,0.716,-0.08396779031344732,-0.036591812133789064,-0.011930195808410645,0.06678662712717036,-0.08297726562431146,0.714,-0.057211892880374135,-0.05697252052947545,-0.025182343577781763,-0.0020000000000000018,0.02675589743307319,-0.014823675060941663,-0.004356522010786531,-0.0016000000000000016,0.02086541120759285,1425390614654,0,0,0,0,0,0,0
0.12124376165273631,-0.0580437656549878,0.717,-0.084665922014245,-0.037284801483154294,-0.0068839526176452635,0.06678662712717036,-0.08297726562431146,0.714,-0.057211892880374135,-0.054457134525565956,-0.02493349996932366,-0.0030000000000000027,0.027454029133870864,-0.013684181087885714,-0.006140122868330395,-0.0077846153846153916,0.030676175445244747,1425390614719,0,0,0,0,0,0,0
0.11900452242300832,-0.057921076419275595,0.718,-0.08461356213668514,-0.0336239013671875,-0.0010066660642623901,0.06678662712717036,-0.08297726562431146,0.714,-0.057211892880374135,-0.052217895295837966,-0.025056189205035863,-0.0040000000000000036,0.027401669256311004,-0.014411429283668288,-0.008157770679410321,-0.008423880597014932,0.027167222043356407,1425390614786,0,0,0,0,0,0,0
0.11714713613195045,-0.057463020047843205,0.721,-0.08553858664024216,-0.028341793060302736,0.00449167537689209,0.06678662712717036,-0.08297726562431146,0.714,-0.057211892880374135,-0.05036050900478009,-0.025514245576468253,-0.007000000000000006,0.02832669375986803,-0.014861441774290742,-0.01019903129200931,-0.022266666666666685,0.032731572348234816,1425390614849,0,0,0,0,0,0,0
0.11584057459949584,-0.057005294058330686,0.721,-0.0854338668851225,-0.02011334991455078,0.005166409015655518,0.06678662712717036,-0.08297726562431146,0.714,-0.057211892880374135,-0.049053947472325485,-0.025971971565980773,-0.007000000000000006,0.028221974004748365,-0.017598238336782257,-0.010218926262663654,-0.005600000000000005,0.0277459751178408,1425390614915,0,0,0,0,0,0,0
0.1139288589308983,-0.05648674856295428,0.718,-0.0843168561638461,-0.029234859466552736,0.005302913665771484,0.06678662712717036,-0.08297726562431146,0.714,-0.057211892880374135,-0.04714223180372794,-0.02649051706135718,-0.0040000000000000036,0.027104963283471964,-0.013277262301723334,-0.010739323170433971,0.012953846153846161,0.021949529185273188,1425390614980,0,0,0,0,0,0,0
0.11203170503267455,-0.05610665087934409,0.719,-0.0843168561638461,-0.028836372375488282,0.003284621715545654,0.06678662712717036,-0.08297726562431146,0.714,-0.057211892880374135,-0.045245077905504194,-0.026870614744967367,-0.0050000000000000044,0.027104963283471964,-0.012407094885393476,-0.010107864258314283,-0.009384615384615392,0.027104963283471964,1425390615045,0,0,0,0,0,0,0
0.11059815960962663,-0.05572558402595045,0.721,-0.08463101542920508,-0.021908174514770506,0.003884763240814209,0.06678662712717036,-0.08297726562431146,0.714,-0.057211892880374135,-0.04381153248245627,-0.027251681598361006,-0.007000000000000006,0.027419122548830943,-0.014186675501739313,-0.010227402920858669,-0.016369230769230782,0.028869088388949308,1425390615110,0,0,0,0,0,0,0
0.10901041922302052,-0.05608125597856361,0.721,-0.08480554835440456,-0.023279891967773438,-0.007329160690307617,0.06678662712717036,-0.08297726562431146,0.714,-0.057211892880374135,-0.04222379209585016,-0.02689600964574785,-0.007000000000000006,0.02759365547403042,-0.012692060664407817,-0.0061826637510788264,-0.005600000000000005,0.028386986952209866,1425390615176,0,0,0,0,0,0,0
0.10882850470419474,-0.05653069029996285,0.722,-0.08426449628628628,-0.0021478784084320067,-0.00694842004776001,0.06678662712717036,-0.08297726562431146,0.714,-0.057211892880374135,-0.04204187757702438,-0.02644657532434861,-0.008000000000000007,0.027052603405912146,-0.020041399071757993,-0.005513941635924066,-0.011784615384615395,0.02455544001459703,1425390615241,0,0,0,0,0,0,0
0.10897932838290876,-0.057984734822624805,0.723,-0.08422958970124637,0.00409001874923706,-0.021542869567871093,1,0,0.7,undefined,0.8910206716170912,0.057984734822624805,-0.02300000000000002,0,0.4455103358085456,0.017395420446787442,-0.018400000000000017,0,0,0,0,0,0,0,0,0
0.10887409472404462,-0.06022412213537088,0.72,-0.08590510578316095,0.0012530870437622071,-0.033604522705078126,1,0,0.7,undefined,0.8911259052759554,0.06022412213537088,-0.020000000000000018,0,0.44612959541647706,0.030125476016936277,0.00015384615384615025,0,0,0,0,0,0,0,0,0
0.10927399120959894,-0.06327750129823925,0.718,-0.08976228343006847,0.009906002998352051,-0.045117130279541014,1,0,0.7,undefined,0.8907260087904011,0.06327750129823925,-0.018000000000000016,0,0.44320971562683137,0.03542452280491686,-0.003630769230769236,0,0,0,0,0,0,0,0,0
0.11095726094026193,-0.06834745705568081,0.714,-0.09262462340333909,0.0319645938873291,-0.07347979736328125,1,0,0.7,undefined,0.8890427390597381,0.06834745705568081,-0.014000000000000012,0,0.4355949391399894,0.04739036613343976,0.010012121212121217,0,0,0,0,0,0,0,0,0
0.11492024530522647,-0.07368887127599914,0.71,-0.0983842099349204,0.06660054016113282,-0.07427958679199219,1,0,0.7,undefined,0.8850797546947735,0.07368887127599914,-0.010000000000000009,0,0.42120073076680836,0.05086812256912924,0.013538461538461548,0,0,0,0,0,0,0,0,0
0.12354969747378773,-0.07891761879479726,0.707,-0.10053096491487344,0.136519775390625,-0.06533744049072265,1,0,0.7,undefined,0.8764503025262123,0.07891761879479726,-0.007000000000000006,0,0.3917588703554686,0.05183007997042906,0.01055384615384616,0,0,0,0,0,0,0,0,0
0.13887360565153778,-0.08427287429494486,0.703,-0.10327113184050456,0.236760009765625,-0.056854248046875,1,0,0.7,undefined,0.8611263943484622,0.08427287429494486,-0.0030000000000000027,0,0.3480498454478844,0.05411785344312434,0.019138461538461552,0,0,0,0,0,0,0,0,0
0.1606726943460637,-0.09020275236059197,0.702,-0.10533062035785783,0.3344136962890625,-0.05476602172851563,1,0,0.7,undefined,0.8393273056539363,0.09020275236059197,-0.0020000000000000018,0,0.302283944471829,0.058990938369354345,0.003784615384615387,0,0,0,0,0,0,0,0,0
0.18923493232025337,-0.09432452414591119,0.698,-0.10590657901101601,0.432559326171875,-0.016440149307250976,1,0,0.7,undefined,0.8107650676797467,0.09432452414591119,0.0020000000000000018,0,0.2539161203403827,0.05015523792349651,0.022812121212121228,0,0,0,0,0,0,0,0,0
0.22449635676896304,-0.09800130056224694,0.693,-0.10519099401769837,0.5317879028320313,0.0010689570903778076,1,0,0.7,undefined,0.7755036432310369,0.09800130056224694,0.007000000000000006,0,0.19788261304554308,0.04919841702586658,0.032523076923076946,0,0,0,0,0,0,0,0,0
0.26572097235057685,-0.10052099036627289,0.695,-0.1027300797723863,0.6189196166992188,0.027340547561645508,1,0,0.7,undefined,0.7342790276494231,0.10052099036627289,0.0050000000000000044,0,0.14516081453909865,0.04372385759309851,-0.006769230769230774,0,0,0,0,0,0,0,0,0
0.31768488820061674,-0.10284024433832945,0.693,-0.10077531101015269,0.7789169311523437,0.04532769012451172,1,0,0.7,undefined,0.6823151117993833,0.10284024433832945,0.007000000000000006,0,0.061351855168708225,0.04334036392026489,0.016369230769230782,0,0,0,0,0,0,0,0,0
0.3756626417818589,-0.10280684144264557,0.693,-0.09763371835656287,0.86520361328125,0.08799112701416016,1,0,0.7,undefined,0.6243373582181411,0.10280684144264557,0.007000000000000006,0,-0.000019224789926108876,0.030662190686803568,0.005600000000000005,0,0,0,0,0,0,0,0,0
0.4378475669550829,-0.10119634148944842,0.693,-0.09438740594785339,0.925976806640625,0.114968017578125,1,0,0.7,undefined,0.562152433044917,0.10119634148944842,0.007000000000000006,0,-0.05376568825644018,0.021686979621926807,0.005600000000000005,0,0,0,0,0,0,0,0,0
0.5083162712983771,-0.09678167742483969,0.691,-0.09122836000174367,1.04608447265625,0.16554750061035156,1,0,0.7,undefined,0.4916837287016229,0.09678167742483969,0.009000000000000008,0,-0.12227823296490398,0.0059728252780032985,0.017647761194029866,0,0,0,0,0,0,0,0,0
0.5782410153473977,-0.09116540373803432,0.693,-0.08950048404226923,1.036834716796875,0.17944790649414064,1,0,0.7,undefined,0.4217589846526023,0.09116540373803432,0.007000000000000006,0,-0.17152145169178024,-0.003364375603306557,-0.005337500000000005,0,0,0,0,0,0,0,0,0
0.6459043611925531,-0.08495950226567794,0.69,-0.08934340440958977,1.0025675048828124,0.18343324279785156,1,0,0.7,undefined,0.3540956388074469,0.08495950226567794,0.010000000000000009,0,-0.18729327360865194,-0.007928541863754024,0.02415384615384617,0,0,0,0,0,0,0,0,0
0.7174791852866985,-0.07682268882034043,0.691,-0.08974483013754853,1.0584501953125,0.21735891723632814,1,0,0.7,undefined,0.2825208147133015,0.07682268882034043,0.009000000000000008,0,-0.2326379274635117,-0.019458935232526644,0.0019761194029850777,0,0,0,0,0,0,0,0,0
0.7915830699385825,-0.07049937646321253,0.688,-0.09011134928046732,1.0985841064453126,0.19409072875976563,1,0,0.7,undefined,0.20841693006141748,0.07049937646321253,0.01200000000000001,0,-0.30104715415928185,-0.013430801514079486,0.026006250000000022,0,0,0,0,0,0,0,0,0
0.8590090837213845,-0.06505826828544017,0.686,-0.09133307975686333,0.9999420776367187,0.1722999267578125,1,0,0.7,undefined,0.14099091627861549,0.06505826828544017,0.013999999999999901,0,-0.2925676929988568,-0.009780794317757534,0.021969230769230103,0,0,0,0,0,0,0,0,0
0.9263925248875802,-0.06217025454084704,0.686,-0.09098401390646448,1.0025877685546876,0.135326416015625,1,0,0.7,undefined,0.07360747511241983,0.06217025454084704,0.013999999999999901,0,-0.32603017641561277,0.0031002331221372473,0.011199999999999922,0,1425390616610,0,0,0,0,0,0,0
0.9881704235571642,-0.06099532304746818,0.685,-0.09114109353914394,0.9212343139648438,0.10174681854248047,1,0,0.7,undefined,0.011829576442835776,0.06099532304746818,0.014999999999999902,0,-0.3267354353840347,0.011972042719123503,0.01738461538461531,0,1425390616610,0,0,0,0,0,0,0
1.0436705362090664,-0.06241788267701163,0.684,-0.09169959889978217,0.830988525390625,0.05452028274536133,1,0,0.7,undefined,-0.04367053620906636,0.06241788267701163,0.015999999999999903,0,-0.3206820285378523,0.026385301269875903,0.018184615384615313,0,1425390616610,0,0,0,0,0,0,0
1.089689906044115,-0.06574819273027756,0.687,-0.0915425192671027,0.6919647216796875,0.013465923309326172,1,0,0.7,undefined,-0.08968990604411498,0.06574819273027756,0.0129999999999999,0,-0.29264155982616535,0.03765689656743827,-0.005753846153846243,0,1425390616610,0,0,0,0,0,0,0
1.124634577391373,-0.0707107101648315,0.686,-0.09075712110370515,0.528780029296875,-0.026209224700927736,1,0,0.7,undefined,-0.12463457739137307,0.0707107101648315,0.013999999999999901,0,-0.24762993977963096,0.04752959338420523,0.016503030303030228,0,0,0,0,0,0,0,0,0
1.1485801473796509,-0.07822121572116517,0.684,-0.09246754377065969,0.36791574096679686,-0.07964019775390625,1,0,0.7,undefined,-0.14858014737965086,0.07822121572116517,0.015999999999999903,0,-0.20127415696099552,0.06329480327266442,0.023406060606060534,0,0,0,0,0,0,0,0,0
1.1636791170821068,-0.085859766252512,0.682,-0.09306095571633777,0.23609666442871094,-0.09317613220214843,1,0,0.7,undefined,-0.1636791170821068,0.085859766252512,0.017999999999999905,0,-0.16441204910135934,0.06753125309405661,0.025337499999999936,0,0,0,0,0,0,0,0,0
1.169426666232554,-0.09420673334671337,0.687,-0.09379399400217531,0.09747502899169921,-0.11665122985839843,1,0,0.7,undefined,-0.1694266662325541,0.09420673334671337,0.0129999999999999,0,-0.11566167469560858,0.07320722743432906,-0.016523076923077022,0,0,0,0,0,0,0,0,0
1.1700324142333673,-0.10275054582712492,0.687,-0.09538224362149017,0.021049039840698242,-0.1267428970336914,1,0,0.7,undefined,-0.17003241423336735,0.10275054582712492,0.0129999999999999,0,-0.08822850712099639,0.07613326023516845,0.010399999999999921,0,0,0,0,0,0,0,0,0
1.1642357450589509,-0.11066746239573585,0.691,-0.09723229262860417,-0.07524497985839844,-0.12649488067626954,1,0,0.7,undefined,-0.1642357450589509,0.11066746239573585,0.009000000000000008,0,-0.05090503851338683,0.07582978947277962,-0.014338461538460951,0,0,0,0,0,0,0,0,0
1.1516038884726916,-0.11906793460105601,0.69,-0.0998851930916355,-0.1763502197265625,-0.14380625915527342,1,0,0.7,undefined,-0.15160388847269157,0.11906793460105601,0.010000000000000009,0,-0.007784254925718714,0.08095369225511764,0.013384615384615396,0,0,0,0,0,0,0,0,0
1.1386341614651014,-0.12732465963789233,0.692,-0.10225884087434783,-0.1812259063720703,-0.14263351440429686,1,0,0.7,undefined,-0.13863416146510144,0.12732465963789233,0.008000000000000007,0,0.0005199108467807828,0.08265668655125555,-0.004369230769230771,0,0,0,0,0,0,0,0,0
1.1182133080221468,-0.13533073315860894,0.695,-0.10512118084761857,-0.29245367431640623,-0.15073239135742186,1,0,0.7,undefined,-0.1182133080221468,0.13533073315860894,0.0050000000000000044,0,0.05085178760483616,0.0837088465975952,-0.012153846153846161,0,0,0,0,0,0,0,0,0
1.0958386901850274,-0.1420647580677275,0.697,-0.10857693276656732,-0.3231678161621094,-0.13566853332519532,1,0,0.7,undefined,-0.09583869018502744,0.1420647580677275,0.0030000000000000027,0,0.07255936633812897,0.07887956154634126,-0.008369230769230775,0,0,0,0,0,0,0,0,0
1.0745361133808329,-0.14596664984517407,0.701,-0.11035716860360156,-0.31131463623046873,-0.09281011962890626,1,0,0.7,undefined,-0.07453611338083288,0.14596664984517407,-0.0010000000000000009,0,0.07570015363485774,0.06448184528849615,-0.02201212121212123,0,0,0,0,0,0,0,0,0
1.0540757880178235,-0.14816023449879256,0.703,-0.11306242894419279,-0.30141412353515623,-0.06650405883789062,1,0,0.7,undefined,-0.054075788017823534,0.14816023449879256,-0.0030000000000000027,0,0.0831330887149847,0.056259680022968106,-0.01316923076923078,0,0,0,0,0,0,0,0,0
1.0350960159356062,-0.14829166987694878,0.705,-0.11646582098558175,-0.28265643310546873,-0.034078895568847654,1,0,0.7,undefined,-0.035096015935606184,0.14829166987694878,-0.0050000000000000044,0,0.08465076478259802,0.04519522992238732,-0.014769230769230781,0,0,0,0,0,0,0,0,0
1.0182336303899122,-0.14563970487723057,0.708,-0.11892673523089373,-0.25584475708007814,0.010118167877197265,1,0,0.7,undefined,-0.018233630389912214,0.14563970487723057,-0.008000000000000007,0,0.08168064543570373,0.029412099926224997,-0.02255384615384617,0,0,0,0,0,0,0,0,0
1.0063057413675365,-0.13884763913489528,0.706,-0.11845549633285526,-0.18974238586425782,0.07993330383300781,1,0,0.7,undefined,-0.006305741367536477,0.13884763913489528,-0.006000000000000005,0,0.06107422405210111,0.00508163005097087,0.005969230769230773,0,0,0,0,0,0,0,0,0
0.9952033952799548,-0.13078721524364617,0.703,-0.11655308744818142,-0.17965672302246094,0.10037818145751953,1,0,0.7,undefined,0.004796604720045172,0.13078721524364617,-0.0030000000000000027,0,0.06039563266828493,-0.0028705273961179348,0.013271641791044786,0,0,0,0,0,0,0,0,0
0.9895069637318182,-0.12103178924361209,0.701,-0.11355112113475117,-0.10188353729248047,0.13540206909179686,1,0,0.7,undefined,0.010493036268181766,0.12103178924361209,-0.0010000000000000009,0,0.036398878162962875,-0.017040449164602747,0.01013750000000001,0,0,0,0,0,0,0,0,0
0.9885290770275237,-0.11003475832830224,0.701,-0.10836749325632804,-0.03326448822021484,0.16223112487792968,1,0,0.7,undefined,0.011470922972476316,0.11003475832830224,-0.0010000000000000009,0,0.011001005278593429,-0.026204354353177722,-0.0008000000000000008,0,0,0,0,0,0,0,0,0
0.9909135315354902,-0.09786614406865794,0.697,-0.10300933245270542,0.015815467834472657,0.18532687377929688,1,0,0.7,undefined,0.009086468464509778,0.09786614406865794,0.0030000000000000027,0,-0.008296136195257237,-0.03616346433133345,0.023938461538461558,0,1425390618044,0,0,0,0,0,0,0
0.9942971481773412,-0.08628986913938547,0.693,-0.09789551774436205,0.03262986373901367,0.17794259643554688,1,0,0.7,undefined,0.005702851822658839,0.08628986913938547,0.007000000000000006,0,-0.01536804831402179,-0.0364468273388823,0.02713846153846156,0,1425390618044,0,0,0,0,0,0,0
0.9994388979232943,-0.0736513132661041,0.689,-0.09157742585214254,0.05822772979736328,0.19620890808105468,1,0,0.7,undefined,0.0005611020767056774,0.0736513132661041,0.01100000000000001,0,-0.026986303675035135,-0.04492725080272151,0.030012121212121233,0,1425390618044,0,0,0,0,0,0,0
1.0068949571864643,-0.0613846909984704,0.688,-0.08808676734815393,0.09454560089111329,0.19345611572265625,1,0,0.7,undefined,-0.006894957186464268,0.0613846909984704,0.01200000000000001,0,-0.043595490010301066,-0.04763563568002491,0.014984615384615398,0,1425390618044,0,0,0,0,0,0,0
1.014705987388931,-0.052017072414515045,0.686,-0.08333947178272931,0.10434973907470703,0.15027687072753906,1,0,0.7,undefined,-0.01470598738893103,0.052017072414515045,0.013999999999999901,0,-0.049412387092363466,-0.034835901420020486,0.021969230769230103,0,1425390618044,0,0,0,0,0,0,0
1.0222887704482386,-0.0460260021409234,0.688,-0.08032005217677916,0.1058662567138672,0.09902236175537109,1,0,0.7,-0.08333947178272932,-0.022288770448238626,0.0460260021409234,0.01200000000000001,-0.0030194196059501605,-0.011144385224119313,0.01380780064227702,0.00960000000000001,-0.0030194196059501605,1425390618044,0,0,0,0,0,0,0
1.0305660325657156,-0.039753508709605784,0.687,-0.07794640439406685,0.11620967102050782,0.10374580383300781,1,0,0.7,-0.08333947178272932,-0.03056603256571555,0.039753508709605784,0.0129999999999999,-0.005393067388662479,-0.059852889223118134,-0.021848912017290046,0.015784615384614713,-0.016348364847334713,1425390618435,0,0,0,0,0,0,0
1.0383084609012778,-0.03723006452895926,0.691,-0.07438593271999848,0.11283638763427735,0.04677998733520508,1,0,0.7,-0.08333947178272932,-0.03830846090127782,0.03723006452895926,0.009000000000000008,-0.008953539062730845,-0.060844229180589585,-0.0024187569986396634,-0.014338461538460951,-0.025386485250738687,1425390618500,0,0,0,0,0,0,0
1.044343628330957,-0.03603427593246975,0.692,-0.07278022980816366,0.08894415283203125,0.02461499214172363,1,0,0.7,-0.08333947178272932,-0.04434362833095706,0.03603427593246975,0.008000000000000007,-0.010559241974565661,-0.05417648992892907,0.004468979616538996,0.0010969696969696996,-0.017857891573814826,1425390618566,0,0,0,0,0,0,0
1.0501600219046163,-0.035111201568353026,0.694,-0.07164576579436731,0.0860081024169922,0.020153633117675783,1,0,0.7,-0.08333947178272932,-0.050160021904616325,0.035111201568353026,0.006000000000000005,-0.011693705988362016,-0.056399053272011876,0.005562960048338923,-0.005969230769230773,-0.016929693744345192,1425390618631,0,0,0,0,0,0,0
1.0560500028833428,-0.03556038659121079,0.695,-0.07126179335892856,0.08860537719726562,-0.0003960208296775818,1,0,0.7,-0.08333947178272932,-0.05605000288334283,0.03556038659121079,0.0050000000000000044,-0.012077678423800767,-0.058793558793227785,0.013014604902739604,-0.0012238805970149255,-0.013796957985466814,1425390618698,0,0,0,0,0,0,0
1.0607185288501957,-0.03758910166700523,0.698,-0.07119198018884881,0.0720168685913086,-0.025367401123046876,1,0,0.7,-0.08333947178272932,-0.060718528850195685,0.03758910166700523,0.0020000000000000018,-0.01214749159388051,-0.05474708664000081,0.02187449582141581,-0.014071641791044788,-0.012460087877819662,1425390618765,0,0,0,0,0,0,0
1.0647441159312334,-0.04019728696525425,0.697,-0.07115707360380902,0.06301372528076171,-0.03472846603393555,1,0,0.7,-0.08333947178272932,-0.06474411593123341,0.04019728696525425,0.0030000000000000027,-0.012182398178920306,-0.05509714632631356,0.026782812773240107,0.008045161290322587,-0.012351301009758026,1425390618827,0,0,0,0,0,0,0
1.067056643101446,-0.04439421688372015,0.699,-0.07093018080104968,0.03907596588134766,-0.06032843017578125,1,0,0.7,-0.08333947178272932,-0.0670566431014461,0.04439421688372015,0.0010000000000000009,-0.012409290981679644,-0.04598039092879136,0.035917118472240134,-0.009969230769230777,-0.013456488532876586,1425390618892,0,0,0,0,0,0,0
1.0692430952773082,-0.048102161483666105,0.7,-0.0698655299573332,0.03665608596801758,-0.05315498352050781,1,0,0.7,-0.08333947178272932,-0.06924309527730821,0.048102161483666105,0,-0.01347394182539613,-0.04639475166252699,0.034396503983270335,-0.005384615384615389,-0.018387714950241447,1425390618957,0,0,0,0,0,0,0
1.0701012755246098,-0.05355241412139272,0.7,-0.07285004297824338,0.018548425674438478,-0.08065571594238281,1,0,0.7,-0.08333947178272932,-0.07010127552460976,0.05355241412139272,0,-0.010489428804485945,-0.03967160832469786,0.04541323843956114,0,0.003285246676637982,1425390619022,0,0,0,0,0,0,0
1.072151128399451,-0.05800315394554478,0.703,-0.07466518540031752,0.03552548599243164,-0.06434602355957031,1,0,0.7,-0.08333947178272932,-0.07215112839945093,0.05800315394554478,-0.0030000000000000027,-0.0086742863824118,-0.04711323352579326,0.04136646831371299,-0.018553846153846167,-0.0002967059728388229,1425390619087,0,0,0,0,0,0,0
1.0727130535834928,-0.06232545435494845,0.702,-0.07798131097910677,0.013241777420043946,-0.06402510833740234,1,0,0.7,-0.08333947178272932,-0.07271305358349278,0.06232545435494845,-0.0020000000000000018,-0.005358160803622558,-0.039382277782741,0.04197156158788888,0.003784615384615387,0.009947034175404712,1425390619152,0,0,0,0,0,0,0
1.0743039513167705,-0.06498888009614999,0.702,-0.08056439827205836,0.026903249740600585,-0.03797095489501953,1,0,0.7,-0.08333947178272932,-0.07430395131677048,0.06498888009614999,-0.0020000000000000018,-0.0027750735106709667,-0.04558855454697908,0.033620891444307716,-0.0016000000000000016,0.00896623236638172,1425390619218,0,0,0,0,0,0,0
1.0752195975942986,-0.06645751924487225,0.704,-0.08271115325201145,0.01546302604675293,-0.020852802276611328,1,0,0.7,-0.08333947178272932,-0.07521959759429864,0.06645751924487225,-0.0040000000000000036,-0.0006283185307178751,-0.042540201829993254,0.02784531272812002,-0.01396923076923078,0.009279781376757933,1425390619283,0,0,0,0,0,0,0
1.0761555564723673,-0.06656189597095048,0.703,-0.08503244115716385,0.014120737075805663,-0.0004004085063934326,1,0,0.7,-0.08333947178272932,-0.07615555647236727,0.06656189597095048,-0.0030000000000000027,0.0016929693744345276,-0.043117556810399346,0.020530597316321758,0.0029846153846153863,0.012406605859753308,1425390619348,0,0,0,0,0,0,0
1.0775310161994354,-0.06565187155397237,0.701,-0.08700466321191741,0.019398025512695313,0.015353313446044922,1,0,0.7,-0.08333947178272932,-0.07753101619943537,0.06565187155397237,-0.0010000000000000009,0.003665191429188086,-0.04617182970700743,0.014795429990155711,0.009969230769230777,0.012767754758819893,1425390619413,0,0,0,0,0,0,0
1.0770705026006013,-0.06268588491968162,0.699,-0.08777260808279491,-0.010747513771057128,0.04372127151489258,1,0,0.7,-0.08333947178272932,-0.07707050260060133,0.06268588491968162,0.0010000000000000009,0.004433136300065588,-0.03612958324669004,0.0033118054460274417,0.011247761194029858,0.007871695423397685,1425390619480,0,0,0,0,0,0,0
1.0773814009645384,-0.05940650550650701,0.698,-0.08775515479027496,0.0003334696292877197,0.04941012954711914,1,0,0.7,-0.08333947178272932,-0.07738140096453838,0.05940650550650701,0.0020000000000000018,0.004415683007545634,-0.04036476859577639,0.00016375481178112009,0.00698461538461539,0.004335129349761235,1425390619545,0,0,0,0,0,0,0
1.0781288202501003,-0.054583203725019576,0.7,-0.08730136918475645,0.004827250003814698,0.0730537109375,1,0,0.7,-0.08333947178272932,-0.07812882025010026,0.054583203725019576,0,0.003961897402027126,-0.043151859342966656,-0.010002470500003517,-0.01093750000000001,0.001834777376159117,1425390619609,0,0,0,0,0,0,0
1.0778388139726727,-0.04965328392179971,0.699,-0.08892452538911122,-0.010781161308288574,0.07328788757324219,1,0,0.7,-0.08333947178272932,-0.07783881397267267,0.04965328392179971,0.0010000000000000009,0.005585053606381896,-0.0373578347232647,-0.011649736840797809,0.006184615384615389,0.013076543780326987,1425390619674,0,0,0,0,0,0,0
1.076930861266761,-0.04362805976912159,0.699,-0.08902924514423083,-0.02159174346923828,0.088811767578125,1,0,0.7,-0.08333947178272932,-0.07693086126676096,0.04362805976912159,0.0010000000000000009,0.0056897733615015045,-0.033576454524625134,-0.01935509673753033,0.0008000000000000008,0.006173095308207392,1425390619739,0,0,0,0,0,0,0
1.0764468032111798,-0.03832846056627011,0.699,-0.08974483013754858,-0.014300058364868164,0.07853357696533203,1,0,0.7,-0.08333947178272932,-0.0764468032111798,0.03832846056627011,0.0010000000000000009,0.006405358354819257,-0.03565642706841708,-0.016605396996755607,0.0008000000000000008,0.009658017415354497,1425390619805,0,0,0,0,0,0,0
1.0750933442157289,-0.03327366523708855,0.699,-0.09150761268206276,-0.027015678405761717,0.07369725036621094,1,0,0.7,-0.08333947178272932,-0.07509334421572889,0.03327366523708855,0.0010000000000000009,0.008168140899333431,-0.030258815978513348,-0.017236029124466437,0.0008000000000000008,0.0163040603355527,1425390619870,0,0,0,0,0,0,0
1.077467285124008,-0.03007694644369287,0.687,-0.0947888316758122,0.031078388214111328,0.05100411987304688,1,0,0.7,-0.08333947178272932,-0.07746728512400791,0.03007694644369287,0.0129999999999999,0.011449359893082878,-0.05151640129889102,-0.008190017262099643,0.075015384615384,0.02659344755654186,1425390619935,0,0,0,0,0,0,0
1.081868526240059,-0.029064104763666877,0.669,-0.09595820227464835,0.06428431701660156,0.021372884750366212,1,0,0.7,-0.08333947178272932,-0.08186852624005891,0.029064104763666877,0.030999999999999917,0.012618730491919028,-0.06463325374491946,0.003265468536652401,0.12172307692307693,0.01801582556347049,1425390620000,0,0,0,0,0,0,0
1.0869427163523278,-0.029861439767653236,0.632,-0.09576621605692892,0.07690859985351563,-0.004612554550170898,1,0,0.7,-0.08333947178272932,-0.08694271635232775,0.029861439767653236,0.06799999999999995,0.012426744274199597,-0.07079392031914994,0.01325177425945329,0.2536307692307694,0.011540654038571454,1425390620065,0,0,0,0,0,0,0
1.0908559985883746,-0.030533092561131406,0.601,-0.09553932325416975,0.05939361953735352,-0.004415813446044922,1,0,0.7,-0.08333947178272932,-0.09085599858837456,0.030533092561131406,0.09899999999999998,0.012199851471440426,-0.0661802535762537,0.012721722885269113,0.24359393939393953,0.01116852054980783,1425390620131,0,0,0,0,0,0,0
1.0936935109760302,-0.029751375551274127,0.559,-0.09587093581204859,0.04125001525878906,0.015732507705688476,1,0,0.7,-0.08333947178272932,-0.09369351097603018,0.029751375551274127,0.1409999999999999,0.012531464029319261,-0.062125668344622256,0.004716167227689196,0.33895384615384566,0.014061983527221579,0,0,0,0,0,0,0,0
1.0941203419426146,-0.028447892600731904,0.521,-0.0956265897167694,0.0045014419555664065,0.0200753288269043,1,0,0.7,-0.08333947178272932,-0.09412034194261465,0.028447892600731904,0.17899999999999994,0.012287117934040082,-0.04935849156060831,0.0015156134311460632,0.34781538461538475,0.011159366725059253,0,0,0,0,0,0,0,0
1.0908596809456674,-0.02507383537288774,0.479,-0.09564404300928936,-0.05351882934570312,0.045709667205810545,1,0,0.7,-0.08333947178272932,-0.09085968094566743,0.02507383537288774,0.22099999999999997,0.012304571226560035,-0.02787243510465639,-0.010645849845756094,0.40295384615384633,0.012385124884344435,0,0,0,0,0,0,0,0
1.0848007267321205,-0.019417134417180876,0.429,-0.09700539982584494,-0.09857201385498048,0.07578341674804688,1,0,0.7,-0.08333947178272932,-0.08480072673212047,0.019417134417180876,0.27099999999999996,0.013665928043115616,-0.009775225293115052,-0.02463401866711347,0.48603076923076916,0.01994911335029522,0,0,0,0,0,0,0,0
1.075906215771529,-0.011380067011021632,0.381,-0.09784315786680232,-0.1444666748046875,0.10706729125976562,1,0,0.7,-0.08333947178272932,-0.0759062157715289,0.011380067011021632,0.31899999999999995,0.014503686084073,0.0099404126712671,-0.03986249669908943,0.5136615384615384,0.018370261657722466,0,0,0,0,0,0,0,0
1.0640958532915592,-0.0034493433014904876,0.335,-0.09922196797587775,-0.1879290771484375,0.1010860824584961,1,0,0.7,-0.08333947178272932,-0.0640958532915592,0.0034493433014904876,0.36499999999999994,0.015882496193148424,0.030582783475271796,-0.0410220651661574,0.5359393939393938,0.022149814870763986,0,0,0,0,0,0,0,0
1.0501804011780318,0.00432138001223926,0.288,-0.10126400320071112,-0.21925157165527343,0.09531073760986328,1,0,0.7,-0.08333947178272932,-0.0501804011780318,-0.00432138001223926,0.412,0.017924531417981796,0.04983915694536242,-0.04313877030837041,0.5826769230769233,0.027349309378751203,0,0,0,0,0,0,0,0
1.0322635339162356,0.010254602485500386,0.253,-0.1026079067247468,-0.2763731689453125,0.06137389755249024,1,0,0.7,-0.08333947178272932,-0.0322635339162356,-0.010254602485500386,0.44699999999999995,0.01926843494201748,0.08034367214386173,-0.03502450175551772,0.5460615384615383,0.02547106659141294,0,0,0,0,0,0,0,0
1.014336751562859,0.015570640732879793,0.213,-0.10464994194958017,-0.2756550903320312,0.05177811813354492,1,0,0.7,-0.08333947178272932,-0.014336751562858963,-0.015570640732879793,0.487,0.02131047016685085,0.08936045227521394,-0.0332960135519069,0.6049846153846156,0.030735248127620258,0,0,0,0,0,0,0,0
0.9966507415369477,0.020661980722620186,0.196,-0.1064999909566941,-0.27181634521484377,0.048240341186523435,1,0,0.7,-0.08333947178272932,0.0033492584630523403,-0.020661980722620186,0.504,0.023160519173964778,0.0969069909095101,-0.0336135018538497,0.4947384615384616,0.03169920689910598,0,0,0,0,0,0,0,0
0.9803754807786507,0.024806873949089658,0.167,-0.10770426814057016,-0.24935469055175782,0.035870532989501956,1,0,0.7,-0.08333947178272932,0.019624519221349335,-0.024806873949089658,0.5329999999999999,0.024364796357840834,0.09612046060164356,-0.029422556567519548,0.5801878787878783,0.029838783557277457,0,0,0,0,0,0,0,0
0.965536255013356,0.027387959179040126,0.115,-0.1025730001397069,-0.22546044921875,0.01456454086303711,1,0,0.7,-0.08333947178272932,0.03446374498664395,-0.027387959179040126,0.585,0.019233528356977572,0.09713539584490836,-0.022114538991906865,0.7480000000000002,-0.004449247031622101,0,0,0,0,0,0,0,0
0.951412825913381,0.03179868663702505,0,-0.09004153611038758,-0.21751237487792968,0.044121017456054686,1,0,0.7,-0.08333947178272932,0.048587174086618945,-0.03179868663702505,0.7,0.006702064327658255,0.09919055954317685,-0.03292982735920938,1.1698484848484847,-0.05025913580561136,0,0,0,0,0,0,0,0
