0.14270379925930857,-0.048590969000901346,0.705,-0.09492845801597154,-0.0557512092590332,-0.011686366081237793,0,0,1,0,-0.14270379925930857,0.048590969000901346,0.29500000000000004,0.09492845801597154,-0.07135189962965428,0.014577290700270404,0.23600000000000004,0.09492845801597154,0,0,0,0,0,0,0,0
0.13973397628600812,-0.04886410581605903,0.707,-0.09313076888641728,-0.04395843505859375,-0.008301068305969238,0,0,1,0,-0.13973397628600812,0.04886410581605903,0.29300000000000004,0.09313076888641728,-0.05421015134530498,0.016139934862310697,0.22363076923076927,0.08483374213462838,0,0,0,0,0,0,0,0
0.13734077447778226,-0.048974440892206726,0.708,-0.08602727883080057,-0.035588550567626956,-0.004986234188079834,0,0,1,0,-0.13734077447778226,0.048974440892206726,0.29200000000000004,0.08602727883080057,-0.05576268737017052,0.015359321167354336,0.22813125000000004,0.052729669195097244,0,0,0,0,0,0,0,0
0.13502521506616602,-0.049565508383010895,0.71,-0.08004079949645986,-0.03384316635131836,-0.011817560195922852,0,0,1,0,-0.13502521506616602,0.049565508383010895,0.29000000000000004,0.08004079949645986,-0.05568699106561453,0.01805412135426769,0.2215522388059702,0.053235668148665635,0,0,0,0,0,0,0,0
0.13415647636257141,-0.05107015007839992,0.713,-0.07459537223023764,-0.011184798240661622,-0.02353927230834961,0,0,1,0,-0.13415647636257141,0.05107015007839992,0.28700000000000003,0.07459537223023764,-0.06268377295498362,0.02367904203385511,0.21319375000000002,0.049069931919821015,0,0,0,0,0,0,0,0
0.13245818960398822,-0.05313332320329687,0.715,-0.07007496946757234,-0.023097051620483398,-0.03276003646850586,0,0,1,0,-0.13245818960398822,0.05313332320329687,0.28500000000000003,0.07007496946757234,-0.057527021176461995,0.027213415109192715,0.21723076923076926,0.04921157210142481,0,0,0,0,0,0,0,0
0.1335832178706934,-0.05580048139740653,0.72,-0.06543239365726752,0.019635229110717772,-0.03872760772705078,0,0,1,0,-0.1335832178706934,0.05580048139740653,0.28,0.06543239365726752,-0.07337882992221409,0.03130206017609469,0.1970769230769231,0.0440051206866299,0,0,0,0,0,0,0,0
0.13412015337819494,-0.05923275068164135,0.723,-0.06145304296272028,0.011403118133544922,-0.050847248077392576,0,0,1,0,-0.13412015337819494,0.05923275068164135,0.277,0.06145304296272028,-0.07056782245687176,0.03649007119613597,0.20544615384615386,0.04308680898788684,0,0,0,0,0,0,0,0
0.1333845531812688,-0.06240325804268755,0.725,-0.05625196179177708,-0.008092453956604004,-0.048145484924316403,0,0,1,0,-0.1333845531812688,0.06240325804268755,0.275,0.05625196179177708,-0.0635555112189183,0.03556393548136705,0.20955223880597018,0.032963538638300066,0,0,0,0,0,0,0,0
0.13217997846414303,-0.06594905933020119,0.73,-0.05242969072990969,-0.015049744606018066,-0.05411875152587891,0,0,1,0,-0.13217997846414303,0.06594905933020119,0.27,0.05242969072990969,-0.06018710308086088,0.03980576793067935,0.18822222222222224,0.0342283999591126,0,0,0,0,0,0,0,0
0.13133330035954252,-0.06927555293486977,0.737,-0.048153634062523515,-0.0100678129196167,-0.05049440002441406,0,0,1,0,-0.13133330035954252,0.06927555293486977,0.263,0.048153634062523515,-0.062052566122998934,0.03879103822366847,0.17327878787878787,0.028717012847131816,0,0,0,0,0,0,0,0
0.12900132459156735,-0.07250628002845633,0.747,-0.04415683007545659,-0.032606422424316404,-0.05008847808837891,0,0,1,0,-0.12900132459156735,0.07250628002845633,0.253,0.04415683007545659,-0.05270610625124453,0.039834202775620164,0.14771249999999997,0.0254218113860804,0,0,0,0,0,0,0,0
0.12722946137065597,-0.07598170148056198,0.758,-0.04057890510886822,-0.024250835418701173,-0.05325372314453125,0,0,1,0,-0.12722946137065597,0.07598170148056198,0.242,0.04057890510886822,-0.05511506431304036,0.041971986343193164,0.1343692307692307,0.02406540526307572,0,0,0,0,0,0,0,0
0.1254728180749895,-0.07854835093607108,0.767,-0.03663446099936099,-0.024766109466552735,-0.03953699493408203,0,0,1,0,-0.1254728180749895,0.07854835093607108,0.23299999999999998,0.03663446099936099,-0.05454482405535594,0.0376910351122543,0.13867272727272725,0.018705169592509955,0,0,0,0,0,0,0,0
0.12244648732485676,-0.08010823617221456,0.776,-0.03310889591033254,-0.04450751113891602,-0.02504522705078125,0,0,1,0,-0.12244648732485676,0.08010823617221456,0.22399999999999998,0.03310889591033254,-0.0463792823155119,0.03287297095566842,0.13147272727272724,0.0170836000511123,0,0,0,0,0,0,0,0
0.11856273515754115,-0.0816384501896933,0.784,-0.028797932657906346,-0.05746453857421875,-0.02486907958984375,0,0,1,0,-0.11856273515754115,0.0816384501896933,0.21599999999999997,0.028797932657906346,-0.03996872587927014,0.03322856916633032,0.13037575757575753,0.0092026451468782,0,0,0,0,0,0,0,0
0.11386389009477145,-0.08350125790186437,0.79,-0.025254914276357992,-0.06964888763427735,-0.029960004806518555,0,0,1,0,-0.11386389009477145,0.08350125790186437,0.20999999999999996,0.025254914276357992,-0.03259102273325844,0.035913310656162836,0.13518749999999996,0.008647015612850084,0,0,0,0,0,0,0,0
0.10919148461363211,-0.08518794656591686,0.797,-0.020856684561332203,-0.06942484283447266,-0.027062091827392578,0,0,1,0,-0.10919148461363211,0.08518794656591686,0.20299999999999996,0.020856684561332203,-0.03046929400488252,0.03551068649678228,0.12411874999999996,0.00023998277214882027,0,0,0,0,0,0,0,0
0.10408221915566483,-0.08693954955636084,0.803,-0.017540558982543076,-0.07607436370849609,-0.027866649627685546,0,0,1,0,-0.10408221915566483,0.08693954955636084,0.19699999999999995,0.017540558982543076,-0.026023102804276266,0.03630030787967306,0.12529230769230765,0.002235364003516335,0,0,0,0,0,0,0,0
0.09877505852881045,-0.08843292854118572,0.81,-0.014503686084072865,-0.07920226287841797,-0.02379352569580078,0,0,1,0,-0.09877505852881045,0.08843292854118572,0.18999999999999995,0.014503686084072865,-0.022368136907962254,0.03541536602533865,0.11430769230769225,0.0004873496295949697,0,0,0,0,0,0,0,0
0.09469027323170795,-0.09002749094477323,0.817,-0.010576695267085646,-0.06091844177246094,-0.024804555892944335,0,0,1,0,-0.09469027323170795,0.09002749094477323,0.18300000000000005,0.010576695267085646,-0.027627774845955754,0.036242585309428886,0.10983283582089613,-0.007006845704498915,0,0,0,0,0,0,0,0
0.09039610692907206,-0.09133762590509086,0.825,-0.005724679946541401,-0.06420104217529297,-0.020332183837890625,0,0,1,0,-0.09039610692907206,0.09133762590509086,0.17500000000000004,0.005724679946541401,-0.02301959243942045,0.03564189245833418,0.09555555555555556,-0.0173801549131931,0,0,0,0,0,0,0,0
0.08657304313449822,-0.09331886702774624,0.832,-0.0027925268031910207,-0.057174888610839844,-0.030046415328979493,0,0,1,0,-0.08657304313449822,0.09331886702774624,0.16800000000000004,0.0027925268031910207,-0.025345875433776165,0.03921875866929223,0.09837058823529414,-0.010143442946884185,0,0,0,0,0,0,0,0
0.08176057645527302,-0.09432201304110176,0.84,-0.000034906585039951726,-0.07214469909667968,-0.0152487154006958,0,0,1,0,-0.08176057645527302,0.09432201304110176,0.16000000000000003,0.000034906585039951726,-0.015932759498411903,0.03495459414714276,0.08355555555555555,-0.013096618263298472,0,0,0,0,0,0,0,0
0.07914546875195926,-0.09726464357034544,0.843,0.0028623399732707437,-0.03922507476806641,-0.04414082717895508,0,0,1,0,-0.07914546875195926,0.09726464357034544,0.15700000000000003,-0.0028623399732707437,-0.027331227025449913,0.04617250553571034,0.10944615384615386,-0.016234247165473954,0,0,0,0,0,0,0,0
0.07614415519771914,-0.09974432680228475,0.849,0.0060911990894601635,-0.04512598419189453,-0.03706623458862305,0,0,1,0,-0.07614415519771914,0.09974432680228475,0.15100000000000002,-0.0060911990894601635,-0.024740404626467476,0.04371840382219808,0.09036521739130435,-0.0201297169859359,0,0,0,0,0,0,0,0
0.07281457728244373,-0.10263487702897849,0.856,0.007644542123735065,-0.05020684432983399,-0.0430532341003418,0,0,1,0,-0.07281457728244373,0.10263487702897849,0.14400000000000002,-0.007644542123735065,-0.019239951242161255,0.04865519706629853,0.07503606557377049,-0.015283934095578846,0,0,0,0,0,0,0,0
0.06946272881428081,-0.10631289844855196,0.864,0.009878563566287869,-0.05069800567626953,-0.05478436279296875,0,0,1,0,-0.06946272881428081,0.10631289844855196,0.136,-0.009878563566287869,-0.018664898532688615,0.05304731334542094,0.0657230769230769,-0.020189431762685423,0,0,0,0,0,0,0,0
0.06604166883093089,-0.11037510450971716,0.87,0.012042771838760858,-0.05191531753540039,-0.06042319869995117,0,0,1,0,-0.06604166883093089,0.11037510450971716,0.13,-0.012042771838760858,-0.01690438611082265,0.05607609385147907,0.07218181818181817,-0.021880082168183535,0,0,0,0,0,0,0,0
0.06337139443151096,-0.11508193166724937,0.877,0.013962634015954612,-0.04090143966674804,-0.07011493682861328,0,0,1,0,-0.06337139443151096,0.11508193166724937,0.123,-0.013962634015954612,-0.019148728241910093,0.06176025361324762,0.06011874999999997,-0.022961987971550336,0,0,0,0,0,0,0,0
0.06177080483935275,-0.1201151363170564,0.886,0.015219271077390583,-0.02506062126159668,-0.07515549468994141,0,0,1,0,-0.06177080483935275,0.1201151363170564,0.11399999999999999,-0.015219271077390583,-0.02463159409264177,0.0639030912427002,0.04418507462686564,-0.020846004188297913,0,0,0,0,0,0,0,0
0.059685408068832276,-0.12599883237582513,0.89,0.018011797880581448,-0.032620460510253906,-0.0877691650390625,0,0,1,0,-0.059685408068832276,0.12599883237582513,0.10999999999999999,-0.018011797880581448,-0.020402248814721555,0.07214191954028817,0.06577777777777775,-0.031309544562442705,0,0,0,0,0,0,0,0
0.05862052493661852,-0.13166668304120913,0.894,0.018849555921538762,-0.017501895904541015,-0.08471627807617188,0,0,1,0,-0.05862052493661852,0.13166668304120913,0.10599999999999998,-0.018849555921538762,-0.02575946210729052,0.07175985364791651,0.06326153846153842,-0.022657547016799284,0,0,0,0,0,0,0,0
0.05761828152562591,-0.13783934925991229,0.896,0.019984019935335006,-0.01677615737915039,-0.09229018402099609,0,0,1,0,-0.05761828152562591,0.13783934925991229,0.10399999999999998,-0.019984019935335006,-0.025715427384630486,0.07591726760178409,0.07259393939393938,-0.02522000769131767,0,0,0,0,0,0,0,0
0.0575341208438011,-0.14348072607617668,0.901,0.01949532774477665,-0.00295310640335083,-0.08457852935791016,0,0,1,0,-0.0575341208438011,0.14348072607617668,0.09899999999999998,-0.01949532774477665,-0.030579940096940574,0.07488693412506205,0.05268484848484846,-0.017273999605875032,0,0,0,0,0,0,0,0
0.05615822471242946,-0.14858402682747263,0.906,0.023736477827122918,-0.02212678337097168,-0.07613263702392578,0,0,1,0,-0.05615822471242946,0.14858402682747263,0.09399999999999997,-0.023736477827122918,-0.02284980797267274,0.07450530190380743,0.04785624999999997,-0.04361686883812105,0,0,0,0,0,0,0,0
0.05561045456328381,-0.1533526150152383,0.911,0.02305579941884513,-0.009911920547485352,-0.07131365966796875,0,0,1,0,-0.05561045456328381,0.1533526150152383,0.08899999999999997,-0.02305579941884513,-0.02714032755431878,0.07420356470194076,0.04385624999999995,-0.019865119380043005,0,0,0,0,0,0,0,0
0.05542472132548564,-0.1577089600185795,0.917,0.023404865269243975,-0.004291709899902344,-0.06526358032226562,0,0,1,0,-0.05542472132548564,0.1577089600185795,0.08299999999999996,-0.023404865269243975,-0.02909471026631116,0.07263816902788484,0.03458181818181813,-0.02499152822560236,0,0,0,0,0,0,0,0
0.05474832061918826,-0.1617911110145213,0.923,0.023596851486963295,-0.011576233863830566,-0.060978050231933596,0,0,1,0,-0.05474832061918826,0.1617911110145213,0.07699999999999996,-0.023596851486963295,-0.026134887660594977,0.0728469620407249,0.02929230769230764,-0.024482941722590926,0,0,0,0,0,0,0,0
0.05475245662003146,-0.16431414522416252,0.928,0.027227136331111474,-0.0008309293389320374,-0.03783644104003906,0,0,1,0,-0.05475245662003146,0.16431414522416252,0.07199999999999995,-0.027227136331111474,-0.029837633220445924,0.06472099835809902,0.031864705882352885,-0.04324309887882403,0,0,0,0,0,0,0,0
0.05572975855683326,-0.166629052883323,0.936,0.029007372168145713,0.01370878791809082,-0.035109832763671876,0,0,1,0,-0.05572975855683326,0.166629052883323,0.06399999999999995,-0.029007372168145713,-0.035856575462108714,0.06560060228599839,0.006038709677419284,-0.03762141654089203,0,0,0,0,0,0,0,0
0.055081139410990215,-0.16763166193160614,0.943,0.030578168494940623,-0.010161378860473632,-0.014750627517700196,0,0,1,0,-0.055081139410990215,0.16763166193160614,0.05700000000000005,-0.030578168494940623,-0.026558476935751016,0.05834098257871487,0.00790769230769292,-0.037827997695532516,0,0,0,0,0,0,0,0
0.055310294627082195,-0.16908755176636667,0.947,0.03139847324337804,0.0027680487632751466,-0.021933229446411132,0,0,1,0,-0.055310294627082195,0.16908755176636667,0.05300000000000005,-0.03139847324337804,-0.03143548356880088,0.061328399134207845,0.020861538461538487,-0.03518449515924306,0,0,0,0,0,0,0,0
0.0534697539377512,-0.16841143881711104,0.951,0.03307398932529256,-0.027276121139526367,0.011003405570983886,0,0,1,0,-0.0534697539377512,0.16841143881711104,0.049000000000000044,-0.03307398932529256,-0.02024617614224465,0.050072779410132245,0.019481690140845092,-0.04015363474183278,0,0,0,0,0,0,0,0
0.053090521728740084,-0.16789412289474565,0.953,0.03396410724380957,-0.0054287734031677245,0.007943601608276367,0,0,1,0,-0.053090521728740084,0.16789412289474565,0.04700000000000004,-0.03396410724380957,-0.026949314370030973,0.0503335960516637,0.025933333333333357,-0.03841469683639461,0,0,0,0,0,0,0,0
0.05221695823371922,-0.1668152696417334,0.957,0.036093408931242764,-0.012546366691589355,0.01661842727661133,0,0,1,0,-0.05221695823371922,0.1668152696417334,0.04300000000000004,-0.036093408931242764,-0.02398083899829293,0.0472343993347182,0.012525000000000015,-0.04607451059108586,0,0,0,0,0,0,0,0
0.0529411538552709,-0.16662674817827122,0.963,0.03851941659151488,0.010957902908325195,0.0024339849948883056,0,0,1,0,-0.0529411538552709,0.16662674817827122,0.03700000000000003,-0.03851941659151488,-0.032995609660419034,0.05218806024337632,-0.0022181818181818136,-0.049546724138206315,0,0,0,0,0,0,0,0
0.05131146302505245,-0.1664801851351856,0.967,0.039723693775390825,-0.024342567443847656,0.003138203144073486,0,0,1,0,-0.05131146302505245,0.1664801851351856,0.03300000000000003,-0.039723693775390825,-0.019987110146455555,0.0525026642857369,0.00581176470588236,-0.04503668135131411,0,0,0,0,0,0,0,0
0.04914023111704173,-0.1664426075370613,0.966,0.04016002608838949,-0.03252040100097656,0.001856619358062744,0,0,1,0,-0.04914023111704173,0.1664426075370613,0.03400000000000003,-0.04016002608838949,-0.01525816761640636,0.0531418540191414,0.032755555555555586,-0.04223779900743076,0,0,0,0,0,0,0,0
0.04671840212369574,-0.16589410006167463,0.967,0.04251622057858191,-0.03596781158447265,0.009679496765136719,0,0,1,0,-0.04671840212369574,0.16589410006167463,0.03300000000000003,-0.04251622057858191,-0.01289517507868008,0.050292588178567764,0.02093125000000002,-0.05356088225135888,0,0,0,0,0,0,0,0
0.04514367011565706,-0.16633911205651986,0.969,0.043755404347497875,-0.023883352279663084,-0.005665175437927246,0,0,1,0,-0.04514367011565706,0.16633911205651986,0.031000000000000028,-0.043755404347497875,-0.01690220357046543,0.05593008088966097,0.014030769230769246,-0.04947471405018694,0,0,0,0,0,0,0,0
0.04223321120833741,-0.16678002615702409,0.97,0.045902159327450856,-0.04390439224243164,-0.004697766304016113,0,0,1,0,-0.04223321120833741,0.16678002615702409,0.030000000000000027,-0.045902159327450856,-0.008282050092578135,0.05614869655190124,0.01861538461538463,-0.05581025923492615,0,0,0,0,0,0,0,0
0.04007143233408008,-0.16822042668999904,0.972,0.04797910113732402,-0.033383941650390624,-0.020095317840576173,0,0,1,0,-0.04007143233408008,0.16822042668999904,0.028000000000000025,-0.04797910113732402,-0.01125856111064834,0.06207201001013841,0.011630769230769243,-0.057564986413661715,0,0,0,0,0,0,0,0
0.037013343964015136,-0.169724697904887,0.974,0.04888667234836104,-0.04690072631835938,-0.020338081359863282,0,0,1,0,-0.037013343964015136,0.169724697904887,0.026000000000000023,-0.04888667234836104,-0.005177158221295712,0.06285650264188401,0.010193939393939406,-0.053011996034892934,0,0,0,0,0,0,0,0
0.03365887670965064,-0.17080012733015423,0.976,0.048764499300721534,-0.05104519271850586,-0.01365331745147705,0,0,1,0,-0.03365887670965064,0.17080012733015423,0.02400000000000002,-0.048764499300721534,-0.001676422174734099,0.061103729544063665,0.008430769230769242,-0.0482006236962315,0,0,0,0,0,0,0,0
0.030255356745623272,-0.17117823442800295,0.977,0.050335295627516444,-0.05126857376098633,-0.0031762866973876953,0,0,1,0,-0.030255356745623272,0.17117823442800295,0.02300000000000002,-0.050335295627516444,-0.0005396343584414508,0.05748892851868867,0.013252941176470601,-0.05726527942219987,0,0,0,0,0,0,0,0
0.027271132380713017,-0.1731604015511919,0.976,0.05023057587239683,-0.046202632904052736,-0.027442623138427734,0,0,1,0,-0.027271132380713017,0.1731604015511919,0.02400000000000002,-0.05023057587239683,0.0005403237864147134,0.06761615707745432,0.02493770491803281,-0.04971556068328396,0,0,0,0,0,0,0,0
0.02359260559916698,-0.17364428622865077,0.978,0.05049237526019597,-0.05547274017333984,-0.004478662967681885,0,0,1,0,-0.02359260559916698,0.17364428622865077,0.02200000000000002,-0.05049237526019597,0.005049105069121939,0.059106634094281296,0.0068307692307692375,-0.05170068012696123,0,0,0,0,0,0,0,0
0.020512889013065888,-0.17428696251524806,0.981,0.05122541354603357,-0.04662342071533203,-0.007296316146850586,0,0,1,0,-0.020512889013065888,0.17428696251524806,0.019000000000000017,-0.05122541354603357,0.0028558395443397545,0.060167940550238073,-0.0004716417910447749,-0.054507674527395966,0,0,0,0,0,0,0,0
0.015978015296569243,-0.1750283491049845,0.984,0.04895648551844097,-0.0685032958984375,-0.007623223304748536,0,0,1,0,-0.015978015296569243,0.1750283491049845,0.016000000000000014,-0.04895648551844097,0.013825069391450766,0.06119956839949019,-0.003606250000000002,-0.03832088538910067,0,0,0,0,0,0,0,0
0.009632134112730879,-0.1755598875154111,0.989,0.04848524662040252,-0.09546434783935547,-0.003305304050445557,0,0,1,0,-0.009632134112730879,0.1755598875154111,0.01100000000000001,-0.04848524662040252,0.026361787910542986,0.060280815839179165,-0.018123076923076936,-0.04631029786022503,0,0,0,0,0,0,0,0
0.005004321556640728,-0.17506589137841178,0.99,0.0476649418719651,-0.06897647857666016,0.010765625,0,0,1,0,-0.005004321556640728,0.17506589137841178,0.010000000000000009,-0.0476649418719651,0.019421302614778178,0.05472430072595109,0.0026153846153846184,-0.0438789199561001,0,0,0,0,0,0,0,0
-0.001994517113742588,-0.17548234752175468,0.991,0.04628613176288962,-0.1051609878540039,-0.0012376532554626465,0,0,1,0,0.001994517113742588,0.17548234752175468,0.009000000000000008,-0.04628613176288962,0.035689082078441584,0.05986573645053202,0.001815384615384618,-0.03992239279792587,0,0,0,0,0,0,0,0
-0.009496689348922584,-0.17600903357215486,0.991,0.04382521751757759,-0.11277760314941407,-0.0026849911212921142,0,0,1,0,0.009496689348922584,0.17600903357215486,0.009000000000000008,-0.04382521751757759,0.041544628333726887,0.06069048415680342,0.007200000000000007,-0.03263924367525019,0,0,0,0,0,0,0,0
-0.016187632186070573,-0.17594989578966677,0.992,0.04019493267342941,-0.10022891235351562,0.005283287525177002,0,0,1,0,0.016187632186070573,0.17594989578966677,0.008000000000000007,-0.04019493267342941,0.04114452874999889,0.057675643955467364,0.0010153846153846176,-0.023439771854283968,0,0,0,0,0,0,0,0
-0.02287166359200119,-0.17623907802686994,0.992,0.03974114706791096,-0.10035379791259766,-0.000305352121591568,0,0,1,0,0.02287166359200119,0.17623907802686994,0.008000000000000007,-0.03974114706791096,0.04142408018824108,0.05963150882515875,0.006400000000000006,-0.03782374310093158,0,0,0,0,0,0,0,0
-0.028385109413344337,-0.17644501293234185,0.992,0.037821284890717094,-0.08275911712646485,0.0001992102861404419,0,0,1,0,0.028385109413344337,0.17644501293234185,0.008000000000000007,-0.037821284890717094,0.04451860961924116,0.059612791801035556,0.006400000000000006,-0.02789096328454193,0,0,0,0,0,0,0,0
-0.03333865830873793,-0.1765095980630432,0.995,0.036145768808802575,-0.07428672790527344,0.0018414896726608276,0,0,1,0,0.03333865830873793,0.1765095980630432,0.0050000000000000044,-0.036145768808802575,0.04001541373175174,0.05884844994373355,-0.011909090909090918,-0.028529786618282038,0,0,0,0,0,0,0,0
-0.036714147224891594,-0.17616458913989172,0.993,0.03364994797845064,-0.050412242889404296,0.007001499652862549,0,0,1,0,0.036714147224891594,0.17616458913989172,0.007000000000000006,-0.03364994797845064,0.033358889637088274,0.05668912621609787,0.01620606060606062,-0.022305307840487294,0,0,0,0,0,0,0,0
-0.03907523347179575,-0.17569777279799983,0.995,0.03157300616857736,-0.035160663604736325,0.008189812660217285,0,0,1,0,0.03907523347179575,0.17569777279799983,0.0050000000000000044,-0.03157300616857736,0.029576311312813616,0.055938218792687934,-0.006937500000000006,-0.02183734143479637,0,0,0,0,0,0,0,0
-0.04134090158098442,-0.1754862404078077,0.997,0.029949849964222758,-0.033867919921875,0.004244235515594483,0,0,1,0,0.04134090158098442,0.1754862404078077,0.0030000000000000027,-0.029949849964222758,0.030023577897848257,0.057402706439043535,-0.008369230769230775,-0.022458359790278437,0,0,0,0,0,0,0,0
-0.04312922355368027,-0.17477598094840538,0.996,0.028588493147667173,-0.026493764877319335,0.011452393531799316,0,0,1,0,0.04312922355368027,0.17477598094840538,0.0040000000000000036,-0.028588493147667173,0.028229978427352864,0.05467747387499748,0.008503030303030311,-0.02240050761786906,0,0,0,0,0,0,0,0
-0.043441982727237864,-0.17350526743214498,0.993,0.027977627909469085,-0.004144628047943116,0.019187015533447267,0,0,1,0,0.043441982727237864,0.17350526743214498,0.007000000000000006,-0.027977627909469085,0.020641037000689172,0.051224616085451244,0.02200625000000002,-0.025114197105415546,0,0,0,0,0,0,0,0
-0.042096884352875286,-0.1730758704866057,0.992,0.0272445896236316,0.020348758697509767,0.0058740172386169435,0,0,1,0,0.042096884352875286,0.1730758704866057,0.008000000000000007,-0.0272445896236316,0.01115277258698613,0.05588213660413621,0.011703030303030312,-0.023912597415279402,0,0,0,0,0,0,0,0
-0.04209835147441308,-0.17182056165436863,0.996,0.02617993877991495,0.0004909434914588929,0.018823244094848632,0,0,1,0,0.04209835147441308,0.17182056165436863,0.0040000000000000036,-0.02617993877991495,0.018321569853410002,0.0510276439518509,-0.018675000000000018,-0.02118938794999314,0,0,0,0,0,0,0,0
-0.04040219883351287,-0.17027510935293497,1.006,0.02562143341927666,0.0260403995513916,0.02250783920288086,0,0,1,0,0.04040219883351287,0.17027510935293497,-0.006000000000000005,-0.02562143341927666,0.008358602036444614,0.049217991020307744,-0.05864615384615389,-0.023043716370176874,0,0,0,0,0,0,0,0
-0.038809141251088475,-0.16817522946787242,1.004,0.025586526834236865,0.024694961547851564,0.030875680923461914,0,0,1,0,0.038809141251088475,0.16817522946787242,-0.0040000000000000036,-0.025586526834236865,0.008272784249236642,0.045884962281516214,0.0074060606060606105,-0.02542786053860143,0,0,0,0,0,0,0,0
-0.03595222319285552,-0.16547432581517071,0.999,0.025289820861397826,0.043876232147216795,0.03940393447875976,0,0,1,0,0.03595222319285552,0.16547432581517071,0.0010000000000000009,-0.025289820861397826,-0.00006767812968238446,0.04177464879999458,0.027723076923076944,-0.023920408679063795,0,0,0,0,0,0,0,0
-0.03227290405650279,-0.16341390569753173,0.992,0.024137903555081462,0.055953670501708984,0.02950082778930664,0,0,1,0,0.03227290405650279,0.16341390569753173,0.008000000000000007,-0.024137903555081462,-0.006014173526832627,0.04488123298235191,0.043521212121212155,-0.01890191579909799,0,0,0,0,0,0,0,0
-0.028005885627864085,-0.1595786919833354,0.99,0.024644049038159938,0.06537510681152343,0.055966644287109374,0,0,1,0,0.028005885627864085,0.1595786919833354,0.010000000000000009,-0.024644049038159938,-0.011953475131370208,0.033785444552264066,0.018937500000000017,-0.027016605990090294,0,0,0,0,0,0,0,0
-0.023612848803145806,-0.156065020216052,0.989,0.024783675378319454,0.06717427825927734,0.05106530380249023,0,0,1,0,0.023612848803145806,0.156065020216052,0.01100000000000001,-0.024783675378319454,-0.01445420183194937,0.03488683923012767,0.014184615384615396,-0.02542810464059414,0,0,0,0,0,0,0,0
-0.01916636697934306,-0.15086149240777078,0.991,0.02452187599052032,0.06861098480224609,0.07637611389160157,0,0,1,0,0.01916636697934306,0.15086149240777078,0.009000000000000008,-0.02452187599052032,-0.016952765369615153,0.02432461602156617,-0.0035692307692307707,-0.02331357112375509,0,0,0,0,0,0,0,0
-0.014623888427688891,-0.14581203684324692,0.992,0.02453932928304033,0.06997383880615235,0.07404837799072266,0,0,1,0,0.014623888427688891,0.14581203684324692,0.008000000000000007,-0.02453932928304033,-0.019731404575625732,0.023734176950235327,0.0010153846153846176,-0.024619882940824987,0,0,0,0,0,0,0,0
-0.010950500428134693,-0.13983483720955206,0.99,0.02467895562319984,0.05728415679931641,0.08827899932861329,0,0,1,0,0.010950500428134693,0.13983483720955206,0.010000000000000009,-0.02467895562319984,-0.016290602142772184,0.01799990532678085,0.018447761194029865,-0.025304148191078252,0,0,0,0,0,0,0,0
-0.007550390497483757,-0.13453424276294104,0.987,0.025028021473598686,0.05294811630249024,0.07822616577148438,0,0,1,0,0.007550390497483757,0.13453424276294104,0.013000000000000012,-0.025028021473598686,-0.017390835745247923,0.01873238021920514,0.026806250000000025,-0.026664267647343268,0,0,0,0,0,0,0,0
-0.006749389891671511,-0.127072817928692,0.987,0.025097834643678388,0.014812124252319337,0.11158563995361329,0,0,1,0,0.006749389891671511,0.127072817928692,0.013000000000000012,-0.025097834643678388,-0.003573137318411794,0.004758238190009277,0.01040000000000001,-0.025425083878426992,0,0,0,0,0,0,0,0
-0.00321027895167435,-0.12064827478530078,0.99,0.026790804018112915,0.055488323211669924,0.09500557708740234,0,0,1,0,0.00321027895167435,0.12064827478530078,0.010000000000000009,-0.026790804018112915,-0.01972811450185755,0.009645623198120602,-0.007909090909090914,-0.034486119356451676,0,0,0,0,0,0,0,0
-0.0024540720223595316,-0.11364821039860892,0.991,0.02677335072559302,0.01415175724029541,0.10465943145751953,0,0,1,0,0.0024540720223595316,0.11364821039860892,0.009000000000000008,-0.02677335072559302,-0.0054721414445200595,0.003406283594576176,0.0017312500000000019,-0.026691538416906017,0,0,0,0,0,0,0,0
-0.0024001410262613,-0.10622240176815649,0.992,0.02829178717482802,0.003790525436401367,0.11132555389404297,0,0,1,0,0.0024001410262613,0.10622240176815649,0.008000000000000007,-0.02829178717482802,-0.0016437212874864068,0.0007397745075797754,0.0011761194029850774,-0.03509075635050711,0,0,0,0,0,0,0,0
-0.0039888862693453235,-0.09894086660723313,0.991,0.029688050576423618,-0.020731939315795898,0.10985345458984375,0,0,1,0,0.0039888862693453235,0.09894086660723313,0.009000000000000008,-0.029688050576423618,0.00786017725095843,-0.00120204905792725,0.012503030303030314,-0.03603470240185816,1425561058039,0,0,0,0,0,0,0
-0.005848327811562868,-0.09164133091508346,0.99,0.0303338223996615,-0.024629175186157228,0.11027271270751954,0,0,1,0,0.005848327811562868,0.09164133091508346,0.010000000000000009,-0.0303338223996615,0.010698649090816133,-0.005272950183636563,0.013555555555555567,-0.0334089263198419,1425561058039,0,0,0,0,0,0,0
-0.008333817428996259,-0.08506658373171613,0.993,0.030770154712660057,-0.034274093627929686,0.09970658111572266,0,0,1,0,0.008333817428996259,0.08506658373171613,0.007000000000000006,-0.030770154712660057,0.014999985723097855,-0.002039589825239378,-0.01055384615384616,-0.03278399615726877,1425561058039,0,0,0,0,0,0,0
-0.011678026366140574,-0.07951205586917423,0.995,0.02996730325674265,-0.047576087951660156,0.08482176208496094,0,0,1,0,0.011678026366140574,0.07951205586917423,0.0050000000000000044,-0.02996730325674265,0.0213035541687899,0.0018392233029114503,-0.006769230769230774,-0.026261834998662303,1425561058039,0,0,0,0,0,0,0
-0.015535569506721084,-0.0738783492267869,0.995,0.03071779483510014,-0.05530514144897461,0.08620140075683594,0,0,1,0,0.015535569506721084,0.0738783492267869,0.0050000000000000044,-0.03071779483510014,0.025386800442560663,0.0006777951686538844,0.0040000000000000036,-0.034078204887447124,1425561058039,0,0,0,0,0,0,0
-0.018615974519565193,-0.06933866265861088,0.995,0.030613075079980533,-0.04409286880493164,0.0694822998046875,0,0,1,0.03071779483510014,0.018615974519565193,0.06933866265861088,0.0050000000000000044,0.00010471975511960885,0.009307987259782597,0.020801598797583264,0.0040000000000000036,0.00010471975511960885,1425561058039,0,0,0,0,0,0,0
-0.02453385968653342,-0.0641864421965615,0.994,0.03248057737961448,-0.08636117553710937,0.07996414184570312,0,0,1,0.03071779483510014,0.02453385968653342,0.0641864421965615,0.006000000000000005,-0.0017627825445143408,0.04414841236650724,-0.008445071718485079,0.010184615384615393,-0.01038202392744026,1425561058428,0,0,0,0,0,0,0
-0.029299560566824232,-0.06015030346474071,0.992,0.03445279943436804,-0.0694817123413086,0.06283163070678711,0,0,1,0.03071779483510014,0.029299560566824232,0.06015030346474071,0.008000000000000007,-0.0037350045992678993,0.0403462382850658,-0.0036071447857021696,0.017169230769230784,-0.012837567928899707,1425561058493,0,0,0,0,0,0,0
-0.033843543268654144,-0.05694669419112532,0.99,0.03518583772020575,-0.06646401977539063,0.050373451232910156,0,0,1,0.03071779483510014,0.033843543268654144,0.05694669419112532,0.010000000000000009,-0.004468042885105605,0.04144636082431591,-0.00004836128776427098,0.018769230769230785,-0.007851296512048864,1425561058558,0,0,0,0,0,0,0
-0.03620318215380752,-0.053078941901055374,0.988,0.03497639820996642,-0.03333174514770508,0.059225505828857425,0,0,1,0.03071779483510014,0.03620318215380752,0.053078941901055374,0.01200000000000001,-0.004258603374866277,0.030509309023350778,-0.004127596444862051,0.020047761194029866,-0.0033208145230483868,1425561058625,0,0,0,0,0,0,0
-0.04041911417154564,-0.04860414306321649,0.986,0.033824480903650055,-0.06085309600830078,0.06929235076904297,0,0,1,0.03071779483510014,0.04041911417154564,0.04860414306321649,0.014000000000000012,-0.003106686068549913,0.043372549699180286,-0.009705809446928202,0.02213750000000002,0.0022929263048080406,1425561058689,0,0,0,0,0,0,0
-0.04243936002881697,-0.043152511500329484,0.984,0.03258529713473409,-0.027520902633666994,0.08275251007080078,0,0,1,0.03071779483510014,0.04243936002881697,0.043152511500329484,0.016000000000000014,-0.0018675022996339496,0.032232626913598086,-0.016196632823663886,0.02356923076923079,0.0038518074030551123,1425561058754,0,0,0,0,0,0,0
-0.043971593313773,-0.036964638843335965,0.984,0.03384193419617006,-0.019947328567504884,0.09351760864257813,0,0,1,0.03071779483510014,0.043971593313773,0.036964638843335965,0.016000000000000014,-0.003124139361069922,0.03039956508695531,-0.021993342727625764,0.012800000000000013,-0.008924002721543641,1425561058819,0,0,0,0,0,0,0
-0.044329976859548516,-0.02969498962551313,0.983,0.033388148590651506,-0.0016830946207046509,0.10916419219970704,0,0,1,0.03071779483510014,0.044329976859548516,0.02969498962551313,0.017000000000000015,-0.002670353755551365,0.024286841979983664,-0.029979886461873884,0.018984615384615402,-0.0005759586531580243,1425561058884,0,0,0,0,0,0,0
-0.04466024439984639,-0.022200251132130363,0.984,0.03335324200561171,-0.0011984177827835084,0.11252379608154296,0,0,1,0.03071779483510014,0.04466024439984639,0.022200251132130363,0.016000000000000014,-0.0026354471705115692,0.02430311273156752,-0.03281421616879196,0.007496969696969706,-0.0024767808748761347,1425561058950,0,0,0,0,0,0,0
-0.04394095976085302,-0.015540405249861907,0.984,0.033196162372932186,0.01411456298828125,0.09948233795166016,0,0,1,0.03071779483510014,0.04394095976085302,0.015540405249861907,0.016000000000000014,-0.002478367537832045,0.018286585982515924,-0.031478430899071715,0.012800000000000013,-0.0017420567596467748,1425561059014,0,0,0,0,0,0,0
-0.042010760899088416,-0.010511111663736892,0.983,0.03214896482173555,0.03144087028503418,0.0744368896484375,0,0,1,0.03071779483510014,0.042010760899088416,0.010511111663736892,0.017000000000000015,-0.0014311699866354083,0.010889002929288202,-0.02364016620126841,0.018984615384615402,0.0034020494804259914,1425561059079,0,0,0,0,0,0,0
-0.039122815712787265,-0.0055430760838519515,0.984,0.031503192998497666,0.045692138671875,0.073089599609375,0,0,1,0.03071779483510014,0.039122815712787265,0.0055430760838519515,0.016000000000000014,-0.0007853981633975243,0.004313364572692614,-0.024797123072948218,0.007415384615384624,0.0021950871746234785,1425561059144,0,0,0,0,0,0,0
-0.03506520052980575,-0.0020570946440889052,0.982,0.030805061297699974,0.06248104858398437,0.05034667587280273,0,0,1,0.03071779483510014,0.03506520052980575,0.0020570946440889052,0.018000000000000016,-0.00008726646259983248,-0.0036594821797521562,-0.017576864218511606,0.02500606060606063,0.0030860594501169484,1425561059210,0,0,0,0,0,0,0
-0.031201839049879866,-0.000018144187715525952,0.983,0.030717794835100152,0.05886492919921875,0.02878486251831055,0,0,1,0.03071779483510014,0.031201839049879866,0.000018144187715525952,0.017000000000000015,-1.0408340855860843e-17,-0.0045404364321623425,-0.010514888225920586,0.008296969696969705,0.00039666573909008984,1425561059276,0,0,0,0,0,0,0
-0.026262588408925588,0.0016874076396616192,0.985,0.029810223624063135,0.07483954620361329,0.02329572296142578,0,0,1,0.03071779483510014,0.026262588408925588,-0.0016874076396616192,0.015000000000000013,0.0009075712110370067,-0.013517257639169509,-0.00954225421446638,0.001062500000000001,0.005161811262773024,1425561059340,0,0,0,0,0,0,0
-0.02293175691031798,0.0024094451193398788,0.987,0.029007372168145727,0.05026308822631836,0.009336578369140624,0,0,1,0.03071779483510014,0.02293175691031798,-0.0024094451193398788,0.013000000000000012,0.001710422666954415,-0.006091487334726947,-0.004321089163073141,-0.00036923076923076753,0.00541589092503476,1425561059405,0,0,0,0,0,0,0
-0.018441073281733777,0.0027335604936043227,0.989,0.028536133270107268,0.06747292327880859,0.002906015396118164,0,0,1,0.03071779483510014,0.018441073281733777,-0.0027335604936043227,0.01100000000000001,0.0021816615649928733,-0.014570200074336799,-0.0022774430989835406,-0.00196923076923077,0.004356610325170374,1425561059470,0,0,0,0,0,0,0
-0.01357011761354797,0.002222628829528437,0.991,0.02755874888899055,0.07281591796875,-0.009745545387268066,0,0,1,0.03071779483510014,0.01357011761354797,-0.002222628829528437,0.009000000000000008,0.0031590459461095927,-0.018646942989996376,0.0023290921932385533,-0.003406060606060607,0.007601702223912862,1425561059536,0,0,0,0,0,0,0
-0.008149341515555821,0.0022606059940913237,0.991,0.02855358656262717,0.08129646301269532,-0.0016711223125457763,0,0,1,0.03071779483510014,0.008149341515555821,-0.0022606059940913237,0.009000000000000008,0.002164208272472972,-0.024267666874080374,-0.0005946731079586882,0.007200000000000007,-0.0023577811531480305,1425561059602,0,0,0,0,0,0,0
-0.003781957750204155,0.002151241454234537,0.994,0.028047441079548912,0.06543721771240234,-0.0035101122856140135,0,0,1,0.03071779483510014,0.003781957750204155,-0.002151241454234537,0.006000000000000005,0.0026703537555512295,-0.02158652835696827,0.0002362408413095958,-0.011606250000000009,0.005042910707480561,1425561059666,0,0,0,0,0,0,0
0.0002898110676154884,0.002580229839385133,0.996,0.027942721324429307,0.06123296737670898,0.004719479084014893,0,0,1,0.03071779483510014,-0.0002898110676154884,-0.002580229839385133,0.0040000000000000036,0.002775073510670835,-0.021663380195333964,-0.002802157609476194,-0.007569230769230774,0.003258395457376706,1425561059731,0,0,0,0,0,0,0
0.004043413677012456,0.0029343207888824496,0.999,0.027960174616949093,0.05643045425415039,0.003736207485198975,0,0,1,0.03071779483510014,-0.004043413677012456,-0.0029343207888824496,0.0010000000000000009,0.002757620218151048,-0.022145374535896552,-0.002536760281190516,-0.015606250000000014,0.0026758079094645476,1425561059795,0,0,0,0,0,0,0
0.007963212141328302,0.0021185229534128477,1.001,0.0272271363311115,0.05843189239501953,-0.013875944137573242,0,0,1,0.03071779483510014,-0.007963212141328302,-0.0021185229534128477,-0.0009999999999998899,0.003490658503988643,-0.02468954270135354,0.004035794485199646,-0.011569230769230093,0.006873912130931388,1425561059860,0,0,0,0,0,0,0
0.008710629055107553,0.003582331778508216,1.002,0.027838001569309587,0.011804854393005371,0.021643781661987306,0,0,1,0.03071779483510014,-0.008710629055107553,-0.003582331778508216,-0.0020000000000000018,0.0028797932657905548,-0.007699826051931128,-0.00811765749565631,-0.00660000000000056,0.0002617993877987476,1425561059930,0,0,0,0,0,0,0
0.012448749876958478,0.004099255370620888,1.003,0.02792526803190941,0.056265911102294924,0.0061901240348815915,0,0,1,0.03071779483510014,-0.012448749876958478,-0.004099255370620888,-0.0029999999999998916,0.0027925268031907327,-0.027287629855120097,-0.0039221460303014,-0.008137704918032068,0.002363347478929313,1425561059991,0,0,0,0,0,0,0
0.013927301988070103,0.005132799905705207,1.004,0.028797932657906408,0.022602508544921875,0.014877869606018066,0,0,1,0.03071779483510014,-0.013927301988070103,-0.005132799905705207,-0.0040000000000000036,0.0019198621771937333,-0.014549158877680548,-0.0068348304783535365,-0.00858461538461599,-0.0021078207120231868,1425561060056,0,0,0,0,0,0,0
0.014588152762166224,0.005773509716954318,1.005,0.02916445180082526,0.01018537998199463,0.009321234703063964,0,0,1,0.03071779483510014,-0.014588152762166224,-0.005773509716954318,-0.004999999999999893,0.0015533430342748802,-0.01048605936470977,-0.004915532305470089,-0.009384615384614707,-0.0001382837791967489,1425561060121,0,0,0,0,0,0,0
0.013421688876640896,0.006255440246650432,1.005,0.030839967882739776,-0.017278718948364257,0.007736100673675537,0,0,1,0.03071779483510014,-0.013421688876640896,-0.006255440246650432,-0.004999999999999893,-0.00012217304763963502,-0.00007216489098604145,-0.004209212138330799,-0.003999999999999915,-0.007855324194937396,1425561060186,0,0,0,0,0,0,0
0.011805964900571883,0.007412396021479004,1.006,0.03232349774693498,-0.023689212799072264,0.018093399047851563,0,0,1,0.03071779483510014,-0.011805964900571883,-0.007412396021479004,-0.006000000000000005,-0.0016057029118348373,0.0027629360047321952,-0.00792124818482115,-0.009947058823529992,-0.00815068760681367,1425561060254,0,0,0,0,0,0,0
0.009299526670080428,0.007740844637624382,1.007,0.03406882699892931,-0.0374177131652832,0.0061391968727111815,0,0,1,0.03071779483510014,-0.009299526670080428,-0.007740844637624382,-0.006999999999999895,-0.0033510321638291693,0.009618726906825376,-0.0038944546066627473,-0.01115555555555486,-0.011662123839992655,1425561060317,0,0,0,0,0,0,0
0.006052851693047994,0.007163811823379401,1.005,0.03682644721708037,-0.048966690063476564,-0.006991634368896485,0,0,1,0.03071779483510014,-0.006052851693047994,-0.007163811823379401,-0.004999999999999893,-0.006108652381980231,0.01506878751484052,0.0012544331350870137,0.006937500000000095,-0.019034997154563332,1425561060381,0,0,0,0,0,0,0
0.0009823695873916955,0.0049091552544681845,1.004,0.03762929867299778,-0.07725084686279297,-0.030996633529663087,0,0,1,0.03071779483510014,-0.0009823695873916955,-0.0049091552544681845,-0.0040000000000000036,-0.0069115038378976396,0.027150732200324657,0.010912449399926206,0.002184615384614788,-0.010616972095977985,1425561060446,0,0,0,0,0,0,0
-0.00557166591464856,0.0028508817894213694,1.005,0.0400902129183097,-0.09940243530273438,-0.027153762817382812,0,0,1,0.03071779483510014,0.00557166591464856,-0.0028508817894213694,-0.004999999999999893,-0.009372418083209558,0.038419735976256766,0.010470630883930349,-0.009384615384614707,-0.020730483830803025,1425561060511,0,0,0,0,0,0,0
-0.01111107329048241,-0.0006641026414299644,1.005,0.042376594238422306,-0.08513752746582032,-0.04935215377807617,0,0,1,0.03071779483510014,0.01111107329048241,0.0006641026414299644,-0.004999999999999893,-0.011658799403322165,0.03528145775182051,0.019082622506776743,-0.003999999999999915,-0.022051441767470377,1425561060577,0,0,0,0,0,0,0
-0.01842577574969931,-0.005325595311254565,1.003,0.04281292655142086,-0.11258422088623046,-0.06521142578125,0,0,1,0.03071779483510014,0.01842577574969931,0.005325595311254565,-0.0029999999999998916,-0.01209513171632072,0.04778664132594531,0.02619565061612235,0.008047761194029945,-0.014048858490941117,1425561060644,0,0,0,0,0,0,0
-0.026688456371498078,-0.010130987647543131,1.004,0.04469788214357482,-0.12691168975830078,-0.06671021270751953,0,0,1,0.03071779483510014,0.026688456371498078,0.010130987647543131,-0.0040000000000000036,-0.013980087308474679,0.05962744434693358,0.029989193818694873,-0.008755555555556179,-0.02295606631873162,1425561060707,0,0,0,0,0,0,0
-0.033369647676554176,-0.016494253887841474,1.008,0.04616395871525001,-0.10438272094726563,-0.09087562561035156,0,0,1,0.03071779483510014,0.033369647676554176,0.016494253887841474,-0.008000000000000007,-0.015446163880149869,0.05306159452699962,0.03947601215923359,-0.02793846153846156,-0.02221267113403536,1425561060772,0,0,0,0,0,0,0
-0.040742761187072034,-0.023103864681814065,1.008,0.04886921905584116,-0.11505413818359375,-0.09393476867675782,0,0,1,0.03071779483510014,0.040742761187072034,0.023103864681814065,-0.008000000000000007,-0.018151424220741015,0.060500369029516554,0.04280038358309912,-0.006400000000000006,-0.030637241177315536,1425561060837,0,0,0,0,0,0,0
-0.04762426639513892,-0.032733041130462937,1.007,0.049462631001519236,-0.11015509033203125,-0.13922280883789062,0,0,1,0.03071779483510014,0.04762426639513892,0.032733041130462937,-0.006999999999999895,-0.018744836166419095,0.061324955778124676,0.061969612673454695,-0.00021538461538392947,-0.021483660531087155,1425561060902,0,0,0,0,0,0,0
-0.055970108208187944,-0.04040529746061403,1.009,0.04954989746411906,-0.13072454833984376,-0.10875350952148438,0,0,1,0.03071779483510014,0.055970108208187944,0.04040529746061403,-0.008999999999999897,-0.018832102629018917,0.07143821628919758,0.05193890816868599,-0.01749411764705875,-0.019217101728724015,1425561060970,0,0,0,0,0,0,0
-0.06181496517577831,-0.04766044608856315,1.01,0.05106833391335405,-0.0929554214477539,-0.10435125732421875,0,0,1,0.03071779483510014,0.06181496517577831,0.04766044608856315,-0.010000000000000009,-0.02035053907825391,0.06443759160868043,0.0556119317831974,-0.01364516129032322,-0.027697812219713562,1425561061032,0,0,0,0,0,0,0
-0.0667215537426303,-0.05651193898209924,1.01,0.05061454830783548,-0.0802803955078125,-0.12884236145019531,0,0,1,0.03071779483510014,0.0667215537426303,0.05651193898209924,-0.010000000000000009,-0.01989675347273534,0.06035918688417492,0.0650095130329094,-0.008000000000000007,-0.017802358370341935,1425561061097,0,0,0,0,0,0,0
-0.07161703289466823,-0.06303115007459067,1.011,0.05056218843027579,-0.07828553771972656,-0.09394778442382813,0,0,1,0.03071779483510014,0.07161703289466823,0.06303115007459067,-0.010999999999999899,-0.019844393595175647,0.06239497570996547,0.05391656608369126,-0.014103030303029637,-0.019606394151722495,1425561061163,0,0,0,0,0,0,0
-0.07480838516461595,-0.0696492591492677,1.012,0.05103342732831425,-0.05282635879516601,-0.09672537231445312,0,0,1,0.03071779483510014,0.07480838516461595,0.0696492591492677,-0.01200000000000001,-0.02031563249321411,0.05553036264661106,0.05756778435875652,-0.015068750000000622,-0.0225245648277694,1425561061227,0,0,0,0,0,0,0
-0.07660729643816797,-0.07501048244901931,1.015,0.050806534525555024,-0.03105078125,-0.07893717956542969,0,0,1,0.03071779483510014,0.07660729643816797,0.07501048244901931,-0.014999999999999902,-0.020088739690454882,0.04828830566197083,0.05062890616450535,-0.027441176470587594,-0.019087742031223,1425561061295,0,0,0,0,0,0,0
0,0,1.015,0,-0.020494421005249022,-0.07276766967773438,0,0,1,0.050806534525555024,0,0,-0.014999999999999902,0.050806534525555024,0,0,-0.011999999999999922,0.050806534525555024,1425561061295,0,0,0,0,0,0,0
0.00004810773531595866,-0.004327306111653646,1.014,0.003228859116189531,0.0007216160297393799,-0.06490959167480469,0,0,1,0.050806534525555024,-0.00004810773531595866,0.004327306111653646,-0.014000000000000012,0.04757767540936549,-0.0002831267893872505,0.024601883645219067,-0.005815384615385219,0.03267524871925997,1425561061295,0,0,0,0,0,0,0
-0.0000679583116916646,-0.006283703541665709,1.018,0.010018189906447428,-0.0018357354402542114,-0.029340187072753907,0,0,1,0.050806534525555024,0.0000679583116916646,0.006283703541665709,-0.018000000000000016,0.040788344619107596,0.0006589630810692171,0.012426455918839324,-0.03593846153846157,0.009452971740994229,1425561061295,0,0,0,0,0,0,0
0.0017566496077979757,-0.010380482812868212,1.016,0.016929693744344942,0.02675212097167969,-0.0617227897644043,0,0,1,0.050806534525555024,-0.0017566496077979757,0.010380482812868212,-0.016000000000000014,0.03387684078121008,-0.010270870714248441,0.024214464624343103,-0.0025058823529411807,0.0033849120846034045,1425561061295,0,0,0,0,0,0,0
0.0011160949785133107,-0.014395224617794165,1.018,0.023492131731843724,-0.010626419067382813,-0.06004983901977539,0,0,1,0.050806534525555024,-0.0011160949785133107,0.014395224617794165,-0.018000000000000016,0.0273144027937113,0.0030561131105727294,0.027005313336996486,-0.025690322580645183,-0.004439329403863448,1425561061618,0,0,0,0,0,0,0
-0.00010193038786422539,-0.01765482625248867,1.019,0.030333822399661425,-0.019413858413696288,-0.04845136260986328,0,0,1,0.050806534525555024,0.00010193038786422539,0.01765482625248867,-0.018999999999999906,0.020472712125893598,0.0066077559775871595,0.022882505546554653,-0.020584615384614716,-0.011104321725572713,1425561061683,0,0,0,0,0,0,0
-0.0013782466355762493,-0.01970329857807096,1.019,0.03412118687648924,-0.02006786346435547,-0.03013230514526367,0,0,1,0.050806534525555024,0.0013782466355762493,0.01970329857807096,-0.018999999999999906,0.016685347649065783,0.007560683938172768,0.016988388877700843,-0.015199999999999925,-0.0007947960901395143,1425561061748,0,0,0,0,0,0,0
-0.0024223897685498983,-0.02133196314139882,1.017,0.0369311669722,-0.01648644828796387,-0.02388144111633301,0,0,1,0.050806534525555024,0.0024223897685498983,0.02133196314139882,-0.016999999999999904,0.013875367553355021,0.006834167132494823,0.015230350687524942,-0.002830769230769147,0.0009062286500745795,1425561061813,0,0,0,0,0,0,0
-0.0028630631148567004,-0.023260173140479408,1.019,0.03909537524467299,-0.007673515796661377,-0.028659364700317384,0,0,1,0.050806534525555024,0.0028630631148567004,0.023260173140479408,-0.018999999999999906,0.011711159280882032,0.0037361378237785042,0.01712740454034741,-0.025647761194029783,0.0020206744787641708,1425561061880,0,0,0,0,0,0,0
-0.003404985928732059,-0.025944370452582334,1.017,0.041329396687225683,-0.009696325302124024,-0.03991447448730469,0,0,1,0.050806534525555024,0.003404985928732059,0.025944370452582334,-0.016999999999999904,0.00947713783832934,0.004670893866697695,0.02255573338046356,-0.002662499999999915,-0.000994837673636402,1425561061944,0,0,0,0,0,0,0
-0.004383043304512235,-0.02862611570058484,1.018,0.042952552891580516,-0.016320383071899414,-0.039585662841796876,0,0,1,0.050806534525555024,0.004383043304512235,0.02862611570058484,-0.018000000000000016,0.007853981633974508,0.007465593937017338,0.023139826599520318,-0.019784615384616,0.000362491460029128,1425561062009,0,0,0,0,0,0,0
-0.006794268327245184,-0.02934884759208452,1.016,0.045500733599492145,-0.036600521087646484,-0.00927793312072754,0,0,1,0.050806534525555024,0.006794268327245184,0.02934884759208452,-0.016000000000000014,0.0053058009260628786,0.016392679283311447,0.012827189459812934,-0.0020307692307692353,-0.006455033110452332,1425561062074,0,0,0,0,0,0,0
-0.00833893251506052,-0.030439092271049878,1.011,0.046862090416047726,-0.023889829635620117,-0.01528285789489746,0,0,1,0.050806534525555024,0.00833893251506052,0.030439092271049878,-0.010999999999999899,0.003944444109507297,0.01250433487995138,0.015152963282909288,0.018123076923077627,-0.0023387411976723083,1425561062139,0,0,0,0,0,0,0
-0.011669815026616726,-0.030878213273830495,1.008,0.0481187274774837,-0.05021694564819336,-0.004239058971405029,0,0,1,0.050806534525555024,0.011669815026616726,0.030878213273830495,-0.008000000000000007,0.002687807048071325,0.023795460181793772,0.011798719858299786,0.009753846153845561,-0.003112056312402393,1425561062204,0,0,0,0,0,0,0
-0.01462870939738429,-0.029777453630153244,1.005,0.05138249317871302,-0.043537841796875,0.018627132415771484,0,0,1,0.050806534525555024,0.01462870939738429,0.029777453630153244,-0.004999999999999893,-0.0005759586531579944,0.02328140296250086,0.003196182290667698,0.01215384615384685,-0.015639492658831775,1425561062269,0,0,0,0,0,0,0
-0.018374606232031458,-0.02910777126369741,1.001,0.05452408583230284,-0.05559837341308594,0.012917810440063477,0,0,1,0.050806534525555024,0.018374606232031458,0.02910777126369741,-0.0009999999999998899,-0.003717551306747814,0.029404000448611592,0.0053353829709368895,0.020738461538461643,-0.018217209707931597,1425561062334,0,0,0,0,0,0,0
-0.023031305429035937,-0.02906029820173575,0.999,0.05969026041820602,-0.06970787811279297,0.004517684936523438,0,0,1,0.050806534525555024,0.023031305429035937,0.02906029820173575,0.0010000000000000009,-0.008883725892650997,0.03486175422091334,0.008710099924505051,0.010799999999999452,-0.03102447411795035,1425561062404,0,0,0,0,0,0,0
-0.027332393912650747,-0.029019287767511292,0.993,0.06339035843243401,-0.06436473083496094,0.004462770938873291,0,0,1,0.050806534525555024,0.027332393912650747,0.029019287767511292,0.007000000000000006,-0.01258382390687899,0.03842385178331594,0.008717558099443839,0.04002622950819676,-0.03078102725554125,1425561062465,0,0,0,0,0,0,0
-0.030920210403893405,-0.028445240133070964,0.988,0.06679375047382297,-0.0531636848449707,0.012002630233764649,0,0,1,0.050806534525555024,0.030920210403893405,0.028445240133070964,0.01200000000000001,-0.015987215948267942,0.034878493496290935,0.005708113261429122,0.03652307692307695,-0.03169517921621695,1425561062530,0,0,0,0,0,0,0
-0.035401839660711885,-0.02745660644538876,0.985,0.06902777191637577,-0.06608475494384766,0.01928327178955078,0,0,1,0.050806534525555024,0.035401839660711885,0.02745660644538876,0.015000000000000013,-0.018221237390820745,0.04195515728896483,0.0031969835087807767,0.028153846153846175,-0.028532105587218297,1425561062595,0,0,0,0,0,0,0
-0.03862003469951869,-0.025753749211053566,0.981,0.07236135078768492,-0.04639619827270508,0.028811555862426758,0,0,1,0.050806534525555024,0.03862003469951869,0.025753749211053566,0.019000000000000017,-0.0215548162621299,0.03678625050316775,-0.0011429528218948326,0.03673846153846157,-0.036940564898941375,1425561062660,0,0,0,0,0,0,0
-0.04086742216890763,-0.024349990501583128,0.979,0.0737052543117206,-0.03210025405883789,0.02343850898742676,0,0,1,0.050806534525555024,0.04086742216890763,0.024349990501583128,0.02100000000000002,-0.022898719786165582,0.03234866668937872,0.00028839743541164004,0.027247761194029874,-0.028916198251997,1425561062727,0,0,0,0,0,0,0
-0.0432609322373431,-0.021772705391122065,0.978,0.07857472292478475,-0.0329583625793457,0.04119813537597656,0,0,1,0.050806534525555024,0.0432609322373431,0.021772705391122065,0.02200000000000002,-0.027768188399229725,0.03512987047356543,-0.007456254021709504,0.023155555555555575,-0.05095613417572564,1425561062790,0,0,0,0,0,0,0
-0.041429296954873504,-0.018550061002660614,0.978,0.08250171374177198,0.031184127807617187,0.046033935546875,0,0,1,0.050806534525555024,0.041429296954873504,0.018550061002660614,0.02200000000000002,-0.03169517921621696,0.011081052196386366,-0.011445439738177604,0.017600000000000015,-0.049819752217696495,1425561062855,0,0,0,0,0,0,0
-0.041113072839343984,-0.015109329109944536,0.983,0.0848230016469245,0.008980393409729004,0.05104454040527344,0,0,1,0.050806534525555024,0.041113072839343984,0.015109329109944536,0.017000000000000015,-0.03401646712136947,0.019161220396991224,-0.013088808076124763,-0.012519402985074634,-0.04441029356235088,1425561062922,0,0,0,0,0,0,0
-0.04103077262631588,-0.01165860114748844,0.984,0.08740608893987614,0.0056153182983398435,0.051470233917236326,0,0,1,0.050806534525555024,0.04103077262631588,0.01165860114748844,0.016000000000000014,-0.03659955441432112,0.020340613292942938,-0.015313419874782581,0.007244444444444453,-0.048899970095043245,1425561062985,0,0,0,0,0,0,0
-0.03982132593022776,-0.007398787406899939,0.987,0.08965756367494873,0.023650341033935547,0.0620696029663086,0,0,1,0.050806534525555024,0.03982132593022776,0.007398787406899939,0.013000000000000012,-0.03885102914939371,0.013901788510165271,-0.019668454253220474,-0.005271641791044779,-0.048932259306435154,1425561063052,0,0,0,0,0,0,0
-0.038765409110509144,-0.0025781232247794866,0.988,0.09307840900885758,0.02224958801269531,0.07060136413574218,0,0,1,0.050806534525555024,0.038765409110509144,0.0025781232247794866,0.01200000000000001,-0.04227187448330256,0.013942099983119044,-0.025223252408606137,0.004131250000000005,-0.058307086986000296,1425561063116,0,0,0,0,0,0,0
-0.037249821218024434,0.0032182082580265153,0.991,0.0953822436214902,0.0307164306640625,0.08445564270019532,0,0,1,0.050806534525555024,0.037249821218024434,-0.0032182082580265153,0.009000000000000008,-0.044575709095935175,0.010822205645894614,-0.03181225211949213,-0.008953846153846158,-0.05520879192347032,1425561063181,0,0,0,0,0,0,0
-0.03548849388985336,0.010538482420223642,0.995,0.09632472141756712,0.03675730895996094,0.10678883361816406,0,0,1,0.050806534525555024,0.03548849388985336,-0.010538482420223642,0.0050000000000000044,-0.0455181868920121,0.008641397156833982,-0.042221029578445854,-0.01753846153846155,-0.049868084412367134,1425561063246,0,0,0,0,0,0,0
-0.03397749354527833,0.01667501027070082,0.998,0.0962374549549673,0.03141272354125976,0.08944139099121094,0,0,1,0.050806534525555024,0.03397749354527833,-0.01667501027070082,0.0020000000000000018,-0.045430920429412276,0.009255896882406498,-0.03769880808869601,-0.014553846153846164,-0.04502815214049002,1425561063311,0,0,0,0,0,0,0
-0.03344636966801985,0.02393810460658926,0.997,0.09583602922700865,0.018398542404174805,0.10767676544189453,0,0,1,0.050806534525555024,0.03344636966801985,-0.02393810460658926,0.0030000000000000027,-0.04502949470145363,0.01437437199599082,-0.0447924702232854,0.007623880597014932,-0.04323206606880296,1425561063378,0,0,0,0,0,0,0
-0.0317607277759436,0.03077840262575446,1,0.09826203688728076,0.03498676300048828,0.09971417236328126,0,0,1,0.050806534525555024,0.0317607277759436,-0.03077840262575446,0,-0.047455502361725736,0.0071080515354591655,-0.046330600023488495,-0.016406250000000015,-0.05882741326925125,1425561063442,0,0,0,0,0,0,0
-0.03048853708431963,0.036349287320495305,0.998,0.09880308895539903,0.027188697814941407,0.08128807067871094,0,0,1,0.050806534525555024,0.03048853708431963,-0.036349287320495305,0.0020000000000000018,-0.04799655442984401,0.0087525301058546,-0.04108302485785019,0.01253750000000001,-0.050532735999148426,1425561063506,0,0,0,0,0,0,0
-0.029369290100890916,0.04053051057820529,0.998,0.0977558914042025,0.02289351463317871,0.060756389617919924,0,0,1,0.050806534525555024,0.029369290100890916,-0.04053051057820529,0.0020000000000000018,-0.04694935687864748,0.00914257497136977,-0.03441224007265184,0.0016000000000000016,-0.04211613741158656,1425561063571,0,0,0,0,0,0,0
-0.02846482120693897,0.04654254539907791,0.997,0.09723229262860413,0.022303903579711914,0.08842582702636718,0,0,1,0.050806534525555024,0.02846482120693897,-0.04654254539907791,0.0030000000000000027,-0.0464257581030491,0.009865340063053216,-0.0461043192827603,0.0077846153846153916,-0.04400914836951813,1425561063636,0,0,0,0,0,0,0
-0.027620651142398037,0.05128547951307282,0.999,0.0962898148325272,0.019509342193603514,0.06957870483398437,0,0,1,0.050806534525555024,0.027620651142398037,-0.05128547951307282,0.0010000000000000009,-0.04548328030697218,0.009922134367591644,-0.039965587089936645,-0.009647761194029858,-0.04126323047379192,1425561063703,0,0,0,0,0,0,0
-0.028408023112215474,0.05476716226419915,0.998,0.0954695100840899,-0.006734878063201904,0.05311880111694336,0,0,1,0.050806534525555024,0.028408023112215474,-0.05476716226419915,0.0020000000000000018,-0.04466297555853487,0.019049785567967506,-0.035309073953327524,0.0070687500000000065,-0.040817797050235,1425561063767,0,0,0,0,0,0,0
-0.027819714391203027,0.057806164801548265,0.997,0.09363691436949585,0.0131298189163208,0.044536251068115235,0,0,1,0.050806534525555024,0.027819714391203027,-0.057806164801548265,0.0030000000000000027,-0.04283037984394083,0.011299957371809437,-0.0335817559929264,0.0077846153846153916,-0.03437224577658371,1425561063832,0,0,0,0,0,0,0
-0.028655189503819827,0.06068466813329782,1.002,0.0919090384100214,-0.008440119743347168,0.04416015625,0,0,1,0.050806534525555024,0.028655189503819827,-0.06068466813329782,-0.0020000000000000018,-0.04110250388446638,0.019402849136222033,-0.033620525535047976,-0.028523076923076943,-0.03312769176381508,1425561063897,0,0,0,0,0,0,0
-0.03000541158739683,0.06294785774675002,1.005,0.09136798634190313,-0.017052125930786134,0.035663406372070314,0,0,1,0.050806534525555024,0.03000541158739683,-0.06294785774675002,-0.004999999999999893,-0.040561451816348106,0.022869178154558807,-0.031027170812710163,-0.02015384615384548,-0.03806428842503299,1425561063962,0,0,0,0,0,0,0
-0.03133783678722453,0.06542342435369927,1.005,0.09009389598794727,-0.016514917373657227,0.03880218505859375,0,0,1,0.050806534525555024,0.03133783678722453,-0.06542342435369927,-0.004999999999999893,-0.03928736146239225,0.02335153833408357,-0.03275461937779373,-0.003999999999999915,-0.03349604167168381,1425561064028,0,0,0,0,0,0,0
-0.03277979719710208,0.06619983781105657,1.004,0.08899433855919094,-0.020493850708007813,0.013545010566711426,0,0,1,0.050806534525555024,0.03277979719710208,-0.06619983781105657,-0.0040000000000000036,-0.03818780403363591,0.024913327389538824,-0.024147917672300907,0.0022687499999993945,-0.03303362858634058,1425561064092,0,0,0,0,0,0,0
-0.035673912836372355,0.06677579136014844,1.001,0.0880518607631139,-0.04247210311889649,0.012463415145874023,0,0,1,0.050806534525555024,0.035673912836372355,-0.06677579136014844,-0.0009999999999998899,-0.03724532623755888,0.0340815518570705,-0.023219385247753792,0.015353846153846853,-0.032895428717203336,1425561064157,0,0,0,0,0,0,0
-0.03765689308178617,0.06594667641718094,1.005,0.08614945187844016,-0.030723133087158204,-0.009772850036621093,0,0,1,0.050806534525555024,0.03765689308178617,-0.06594667641718094,-0.004999999999999893,-0.03534291735288513,0.03003000026488059,-0.015516065562783045,-0.025212121212121144,-0.026695604240731745,1425561064223,0,0,0,0,0,0,0
-0.0405075210057164,0.06477902531926526,1.006,0.08494517469456399,-0.04410786437988281,-0.013770666122436524,0,0,1,0.050806534525555024,0.0405075210057164,-0.06477902531926526,-0.006000000000000005,-0.034138640169008964,0.03655480616754284,-0.013218458535138193,-0.010268750000000618,-0.02858043778188819,1425561064287,0,0,0,0,0,0,0
0,0,1.005,0,0.010621904373168945,-0.019354568481445313,0,0,1,0.08494517469456399,0,0,-0.004999999999999893,0.08494517469456399,0,0,-0.003999999999999915,0.08494517469456399,1425561064287,0,0,0,0,0,0,0
-0.0013622411092122397,-0.0018919581095377604,1.003,-0.002111848394913074,-0.020433616638183594,-0.028379371643066406,0,0,1,0.08494517469456399,0.0013622411092122397,0.0018919581095377604,-0.0029999999999998916,0.08705702308947706,0.008017150445546859,0.01075628394929739,0.008369230769230865,0.09680401568138355,1425561064287,0,0,0,0,0,0,0
-0.0017668607776934783,-0.0015432580139898675,1.002,0.004206243497306361,-0.00608032751083374,0.005217672348022461,0,0,1,0.08494517469456399,0.0017668607776934783,0.0015432580139898675,-0.0020000000000000018,0.08073893119725763,0.0030641855968952816,-0.0014124056044267854,0.0037846153846147895,0.051578507079321774,1425561064287,0,0,0,0,0,0,0
-0.003403118883076252,-0.0007245092935559456,1.001,0.011239920382843492,-0.02449199676513672,0.01238435935974121,0,0,1,0.08494517469456399,0.003403118883076252,0.0007245092935559456,-0.0009999999999998899,0.0737052543117205,0.010127824197487029,-0.003994069480896138,0.004347058823530075,0.04267432687552727,1425561064287,0,0,0,0,0,0,0
-0.004232615773059097,0.0007355349345342273,0.999,0.014800392056911969,-0.012195510864257813,0.02203912925720215,0,0,1,0.08494517469456399,0.004232615773059097,-0.0007355349345342273,0.0010000000000000009,0.07014478263765202,0.006805923879149951,-0.008460576113793323,0.012090322580644543,0.05291669389215939,1425561064613,0,0,0,0,0,0,0
-0.004136391871716422,0.00430313702314561,0.998,0.01991420676525535,0.0022352001667022706,0.053486808776855466,0,0,1,0.08494517469456399,0.004136391871716422,-0.00430313702314561,0.0020000000000000018,0.06503096792930864,0.0015597281498836214,-0.020501633713391056,0.00698461538461539,0.041428746198493044,1425561064678,0,0,0,0,0,0,0
-0.005314279031899248,0.010259230990257173,0.996,0.023788837704682708,-0.015885758399963378,0.08967552185058594,0,0,1,0.08494517469456399,0.005314279031899248,-0.010259230990257173,0.0040000000000000036,0.06115633698988128,0.009012724034944622,-0.03515624051866916,0.01396923076923078,0.04327342496175501,1425561064743,0,0,0,0,0,0,0
-0.0060089589511240155,0.018661844619304382,0.991,0.02700024352835229,-0.0074192070960998535,0.12625140380859376,0,0,1,0.08494517469456399,0.0060089589511240155,-0.018661844619304382,0.009000000000000008,0.0579449311662117,0.006597239170356938,-0.048867186074296576,0.03293529411764708,0.043776964297081215,1425561064811,0,0,0,0,0,0,0
-0.008019287075306919,0.028015000109801257,0.984,0.03164281933865726,-0.0263563289642334,0.14106028747558594,0,0,1,0.08494517469456399,0.008019287075306919,-0.028015000109801257,0.016000000000000014,0.05330235535590673,0.015025959097527297,-0.05959238479007477,0.05108125000000004,0.03154028124510218,1425561064875,0,0,0,0,0,0,0
-0.009432198686498004,0.03631014694342825,0.977,0.035185837720205726,-0.01724649429321289,0.12503543090820313,0,0,1,0.08494517469456399,0.009432198686498004,-0.03631014694342825,0.02300000000000002,0.04975933697435826,0.012593884210231667,-0.05703788421978794,0.05728888888888893,0.032887820871746506,1425561064938,0,0,0,0,0,0,0
-0.010956956419731281,0.04750498186064113,0.969,0.038187804033635975,-0.016949934005737306,0.1686231689453125,0,0,1,0.08494517469456399,0.010956956419731281,-0.04750498186064113,0.031000000000000028,0.04675737066092801,0.013599822181139611,-0.07371008771067598,0.06722424242424248,0.033112069236245066,1425561065004,0,0,0,0,0,0,0
-0.011634856032886888,0.0574652736968185,0.964,0.04153883619746512,-0.004457042217254638,0.1496836700439453,0,0,1,0.08494517469456399,0.011634856032886888,-0.0574652736968185,0.03600000000000003,0.043406338497098865,0.009510726866245423,-0.07100131954237018,0.05572307692307697,0.027940036202502794,1425561065069,0,0,0,0,0,0,0
-0.012807163524425067,0.06764149300780872,0.959,0.04356341812977854,-0.011230642318725587,0.15324185180664063,0,0,1,0.08494517469456399,0.012807163524425067,-0.06764149300780872,0.041000000000000036,0.041381756564785446,0.01276740153651924,-0.07526083870896072,0.059723076923076976,0.032037532261800436,1425561065134,0,0,0,0,0,0,0
-0.01352912542721733,0.0770355465345946,0.957,0.046949356878647486,-0.004682539463043213,0.14124873352050782,0,0,1,0.08494517469456399,0.01352912542721733,-0.0770355465345946,0.04300000000000004,0.0379958178159165,0.010653472604401774,-0.07315182168936542,0.04500606060606065,0.022605187139239487,1425561065200,0,0,0,0,0,0,0
-0.016225895161639615,0.08494630868420529,0.956,0.04801400772236403,-0.034837940216064456,0.12042915344238281,0,0,1,0.08494517469456399,0.016225895161639615,-0.08494630868420529,0.04400000000000004,0.03693116697219996,0.02248503233621517,-0.06771517577659661,0.04050303030303034,0.03209184495530659,1425561065266,0,0,0,0,0,0,0
-0.01848633886530787,0.09281915102304608,0.959,0.04998622977711764,-0.028199657440185547,0.1195839080810547,0,0,1,0.08494517469456399,0.01848633886530787,-0.09281915102304608,0.041000000000000036,0.03495894491744635,0.02188386953553282,-0.07192250613750271,0.01613333333333335,0.02556741132338152,1425561065329,0,0,0,0,0,0,0
-0.022844073660125187,0.09962313067401386,0.962,0.0504574686751561,-0.06018492126464844,0.10519825744628906,0,0,1,0.08494517469456399,0.022844073660125187,-0.09962313067401386,0.038000000000000034,0.034487706019407885,0.03428430812794203,-0.06583561181795965,0.014728358208955239,0.03237768110281776,1425561065396,0,0,0,0,0,0,0
-0.02547406880184173,0.10509295898038447,0.963,0.0504574686751561,-0.03526156997680664,0.08393270111083985,0,0,1,0.08494517469456399,0.02547406880184173,-0.10509295898038447,0.03700000000000003,0.034487706019407885,0.027013089903489114,-0.06145461510172098,0.02421538461538464,0.034487706019407885,0,0,0,0,0,0,0,0
-0.029367323691781227,0.11040925707023877,0.966,0.050248029164916774,-0.0543025016784668,0.08258838653564453,0,0,1,0.08494517469456399,0.029367323691781227,-0.11040925707023877,0.03400000000000003,0.034697145529647214,0.0361082378134276,-0.06274074998240506,0.010793750000000012,0.03567889323389407,0,0,0,0,0,0,0,0
-0.03282993951079833,0.11285673015020349,0.97,0.049567350756638984,-0.05002974700927734,0.03927450561523437,0,0,1,0.08494517469456399,0.03282993951079833,-0.11285673015020349,0.030000000000000027,0.035377823937925004,0.03550549946511622,-0.047858333440856965,0.002125000000000002,0.03856850397672715,0,0,0,0,0,0,0,0
-0.035806770479817444,0.11552617091680023,0.976,0.048293260402683114,-0.042613677978515625,0.042204830169677736,0,0,1,0.08494517469456399,0.035806770479817444,-0.11552617091680023,0.02400000000000002,0.036651914291880874,0.03386759199360011,-0.04950691981499096,-0.012618181818181824,0.042443234082589376,0,0,0,0,0,0,0,0
-0.039653207222369743,0.11591392577918261,0.976,0.04722860955896657,-0.05734850311279297,0.008594813346862793,0,0,1,0.08494517469456399,0.039653207222369743,-0.11591392577918261,0.02400000000000002,0.037716565135597416,0.04074194257376036,-0.03763037584549877,0.01920000000000002,0.04263033826044299,0,0,0,0,0,0,0,0
-0.04263697415498208,0.11486512606101303,0.979,0.044854961776254254,-0.04544932174682617,-0.013601451873779298,0,0,1,0.08494517469456399,0.04263697415498208,-0.11486512606101303,0.02100000000000002,0.040090212918309734,0.037137652538141684,-0.029825980269164394,0.0011283582089552276,0.05071848657224549,0,0,0,0,0,0,0,0
-0.04496985655880106,0.11335065721020471,0.987,0.04227187448330272,-0.035976669311523435,-0.02112508964538574,0,0,1,0.08494517469456399,0.04496985655880106,-0.11335065721020471,0.013000000000000012,0.04267330021126127,0.035706040363389244,-0.026508139188041145,-0.034044444444444474,0.05497371589198287,0,0,0,0,0,0,0,0
-0.04666110069607546,0.11215726527892289,0.991,0.0413817565647856,-0.02610247802734375,-0.016812826156616213,0,0,1,0.08494517469456399,0.04666110069607546,-0.11215726527892289,0.009000000000000008,0.04356341812977839,0.032728233549192874,-0.028210783115855936,-0.014338461538461548,0.04767165467678048,0,0,0,0,0,0,0,0
-0.0483711361322267,0.11017601386131884,0.992,0.03935717463247218,-0.026858036041259765,-0.02863216781616211,0,0,1,0.08494517469456399,0.0483711361322267,-0.11017601386131884,0.008000000000000007,0.04558800006209181,0.033715876422783564,-0.023445701788618704,0.0010153846153846176,0.05493222436507682,0,0,0,0,0,0,0,0
-0.04865199347472953,0.10785832323861531,0.994,0.036721727461960674,-0.005577510833740235,-0.03457267379760742,0,0,1,0.08494517469456399,0.04865199347472953,-0.10785832323861531,0.006000000000000005,0.048223447232603314,0.026148184033955343,-0.02138359746857495,-0.005647761194029853,0.060023956951311554,0,0,0,0,0,0,0,0
-0.04909945056403332,0.10674095748452074,0.993,0.033719761148530536,-0.007322667121887207,-0.016502771377563476,0,0,1,0.08494517469456399,0.04909945056403332,-0.10674095748452074,0.007000000000000006,0.05122541354603345,0.027421552728787248,-0.02701538609663858,0.011155555555555564,0.06552049122903411,0,0,0,0,0,0,0,0
-0.04897332245477752,0.10436215654439353,0.995,0.03237585762449485,0.0006878851652145386,-0.03572551345825195,0,0,1,0.08494517469456399,0.04897332245477752,-0.10436215654439353,0.0050000000000000044,0.052569317070069135,0.024246549899170085,-0.020152683906941388,-0.0064477611940298545,0.05858679553590055,0,0,0,0,0,0,0,0
-0.047405985728637134,0.10181112921298884,1,0.028955012290585946,0.022259071350097658,-0.03900638198852539,0,0,1,0.08494517469456399,0.047405985728637134,-0.10181112921298884,0,0.05599016240397804,0.015444199233453018,-0.017705714730856165,-0.027777777777777797,0.07227990208925855,0,0,0,0,0,0,0,0
-0.04592948805979763,0.09993995233148383,1.001,0.026441738167714113,0.021325595855712892,-0.028697078704833984,0,0,1,0.08494517469456399,0.04592948805979763,-0.09993995233148383,-0.0009999999999998899,0.058503436526849875,0.015613778237278716,-0.02145978839335204,-0.00610303030302963,0.06992740981263093,1425561066306,0,0,0,0,0,0,0
-0.04469632719777662,0.09970924768988945,0.999,0.023282692221604395,0.018399454116821288,-0.00394840669631958,0,0,1,0.08494517469456399,0.04469632719777662,-0.09970924768988945,0.0010000000000000009,0.06166248247295959,0.016317119842619868,-0.030155859103875155,0.011406060606060026,0.07602178222800376,1425561066306,0,0,0,0,0,0,0
-0.04332004907005997,0.09976910415968661,0.999,0.020036379812894856,0.02065947914123535,0.00041699522733688356,0,0,1,0.08494517469456399,0.04332004907005997,-0.09976910415968661,0.0010000000000000009,0.06490879488166913,0.014785899850452713,-0.03178440373608134,0.0008000000000000008,0.07989177522955931,1425561066306,0,0,0,0,0,0,0
-0.042594782935077076,0.10174508167712566,0.999,0.018360863730980337,0.011470640182495117,0.02941575241088867,0,0,1,0.08494517469456399,0.042594782935077076,-0.10174508167712566,0.0010000000000000009,0.06658431096358365,0.017894956648364747,-0.04292613682394271,0.0008000000000000008,0.07443829259755796,0,0,0,0,0,0,0,0
-0.04110269825608166,0.1041635130655825,1.002,0.015830136315588605,0.023043527603149414,0.035859439849853514,0,0,1,0.08494517469456399,0.04110269825608166,-0.1041635130655825,-0.0020000000000000018,0.06911503837897538,0.013107628120753594,-0.04593556833639898,-0.017753846153846165,0.08079531875770644,0,0,0,0,0,0,0,0
-0.04045276912218112,0.10731610640233735,1.001,0.013508848410436092,0.0104962739944458,0.04712865447998047,0,0,1,0.08494517469456399,0.04045276912218112,-0.10731610640233735,-0.0009999999999998899,0.0714363262841279,0.017343641558089727,-0.050904281528191674,0.004584615384616075,0.0821499627694472,0,0,0,0,0,0,0,0
-0.04023268764952428,0.11157393741051727,0.998,0.011397000015523018,0.004163670539855957,0.06381704330444336,0,0,1,0.08494517469456399,0.04023268764952428,-0.11157393741051727,0.0020000000000000018,0.07354817467904097,0.01957431639850728,-0.05820543365917437,0.01775384615384557,0.08329516727094746,0,0,0,0,0,0,0,0
-0.03999759017508376,0.11523970425830232,1.001,0.00893608577021099,0.004152900695800781,0.05494274139404297,0,0,1,0.08494517469456399,0.03999759017508376,-0.11523970425830232,-0.0009999999999998899,0.076009088924353,0.019440498995104128,-0.055605120272949816,-0.01647164179104412,0.08702810793321283,0,0,0,0,0,0,0,0
-0.03991325933951082,0.11966808062952447,0.995,0.007103490055616947,0.0018584893941879272,0.06641168975830078,0,0,1,0.08494517469456399,0.03991325933951082,-0.11966808062952447,0.0050000000000000044,0.07784168463894704,0.02019081494139248,-0.06207837572671558,0.03681249999999942,0.08643197705110661,0,0,0,0,0,0,0,0
-0.03943219061371736,0.1250683239741296,0.994,0.004537856055185309,0.007791252613067627,0.08095034790039063,0,0,1,0.08494517469456399,0.03943219061371736,-0.1250683239741296,0.006000000000000005,0.08040731863937868,0.017846725697469375,-0.06864029325458676,0.010184615384615393,0.09224870633367854,0,0,0,0,0,0,0,0
-0.038168125670598366,0.12773198471066574,0.988,0.0024260076602721243,0.019142087936401368,0.03986845779418945,0,0,1,0.08494517469456399,0.038168125670598366,-0.12773198471066574,0.01200000000000001,0.08251916703429187,0.01302336902968905,-0.05478697245293047,0.04190769230769234,0.09226615962619887,0,0,0,0,0,0,0,0
-0.03717155743354357,0.1310690799251622,0.986,0.0017453292519943337,0.015069916725158691,0.050020015716552735,0,0,1,0.08494517469456399,0.03717155743354357,-0.1310690799251622,0.014000000000000012,0.08319984544256966,0.013989613302300682,-0.059499481569786274,0.02196923076923079,0.08634143809615946,0,0,0,0,0,0,0,0
-0.035552015743437866,0.1347747449954524,0.986,0.00024434609527912605,0.02439010238647461,0.055542491912841795,0,0,1,0.08494517469456399,0.035552015743437866,-0.1347747449954524,0.014000000000000012,0.08470082859928486,0.009848478827976176,-0.06268339159093275,0.01120000000000001,0.09162844316873966,0,0,0,0,0,0,0,0
-0.03396682868381363,0.13820054696242182,0.985,-0.0025656340004316363,0.023790361404418946,0.05138121795654297,0,0,1,0.08494517469456399,0.03396682868381363,-0.13820054696242182,0.015000000000000013,0.08751080869499563,0.009262950208631812,-0.06229400736482198,0.0173846153846154,0.10047994759827607,0,0,0,0,0,0,0,0
-0.03236930351859202,0.14170835051274125,0.983,-0.003490658503988551,0.023827802658081054,0.052678359985351565,0,0,1,0.08494517469456399,0.03236930351859202,-0.14170835051274125,0.017000000000000015,0.08843583319855254,0.008418791720091474,-0.06388000584502035,0.02436923076923079,0.09270517706112291,0,0,0,0,0,0,0,0
-0.031084309126426443,0.1433008453690161,0.984,-0.004310963252425968,0.019191415786743164,0.023954559326171875,0,0,1,0.08494517469456399,0.031084309126426443,-0.1433008453690161,0.016000000000000014,0.08925613794698996,0.00968652232057917,-0.053884595885581865,0.007576119402985084,0.0929291442832769,0,0,0,0,0,0,0,0
0,0,0.988,0,0.06076143646240234,0.030072116851806642,0,0,1,-0.004310963252425968,0,0,0.01200000000000001,-0.004310963252425968,0,0,0.00960000000000001,-0.004310963252425968,1425561067347,0,0,0,0,0,0,0
0.004418592834472657,-0.0003450810114542643,0.987,-0.003106686068550024,0.06627889251708985,-0.005176215171813965,0,0,1,-0.004310963252425968,-0.004418592834472657,0.0003450810114542643,0.013000000000000012,-0.0012042771838759441,-0.0260045914574315,0.001961877129308994,0.015784615384615397,0.013134273901739551,1425561067347,0,0,0,0,0,0,0
0.0065974347712426705,0.00018715399123967353,0.987,-0.011990411961201097,0.032657669067382815,0.008085021018981934,0,0,1,-0.004310963252425968,-0.0065974347712426705,-0.00018715399123967353,0.013000000000000012,0.007679448708775129,-0.01486040859411738,-0.0028785037639680417,0.01040000000000001,0.048060020948098185,1425561067347,0,0,0,0,0,0,0
0.011442704200623955,0.0000869373277913492,0.985,-0.020158552860534584,0.07269184112548828,-0.0006317111253738403,0,0,1,-0.004310963252425968,-0.011442704200623955,-0.0000869373277913492,0.015000000000000013,0.015847589608108614,-0.03143074128773111,0.0005054142071845332,0.022606060606060623,0.05297550278689718,1425561067347,0,0,0,0,0,0,0
0.0164897335466812,0.0004383664341002236,0.985,-0.027366762671271135,0.07558380126953125,0.006796374320983887,0,0,1,-0.004310963252425968,-0.0164897335466812,-0.0004383664341002236,0.015000000000000013,0.02305579941884517,-0.035871140516124875,-0.0020536250074876627,0.01200000000000001,0.05684428290667277,1425561067347,0,0,0,0,0,0,0
0.019864720863592374,0.0022584427140839632,0.983,-0.03363249468593077,0.049858802795410155,0.028676185607910156,0,0,1,-0.004310963252425968,-0.019864720863592374,-0.0022584427140839632,0.017000000000000015,0.0293215314335048,-0.02814361313641294,-0.010479648692494264,0.02436923076923079,0.05824029457808771,1425561067673,0,0,0,0,0,0,0
0.022902240879437343,0.004147738410174656,0.983,-0.039758600360430885,0.04458408737182617,0.029855510711669923,0,0,1,-0.004310963252425968,-0.022902240879437343,-0.004147738410174656,0.017000000000000015,0.035447637108004915,-0.027860127979781345,-0.01142185336417168,0.013600000000000013,0.06372197099031314,1425561067738,0,0,0,0,0,0,0
0.025363756576988424,0.007526836510582861,0.985,-0.045465827014452335,0.03487886428833008,0.0521140251159668,0,0,1,-0.004310963252425968,-0.025363756576988424,-0.007526836510582861,0.015000000000000013,0.041154863762026365,-0.02580524123499986,-0.020186879458510394,0.001393939393939397,0.0670968030984875,1425561067804,0,0,0,0,0,0,0
0.026143870159522725,0.012795665321021457,0.986,-0.05113814708343389,0.00809757423400879,0.07948260498046875,0,0,1,-0.004310963252425968,-0.026143870159522725,-0.012795665321021457,0.014000000000000012,0.04682718383100792,-0.01735941080463417,-0.03222700233231623,0.0058153846153846216,0.07300712261092276,1425561067869,0,0,0,0,0,0,0
0.027848400107161383,0.019093117134829217,0.987,-0.05695009349257496,0.020706029891967775,0.09564521789550781,0,0,1,-0.004310963252425968,-0.027848400107161383,-0.019093117134829217,0.013000000000000012,0.05263913024014899,-0.023350535307409374,-0.040197030406593594,0.004931250000000005,0.07988262903299777,1425561067933,0,0,0,0,0,0,0
0.028753109281730294,0.02507416833569678,0.991,-0.06223844112611787,0.008442076683044433,0.09034275054931641,0,0,1,-0.004310963252425968,-0.028753109281730294,-0.02507416833569678,0.009000000000000008,0.0579274778736919,-0.019371442204564486,-0.03977411468187468,-0.014338461538461548,0.08233523618235149,1425561067998,0,0,0,0,0,0,0
0.02926500715188676,0.033018114597366255,0.999,-0.06602580560294558,0.00025210568308830264,0.11940606689453125,0,0,1,-0.004310963252425968,-0.02926500715188676,-0.033018114597366255,0.0010000000000000009,0.061714842350519605,-0.01753127560130135,-0.05274819527764334,-0.04227692307692311,0.07919498608972439,1425561068063,0,0,0,0,0,0,0
0.029892948839711494,0.04084453343500984,1.001,-0.07117452689632886,0.001653048276901245,0.1177619400024414,0,0,1,-0.004310963252425968,-0.029892948839711494,-0.04084453343500984,-0.0009999999999998899,0.06686356364390289,-0.01838919397302441,-0.05323266902127299,-0.01124776119402919,0.08991753958442505,1425561068130,0,0,0,0,0,0,0
0.02919136736001721,0.048841394978583086,1.003,-0.07562511648891435,-0.019027463912963866,0.11890083312988281,0,0,1,-0.004310963252425968,-0.02919136736001721,-0.048841394978583086,-0.0029999999999998916,0.07131415323648838,-0.01121950624144082,-0.055344940975216736,-0.012544927536231806,0.09066454276946874,1425561068199,0,0,0,0,0,0,0
0.029722645552720434,0.055072291265728046,1.005,-0.07948229413582186,0.0008849468231201172,0.09379840087890624,0,0,1,-0.004310963252425968,-0.029722645552720434,-0.055072291265728046,-0.004999999999999893,0.07517133088339589,-0.0181608483520233,-0.05303035780605027,-0.015666666666666593,0.09445721911793348,1425561068259,0,0,0,0,0,0,0
0.027992618378018003,0.06050588129790881,1.008,-0.08217010118389301,-0.03233977508544922,0.07918611145019532,0,0,1,-0.004310963252425968,-0.027992618378018003,-0.06050588129790881,-0.008000000000000007,0.07785913793146704,-0.004899376235143584,-0.0476106611111759,-0.02255384615384677,0.09026440123025693,1425561068324,0,0,0,0,0,0,0
0.0265528837159183,0.06553475842718177,1.012,-0.08562585310284188,-0.02771453094482422,0.07340608978271485,0,0,1,-0.004310963252425968,-0.0265528837159183,-0.06553475842718177,-0.01200000000000001,0.0813148898504159,-0.005759881807908388,-0.04698269851958573,-0.031138461538461566,0.09726451409171838,1425561068389,0,0,0,0,0,0,0
0.02274640940048266,0.06861318777297509,1.014,-0.08864527270879208,-0.060836997985839844,0.04112424850463867,0,0,1,-0.004310963252425968,-0.02274640940048266,-0.06861318777297509,-0.014000000000000012,0.08433430945636611,0.008872552932431086,-0.0374484147535627,-0.02196923076923079,0.09827009225305935,1425561068454,0,0,0,0,0,0,0
0.02091541237754977,0.06958058183346802,1.014,-0.09288642279113835,-0.02864175605773926,0.012022483825683593,0,0,1,-0.004310963252425968,-0.02091541237754977,-0.06958058183346802,-0.014000000000000012,0.08857545953871238,-0.0011574522211422779,-0.026262645008005306,-0.01120000000000001,0.10756568378802403,1425561068521,0,0,0,0,0,0,0
0.016121171303995097,0.06920459359656093,1.012,-0.09543460349905009,-0.07108049774169922,-0.012285708427429199,0,0,1,-0.004310963252425968,-0.016121171303995097,-0.06920459359656093,-0.01200000000000001,0.09112364024662412,0.01829927478728163,-0.01905107283024984,0.0015111111111111106,0.10325783409382287,1425561068584,0,0,0,0,0,0,0
0.012676797289340801,0.06710612940448019,1.013,-0.09770353152664256,-0.048431076049804685,-0.03625693511962891,0,0,1,-0.004310963252425968,-0.012676797289340801,-0.06710612940448019,-0.0129999999999999,0.09339256827421659,0.011644042252220384,-0.009426427955977056,-0.01570303030302964,0.10370587749054601,1425561068650,0,0,0,0,0,0,0
0.007838886870944927,0.06426851110521056,1.013,-0.10056587149991335,-0.06807049560546875,-0.049440216064453125,0,0,1,-0.004310963252425968,-0.007838886870944927,-0.06426851110521056,-0.0129999999999999,0.09625490824748738,0.022249683399741486,-0.004226268439600963,-0.010399999999999921,0.1096721268721942,1425561068714,0,0,0,0,0,0,0
0.0039078873323612085,0.06183162548288624,1.012,-0.10306169233026528,-0.05499725341796875,-0.042288475036621094,0,0,1,-0.004310963252425968,-0.0039078873323612085,-0.06183162548288624,-0.01200000000000001,0.09875072907783931,0.018601491037099144,-0.006131358399648377,-0.004296969696970292,0.11009536921580265,1425561068780,0,0,0,0,0,0,0
0.00018932501373187486,0.05926741791047348,1.01,-0.10414379646650161,-0.05152540588378906,-0.04399747085571289,0,0,1,-0.004310963252425968,-0.00018932501373187486,-0.05926741791047348,-0.010000000000000009,0.09983283321407564,0.01933408622699513,-0.004726020464185561,0.0026060606060606065,0.10475148837878623,1425561068846,0,0,0,0,0,0,0
-0.005290864742353653,0.05270033688447942,1.007,-0.10583676584093625,-0.0715171890258789,-0.10651795196533204,0,0,1,-0.004310963252425968,0.005290864742353653,-0.05270033688447942,-0.006999999999999895,0.10152580258851028,0.03232770632766775,0.019526029529146942,0.010806250000000704,0.10946159653117266,0,0,0,0,0,0,0,0
-0.010404502649070169,0.04816364182397044,1.005,-0.10677924363701317,-0.0690865707397461,-0.07577266693115234,0,0,1,-0.004310963252425968,0.010404502649070169,-0.04816364182397044,-0.004999999999999893,0.1024682803845872,0.03245647382301334,0.009370365337334336,0.006769230769230862,0.10681817790494223,0,0,0,0,0,0,0,0
-0.015449433451901676,0.043601541797706665,1.005,-0.10691886997717258,-0.06794977569580078,-0.0761068115234375,0,0,1,-0.004310963252425968,0.015449433451901676,-0.043601541797706665,-0.004999999999999893,0.10260790672474661,0.034619020027561245,0.010847450312493854,-0.003999999999999915,0.10325233598702079,0,0,0,0,0,0,0,0
-0.018971286752109497,0.0393835849960113,1.009,-0.10915289141972538,-0.04577432632446289,-0.06854559326171875,0,0,1,-0.004310963252425968,0.018971286752109497,-0.0393835849960113,-0.008999999999999897,0.10484192816729941,0.028191091461464944,0.010234159121232841,-0.028738461538461473,0.11515279636369696,0,0,0,0,0,0,0,0
-0.0244493022311192,0.03438310348803847,1.008,-0.11028735543352174,-0.0735102081298828,-0.08351215362548828,0,0,1,-0.004310963252425968,0.0244493022311192,-0.03438310348803847,-0.008000000000000007,0.10597639218109577,0.04103249236344235,0.015517240605793218,-0.0010969696969702885,0.11113304678926102,0,0,0,0,0,0,0,0
-0.02907902385438033,0.030314963129943112,1.008,-0.1123293906583551,-0.06230757522583008,-0.06829484558105468,0,0,1,-0.004310963252425968,0.02907902385438033,-0.030314963129943112,-0.008000000000000007,0.10801842740592912,0.03963467179189151,0.012448218753630051,-0.006400000000000006,0.11759046752233548,0,0,0,0,0,0,0,0
-0.034191557001619424,0.02765137416629292,1.014,-0.11316714869931241,-0.07172612762451172,-0.04829824447631836,0,0,1,-0.004310963252425968,0.034191557001619424,-0.02765137416629292,-0.014000000000000012,0.10885618544688644,0.04442339738933254,0.005324081578145611,-0.04350769230769234,0.11272276102053558,0,0,0,0,0,0,0,0
-0.03980278123670364,0.025954584538857094,1.017,-0.1131846019918323,-0.08075580596923829,-0.03479381561279297,0,0,1,-0.004310963252425968,0.03980278123670364,-0.025954584538857094,-0.016999999999999904,0.10887363873940634,0.04903901813847984,0.00033715319475094603,-0.029271641791044134,0.10895178781039096,0,0,0,0,0,0,0,0
-0.04536717632871094,0.024944017776847332,1.02,-0.11522663721666579,-0.08121981811523438,-0.024488409042358397,0,0,1,-0.004310963252425968,0.04536717632871094,-0.024944017776847332,-0.020000000000000018,0.11091567396423982,0.052500466360441686,-0.002798203466280555,-0.03215384615384678,0.12034045192500974,0,0,0,0,0,0,0,0
-0.0493134368309054,0.02580172881656699,1.022,-0.11608184855014288,-0.060280567169189454,0.0059747185707092285,0,0,1,-0.004310963252425968,0.0493134368309054,-0.02580172881656699,-0.02200000000000002,0.11177088529771691,0.04579261793879446,-0.013132245295854867,-0.028369230769230792,0.11571801452914962,0,0,0,0,0,0,0,0
-0.05210331772325406,0.027712435064219984,1.023,-0.11672762037338086,-0.04488608551025391,0.02362079429626465,0,0,1,-0.004310963252425968,0.05210331772325406,-0.027712435064219984,-0.02299999999999991,0.11241665712095489,0.04122897062652705,-0.019553923860415243,-0.023868749999999325,0.11544371254238292,0,0,0,0,0,0,0,0
-0.053722774888477265,0.029460817611698817,1.025,-0.11615166172022268,-0.02718087387084961,0.023218177795410157,0,0,1,-0.004310963252425968,0.053722774888477265,-0.029460817611698817,-0.02499999999999991,0.1118406984677967,0.035536611849370965,-0.019062780927601747,-0.03076923076923071,0.10918242776091279,0,0,0,0,0,0,0,0
-0.054063202862179055,0.03115604754721582,1.031,-0.1156106096521044,-0.008018932342529296,0.024665325164794923,0,0,1,-0.004310963252425968,0.054063202862179055,-0.03115604754721582,-0.030999999999999917,0.11129964639967843,0.028854886656043875,-0.019305394967060387,-0.05710769230769226,0.10880248300836332,0,0,0,0,0,0,0,0
-0.05229063493891241,0.0331357190017125,1.035,-0.11365584088987075,0.022985605239868163,0.032563915252685545,0,0,1,-0.004310963252425968,0.05229063493891241,-0.0331357190017125,-0.03499999999999992,0.10934487763744478,0.016624921392675417,-0.021452442799881826,-0.04953846153846149,0.10032286796559718,0,0,0,0,0,0,0,0
-0.05015999601055303,0.0365467595071612,1.038,-0.11217231102567554,0.025950626373291017,0.0544600715637207,0,0,1,-0.004310963252425968,0.05015999601055303,-0.0365467595071612,-0.038000000000000034,0.10786134777324957,0.014007602278618888,-0.029659340222064956,-0.04607164179104539,0.10121867673953966,0,0,0,0,0,0,0,0
-0.04832623818344065,0.040033374818805124,1.039,-0.10896090520200602,0.02147926712036133,0.05504953002929688,0,0,1,-0.004310963252425968,0.04832623818344065,-0.040033374818805124,-0.038999999999999924,0.10464994194958005,0.014063828768261854,-0.032281762594337,-0.03675555555555488,0.08935753326543946,0,0,0,0,0,0,0,0
-0.04518178352781489,0.04301509747423552,1.038,-0.10711085619489208,0.04202337265014648,0.04958977508544922,0,0,1,-0.004310963252425968,0.04518178352781489,-0.04301509747423552,-0.038000000000000034,0.10279989294246611,0.005776834168791767,-0.02988958382272265,-0.025015384615385237,0.09426120521732484,0,0,0,0,0,0,0,0
-0.042771591873626336,0.04766376926393979,1.035,-0.10442304914682082,0.028491111755371095,0.07319542694091796,0,0,1,-0.004310963252425968,0.042771591873626336,-0.04766376926393979,-0.03499999999999992,0.10011208589439485,0.008553263730307976,-0.04029104676343787,-0.011846153846153173,0.08770682259560444,0,0,0,0,0,0,0,0
-0.040832547875807125,0.05191917839024898,1.03,-0.09923942126839763,0.022273891448974608,0.06651513671875,0,0,1,-0.004310963252425968,0.040832547875807125,-0.05191917839024898,-0.030000000000000027,0.09492845801597166,0.010459720282524442,-0.0388008948812698,0.0021194029850740495,0.07171818393347976,1425561070083,0,0,0,0,0,0,0
-0.03980097610050847,0.055260057691448185,1.027,-0.09651670763528647,0.010432398796081543,0.05139969253540039,0,0,1,-0.004310963252425968,0.03980097610050847,-0.055260057691448185,-0.026999999999999913,0.0922057443828605,0.014544522094698333,-0.03559867862522249,-0.005446153846153167,0.07963937376850129,1425561070083,0,0,0,0,0,0,0
-0.03804788509055473,0.05757821947110451,1.023,-0.094492125702973,0.022823066711425782,0.037144691467285156,0,0,1,-0.004310963252425968,0.03804788509055473,-0.05757821947110451,-0.02299999999999991,0.09018116245054703,0.009659728027103012,-0.031019074368696102,0.0034750000000000926,0.08069093464282762,1425561070083,0,0,0,0,0,0,0
-0.03645650691288781,0.05747978505459035,1.02,-0.0916297857297023,0.02390349578857422,0.0007823060750961304,0,0,1,-0.004310963252425968,0.03645650691288781,-0.05747978505459035,-0.020000000000000018,0.08731882247727633,0.009905992710240978,-0.01781942719799404,0.0001538461538455535,0.07410802260064238,1425561070083,0,0,0,0,0,0,0
-0.03427938812355116,0.05939340576985269,1.016,-0.09023352232810682,0.029893293380737304,0.03157204246520996,0,0,1,-0.004310963252425968,0.03427938812355116,-0.05939340576985269,-0.016000000000000014,0.08592255907568085,0.005685727008862149,-0.029266262143581207,0.008738461538461542,0.07947826645293245,1425561070083,0,0,0,0,0,0,0
-0.03246569409066472,0.06118388578320477,1.008,-0.08819148710327356,0.024674598693847655,0.029199447631835938,0,0,1,-0.004310963252425968,0.03246569409066472,-0.06118388578320477,-0.008000000000000007,0.08388052385084759,0.0067568852283097156,-0.029180110355367595,0.03667692307692311,0.0744557458900787,1425561070407,0,0,0,0,0,0,0
-0.02981350931477425,0.06283567393318037,0.988,-0.08723155601467651,0.03744588851928711,0.028184486389160157,0,0,1,-0.004310963252425968,0.02981350931477425,-0.06283567393318037,0.01200000000000001,0.08292059276225054,0.0013621160935982195,-0.028705444543190267,0.1140776119402986,0.07862239385808467,1425561070474,0,0,0,0,0,0,0
-0.025474261185095964,0.0676986186108942,0.964,-0.0862367183410399,0.05848627090454102,0.07833740997314453,0,0,1,-0.004310963252425968,0.025474261185095964,-0.0676986186108942,0.03600000000000003,0.08192575508861392,-0.011043696649989956,-0.048594593329824895,0.16213333333333346,0.07718843283320147,1425561070537,0,0,0,0,0,0,0
-0.020251566444836378,0.07087734624879326,0.925,-0.08424704299376623,0.07394255065917969,0.054251178741455075,0,0,1,-0.004310963252425968,0.020251566444836378,-0.07087734624879326,0.07499999999999996,0.07993607974134026,-0.017230852403571462,-0.03943552033794512,0.2668181818181814,0.07089210089009633,1425561070603,0,0,0,0,0,0,0
-0.015998600854433984,0.0732479220481209,0.892,-0.08272860654453122,0.06057605743408203,0.04080066299438476,0,0,1,-0.004310963252425968,0.015998600854433984,-0.0732479220481209,0.10799999999999998,0.07841764329210525,-0.014909393195665355,-0.036300769161568616,0.26686875000000015,0.07129997243631615,0,0,0,0,0,0,0,0
-0.011943091933643901,0.07486945485129111,0.854,-0.08190830179609393,0.05861466979980469,0.029266666412353516,0,0,1,-0.004310963252425968,0.011943091933643901,-0.07486945485129111,0.14600000000000002,0.07759733854366796,-0.014856234574288009,-0.03234399888260105,0.3153074626865673,0.07392433220738158,0,0,0,0,0,0,0,0
-0.0061916313632049995,0.07318926051370958,0.805,-0.08208283472129335,0.08804469299316406,-0.018059932708740234,0,0,1,-0.004310963252425968,0.0061916313632049995,-0.07318926051370958,0.19499999999999995,0.07777187146886738,-0.026587265382570037,-0.014641149038660223,0.41197014925373093,0.07855336217871554,0,0,0,0,0,0,0,0
-0.0005172073982034747,0.07036644886991571,0.76,-0.08032005217677912,0.08830144500732422,-0.03522086334228516,0,0,1,-0.004310963252425968,0.0005172073982034747,-0.07036644886991571,0.24,0.07600908892435315,-0.03141225193017712,-0.006679840321710873,0.44603225806451635,0.06747949596702624,0,0,0,0,0,0,0,0
0.0050394602110432575,0.06576402322976214,0.709,-0.07866198938738439,0.08862034606933594,-0.06212633514404297,0,0,1,-0.004310963252425968,-0.0050394602110432575,-0.06576402322976214,0.29100000000000004,0.07435102613495842,-0.032081340767776224,0.003505205642338003,0.5074153846153848,0.06669842864544427,0,0,0,0,0,0,0,0
0.017616488419269362,0.05967180011414322,0.66,-0.07649778111491151,0.19525303649902342,-0.07627605438232422,0,0,1,-0.004310963252425968,-0.017616488419269362,-0.05967180011414322,0.33999999999999997,0.07218681786248554,-0.0722580122497537,0.011411988147681153,0.5205507246376807,0.06277721667782085,0,0,0,0,0,0,0,0
0.029619860545519204,0.056331034253019184,0.611,-0.07436847942747843,0.18335369873046875,-0.03620489501953125,0,0,1,-0.004310963252425968,-0.029619860545519204,-0.056331034253019184,0.389,0.07005751617505246,-0.08116723962961124,0.00003595867276152964,0.5834222222222225,0.05991798433013302,0,0,0,0,0,0,0,0
0.04239143901866673,0.05103727519635358,0.56,-0.07400196028455958,0.1969440460205078,-0.06495298767089844,0,0,1,-0.004310963252425968,-0.04239143901866673,-0.05103727519635358,0.43999999999999995,0.0696909970321336,-0.08966522053249196,0.01153595828027424,0.6266153846153842,0.06799937021866198,0,0,0,0,0,0,0,0
0.05833587842414139,0.04319859237590425,0.509,-0.07379252077432025,0.2472052459716797,-0.09957579040527344,0,0,1,-0.004310963252425968,-0.05833587842414139,-0.04319859237590425,0.491,0.06948155752189428,-0.11748437282560732,0.028903729445628724,0.6761333333333336,0.06848422652075462,0,0,0,0,0,0,0,0
0.07543360999028795,0.034476280650501734,0.459,-0.07148868616168773,0.26541387939453126,-0.11157051849365235,0,0,1,-0.004310963252425968,-0.07543360999028795,-0.034476280650501734,0.5409999999999999,0.06717772290926176,-0.12817259448032348,0.03420411411892109,0.6979515151515148,0.056705747397295767,0,0,0,0,0,0,0,0
0.08824244738796455,0.024644412881014034,0.408,-0.07236135078768485,0.20217584228515625,-0.13337771606445312,0,0,1,-0.004310963252425968,-0.08824244738796455,-0.024644412881014034,0.5920000000000001,0.06805038753525888,-0.11293524507217734,0.04382379864019627,0.7482153846153855,0.07207807042447638,0,0,0,0,0,0,0,0
0.10309426070827618,0.011962905949983359,0.358,-0.07098254067860937,0.23594696044921876,-0.173618408203125,0,0,1,-0.004310963252425968,-0.10309426070827618,-0.011962905949983359,0.642,0.0666715774261834,-0.1279037497147701,0.059951751637382686,0.7709529411764703,0.06058859165085041,0,0,0,0,0,0,0,0
0.11909183502090973,-0.00026459394900449525,0.308,-0.0666715774261834,0.25236749267578124,-0.16593170166015625,0,0,1,-0.004310963252425968,-0.11909183502090973,0.00026459394900449525,0.692,0.062360614173757434,-0.14567757452846328,0.06418809551960813,0.8228307692307688,0.04246386070102219,0,0,0,0,0,0,0,0
0.1374816548427528,-0.014755213304238452,0.266,-0.06499606134426889,0.28971539306640626,-0.19849882507324218,0,0,1,-0.004310963252425968,-0.1374816548427528,0.014755213304238452,0.734,0.060685098091842915,-0.17263043729932825,0.08450592894391977,0.8242967741935486,0.052577762211611374,0,0,0,0,0,0,0,0
0.15890046035289426,-0.031185076054741245,0.234,-0.06257005368399676,0.3366105651855469,-0.22506019592285156,0,0,1,-0.004310963252425968,-0.15890046035289426,0.031185076054741245,0.766,0.05825909043157079,-0.19496165602934548,0.0961217663450169,0.7851076923076925,0.04706213199954561,0,0,0,0,0,0,0,0
0.1897167359778232,-0.06491397738975688,0.199,-0.06040584541152377,0.4929752197265625,-0.47603970336914064,0,0,1,-0.004310963252425968,-0.1897167359778232,0.06491397738975688,0.8009999999999999,0.0560948821590978,-0.26109487187674346,0.1994313001320479,0.829261538461538,0.04610622859383785,0,0,0,0,0,0,0,0
0.1855959897627188,-0.07693779158011597,0.19,-0.057526052145733086,-0.05081045150756836,-0.18375975036621095,0,0,1,-0.004310963252425968,-0.1855959897627188,0.07693779158011597,0.81,0.053215088893307116,-0.07201718904971087,0.08336087997369648,0.6943235294117654,0.04051011860305409,0,0,0,0,0,0,0,0
0.18889636432484783,-0.07806057448887241,0.191,-0.052691490117708746,0.05039203262329101,-0.013967592239379883,0,0,1,-0.004310963252425968,-0.18889636432484783,0.07806057448887241,0.8089999999999999,0.048380526865282776,-0.11199277103545313,0.027642546793432737,0.64205294117647,0.02705157674164598,0,0,0,0,0,0,0,0
0.1850907281386697,-0.08126896711601342,0,-0.052237704512190404,-0.05447066497802734,-0.05106557464599609,0,0,1,-0.004310963252425968,-0.1850907281386697,0.08126896711601342,1,0.047926741259764434,-0.07138001881389262,0.041284419129820095,1.8959016393442627,0.04569500877360865,0,0,0,0,0,0,0,0
