0.29831363818965223,-0.2263591500476409,0.687,-0.37062066666099597,-0.04051509857177735,-0.034313003540039064,0,0,0.7,undefined,-0.29831363818965223,0.2263591500476409,0.0129999999999999,0,-0.14915681909482612,0.06790774501429227,0.010399999999999921,0,0,0,0,0,0,0,0,0
0.2941165387085589,-0.22751532407446473,0.685,-0.37014942776295756,-0.052400527954101564,-0.03896755981445312,0,0,0.7,undefined,-0.2941165387085589,0.22751532407446473,0.014999999999999902,0,-0.1417911471111841,0.07595899928095175,0.0227692307692307,0,0,0,0,0,0,0,0,0
0.2912024538377068,-0.2304683173240252,0.681,-0.3717376773822724,-0.02472696304321289,-0.057107711791992186,0,0,0.7,undefined,-0.2912024538377068,0.2304683173240252,0.018999999999999906,0,-0.1518531057378191,0.08801812174854642,0.036738461538461484,0,0,0,0,0,0,0,0,0
0.288856273277416,-0.23471807421656185,0.676,-0.3728546881035488,-0.009634056091308595,-0.07217554473876953,0,0,0.7,undefined,-0.288856273277416,0.23471807421656185,0.02399999999999991,0,-0.1599376764415365,0.09780128976089449,0.04612307692307687,0,0,0,0,0,0,0,0,0
0.28797677880111305,-0.23973201923365903,0.67,-0.3723136360354305,0.01511087417602539,-0.07484732055664063,0,0,0.7,undefined,-0.28797677880111305,0.23973201923365903,0.029999999999999916,0,-0.17149820571063837,0.10497859052329143,0.05630769230769227,0,0,0,0,0,0,0,0,0
0.28650039781306036,-0.247450279223356,0.663,-0.37170277079723246,0.02148677635192871,-0.11589800262451172,0,0,0.7,undefined,-0.28650039781306036,0.247450279223356,0.03699999999999992,0,-0.17655588078706178,0.12285924149842695,0.0667212121212121,0,0,0,0,0,0,0,0,0
0.2844756153855624,-0.2554169118381197,0.659,-0.37037632056571673,0.015104848861694336,-0.12236998748779297,0,0,0.7,undefined,-0.2844756153855624,0.2554169118381197,0.040999999999999925,0,-0.18097250202322984,0.1295212550185797,0.05467499999999996,0,0,0,0,0,0,0,0,0
0.28242331179993035,-0.26376866987306974,0.653,-0.3704112271507566,0.01664872932434082,-0.12792449951171875,0,0,0.7,undefined,-0.28242331179993035,0.26376866987306974,0.04699999999999993,0,-0.1873020211596601,0.13514476147482768,0.06990769230769228,0,0,0,0,0,0,0,0,0
0.27859955633949374,-0.2713816680072215,0.647,-0.3703763205657166,-0.012127900123596191,-0.12721302795410155,0,0,0.7,undefined,-0.27859955633949374,0.2713816680072215,0.052999999999999936,0,-0.1871831107410237,0.135214703829745,0.07470769230769228,0,0,0,0,0,0,0,0,0
0.273968348358451,-0.2780066216704686,0.644,-0.37083010617123513,-0.028787424087524414,-0.11778096771240235,0,0,0.7,undefined,-0.273968348358451,0.2780066216704686,0.05599999999999994,0,-0.18983170898497617,0.13317629678791304,0.06070909090909087,0,0,0,0,0,0,0,0,0
0.26722245327445465,-0.2840486479371777,0.643,-0.3715107845795129,-0.061466850280761716,-0.12113955688476563,0,0,0.7,undefined,-0.26722245327445465,0.2840486479371777,0.05699999999999994,0,-0.18625269768823272,0.13471681712841854,0.051068749999999954,0,0,0,0,0,0,0,0,0
0.25692846891652593,-0.2896206645832987,0.645,-0.37168531750471234,-0.1135343246459961,-0.13393278503417969,0,0,0.7,undefined,-0.25692846891652593,0.2896206645832987,0.05499999999999994,0,-0.17834399909751475,0.13439409907281305,0.033552238805970094,0,0,0,0,0,0,0,0,0
0.24487016515704021,-0.29275607940718706,0.645,-0.3722089162803106,-0.15144273376464842,-0.10951091003417969,0,0,0.7,undefined,-0.24487016515704021,0.29275607940718706,0.05499999999999994,0,-0.1716296357136044,0.1252476126024093,0.043999999999999956,0,0,0,0,0,0,0,0,0
0.22942396626004738,-0.2938698780097667,0.646,-0.373011767736228,-0.20975221252441406,-0.09982369995117188,0,0,0.7,undefined,-0.22942396626004738,0.2938698780097667,0.05399999999999994,0,-0.16002699279936106,0.11634248366292077,0.03781538461538456,0,0,0,0,0,0,0,0,0
0.2120497502915768,-0.29233087912755906,0.652,-0.37379716589962547,-0.25110458374023437,-0.07347560882568359,0,0,0.7,undefined,-0.2120497502915768,0.29233087912755906,0.04799999999999993,0,-0.15092081810277524,0.10349664056373287,0.006092307692307619,0,0,0,0,0,0,0,0,0
0.19137947283211565,-0.28975266191242505,0.651,-0.3740764185799445,-0.30276580810546877,-0.07721443939208984,0,0,0.7,undefined,-0.19137947283211565,0.28975266191242505,0.04899999999999993,0,-0.1354198180020933,0.0990107766781738,0.04458461538461534,0,0,0,0,0,0,0,0,0
0.17064442749031886,-0.2860940976203282,0.654,-0.37391933894726503,-0.3095701599121094,-0.06256944656372071,0,0,0.7,undefined,-0.17064442749031886,0.2860940976203282,0.04599999999999993,0,-0.12928976465414121,0.09395556553373871,0.02064615384615378,0,0,0,0,0,0,0,0,0
0.147720021963408,-0.27987350479410955,0.658,-0.3735004599267863,-0.35418856811523436,-0.03874132919311524,0,0,0.7,undefined,-0.147720021963408,0.27987350479410955,0.041999999999999926,0,-0.11493178958446033,0.08011302720637868,0.012061538461538387,0,0,0,0,0,0,0,0,0
0.12400012617687864,-0.272066298277802,0.662,-0.37320375395394734,-0.3739982299804688,-0.020788414001464844,0,0,0.7,undefined,-0.12400012617687864,0.272066298277802,0.03799999999999992,0,-0.10384818263450679,0.0709959917051981,0.008861538461538386,0,0,0,0,0,0,0,0,0
0.09956371244984678,-0.2642941382341353,0.667,-0.373011767736228,-0.38382064819335937,-0.02508559799194336,0,0,0.7,undefined,-0.09956371244984678,0.2642941382341353,0.03299999999999992,0,-0.09319301394068627,0.07123148909145668,-0.00011515151515159583,0,0,0,0,0,0,0,0,0
0.07388471512969422,-0.25602257226067154,0.671,-0.3723310893279502,-0.40391241455078125,-0.024828319549560548,0,0,0.7,undefined,-0.07388471512969422,0.25602257226067154,0.028999999999999915,0,-0.07604783592921659,0.06636943757607196,0.001324999999999913,0,0,0,0,0,0,0,0,0
0.048874169731811676,-0.24762257524349288,0.675,-0.3720169300625912,-0.395290283203125,-0.019111291885375976,0,0,0.7,undefined,-0.048874169731811676,0.24762257524349288,0.02499999999999991,0,-0.06810463396760214,0.06546335845795725,-0.001538461538461624,0,0,0,0,0,0,0,0,0
0.0236903704249889,-0.23862740745407188,0.679,-0.37268015517834907,-0.4009624328613281,-0.011614879608154298,0,0,0.7,undefined,-0.0236903704249889,0.23862740745407188,0.020999999999999908,0,-0.05559559499465515,0.06111112057289295,-0.004738461538461629,0,0,0,0,0,0,0,0,0
-0.0006866696421379877,-0.22966742923129219,0.684,-0.37177258396731205,-0.38949176025390625,-0.007966143131256103,0,0,0.7,undefined,0.0006866696421379877,0.22966742923129219,0.015999999999999903,0,-0.047007741749068646,0.06085941497520636,-0.01371515151515161,0,0,0,0,0,0,0,0,0
-0.023960645946911573,-0.22087788026181654,0.687,-0.36981781520507834,-0.373154541015625,-0.003983835697174073,0,0,0.7,undefined,0.023960645946911573,0.22087788026181654,0.0129999999999999,0,-0.03700536040337642,0.05984495193108889,-0.005753846153846243,0,0,0,0,0,0,0,0,0
-0.045211130737914274,-0.21167428835264993,0.693,-0.3691545900893205,-0.3471060791015625,0.013507095336914063,0,0,0.7,undefined,0.045211130737914274,0.21167428835264993,0.007000000000000006,0,-0.03143075634336895,0.05623029524967979,-0.026707692307691728,0,0,0,0,0,0,0,0,0
-0.06654134052185243,-0.20092650288758143,0.694,-0.3688927907015213,-0.3565701599121094,0.03490827941894531,0,0,0.7,undefined,0.06654134052185243,0.20092650288758143,0.006000000000000005,0,-0.017791394608472774,0.04507274005436665,-0.0006687500000000001,0,0,0,0,0,0,0,0,0
-0.08706043673007167,-0.1893758387658787,0.699,-0.3698003619125584,-0.34955535888671874,0.05062173461914062,0,0,0.7,undefined,0.08706043673007167,0.1893758387658787,0.0010000000000000009,0,-0.00878950008351341,0.03941955179968196,-0.02612307692307694,0,0,0,0,0,0,0,0,0
-0.10500751263361377,-0.17782360304310305,0.702,-0.36747907400740604,-0.3136374206542969,0.06427050018310547,0,0,0.7,undefined,0.10500751263361377,0.17782360304310305,-0.0020000000000000018,0,-0.004999675433044248,0.03710127203531355,-0.017753846153846165,0,0,0,0,0,0,0,0,0
-0.1205162146630182,-0.16592243944524115,0.706,-0.3655592118302123,-0.2812340698242187,0.08302314758300781,0,0,0.7,undefined,0.1205162146630182,0.16592243944524115,-0.006000000000000005,0,-0.0022894016063660927,0.03371812605507213,-0.026012121212121233,0,0,0,0,0,0,0,0,0
-0.13508520527695292,-0.15252866544388505,0.708,-0.3645818274490955,-0.27591336059570315,0.10951149749755859,0,0,0.7,undefined,0.13508520527695292,0.15252866544388505,-0.008000000000000007,0,0.006338905709522447,0.021683339835069634,-0.017169230769230784,0,0,0,0,0,0,0,0,0
-0.14714797734293616,-0.13869306630709485,0.712,-0.36414549513609695,-0.24304685974121093,0.12937710571289063,0,0,0.7,undefined,0.14714797734293616,0.13869306630709485,-0.01200000000000001,0,0.008484697467425896,0.016055106603460545,-0.031138461538461566,0,0,0,0,0,0,0,0,0
-0.15615131278874073,-0.12442646904916618,0.711,-0.36313320416994016,-0.2024105224609375,0.15186851501464843,0,0,0.7,undefined,0.15615131278874073,0.12442646904916618,-0.01100000000000001,0,0.007632648183824111,0.010263140361078948,-0.0034153846153846187,0,0,0,0,0,0,0,0,0
-0.16227052904715578,-0.11154730426669254,0.713,-0.36260960539434184,-0.15442372131347656,0.14798579406738283,0,0,0.7,undefined,0.16227052904715578,0.11154730426669254,-0.013000000000000012,0,0.00520521103230117,0.01866010968423905,-0.020544927536231904,0,0,0,0,0,0,0,0,0
-0.16454043909350322,-0.0996521721698326,0.715,-0.3614053282104658,-0.09512540435791016,0.1547470703125,0,0,0.7,undefined,0.16454043909350322,0.0996521721698326,-0.015000000000000013,0,0.0000062006970386737845,0.013888570988858998,-0.02329032258064518,0,0,0,0,0,0,0,0,0
-0.1652362290167244,-0.0873885220393406,0.717,-0.3596949055435113,-0.07480703735351563,0.1683810729980469,0,0,0.7,undefined,0.1652362290167244,0.0873885220393406,-0.017000000000000015,0,-0.000563803840544868,0.01085186509610242,-0.024537500000000025,0,0,0,0,0,0,0,0,0
-0.16465162230904026,-0.07499462590567645,0.719,-0.3592411199379928,-0.05722975158691406,0.17709771728515625,0,0,0.7,undefined,0.16465162230904026,0.07499462590567645,-0.019000000000000017,0,-0.0004551833533252719,0.008970290668677688,-0.025806060606060627,0,0,0,0,0,0,0,0,0
-0.1621686751581381,-0.06288870621225578,0.722,-0.3593981995706723,-0.028973382949829103,0.18309059143066406,0,0,0.7,undefined,0.1621686751581381,0.06288870621225578,-0.02200000000000002,0,-0.0033485732842252845,0.006286776694351015,-0.033753846153846176,0,0,0,0,0,0,0,0,0
-0.15782197411985646,-0.05009872649826968,0.726,-0.3600614246864301,-0.0064408712387084965,0.20252389526367187,0,0,0.7,undefined,0.15782197411985646,0.05009872649826968,-0.026000000000000023,0,-0.0074252846231366056,-0.00198906550500616,-0.04267500000000004,0,0,0,0,0,0,0,0,0
-0.15242868053373695,-0.03933534609326501,0.728,-0.3607595563872279,0.018827539443969726,0.17960113525390625,0,0,0.7,undefined,0.15242868053373695,0.03933534609326501,-0.028000000000000025,0,-0.008857687402807426,0.007908202767787156,-0.033006060606060636,0,0,0,0,0,0,0,0,0
-0.14612462468520965,-0.02801254036604514,0.728,-0.36152750125810545,0.028522151947021485,0.19228773498535157,0,0,0.7,undefined,0.14612462468520965,0.02801254036604514,-0.028000000000000025,0,-0.011264256106469361,0.0008030210969835611,-0.02240000000000002,0,0,0,0,0,0,0,0,0
-0.13897913201440892,-0.018014158986556107,0.731,-0.36273177844198157,0.04720694351196289,0.17819171142578125,0,0,0.7,undefined,0.13897913201440892,0.018014158986556107,-0.031000000000000028,0,-0.013423866531479284,0.005869634611563139,-0.040709090909090945,0,0,0,0,0,0,0,0,0
-0.1303291627621323,-0.007628516598159798,0.73,-0.36342991014277926,0.06602986907958984,0.19168685913085937,0,0,0.7,undefined,0.1303291627621323,0.007628516598159798,-0.030000000000000027,0,-0.01979057041093594,-0.0009719979735855755,-0.018531250000000016,0,0,0,0,0,0,0,0,0
-0.12066785034327225,0.002380272835798291,0.733,-0.3636742562380585,0.08208477783203125,0.19184205627441406,0,0,0.7,undefined,0.12066785034327225,-0.002380272835798291,-0.03300000000000003,0,-0.02417982373303043,-0.001087106333130007,-0.04255384615384619,0,0,0,0,0,0,0,0,0
-0.11000691358631265,0.012252043412054969,0.736,-0.36447710769397584,0.09678266143798828,0.19527490234375,0,0,0.7,undefined,0.11000691358631265,-0.012252043412054969,-0.03600000000000003,0,-0.029725879552418566,-0.0033904819390239357,-0.04495384615384619,0,0,0,0,0,0,0,0,0
-0.0977340912100249,0.020943725301314067,0.737,-0.3648959867144545,0.12552570343017577,0.1874326171875,0,0,0.7,undefined,0.0977340912100249,-0.020943725301314067,-0.03700000000000003,0,-0.03828085242857304,0.0002202029789575427,-0.03498461538461542,0,1425385454457,0,0,0,0,0,0,0
-0.0848579777009665,0.02690518779448278,0.74,-0.36500070646957417,0.1485150146484375,0.15245750427246094,0,0,0.7,undefined,0.0848579777009665,-0.02690518779448278,-0.040000000000000036,0,-0.04436888217140218,0.012958061873906399,-0.04815384615384619,0,1425385454457,0,0,0,0,0,0,0
-0.07186574796342222,0.0319813851884487,0.744,-0.36473890708177503,0.15486598205566407,0.14069056701660157,0,0,0.7,undefined,0.07186574796342222,-0.0319813851884487,-0.04400000000000004,0,-0.04935376829615878,0.015994135724622098,-0.056738461538461585,0,1425385454457,0,0,0,0,0,0,0
-0.05577235741309243,0.036022660366228,0.744,-0.3646516406191753,0.20389759826660156,0.1427404022216797,0,0,0.7,undefined,0.05577235741309243,-0.036022660366228,-0.04400000000000004,0,-0.06549241554869259,0.020120263966066594,-0.03520000000000003,0,1425385454457,0,0,0,0,0,0,0
-0.03907279844968153,0.037717603178957934,0.747,-0.3642851214762565,0.2249561004638672,0.11308437347412109,0,0,0.7,undefined,0.03907279844968153,-0.037717603178957934,-0.04700000000000004,0,-0.07469143584941741,0.03200071405185016,-0.0537538461538462,0,1425385454457,0,0,0,0,0,0,0
-0.02300151232095573,0.038553409077313736,0.747,-0.36372661611561835,0.22078327941894532,0.09760289764404297,-0.03907279844968153,0.037717603178957934,0.747,-0.3642851214762565,-0.016071286128725798,-0.0008358058983558014,0,-0.0005585053606381729,-0.008035643064362899,-0.0002507417695067404,0,-0.0005585053606381729,1425385454457,0,0,0,0,0,0,0
-0.00806226566035435,0.038675990223913735,0.749,-0.3642851214762566,0.2087741241455078,0.08144010925292969,-0.03907279844968153,0.037717603178957934,0.747,-0.3642851214762565,-0.031010532789327177,-0.000958387044955801,-0.0020000000000000018,5.551115123125783e-17,-0.062278453049036495,-0.0009537979571251046,-0.012369230769230778,0.002577717049099571,1425385454847,0,0,0,0,0,0,0
0.007350440827737089,0.038620024114248724,0.754,-0.36486108012941465,0.21631866455078125,0.08158451080322265,-0.03907279844968153,0.037717603178957934,0.747,-0.3642851214762565,-0.046423239277418614,-0.0009024209352907903,-0.007000000000000006,0.0005759586531581262,-0.07264860998349527,0.000018534442660448724,-0.032523076923076946,0.0032342293600415295,1425385454912,0,0,0,0,0,0,0
0.022333033682041467,0.03879724358465083,0.756,-0.3660304507282509,0.20899655151367189,0.08267453002929688,-0.03907279844968153,0.037717603178957934,0.747,-0.3642851214762565,-0.061405832131722994,-0.0010796404056928957,-0.009000000000000008,0.0017453292519943875,-0.08041303148057363,-0.001297263722997043,-0.017969230769230786,0.007142424323546362,1425385454977,0,0,0,0,0,0,0
0.035386460953267834,0.039960381873716914,0.756,-0.3661002638983307,0.17658612060546874,0.08637091064453126,-0.03907279844968153,0.037717603178957934,0.747,-0.3642851214762565,-0.07445925940294937,-0.0022427786947589803,-0.009000000000000008,0.0018151424220742007,-0.08293979175888502,-0.0069695769101926885,-0.007200000000000007,0.0021373570532118003,1425385455042,0,0,0,0,0,0,0
0.04692959541060311,0.04084131236082878,0.758,-0.3656115717077723,0.15694235229492187,0.0743208999633789,-0.03907279844968153,0.037717603178957934,0.747,-0.3642851214762565,-0.08600239386028463,-0.003123709181870847,-0.01100000000000001,0.0013264502315157856,-0.0863003664159474,-0.0057345796939472365,-0.019569230769230783,-0.0009290521864461303,1425385455107,0,0,0,0,0,0,0
0.0584089782172035,0.04192222125298107,0.759,-0.36655404950384923,0.15501313781738282,0.07670372009277343,-0.03907279844968153,0.037717603178957934,0.747,-0.3642851214762565,-0.09748177666688503,-0.004204618074023135,-0.01200000000000001,0.0022689280275927093,-0.09388224843630222,-0.00707522359710069,-0.014903030303030317,0.006552918009760544,1425385455173,0,0,0,0,0,0,0
0.06869007692373916,0.04233944762575203,0.757,-0.3689276972865615,0.14172854614257813,0.06111390686035156,-0.03907279844968153,0.037717603178957934,0.747,-0.3642851214762565,-0.10776287537342069,-0.004621844446794095,-0.010000000000000009,0.004642575810304972,-0.09823657375983828,-0.0037113671704101384,0.0026060606060606065,0.015431883913542528,0,0,0,0,0,0,0,0
0.07735493263544677,0.041599121275295095,0.755,-0.36953856252475953,0.1252321548461914,0.03651251983642578,-0.03907279844968153,0.037717603178957934,0.747,-0.3642851214762565,-0.1164277310851283,-0.003881518096337161,-0.008000000000000007,0.005253441048503005,-0.10147238106529806,0.0027471128459995555,0.004537500000000003,0.008116871852556284,0,0,0,0,0,0,0,0
0.0849504802266155,0.04092019993308297,0.755,-0.37191221030747185,0.10992029571533203,0.03165463638305664,-0.03907279844968153,0.037717603178957934,0.747,-0.3642851214762565,-0.12402327867629703,-0.0032025967541250352,-0.008000000000000007,0.007627088831215323,-0.1044835062011799,0.002481332832149521,-0.006400000000000006,0.018416396934453134,0,0,0,0,0,0,0,0
0.09221825656238616,0.03988172216512158,0.757,-0.37308158090630805,0.10722433471679688,0.025104164123535156,-0.03907279844968153,0.037717603178957934,0.747,-0.3642851214762565,-0.1312910550120677,-0.0021641189861636434,-0.010000000000000009,0.008796459430051529,-0.1103140384947029,0.004602919976690615,-0.018447761194029865,0.014032447186034538,0,0,0,0,0,0,0,0
0.0986911033619683,0.037646778381316116,0.758,-0.3754203221039805,0.10263266754150391,0.004171021461486816,-0.03907279844968153,0.037717603178957934,0.747,-0.3642851214762565,-0.13776390181164982,0.00007082479764181776,-0.01100000000000001,0.011135200627723996,-0.1158759774851772,0.012265319800047298,-0.014355555555555568,0.02227206347378336,0,0,0,0,0,0,0,0
0.10387179394963626,0.033975219584654354,0.757,-0.37763689025401326,0.09249151611328126,-0.022744157791137695,-0.03907279844968153,0.037717603178957934,0.747,-0.3642851214762565,-0.14294459239931778,0.0037423835943035805,-0.010000000000000009,0.013351768777756734,-0.11776664243222265,0.0210532215088186,-0.0025312500000000022,0.023741931981035195,0,0,0,0,0,0,0,0
0.10688812066475327,0.030288496784505535,0.757,-0.3790331536556087,0.062447677612304686,-0.034721343994140626,-0.03907279844968153,0.037717603178957934,0.747,-0.3642851214762565,-0.1459609191144348,0.007429106394452399,-0.010000000000000009,0.014748032179352166,-0.1161611368775772,0.021980274679676812,-0.008000000000000007,0.021192324802100315,0,0,0,0,0,0,0,0
0.10878135702072195,0.02571119454510956,0.756,-0.3810751888804421,0.051788463592529296,-0.05327817535400391,-0.03907279844968153,0.037717603178957934,0.747,-0.3642851214762565,-0.14785415547040348,0.012006408633848373,-0.009000000000000008,0.016790067404185594,-0.11749630045425877,0.02822693475740799,-0.001815384615384618,0.026214845364955254,0,0,0,0,0,0,0,0
0.10832679311544278,0.019191813618953224,0.758,-0.3822620127717983,0.030040861129760742,-0.09331163787841797,-0.03907279844968153,0.037717603178957934,0.747,-0.3642851214762565,-0.1473995915651243,0.01852578956000471,-0.01100000000000001,0.017976891295541753,-0.11387740707847281,0.04076051344225842,-0.019569230769230783,0.02345454002487787,0,0,0,0,0,0,0,0
0.10574110465055063,0.010994850692975608,0.752,-0.3841120617789122,0.009878560066223145,-0.12854769897460938,-0.03907279844968153,0.037717603178957934,0.747,-0.3642851214762565,-0.14481390310023215,0.026722752485982326,-0.0050000000000000044,0.019826940302655693,-0.1101457605896739,0.051114241512023435,0.027343283582089574,0.028110741827046475,0,0,0,0,0,0,0,0
0.10183471691064812,0.0033611734703341833,0.748,-0.3862239101738254,-0.011416818618774414,-0.12811930847167968,-0.03907279844968153,0.037717603178957934,0.747,-0.3642851214762565,-0.14090751536032964,0.03435642970862375,-0.0010000000000000009,0.02193878869756888,-0.10706067821600634,0.0532101525060785,0.02142222222222224,0.0319952096257269,0,0,0,0,0,0,0,0
0.09484719039379554,-0.007715402804160822,0.746,-0.3887546375892172,-0.03450511932373047,-0.19339212036132813,-0.03907279844968153,0.037717603178957934,0.747,-0.3642851214762565,-0.13391998884347706,0.04543300598311876,0.0010000000000000009,0.024469516112960665,-0.09794998399752025,0.07406222504026538,0.011569230769230778,0.03614979649169199,0,0,0,0,0,0,0,0
0.0867074004245723,-0.01939730509988654,0.742,-0.39013344769829267,-0.046568233489990236,-0.20843243408203124,-0.03907279844968153,0.037717603178957934,0.747,-0.3642851214762565,-0.12578019887425382,0.057114908278844474,0.0050000000000000044,0.025848326222036144,-0.09403473764373718,0.08025013297838463,0.02521212121212123,0.032115644899651956,0,0,0,0,0,0,0,0
0.0770797904777092,-0.03071389289343611,0.742,-0.3913202715896488,-0.06900514221191406,-0.211916015625,-0.03907279844968153,0.037717603178957934,0.747,-0.3642851214762565,-0.11615258892739072,0.06843149607239404,0.0050000000000000044,0.027035150113392303,-0.08728351497106795,0.083075904904145,0.0040000000000000036,0.032512798842728424,0,0,0,0,0,0,0,0
0.06567498356563907,-0.04221081558662744,0.744,-0.39296088108652355,-0.09236464691162109,-0.2246658935546875,-0.03907279844968153,0.037717603178957934,0.747,-0.3642851214762565,-0.10474778201532059,0.07992841876558537,0.0030000000000000027,0.028675759610267026,-0.07883625549294807,0.08801555050907281,-0.008369230769230775,0.03624780344199652,0,0,0,0,0,0,0,0
0.05230293144835717,-0.05370734518725397,0.745,-0.39474111692355773,-0.11925769805908203,-0.2361112976074219,-0.03907279844968153,0.037717603178957934,0.747,-0.3642851214762565,-0.09137572989803869,0.0914249483662119,0.0020000000000000018,0.03045599544730121,-0.06913289222684632,0.09112785209079331,-0.0037030303030303052,0.03854797652472931,1425385456215,0,0,0,0,0,0,0
0.037670995766624846,-0.06458281548258576,0.747,-0.39683551202595096,-0.13986468505859376,-0.234991455078125,-0.03907279844968153,0.037717603178957934,0.747,-0.3642851214762565,-0.07674379421630637,0.1023004186615437,0,0.03255039054969444,-0.058578136564873484,0.09355399918461518,-0.01093750000000001,0.04236786759216271,0,0,0,0,0,0,0,0
0.022001346285370024,-0.07381941397550908,0.75,-0.39887754725078434,-0.16322969055175782,-0.21862734985351562,-0.03907279844968153,0.037717603178957934,0.747,-0.3642851214762565,-0.06107414473505155,0.11153701715446701,-0.0030000000000000027,0.03459242577452781,-0.049841732496602266,0.08731027151291057,-0.018553846153846167,0.04401720373529722,0,0,0,0,0,0,0,0
0.004777909933990411,-0.08240772531766948,0.752,-0.40055306333269886,-0.18803683471679689,-0.21905128479003907,-0.03907279844968153,0.037717603178957934,0.747,-0.3642851214762565,-0.04385070838367194,0.12012532849662741,-0.0050000000000000044,0.03626794185644233,-0.03758925006158086,0.08717680258514032,-0.014769230769230781,0.04400109300374011,0,0,0,0,0,0,0,0
-0.013899079061879736,-0.08961764090038483,0.754,-0.40318851050321036,-0.21580912780761718,-0.20882839965820313,-0.03907279844968153,0.037717603178957934,0.747,-0.3642851214762565,-0.02517371938780179,0.12733524407934277,-0.007000000000000006,0.03890338902695384,-0.024432802592373147,0.08274532533407429,-0.016369230769230782,0.05106699135239156,0,0,0,0,0,0,0,0
-0.03277649655507857,-0.09536250458597777,0.757,-0.4035375763536092,-0.22664564514160157,-0.19036236572265625,-0.03907279844968153,0.037717603178957934,0.747,-0.3642851214762565,-0.006296301894602958,0.1330801077649357,-0.010000000000000009,0.03925245487735268,-0.01454109462632975,0.07744506415571888,-0.02415384615384617,0.04086352803303966,0,0,0,0,0,0,0,0
-0.05171147752139908,-0.10017476662699695,0.761,-0.4038517356189682,-0.2328664093017578,-0.17791513061523437,-0.03907279844968153,0.037717603178957934,0.747,-0.3642851214762565,0.012638679071717555,0.13789236980595487,-0.014000000000000012,0.039566614142711676,-0.004567880108468904,0.07476334200867386,-0.032738461538461563,0.041016579982830106,0,0,0,0,0,0,0,0
-0.07185766038609488,-0.10376981329033245,0.763,-0.40554470499340267,-0.2566918029785156,-0.1683382110595703,-0.03907279844968153,0.037717603178957934,0.747,-0.3642851214762565,0.032784861936413355,0.1414874164692904,-0.016000000000000014,0.04125958351714615,0.010084392806149714,0.07020728756565905,-0.02356923076923079,0.04907328832222833,0,0,0,0,0,0,0,0
-0.09062528663752846,-0.10569299627056414,0.764,-0.40680134205483853,-0.24729910278320313,-0.13757070922851564,-0.03907279844968153,0.037717603178957934,0.747,-0.3642851214762565,0.05155248818784693,0.14341059944952206,-0.017000000000000015,0.04251622057858201,0.014884322576658504,0.06243362815917528,-0.018823880597014942,0.04814295368948885,0,0,0,0,0,0,0,0
-0.10846430371421645,-0.10445492335198417,0.763,-0.40804052582375455,-0.25309602355957034,-0.08882093048095703,-0.03907279844968153,0.037717603178957934,0.747,-0.3642851214762565,0.06939150526453491,0.1421725265309421,-0.016000000000000014,0.04375540434749803,0.022891555770284268,0.046500738859357515,-0.007576119402985084,0.0493039883874205,0,0,0,0,0,0,0,0
-0.12472481227512781,-0.10341435891571417,0.763,-0.40962877544306947,-0.23007646179199218,-0.08245833587646484,-0.03907279844968153,0.037717603178957934,0.747,-0.3642851214762565,0.0856520138254463,0.1411319620946721,-0.016000000000000014,0.04534365396681295,0.03234843617206109,0.047656978714805356,-0.012800000000000013,0.05302873276994965,0,0,0,0,0,0,0,0
-0.14000776666969184,-0.09928078515884008,0.763,-0.41067597299426606,-0.2349727478027344,-0.03442689895629883,-0.03907279844968153,0.037717603178957934,0.747,-0.3642851214762565,0.1009349682200103,0.136998388337798,-0.016000000000000014,0.046390851518009535,0.03586247648210282,0.031615654120459386,-0.012800000000000013,0.05107979577709874,0,0,0,0,0,0,0,0
-0.15226071789963358,-0.09528601309275345,0.764,-0.4118627968856222,-0.19243443298339843,-0.018436864852905275,-0.03907279844968153,0.037717603178957934,0.747,-0.3642851214762565,0.11318791944995205,0.13300361627171137,-0.017000000000000015,0.047577675409365694,0.038118786153285185,0.03065526288308403,-0.01915555555555557,0.053229217749156926,0,0,0,0,0,0,0,0
-0.16333165146144832,-0.09254111317505677,0.762,-0.4136604860151763,-0.16865963745117188,-0.02874781608581543,-0.03907279844968153,0.037717603178957934,0.747,-0.3642851214762565,0.12425885301176678,0.1302587163540147,-0.015000000000000013,0.049375364538919775,0.04205113619909752,0.03809142238294297,-0.0012307692307692332,0.057672391290707836,0,0,0,0,0,0,0,0
-0.1726479113121908,-0.09046323362462406,0.759,-0.414358617715974,-0.1404857635498047,-0.027632652282714845,-0.03907279844968153,0.037717603178957934,0.747,-0.3642851214762565,0.13357511286250925,0.128180836803582,-0.01200000000000001,0.05007349623971746,0.0444023286014044,0.042075224144784144,0.006309090909090912,0.05324682215243423,0,0,0,0,0,0,0,0
-0.18064618045612776,-0.0880493651945944,0.759,-0.41463787039629313,-0.12439865875244141,-0.015157983779907227,-0.03907279844968153,0.037717603178957934,0.747,-0.3642851214762565,0.14157338200644623,0.12576696837355233,-0.01200000000000001,0.050352748920036605,0.0487892423707456,0.03997418745863286,-0.00960000000000001,0.05166174585903258,0,0,0,0,0,0,0,0
-0.1881887553400627,-0.08626546465721582,0.755,-0.4151789224644113,-0.11433140563964844,-0.021087804794311524,-0.03907279844968153,0.037717603178957934,0.747,-0.3642851214762565,0.14911595689038118,0.12398306783617376,-0.008000000000000007,0.05089380098815477,0.05465087633685978,0.04384013193688681,0.015138461538461549,0.05339096437946937,0,0,0,0,0,0,0,0
-0.193327609390036,-0.08448761471821586,0.751,-0.4150218428317317,-0.08129071044921875,-0.006689465522766113,-0.03907279844968153,0.037717603178957934,0.747,-0.3642851214762565,0.15425481094035445,0.1222052178971738,-0.0040000000000000036,0.05073672135547519,0.05383486434179817,0.04413369101663409,0.018338461538461553,0.05001173843541559,0,0,0,0,0,0,0,0
-0.19663354686979126,-0.0822858413610475,0.75,-0.41530109551205086,-0.05869597625732422,0.01022808837890625,-0.03907279844968153,0.037717603178957934,0.747,-0.3642851214762565,0.15756074842010973,0.12000344454000543,-0.0030000000000000027,0.05101597403579433,0.05394466924762019,0.04197051683962525,0.0029846153846153863,0.05230483256034422,0,0,0,0,0,0,0,0
-0.19848288635782324,-0.08042112834419497,0.75,-0.4153709086821306,-0.036667251586914064,0.014400874137878418,-0.03907279844968153,0.037717603178957934,0.747,-0.3642851214762565,0.1594100879081417,0.1181387315231529,-0.0030000000000000027,0.05108578720587409,0.05453216130271466,0.04399394498347839,-0.0024000000000000024,0.051408001837011434,0,0,0,0,0,0,0,0
-0.1985563294507533,-0.07769351660918049,0.751,-0.41626102660064773,-0.01751803970336914,0.03699056243896484,-0.03907279844968153,0.037717603178957934,0.747,-0.3642851214762565,0.15948353100107177,0.11541111978813842,-0.0040000000000000036,0.05197590512439121,0.05325115805489395,0.03927945602841715,-0.008584615384615392,0.0560841416713933,0,0,0,0,0,0,0,0
-0.1971864803990791,-0.0751597265668836,0.75,-0.41746530378452384,0.0034252796173095705,0.043069683074951175,-0.03907279844968153,0.037717603178957934,0.747,-0.3642851214762565,0.15811368194939757,0.11287732974584154,-0.0030000000000000027,0.05318018230826732,0.052236290353266546,0.04029667692755545,0.0029846153846153863,0.05873838469538784,0,0,0,0,0,0,0,0
-0.19476384796851753,-0.07241957807209044,0.749,-0.41770964987980297,0.01655395317077637,0.05230600357055664,-0.03907279844968153,0.037717603178957934,0.747,-0.3642851214762565,0.155691049518836,0.11013718125104838,-0.0020000000000000018,0.053424528403546445,0.051833607951975905,0.03907936315919242,0.003784615384615387,0.05455227961252702,0,0,0,0,0,0,0,0
-0.19125004980790022,-0.07016837544387934,0.748,-0.4190186468187988,0.03447663497924805,0.0522462158203125,-0.03907279844968153,0.037717603178957934,0.747,-0.3642851214762565,0.1521772513582187,0.10788597862283728,-0.0010000000000000009,0.05473352534254228,0.050675884391424814,0.0417380466672194,0.004584615384615388,0.060775049676369194,0,0,0,0,0,0,0,0
-0.1866241369836998,-0.06838263822514073,0.748,-0.42003093778495554,0.05248749542236328,0.052700534820556644,1,0,0.7,undefined,1.1866241369836998,0.06838263822514073,-0.04800000000000004,0,0.5933120684918499,0.02051479146754222,-0.03840000000000004,0,0,0,0,0,0,0,0,0
-0.18118305117328412,-0.06633996882048937,0.748,-0.426034870411816,0.06202723693847656,0.06125889587402344,1,0,0.7,undefined,1.1811830511732841,0.06633996882048937,-0.04800000000000004,0,0.6045604824235608,0.009334211341511104,-0.03840000000000004,0,0,0,0,0,0,0,0,0
-0.17654724115836545,-0.06587510481312647,0.749,-0.4296651552559642,0.06043966293334961,0.035086814880371096,1,0,0.7,undefined,1.1765472411583655,0.06587510481312647,-0.049000000000000044,0,0.6353105773646713,0.01811881553675623,-0.04458461538461543,0,0,0,0,0,0,0,0,0
-0.17107606331040823,-0.06904263510502145,0.748,-0.43425537118870927,0.09440045166015625,-0.009007643699645997,1,0,0.7,undefined,1.1710760633104083,0.06904263510502145,-0.04800000000000004,0,0.6611761005152301,0.03882537902550359,-0.03309696969696973,0,0,0,0,0,0,0,0,0
-0.16258347678655008,-0.07063092085306014,0.759,-0.44020694393801,0.12558873748779298,0.03198392486572266,1,0,0.7,undefined,1.1625834767865502,0.07063092085306014,-0.05900000000000005,0,0.6776052690037182,0.03151576448582902,-0.10643076923076933,0,0,0,0,0,0,0,0,0
-0.14829035065744708,-0.0725370370567367,0.759,-0.445757090959352,0.2061407470703125,0.06549433135986328,1,0,0.7,undefined,1.1482903506574471,0.0725370370567367,-0.05900000000000005,0,0.6824664408862758,0.034270484848927814,-0.04720000000000005,0,0,0,0,0,0,0,0,0
-0.1275933880764424,-0.07523187787343967,0.758,-0.45261623491968966,0.29754608154296874,0.0973769760131836,1,0,0.7,undefined,1.1275933880764424,0.07523187787343967,-0.05800000000000005,0,0.6831472062417139,0.039602587365540724,-0.041096969696969736,0,0,0,0,0,0,0,0,0
-0.10089820741086539,-0.07577538103280285,0.756,-0.45687483829455583,0.3636723327636719,0.16778334045410156,1,0,0.7,undefined,1.1008982074108653,0.07577538103280285,-0.05600000000000005,0,0.6755137138754198,0.028971662697499626,-0.03368888888888892,0,0,0,0,0,0,0,0,0
-0.06708882680715464,-0.0767982298882998,0.754,-0.4587423405941898,0.46189447021484376,0.20995379638671874,1,0,0.7,undefined,1.0670888268071546,0.0767982298882998,-0.05400000000000005,0,0.6690741053927265,0.03219012215106963,-0.03259393939393943,0,0,0,0,0,0,0,0,0
-0.02669444021248576,-0.07665939009372452,0.75,-0.4584630879138707,0.5423480224609375,0.27017941284179686,1,0,0.7,undefined,1.0266944402124858,0.07665939009372452,-0.050000000000000044,0,0.6537332157457214,0.026474958878319126,-0.01846153846153848,0,0,0,0,0,0,0,0,0
0.023112004945599098,-0.07633440436820765,0.747,-0.4571540909748749,0.6677893676757812,0.3350142822265625,1,0,0.7,undefined,0.9768879950544009,0.07633440436820765,-0.04700000000000004,0,0.625268900842967,0.025871312545525795,-0.02144615384615387,0,0,0,0,0,0,0,0,0
0.07831596303940945,-0.0761267163440208,0.742,-0.4545710036819233,0.7416527709960937,0.3682976989746094,1,0,0.7,undefined,0.9216840369605905,0.0761267163440208,-0.04200000000000004,0,0.6050229746471123,0.026935432801667464,-0.006676923076923091,0,0,0,0,0,0,0,0,0
0.14092793239620935,-0.07498133700267019,0.739,-0.4516388505385729,0.83626171875,0.42780804443359377,1,0,0.7,undefined,0.8590720676037906,0.07498133700267019,-0.039000000000000035,0,0.5732589829172124,0.02203009059735948,-0.015046153846153865,0,0,0,0,0,0,0,0,0
0.20895437137052914,-0.0713205573270161,0.737,-0.44882887044286196,0.8941188354492188,0.4947484130859375,1,0,0.7,undefined,0.7910456286294709,0.0713205573270161,-0.03700000000000003,0,0.5533366562451368,0.008742015376571526,-0.019305882352941197,0,0,0,0,0,0,0,0,0
0.28483353073050655,-0.06637534144288923,0.732,-0.4459141705920314,0.9932698974609375,0.5607030029296876,1,0,0.7,undefined,0.7151664692694935,0.06637534144288923,-0.03200000000000003,0,0.48843948488582817,-0.0014043152225094654,0.0026258064516128977,0,0,0,0,0,0,0,0,0
0.36420469229660785,-0.06143568884313223,0.726,-0.4431216437888405,1.042194091796875,0.5803208618164063,1,0,0.7,undefined,0.6357953077033922,0.06143568884313223,-0.026000000000000023,0,0.46979171062009806,-0.0007593215976642899,0.011018181818181823,0,0,0,0,0,0,0,0,0
0.4435786352700839,-0.05538921772222103,0.717,-0.44109706185652703,1.0367298583984375,0.5924249267578126,1,0,0.7,undefined,0.5564213647299161,0.05538921772222103,-0.017000000000000015,0,0.4485983599161435,-0.0075930709211841155,0.03341492537313435,0,0,0,0,0,0,0,0,0
0.525654549033993,-0.04876327567794264,0.711,-0.439596078699812,1.070866455078125,0.6154882202148437,1,0,0.7,undefined,0.474345450966007,0.04876327567794264,-0.01100000000000001,0,0.40428925484399114,-0.013355998542813215,0.02350769230769232,0,0,0,0,0,0,0,0,0
0.6200423762559849,-0.04336034425525201,0.706,-0.43889794699901424,1.2467164306640626,0.6758736572265625,1,0,0.7,undefined,0.3799576237440151,0.04336034425525201,-0.006000000000000005,0,0.31458270141514144,-0.00953031368768718,0.023425806451612918,0,0,0,0,0,0,0,0,0
0.7156378671171283,-0.03792911648879029,0.702,-0.43821726859073645,1.2634056396484374,0.6830851440429687,1,0,0.7,undefined,0.2843621328828717,0.03792911648879029,-0.0020000000000000018,0,0.2845152615655089,-0.009657796027447908,0.019938461538461554,0,0,0,0,0,0,0,0,0
0.8223314816180255,-0.031390148751044206,0.701,-0.4377809362777379,1.4075615234375,0.7679093627929687,1,0,0.7,undefined,0.1776685183819745,0.031390148751044206,-0.0010000000000000009,0,0.20163976305528747,-0.017380204073421168,0.004584615384615388,0,0,0,0,0,0,0,0,0
0.9300813545451618,-0.022753693376806577,0.697,-0.4378507494478176,1.4089083251953125,0.802507080078125,1,0,0.7,undefined,0.06991864545483817,0.022753693376806577,0.0030000000000000027,0,0.1463326854466555,-0.03111740587523613,0.023938461538461558,0,1425385459141,0,0,0,0,0,0,0
1.039227822472264,-0.010352899718722004,0.693,-0.43767621652261823,1.4038841552734376,0.8626260986328125,1,0,0.7,undefined,-0.03922782247226397,0.010352899718722004,0.007000000000000006,0,0.0864423127143154,-0.05503986396058874,0.02713846153846156,0,1425385459141,0,0,0,0,0,0,0
1.1493598500073443,0.001753375881308382,0.687,-0.43769366981513813,1.4192969970703124,0.8646454467773438,1,0,0.7,undefined,-0.1493598500073443,-0.001753375881308382,0.0129999999999999,0,0.02446045174511291,-0.05709727711738073,0.042707692307691655,0,0,0,0,0,0,0,0,0
1.2653759080609048,0.013940968063597965,0.681,-0.4375016835974187,1.4987052001953125,0.903184326171875,1,0,0.7,undefined,-0.26537590806090483,-0.013940968063597965,0.018999999999999906,0,-0.058552060178882204,-0.06128202958433822,0.04750769230769225,0,0,0,0,0,0,0,0,0
1.391646037334264,0.023786542113711298,0.679,-0.4380776422505769,1.6530865478515624,0.936241455078125,1,0,0.7,undefined,-0.39164603733426406,-0.023786542113711298,0.020999999999999908,0,-0.16342091015486415,-0.051779447457546916,0.027569230769230704,0,0,0,0,0,0,0,0,0
1.513837605134135,0.031812399358203985,0.677,-0.43830453505333616,1.608724609375,0.8865233764648438,1,0,0.7,undefined,-0.5138376051341349,-0.031812399358203985,0.02299999999999991,0,-0.22532705186986118,-0.04459551011953496,0.029169230769230704,0,0,0,0,0,0,0,0,0
1.6384409751937365,0.03702986174996543,0.679,-0.4384267081009759,1.6591591796875,0.8640982055664063,1,0,0.7,undefined,-0.6384409751937365,-0.03702986174996543,0.020999999999999908,0,-0.3060954937535241,-0.030857352699622892,0.0061939393939393125,0,0,0,0,0,0,0,0,0
1.7725187055117164,0.042318029709532974,0.679,-0.438671054196255,1.787277587890625,0.9255913696289062,1,0,0.7,undefined,-0.7725187055117164,-0.042318029709532974,0.020999999999999908,0,-0.4281807378950991,-0.03352525966369079,0.016799999999999926,0,0,0,0,0,0,0,0,0
1.903502803615609,0.044599752055897536,0.685,-0.43888049370649435,1.76419482421875,0.8654915771484375,1,0,0.7,undefined,-0.903502803615609,-0.044599752055897536,0.014999999999999902,0,-0.5076449914900132,-0.018311121454101267,-0.02030769230769241,0,0,0,0,0,0,0,0,0
2.022903147751633,0.04572620572144451,0.691,-0.43896776016909406,1.6140880126953125,0.7763406982421875,1,0,0.7,undefined,-1.022903147751633,-0.04572620572144451,0.009000000000000008,0,-0.558298325498434,-0.01272560037886003,-0.025107692307691727,0,0,0,0,0,0,0,0,0
2.1357026467951656,0.04377549068919527,0.701,-0.43907247992421367,1.5440120849609376,0.6926192626953125,1,0,0.7,undefined,-1.1357026467951656,-0.04377549068919527,-0.0010000000000000009,0,-0.623916051244593,0.00414444335254532,-0.054646153846153886,0,0,0,0,0,0,0,0,0
2.233955150729795,0.041159954658600395,0.714,-0.43844416139349573,1.35067138671875,0.59099560546875,1,0,0.7,undefined,-1.2339551507297948,-0.041159954658600395,-0.014000000000000012,0,-0.6603651521804101,0.008241369832150165,-0.08120000000000008,0,0,0,0,0,0,0,0,0
2.3193340726580804,0.031260752834400565,0.725,-0.43629740641354264,1.2225859375,0.40924734497070314,1,0,0.7,undefined,-1.3193340726580804,-0.031260752834400565,-0.025000000000000022,0,-0.6977462774756831,0.050227674374628564,-0.0792307692307693,0,0,0,0,0,0,0,0,0
2.3869565420513954,0.021759995446997877,0.736,-0.4324402287666352,0.9795399169921875,0.2994840087890625,1,0,0.7,undefined,-1.3869565420513954,-0.021759995446997877,-0.03600000000000003,0,-0.7103853636376778,0.05001369551003558,-0.0871333333333334,0,0,0,0,0,0,0,0,0
2.442076850127157,0.009880374918800075,0.746,-0.4282339852693288,0.825372802734375,0.18471282958984375,1,0,0.7,undefined,-1.4420768501271568,-0.009880374918800075,-0.04600000000000004,0,-0.7421970738564319,0.06809821770546086,-0.09148750000000008,0,0,0,0,0,0,0,0,0
2.4845173358202906,-0.0032081047398126433,0.752,-0.4253192854184982,0.6606497802734375,0.08576171112060547,1,0,0.7,undefined,-1.4845173358202906,0.0032081047398126433,-0.052000000000000046,0,-0.7603499145225988,0.07755536845126328,-0.07390769230769237,0,0,0,0,0,0,0,0,0
2.5161270658202564,-0.017966077492980532,0.754,-0.4231201705609854,0.5232425537109375,-0.0060089797973632815,1,0,0.7,undefined,-1.5161270658202564,0.017966077492980532,-0.05400000000000005,0,-0.782248681101084,0.09108911798236895,-0.053969230769230825,0,0,0,0,0,0,0,0,0
2.535960029914112,-0.03253550294240963,0.752,-0.4219158933771093,0.3609938049316406,-0.07711525726318359,1,0,0.7,undefined,-1.5359600299141118,0.03253550294240963,-0.052000000000000046,0,-0.7958639211377468,0.0946561716738837,-0.030830769230769262,0,0,0,0,0,0,0,0,0
2.5463900124050203,-0.04850355300584036,0.748,-0.42264893166294687,0.24081596374511718,-0.15444863891601562,1,0,0.7,undefined,-1.5463900124050203,0.04850355300584036,-0.04800000000000004,0,-0.8123528016197407,0.10729291540130581,-0.016861538461538483,0,0,0,0,0,0,0,0,0
2.545931454863933,-0.06537648201541717,0.746,-0.42423718128226173,0.09754039001464844,-0.23364443969726562,1,0,0.7,undefined,-1.5459314548639331,0.06537648201541717,-0.04600000000000004,0,-0.8200934035405135,0.1149531749677629,-0.026352238805970176,0,0,0,0,0,0,0,0,0
2.5377326804527036,-0.08239720668815718,0.74,-0.4244291674999811,-0.006987147331237793,-0.28330072021484376,1,0,0.7,undefined,-1.5377326804527036,0.08239720668815718,-0.040000000000000036,0,-0.8311076314002529,0.12552665607849756,0.0008125000000000007,0,0,0,0,0,0,0,0,0
2.5208401599225025,-0.10130220577338576,0.734,-0.42444662079250106,-0.11412934112548828,-0.362759765625,1,0,0.7,undefined,-1.5208401599225025,0.10130220577338576,-0.03400000000000003,0,-0.8358473990814572,0.14057068100800774,0.005107692307692303,0,0,0,0,0,0,0,0,0
2.4957403696554867,-0.11863287254521601,0.732,-0.42414991481966197,-0.23603323364257814,-0.3919405517578125,1,0,0.7,undefined,-1.4957403696554867,0.11863287254521601,-0.03200000000000003,0,-0.8369336159072542,0.13806382071587894,-0.014830769230769248,0,0,0,0,0,0,0,0,0
2.462331047313352,-0.13792011883555474,0.726,-0.4245338872551007,-0.3376694030761719,-0.4699149169921875,1,0,0.7,undefined,-1.4623310473133522,0.13792011883555474,-0.026000000000000023,0,-0.8326817709659687,0.1552819035519958,0.011507692307692309,0,0,0,0,0,0,0,0,0
2.421495823408988,-0.15895780304018056,0.72,-0.4248305932279397,-0.42817462158203123,-0.539850830078125,1,0,0.7,undefined,-1.4214958234089878,0.15895780304018056,-0.020000000000000018,0,-0.8263741225386364,0.17205186945622902,0.016307692307692315,0,0,0,0,0,0,0,0,0
2.373105287959258,-0.18140487640196834,0.714,-0.4252843788334582,-0.5225565185546875,-0.6059501342773438,1,0,0.7,undefined,-1.373105287959258,0.18140487640196834,-0.014000000000000012,0,-0.8146324798534337,0.18755414169994256,0.02110769230769232,0,0,0,0,0,0,0,0,0
2.32079786862285,-0.20399621789614453,0.707,-0.4263839362622146,-0.5749082641601563,-0.6323988647460937,1,0,0.7,undefined,-1.3207978686228499,0.20399621789614453,-0.007000000000000006,0,-0.8107675643488751,0.1964343479696887,0.03209230769230771,0,0,0,0,0,0,0,0,0
2.2602088639528777,-0.22770306099089874,0.702,-0.4280419990516093,-0.6803939819335938,-0.6996416625976563,1,0,0.7,undefined,-1.2602088639528777,0.22770306099089874,-0.0020000000000000018,0,-0.7877566914503129,0.2110330178745913,0.02532307692307694,0,0,0,0,0,0,0,0,0
2.1930543167489094,-0.25295801976287596,0.696,-0.430590179759521,-0.75919189453125,-0.76277490234375,1,0,0.7,undefined,-1.1930543167489094,0.25295801976287596,0.0040000000000000036,0,-0.7649971607484277,0.22858974012738248,0.03550769230769233,0,0,0,0,0,0,0,0,0
2.117838955623108,-0.27691706884277123,0.69,-0.4331732670524726,-0.87523486328125,-0.7975123291015624,1,0,0.7,undefined,-1.117838955623108,0.27691706884277123,0.010000000000000009,0,-0.7356044678813349,0.22867243126677245,0.03981818181818185,0,0,0,0,0,0,0,0,0
2.0408390516560537,-0.2987809608528581,0.685,-0.43631485970606243,-0.910659423828125,-0.7824818115234375,1,0,0.7,undefined,-1.0408390516560537,0.2987809608528581,0.014999999999999902,0,-0.7110506324680101,0.22965639314694447,0.03934374999999934,0,0,0,0,0,0,0,0,0
1.9576140219588658,-0.32175890741588997,0.683,-0.4400847708903701,-0.9857635498046875,-0.8399454345703125,1,0,0.7,undefined,-0.9576140219588658,0.32175890741588997,0.016999999999999904,0,-0.6788837676345056,0.24280045515406634,0.024369230769230702,0,0,0,0,0,0,0,0,0
1.8687586591975893,-0.34529879207896014,0.68,-0.44141122112188586,-1.0554068603515625,-0.8872608032226562,1,0,0.7,undefined,-0.8687586591975893,0.34529879207896014,0.019999999999999907,0,-0.6397197096573477,0.2551326832401684,0.03215384615384609,0,0,0,0,0,0,0,0,0
1.7790223700611696,-0.36474914484593757,0.68,-0.4450938658435939,-1.092383056640625,-0.8388419189453125,1,0,0.7,undefined,-0.7790223700611696,0.36474914484593757,0.019999999999999907,0,-0.6168907229490539,0.23976771844531608,0.015999999999999927,0,0,0,0,0,0,0,0,0
1.6848185496683366,-0.383337126935769,0.677,-0.44743260704126636,-1.1553397216796875,-0.8600357666015624,1,0,0.7,undefined,-0.6848185496683366,0.383337126935769,0.02299999999999991,0,-0.5696643350412312,0.24477912859929887,0.03455384615384609,0,0,0,0,0,0,0,0,0
1.5808196569209998,-0.3983375344557299,0.675,-0.44729298070110673,-1.309070556640625,-0.877787109375,1,0,0.7,undefined,-0.5808196569209998,0.3983375344557299,0.02499999999999991,0,-0.502627515579805,0.23255073560686967,0.03076923076923071,0,0,0,0,0,0,0,0,0
1.4744893795400387,-0.4091714521561238,0.672,-0.44786893935426486,-1.3677552490234375,-0.8363811645507813,1,0,0.7,undefined,-0.47448937954003867,0.4091714521561238,0.027999999999999914,0,-0.4546256095769827,0.216025580173719,0.0385538461538461,0,0,0,0,0,0,0,0,0
1.368475226438867,-0.41750092340191874,0.675,-0.4486368842251424,-1.3792672119140625,-0.8012537841796875,1,0,0.7,undefined,-0.3684752264388671,0.41750092340191874,0.02499999999999991,0,-0.41217157900546764,0.20775269664019064,0.0038461538461537666,0,0,0,0,0,0,0,0,0
1.2588958557429109,-0.42208553779088087,0.675,-0.4480085656944244,-1.4512017822265626,-0.7748943481445313,1,0,0.7,undefined,-0.25889585574291085,0.42208553779088087,0.02499999999999991,0,-0.35314328561516,0.19170702310803572,0.01999999999999993,0,0,0,0,0,0,0,0,0
1.147213748727842,-0.4262819526099889,0.674,-0.4485670710550626,-1.4826390380859376,-0.782396728515625,1,0,0.7,undefined,-0.147213748727842,0.4262819526099889,0.025999999999999912,0,-0.29465983166958765,0.19364647486959569,0.02618461538461532,0,0,0,0,0,0,0,0,0
