0.2108679507134272,-0.006903355456101039,0.712,-0.2299296756577331,0.01494328498840332,0.0056045126914978025,0,0,1,undefined,-0.2108679507134272,0.006903355456101039,0.28800000000000003,0,-0.1054339753567136,0.0020710066368303114,0.23040000000000005,0,0,0,0,0,0,0,0,0
0.21172020471892278,-0.0073564113779802445,0.71,-0.22972023614749376,0.013996204376220704,-0.0037034428119659423,0,0,1,undefined,-0.21172020471892278,0.0073564113779802445,0.29000000000000004,0,-0.11051936651159786,0.004614347927596298,0.2424477611940299,0,0,0,0,0,0,0,0,0
0.21218820935964153,-0.006472341989465563,0.709,-0.2292315439569353,0.0038160464763641357,0.014511180877685546,0,0,1,undefined,-0.21218820935964153,0.006472341989465563,0.29100000000000004,0,-0.1089290408478561,-0.002884054341217271,0.2383555555555556,0,0,0,0,0,0,0,0,0
0.21185008954807713,-0.005004674549958729,0.706,-0.22980750261009344,-0.009941579818725586,0.02028666687011719,0,0,1,undefined,-0.21185008954807713,0.005004674549958729,0.29400000000000004,0,-0.10451763798215657,-0.006389171740439746,0.2513538461538462,0,0,0,0,0,0,0,0,0
0.21266074514981761,-0.005226350938349927,0.706,-0.23066271394357066,0.012597590446472169,-0.00046783891320228575,0,0,1,undefined,-0.21266074514981761,0.005226350938349927,0.29400000000000004,0,-0.11118289823536966,0.0027591618470693214,0.23520000000000005,0,0,0,0,0,0,0,0,0
0.2129082618107269,-0.005698638061148123,0.71,-0.23134339235184845,0.005234051704406739,-0.006047860622406006,0,0,1,undefined,-0.2129082618107269,0.005698638061148123,0.29000000000000004,0,-0.10847889773493091,0.004272080000918594,0.21046153846153848,0,0,0,0,0,0,0,0,0
0.21146231426958176,-0.0058403275726356665,0.712,-0.23073252711365036,-0.02062408638000488,-0.007041740417480469,0,0,1,undefined,-0.21146231426958176,0.0058403275726356665,0.28800000000000003,0,-0.09889480344421078,0.002526740736227899,0.21979393939393943,0,0,0,0,0,0,0,0,0
0.2117802193764072,-0.006950919750815929,0.717,-0.2302612882156119,0.008451936721801757,-0.015126878738403321,0,0,1,undefined,-0.2117802193764072,0.006950919750815929,0.28300000000000003,0,-0.10859574251826085,0.008186534179705808,0.19905625000000002,0,0,0,0,0,0,0,0,0
0.21158103131039532,-0.008109847927724536,0.72,-0.22958060980733414,0.0010586032867431641,-0.01760702133178711,0,0,1,undefined,-0.21158103131039532,0.008109847927724536,0.28,0,-0.10582258147797564,0.008706315550554442,0.20784615384615387,0,0,0,0,0,0,0,0,0
0.2111835722543318,-0.010634601261931734,0.725,-0.23085470016129,0.002812882423400879,-0.038234371185302735,0,0,1,undefined,-0.2111835722543318,0.010634601261931734,0.275,0,-0.10469350824855415,0.016825097196321578,0.1930769230769231,0,0,0,0,0,0,0,0,0
0.2101056661704691,-0.011872618010794771,0.732,-0.23068016723609058,-0.011490605354309081,-0.02177713394165039,0,0,1,undefined,-0.2101056661704691,0.011872618010794771,0.268,0,-0.10062717835533048,0.010275637809295872,0.17670769230769232,0,0,0,0,0,0,0,0,0
0.20860670581208757,-0.012820189679237029,0.753,-0.2307674336986904,-0.018639030456542968,-0.018977901458740235,0,0,1,undefined,-0.20860670581208757,0.012820189679237029,0.247,0,-0.10204614587834351,0.006385844958187581,0.14274925373134323,0,0,0,0,0,0,0,0,0
0.20606786225841658,-0.01383737647782645,0.763,-0.23106413967152933,-0.033583290100097654,-0.023563777923583985,0,0,1,undefined,-0.20606786225841658,0.01383737647782645,0.237,0,-0.09048749979066173,0.00996676308507653,0.13314838709677415,0,0,0,0,0,0,0,0,0
0.2020987888229709,-0.014144519247248615,0.772,-0.22994712895025288,-0.05689872741699219,-0.018119270324707032,0,0,1,undefined,-0.2020987888229709,0.014144519247248615,0.22799999999999998,0,-0.0815945747538731,0.0059797619944937,0.1339384615384615,0,0,0,0,0,0,0,0,0
0.19759442244866743,-0.014619604107490044,0.782,-0.2300867552904125,-0.06416280364990234,-0.022338634490966798,0,0,1,undefined,-0.19759442244866743,0.014619604107490044,0.21799999999999997,0,-0.07658848134746353,0.007036093761185881,0.12055384615384612,0,0,0,0,0,0,0,0,0
0.1925879912796626,-0.015374482799936714,0.793,-0.23050563431089127,-0.0705350341796875,-0.028151426315307617,0,0,1,undefined,-0.1925879912796626,0.015374482799936714,0.20699999999999996,0,-0.07150702213967022,0.008779132956152676,0.10636923076923069,0,0,0,0,0,0,0,0,0
0.1866983889409748,-0.016946067465321943,0.803,-0.2307325271136504,-0.08062152862548828,-0.043134212493896484,0,0,1,undefined,-0.1866983889409748,0.016946067465321943,0.19699999999999995,0,-0.06392803785561406,0.013659270846212943,0.10375384615384609,0,0,0,0,0,0,0,0,0
0.1805836318383536,-0.01738840472376818,0.811,-0.23101177979396942,-0.08777328491210938,-0.02743504524230957,0,0,1,undefined,-0.1805836318383536,0.01738840472376818,0.18899999999999995,0,-0.06076213271595833,0.007651960309186894,0.10940895522388054,0,0,0,0,0,0,0,0,0
0.1746702660446006,-0.017875724566928805,0.82,-0.23080234028373017,-0.08467050933837891,-0.02742470359802246,0,0,1,undefined,-0.1746702660446006,0.017875724566928805,0.18000000000000005,0,-0.05752128058860562,0.008163910096408504,0.09478125000000061,0,0,0,0,0,0,0,0,0
0.1685452866108936,-0.01911346523999755,0.835,-0.23071507382113046,-0.08519130706787109,-0.039090927124023435,0,0,1,undefined,-0.1685452866108936,0.01911346523999755,0.16500000000000004,0,-0.05442779840311654,0.012446593089679533,0.052454545454545434,0,0,0,0,0,0,0,0,0
0.16210230532665282,-0.019651496021481005,0.841,-0.23064526065105062,-0.09223843383789063,-0.02995672607421875,0,0,1,undefined,-0.16210230532665282,0.019651496021481005,0.15900000000000003,0,-0.04909964965593211,0.008954088323334317,0.0948923076923077,0,0,0,0,0,0,0,0,0
0.15398740344227824,-0.020362338707130997,0.847,-0.2302787415081319,-0.11606263732910156,-0.038206981658935546,0,0,1,undefined,-0.15398740344227824,0.020362338707130997,0.15300000000000002,0,-0.03613964114064647,0.010111102287008754,0.0900923076923077,0,0,0,0,0,0,0,0,0
0.146210891265978,-0.021045135621751962,0.854,-0.22947589005221436,-0.11123079681396485,-0.036596302032470704,0,0,1,undefined,-0.146210891265978,0.021045135621751962,0.14600000000000002,0,-0.034804430049175356,0.010123109418763711,0.07967878787878786,0,0,0,0,0,0,0,0,0
0.13950206647083319,-0.022052204441316045,0.86,-0.22914427749433552,-0.09455824279785156,-0.037600601196289066,0,0,1,undefined,-0.13950206647083319,0.022052204441316045,0.14,0,-0.03550573481436824,0.01241305699973641,0.07866666666666666,0,0,0,0,0,0,0,0,0
0.13253974275148525,-0.023745111448774676,0.866,-0.23005184870537254,-0.09593703460693359,-0.04845162200927734,0,0,1,undefined,-0.13253974275148525,0.023745111448774676,0.134,0,-0.032461884383617134,0.01631931126093964,0.07538181818181817,0,0,0,0,0,0,0,0,0
0.12588445620793204,-0.02514134991825138,0.872,-0.2297376894400136,-0.09242353057861329,-0.04315568542480469,0,0,1,undefined,-0.12588445620793204,0.02514134991825138,0.128,0,-0.030301321360144053,0.015295194661800151,0.07009230769230768,0,0,0,0,0,0,0,0,0
0.12098416175101483,-0.027454632282772493,0.875,-0.2289697445691362,-0.06367139053344727,-0.050526134490966795,0,0,1,undefined,-0.12098416175101483,0.027454632282772493,0.125,0,-0.0385474978507485,0.02039624178339603,0.08455882352941176,0,0,0,0,0,0,0,0,0
0.11588011980006252,-0.02882501346598587,0.88,-0.22907446432425574,-0.06989683532714844,-0.037396522521972654,0,0,1,undefined,-0.11588011980006252,0.02882501346598587,0.12,0,-0.03337901455504197,0.016413475837053076,0.06865624999999997,0,0,0,0,0,0,0,0,0
0.11057018703273908,-0.030937457259608444,0.886,-0.2296329696848939,-0.07037303161621093,-0.048945301055908205,0,0,1,undefined,-0.11057018703273908,0.030937457259608444,0.11399999999999999,0,-0.029206810323351054,0.02130822633097397,0.05786666666666664,0,0,0,0,0,0,0,0,0
0.10532837077005379,-0.03301414956946157,0.894,-0.22919663737189536,-0.06947282409667968,-0.04822983169555664,0,0,1,undefined,-0.10532837077005379,0.03301414956946157,0.10599999999999998,0,-0.02792882762675688,0.021399083728438913,0.04172307692307688,0,0,0,0,0,0,0,0,0
0.09945740635212379,-0.03531727197421957,0.901,-0.22827161286833844,-0.07791263580322266,-0.05365123748779297,0,0,1,undefined,-0.09945740635212379,0.03531727197421957,0.09899999999999998,0,-0.022150249581071126,0.023144668392641416,0.04207878787878784,0,1425397676716,0,0,0,0,0,0,0
0.09404801503376307,-0.03779358146387407,0.907,-0.22907446432425574,-0.07063037109375,-0.05454278945922852,0,0,1,undefined,-0.09404801503376307,0.03779358146387407,0.09299999999999997,0,-0.022384453958613344,0.02463530013030893,0.0430567164179104,0,1425397676716,0,0,0,0,0,0,0
0.0886036096823382,-0.03946217353207802,0.908,-0.22818434640573862,-0.07384925079345703,-0.04291947937011719,0,0,1,undefined,-0.0886036096823382,0.03946217353207802,0.09199999999999997,0,-0.018202880177138333,0.021350301319610895,0.06813124999999998,0,1425397676716,0,0,0,0,0,0,0
0.0827147818753597,-0.04035110958482672,0.911,-0.22844614579353775,-0.0830264434814453,-0.03297002029418945,0,0,1,undefined,-0.0827147818753597,0.04035110958482672,0.08899999999999997,0,-0.012880968430240433,0.017379063011048926,0.05479374999999996,0,1425397676716,0,0,0,0,0,0,0
0.07809116186916132,-0.041669395232803365,0.916,-0.22849850567109778,-0.06307426834106446,-0.03496681213378906,0,0,1,undefined,-0.07809116186916132,0.041669395232803365,0.08399999999999996,0,-0.017928029333778562,0.0200387259552865,0.04027692307692303,0,1425397676716,0,0,0,0,0,0,0
0.07316678896152734,-0.043543522143972925,0.917,-0.2286555853037772,-0.06557787322998047,-0.044112895965576174,0.07809116186916132,-0.041669395232803365,0.916,-0.22849850567109778,0.004924372907633978,0.0018741269111695602,-0.0010000000000000009,0.00015707963267941327,0.002462186453816989,0.0005622380733508681,-0.0008000000000000008,0.00015707963267941327,1425397676716,0,0,0,0,0,0,0
0.06740557149905024,-0.04454611387826768,0.921,-0.22855086554865747,-0.0807601318359375,-0.03423572540283203,0.07809116186916132,-0.041669395232803365,0.916,-0.22849850567109778,0.010685590370111075,0.0028767186454643143,-0.0050000000000000044,0.0000523598775596934,0.03685629196081403,0.006347780240496827,-0.025875000000000023,-0.0004385139745639935,1425397677106,0,0,0,0,0,0,0
0.06367882298521313,-0.04551303770667811,0.922,-0.22835887933093815,-0.05116147232055664,-0.026792030334472656,0.07809116186916132,-0.041669395232803365,0.916,-0.22849850567109778,0.01441233888394819,0.0038436424738747463,-0.006000000000000005,-0.0001396263401596265,0.026690753738251118,0.006208603708577662,-0.010023880597014933,-0.000999266120992402,1425397677173,0,0,0,0,0,0,0
0.06167224375505599,-0.04718618482271193,0.92,-0.22811453323565892,-0.023635814666748047,-0.031259384155273434,0.07809116186916132,-0.041669395232803365,0.916,-0.22849850567109778,0.016418918114105327,0.0055167895899085675,-0.0040000000000000036,-0.00038397243543886184,0.019209942374456654,0.010813007253510665,0.0077375000000000065,-0.0015293447570602775,1425397677237,0,0,0,0,0,0,0
0.06087152939155556,-0.04783331055099974,0.922,-0.2269975225143825,-0.009504444122314453,-0.012171543121337891,0.07809116186916132,-0.041669395232803365,0.916,-0.22849850567109778,0.01721963247760576,0.006163915318196378,-0.006000000000000005,-0.001500983156715291,0.01295955103278241,0.005345651378462855,-0.015569230769230783,-0.006656417254914194,1425397677302,0,0,0,0,0,0,0
0.05942508064241627,-0.049432607945570035,0.921,-0.2263866572761844,-0.01574123191833496,-0.0282569637298584,0.07809116186916132,-0.041669395232803365,0.916,-0.22849850567109778,0.018666081226745047,0.007763212712766671,-0.0050000000000000044,-0.0021118483949133793,0.017171939667435587,0.01095756488815676,0.0013846153846153852,-0.004931226417366095,1425397677367,0,0,0,0,0,0,0
0.05911541737589473,-0.05124511992326231,0.921,-0.22586305850058636,0.0015760606527328491,-0.027536548614501954,0.07809116186916132,-0.041669395232803365,0.916,-0.22849850567109778,0.01897574449326659,0.009575724690458948,-0.0050000000000000044,-0.0026354471705114235,0.011217952935906043,0.012655621227016235,-0.0040000000000000036,-0.005052056904040859,1425397677432,0,0,0,0,0,0,0
0.060658406896603935,-0.05311790190424836,0.922,-0.22614231118090536,0.028848066329956054,-0.022195001602172852,0.07809116186916132,-0.041669395232803365,0.916,-0.22849850567109778,0.017432754972557384,0.011448506671444994,-0.006000000000000005,-0.0023561944901924203,0.0007303275137907177,0.013248635893812607,-0.010023880597014933,-0.0011058093544356897,1425397677499,0,0,0,0,0,0,0
0.06383246546597668,-0.055470375085169873,0.92,-0.22692770934430287,0.05431070327758789,-0.023713340759277345,0.07809116186916132,-0.041669395232803365,0.916,-0.22849850567109778,0.01425869640318464,0.013800979852366509,-0.0040000000000000036,-0.0015707963267949099,-0.010420984492268932,0.01724917846204784,0.007911111111111117,0.002169194927478949,1425397677562,0,0,0,0,0,0,0
0.06581843938363512,-0.05688739980746729,0.922,-0.2264215638612245,0.033808010101318356,-0.01400821304321289,0.07809116186916132,-0.041669395232803365,0.916,-0.22849850567109778,0.012272722485526202,0.015218004574663928,-0.006000000000000005,-0.0020769418098732784,-0.004146580622929008,0.012017554444538073,-0.015247761194029864,-0.004343264868433137,1425397677629,0,0,0,0,0,0,0
0.06841467787633948,-0.057988467561935424,0.923,-0.2264739237387842,0.04165729141235352,-0.007351944446563721,0.07809116186916132,-0.041669395232803365,0.916,-0.22849850567109778,0.009676483992821838,0.01631907232913206,-0.007000000000000006,-0.002024581932313585,-0.009487660251422995,0.01107283091452442,-0.011155555555555564,-0.0017752491820293306,1425397677692,0,0,0,0,0,0,0
0.07181421562029054,-0.05967676740101087,0.923,-0.227189508732102,0.05537735366821289,-0.013227685928344727,0.07809116186916132,-0.041669395232803365,0.916,-0.22849850567109778,0.006276946248870777,0.018007372168207504,-0.007000000000000006,-0.0013089969389957767,-0.014518455647166716,0.014293819496510884,-0.005600000000000005,0.0018951149713824686,1425397677759,0,0,0,0,0,0,0
0.07345744759670139,-0.0623833897426506,0.924,-0.2279749068954993,0.03315969467163086,-0.03400423812866211,0.07809116186916132,-0.041669395232803365,0.916,-0.22849850567109778,0.004633714272459927,0.020713994509847233,-0.008000000000000007,-0.0005235987755984883,-0.006564751669788759,0.021101427315041735,-0.011868750000000011,0.003157955115326301,1425397677823,0,0,0,0,0,0,0
0.07483158238400564,-0.06485601714664498,0.925,-0.2279749068954993,0.028461111068725585,-0.0314713363647461,0.07809116186916132,-0.041669395232803365,0.916,-0.22849850567109778,0.003259579485155678,0.02318662191384161,-0.009000000000000008,-0.0005235987755984883,-0.0056624627820323434,0.020370593469611502,-0.012584615384615395,-0.0005235987755984883,1425397677888,0,0,0,0,0,0,0
0.07719533004245877,-0.06622310138098007,0.926,-0.22832397274589825,0.039173347473144535,-0.011962393760681152,0.07809116186916132,-0.041669395232803365,0.916,-0.22849850567109778,0.0008958318267025533,0.02455370614817671,-0.010000000000000009,-0.00017453292519953312,-0.012172439011373189,0.01484375388920453,-0.013384615384615396,0.0014365402304879523,1425397677953,0,0,0,0,0,0,0
0.07962770891757857,-0.06798586052427208,0.933,-0.22895229127661612,0.041523658752441406,-0.017496793746948243,0.07809116186916132,-0.041669395232803365,0.916,-0.22849850567109778,-0.0015365470484172555,0.026316465291468714,-0.017000000000000015,0.000453785605518342,-0.01356074944614087,0.017376692852839833,-0.05072121212121217,0.0033097789269632286,1425397678019,0,0,0,0,0,0,0
0.08230076949975115,-0.06960776285264257,0.932,-0.22844614579353775,0.04457113265991211,-0.014593616485595703,0.07809116186916132,-0.041669395232803365,0.916,-0.22849850567109778,-0.0042096076305898344,0.027938367619839206,-0.016000000000000014,-0.00005235987756002647,-0.016176400464149247,0.017134734916062957,-0.007496969696969706,-0.002353021164279883,1425397678085,0,0,0,0,0,0,0
0.08642997824336975,-0.07116846635786427,0.932,-0.2281494398206988,0.06563059997558594,-0.008775557518005371,0.07809116186916132,-0.041669395232803365,0.916,-0.22849850567109778,-0.008338816374208427,0.0294990711250609,-0.016000000000000014,-0.00034906585039898297,-0.025968506280615592,0.01729787614090414,-0.012800000000000013,-0.0016977293633033306,1425397678151,0,0,0,0,0,0,0
0.09138763101403886,-0.07371308875555585,0.929,-0.22849850567109775,0.08107070922851563,-0.020360759735107422,0.07809116186916132,-0.041669395232803365,0.916,-0.22849850567109778,-0.013296469144877546,0.032043693522752485,-0.013000000000000012,-2.7755575615628914e-17,-0.03410090573917056,0.023941783503181272,0.00626666666666667,0.0016622183352330924,1425397678214,0,0,0,0,0,0,0
0.09531832170334595,-0.07524290909612627,0.924,-0.22863813201125716,0.0626257553100586,-0.0089954252243042,0.07809116186916132,-0.041669395232803365,0.916,-0.22849850567109778,-0.01722715983418463,0.033573513863322905,-0.008000000000000007,0.0001396263401593767,-0.028766946354868064,0.018160843778840627,0.019335294117647072,0.000755624899686161,1425397678282,0,0,0,0,0,0,0
0.09856490299732935,-0.07608769818402483,0.923,-0.22842869250101794,0.05030347061157227,-0.0013044356107711791,0.07809116186916132,-0.041669395232803365,0.916,-0.22849850567109778,-0.020473741128168035,0.03441830295122147,-0.007000000000000006,-0.000069813170079841,-0.02792658545269061,0.015182173261196488,-0.0001312500000000003,-0.001051560874326174,1425397678346,0,0,0,0,0,0,0
0.10133992698046124,-0.07674999496701998,0.923,-0.2289173846915763,0.04279370498657226,-0.0002504377365112305,0.07809116186916132,-0.041669395232803365,0.916,-0.22849850567109778,-0.02324876511129992,0.035080599734216615,-0.007000000000000006,0.00041887902047851866,-0.02651690452235575,0.014349937808373962,-0.005600000000000005,0.0026743814384401782,1425397678411,0,0,0,0,0,0,0
0.10232634814090377,-0.07745871388891475,0.923,-0.22937117029709486,0.01682269287109375,-0.00699582576751709,0.07809116186916132,-0.041669395232803365,0.916,-0.22849850567109778,-0.024235186271742454,0.03578931865611138,-0.007000000000000006,0.0008726646259970827,-0.01747767951071245,0.014895051806097355,-0.005600000000000005,0.0029997846518653518,1425397678475,0,0,0,0,0,0,0
0.10190654894706853,-0.07740569977687069,0.927,-0.22844614579353775,-0.006312870502471924,-0.0006573312282562256,0.07809116186916132,-0.041669395232803365,0.916,-0.22849850567109778,-0.023815387077907216,0.03573630454406732,-0.01100000000000001,-0.00005235987756002647,-0.009628311996650997,0.01074110896301162,-0.030338461538461564,-0.0043217037401313,1425397678540,0,0,0,0,0,0,0
0.10197258240279707,-0.07669021456984079,0.928,-0.22764329433762046,-0.001465709924697876,0.010677761077880859,0.07809116186916132,-0.041669395232803365,0.916,-0.22849850567109778,-0.023881420533635747,0.03502081933703743,-0.01200000000000001,-0.0008552113334773237,-0.012292873607051653,0.006982074883547991,-0.014984615384615398,-0.004560679591557157,1425397678605,0,0,0,0,0,0,0
0.10206005510050205,-0.0767160898762538,0.929,-0.22783528055533991,0.0013658337593078613,-0.00008200070261955261,0.07809116186916132,-0.041669395232803365,0.916,-0.22849850567109778,-0.02396889323134073,0.03504669464345044,-0.013000000000000012,-0.000663225115757865,-0.012467631808685405,0.011004559053221188,-0.015784615384615397,0.00022286511987040574,1425397678670,0,0,0,0,0,0,0
0.10176256194548014,-0.07613637421051163,0.931,-0.22675317641910336,-0.006311177730560303,0.0074630980491638185,0.07809116186916132,-0.041669395232803365,0.916,-0.22849850567109778,-0.02367140007631882,0.034466978977708264,-0.015000000000000013,-0.0017453292519944152,-0.010309669515165829,0.00768604323836429,-0.02244776119402987,-0.006590571653053595,1425397678737,0,0,0,0,0,0,0
0.10048107948592887,-0.07541720493529043,0.936,-0.22647392373878422,-0.021155376434326172,0.00618994665145874,0.07809116186916132,-0.041669395232803365,0.916,-0.22849850567109778,-0.02238991761676755,0.033747809702487065,-0.020000000000000018,-0.002024581932313557,-0.004117755656245384,0.0065872994981977465,-0.043343750000000035,-0.003333578871309535,1425397678800,0,0,0,0,0,0,0
0.1005872696037251,-0.07480544988770493,0.937,-0.22654373690886404,-0.0005083016753196717,0.009299664497375489,0.07809116186916132,-0.041669395232803365,0.916,-0.22849850567109778,-0.022496107734563786,0.03313605465490157,-0.02100000000000002,-0.001954768762233744,-0.011868174556311187,0.007064202752468732,-0.022184615384615407,-0.0016325541310961444,1425397678866,0,0,0,0,0,0,0
0.09937777681554069,-0.07310704041584597,0.942,-0.22649137703130412,-0.02340104675292969,0.020750209808349608,0.07809116186916132,-0.041669395232803365,0.916,-0.22849850567109778,-0.021286614946379373,0.0314376451830426,-0.025999999999999912,-0.0020071286397936594,-0.004489443120406944,0.0011283096923828742,-0.04653529411764644,-0.002238128099616816,1425397678934,0,0,0,0,0,0,0
0.09771593748523015,-0.07054954756951837,0.944,-0.22703242909942262,-0.03290560150146484,0.03178489112854004,0.07809116186916132,-0.041669395232803365,0.916,-0.22849850567109778,-0.019624775616068832,0.028880152336715002,-0.027999999999999914,-0.0014660765716751623,-0.0008082300014299586,-0.004864930409276351,-0.033169230769230715,0.0010310868196409784,1425397678998,0,0,0,0,0,0,0
0.09621502256149975,-0.06849947230941109,0.942,-0.22738149494982135,-0.02885767364501953,0.024894464492797853,0.07809116186916132,-0.041669395232803365,0.916,-0.22849850567109778,-0.018123860692338428,0.02683007707660772,-0.025999999999999912,-0.001117010721276429,-0.0013174990160190036,-0.0021850362060078996,-0.010193939393939316,0.00046965223508144876,1425397679065,0,0,0,0,0,0,0
0.09383826962431216,-0.06672398137962911,0.942,-0.22889993139905646,-0.04073728942871094,0.017910076141357423,0.07809116186916132,-0.041669395232803365,0.916,-0.22849850567109778,-0.01574710775515084,0.025054586146825743,-0.025999999999999912,0.00040142572795867637,0.00501806658101072,-0.0017020161983589636,-0.02079999999999993,0.007519096583748233,1425397679129,0,0,0,0,0,0,0
0.09082618906539074,-0.06388741847593388,0.943,-0.22968532956245374,-0.0536572380065918,0.031186735153198242,0.07809116186916132,-0.041669395232803365,0.916,-0.22849850567109778,-0.012735027196229418,0.022218023243130512,-0.026999999999999913,0.0011868238913559648,0.010251997050989989,-0.008587954490886006,-0.027155555555555492,0.004926815145628767,1425397679192,0,0,0,0,0,0,0
0.08805156762698782,-0.061127506393938935,0.942,-0.23048818101837137,-0.04995160293579102,0.030835954666137696,0.07809116186916132,-0.041669395232803365,0.916,-0.22849850567109778,-0.009960405757826502,0.01945811116113557,-0.025999999999999912,0.001989675347273595,0.009612854586782672,-0.00828030036832993,-0.015496969696969624,0.005639000146899187,1425397679258,0,0,0,0,0,0,0
0.08653202515916175,-0.05894042519172605,0.939,-0.23064526065105065,-0.029685045242309572,0.02673150062561035,0.07809116186916132,-0.041669395232803365,0.916,-0.22849850567109778,-0.008440863290000433,0.017271029958922685,-0.02299999999999991,0.0021467549799528696,0.0037113330372592042,-0.005887286335225158,-0.0024909090909090055,0.002860753310313208,1425397679324,0,0,0,0,0,0,0
0.08583609091546457,-0.055475471799008635,0.937,-0.2302089283380521,-0.02204420280456543,0.048211555480957034,0.07809116186916132,-0.041669395232803365,0.916,-0.22849850567109778,-0.0077449290463032505,0.01380607656620527,-0.02100000000000002,0.0017104226669543143,-0.00019794595388595822,-0.014268742439938488,-0.005862500000000614,-0.00033488505022641335,1425397679388,0,0,0,0,0,0,0
0.08639023813118253,-0.05176265309466103,0.937,-0.2304707277258513,-0.00461499547958374,0.056119735717773435,0.07809116186916132,-0.041669395232803365,0.916,-0.22849850567109778,-0.008299076262021213,0.010093257861857663,-0.02100000000000002,0.0019722220547535307,-0.007225046824589065,-0.016116152733443658,-0.016800000000000016,0.003162219272022696,1425397679454,0,0,0,0,0,0,0
0.08790063449051289,-0.04711900745515806,0.936,-0.23073252711365033,0.006145273208618164,0.07298837280273437,0.07809116186916132,-0.041669395232803365,0.916,-0.22849850567109778,-0.009809472621351567,0.005449612222354697,-0.020000000000000018,0.002234021442552553,-0.013307843679527559,-0.023211505665691017,-0.01053125000000001,0.003461206072860469,1425397679518,0,0,0,0,0,0,0
0.08906960217196057,-0.042445906367739705,0.933,-0.22987731578017323,0.0010394140481948852,0.07224887847900391,0.07809116186916132,-0.041669395232803365,0.916,-0.22849850567109778,-0.01097844030279925,0.0007765111349363404,-0.017000000000000015,0.0013788101090754512,-0.011933924778001714,-0.02438084617782273,0.0025538461538461513,-0.002568319122357325,1425397679583,0,0,0,0,0,0,0
0.09136302480364832,-0.03666585389577689,0.935,-0.2296504229774139,0.013740916252136231,0.0922586898803711,0.07809116186916132,-0.041669395232803365,0.916,-0.22849850567109778,-0.013271862934486997,-0.005003541337026476,-0.019000000000000017,0.0011519173063161137,-0.019336843741524657,-0.03256487413273817,-0.026137500000000022,0.00008835729338171894,1425397679647,0,0,0,0,0,0,0
0.09339560467209335,-0.03229387862117539,0.934,-0.22989476907269313,0.014759889602661133,0.07079826354980469,0.07809116186916132,-0.041669395232803365,0.916,-0.22849850567109778,-0.015304442802932028,-0.009375516611627978,-0.018000000000000016,0.001396263401595349,-0.018439187172035916,-0.02511176316282153,-0.009176119402985084,0.00249035039538297,1425397679714,0,0,0,0,0,0,0
0.09398180995328273,-0.028627634052444534,0.933,-0.22923154395693524,-0.0039699490070343015,0.055550529479980466,0.07809116186916132,-0.041669395232803365,0.916,-0.22849850567109778,-0.01589064808412141,-0.013041761180358831,-0.017000000000000015,0.0007330382858374562,-0.011330315422255741,-0.02343108143822329,-0.008131250000000008,-0.002375829444277666,1425397679778,0,0,0,0,0,0,0
0.09478077204683641,-0.024156849601622593,0.931,-0.2290395577392158,-0.00356745982170105,0.06803073120117188,0.07809116186916132,-0.041669395232803365,0.916,-0.22849850567109778,-0.01668961017767509,-0.01751254563118077,-0.015000000000000013,0.0005410520681180253,-0.012836938164817284,-0.02880737967807835,-0.0012307692307692332,-0.0003450381675101173,1425397679843,0,0,0,0,0,0,0
0.09630739432088742,-0.02179353699205598,0.928,-0.23003439541285278,0.014252737998962402,0.0397230339050293,0.07809116186916132,-0.041669395232803365,0.916,-0.22849850567109778,-0.0182162324517261,-0.019875858240747384,-0.01200000000000001,0.0015358897417550033,-0.017405892615160803,-0.017988755176257528,0.006309090909090912,0.0060578791673776295,1425397679909,0,0,0,0,0,0,0
0.0960469567747734,-0.020305048260608992,0.924,-0.2303834612632516,-0.008894536018371582,0.02084845733642578,0.07809116186916132,-0.041669395232803365,0.916,-0.22849850567109778,-0.017955794905612082,-0.021364346972194373,-0.008000000000000007,0.0018849555921538197,-0.007767173539958822,-0.014056429343789189,0.015475000000000013,0.0035212017658982717,1425397679973,0,0,0,0,0,0,0
0.0943440679999819,-0.019933030395311985,0.92,-0.22989476907269313,-0.026142707824707033,-0.0004000108242034912,3,0,1,undefined,2.905655932000018,0.019933030395311985,0.07999999999999996,0,1.452827966000009,0.005979909118593595,0.06399999999999997,0,0,0,0,0,0,0,0,0
0.09351800330945825,-0.020137169319653144,0.916,-0.230523087603411,-0.011367196083068848,-0.00580511474609375,3,0,1,undefined,2.906481996690542,0.020137169319653144,0.08399999999999996,0,1.4597062855974678,0.007206032994412927,0.0897806451612903,0,0,0,0,0,0,0,0,0
0.09196346782706183,-0.01996084724447466,0.914,-0.23106413967152928,-0.023305509567260744,-0.002752995252609253,3,0,1,undefined,2.9080365321729382,0.01996084724447466,0.08599999999999997,0,1.4660810843447711,0.005064287210376113,0.07956923076923075,0,0,0,0,0,0,0,0,0
0.08993060449480789,-0.019466412707405914,0.914,-0.2312735791817686,-0.03138102912902832,0.0002361135184764862,3,0,1,undefined,2.910069395505192,0.019466412707405914,0.08599999999999997,0,1.47156467261721,0.0032156967611831283,0.06879999999999997,0,0,0,0,0,0,0,0,0
0.09224600974891496,-0.01655324257213539,0.915,-0.2333156144066021,0.02379013442993164,0.05049508285522461,3,0,1,undefined,2.907753990251085,0.01655324257213539,0.08499999999999996,0,1.4488832561572607,-0.010671455585120327,0.06261538461538459,0,0,0,0,0,0,0,0,0
0.0985349731002465,-0.011441734875591348,0.914,-0.23602087474719313,0.07405141448974609,0.09640573883056641,3,0,1,undefined,2.9014650268997535,0.011441734875591348,0.08599999999999997,0,1.4267707449254738,-0.023617535829631584,0.07410303030303028,0,0,0,0,0,0,0,0,0
0.11043611837930385,-0.004379381496084869,0.916,-0.23900538776810354,0.14879653930664063,0.14474205017089845,3,0,1,undefined,2.8895638816206963,0.004379381496084869,0.08399999999999996,0,1.3929657136189675,-0.03607874522498176,0.056593939393939356,0,0,0,0,0,0,0,0,0
0.12921295926728468,0.00535994410648453,0.919,-0.24027947812205938,0.23906153869628907,0.2086145477294922,3,0,1,undefined,2.8707870407327154,-0.00535994410648453,0.08099999999999996,0,1.3458408823305066,-0.0548140361768008,0.04839374999999996,0,0,0,0,0,0,0,0,0
0.15660273653347798,0.020495895247057846,0.932,-0.24019221165945956,0.3450141906738281,0.3182876281738281,3,0,1,undefined,2.843397263466522,-0.020495895247057846,0.06799999999999995,0,1.2891966344760744,-0.08760748233414985,-0.0156000000000001,0,0,0,0,0,0,0,0,0
0.19043120504573946,0.036286329384873944,0.929,-0.23879594825786418,0.4365143127441406,0.3507683715820312,3,0,1,undefined,2.8095687949542607,-0.036286329384873944,0.07099999999999995,0,1.2422267380477205,-0.09460443691141378,0.07270909090909089,0,0,0,0,0,0,0,0,0
0.2315147430193452,0.05371711550462409,0.932,-0.23783601716926736,0.536921630859375,0.39980654907226565,3,0,1,undefined,2.7684852569806546,-0.05371711550462409,0.06799999999999995,0,1.1781745949578541,-0.11145551256280245,0.03799374999999995,0,0,0,0,0,0,0,0,0
0.27724561948167614,0.07691743015593464,0.933,-0.23705061900586974,0.5846633911132812,0.4998214111328125,3,0,1,undefined,2.7227543805183236,-0.07691743015593464,0.06699999999999995,0,1.1429163622187368,-0.14433820359563873,0.04837611940298503,0,0,0,0,0,0,0,0,0
0.3300320095777188,0.10317810746988304,0.936,-0.23654447352279137,0.6771485595703125,0.568837158203125,3,0,1,undefined,2.6699679904222813,-0.10317810746988304,0.06399999999999995,0,1.0638401624849483,-0.17697838719006484,0.03453333333333328,0,0,0,0,0,0,0,0,0
0.3884303626423534,0.12963968034632062,0.935,-0.23753931119642832,0.7585655517578125,0.59115087890625,3,0,1,undefined,2.6115696373576465,-0.12963968034632062,0.06499999999999995,0,1.0245824368934786,-0.17734316301038902,0.057223880597014894,0,0,0,0,0,0,0,0,0
0.4536305466996488,0.15835207132717735,0.944,-0.23869122850274446,0.8491949462890624,0.6487277221679687,3,0,1,undefined,2.5463694533003514,-0.15835207132717735,0.05600000000000005,0,0.9421145382235836,-0.20484701669113697,-0.004418749999999395,0,0,0,0,0,0,0,0,0
0.520634895508197,0.188291732396922,0.946,-0.23991295897914064,0.8703898315429688,0.6739910278320312,3,0,1,undefined,2.4793651044918033,-0.188291732396922,0.05400000000000005,0,0.9059948102699182,-0.21814397606787553,0.03243076923076926,0,0,0,0,0,0,0,0,0
0.5957201973825373,0.2178694783660643,0.946,-0.24092524994529727,0.9885982666015625,0.6985833740234375,3,0,1,undefined,2.4042798026174625,-0.2178694783660643,0.05400000000000005,0,0.8326520002813123,-0.22279921727771634,0.043200000000000044,0,0,0,0,0,0,0,0,0
0.6779199949816392,0.2475726411404435,0.958,-0.24061109067993822,1.091076904296875,0.7268735961914062,3,0,1,undefined,2.3220800050183605,-0.2475726411404435,0.04200000000000004,0,0.7416877207166905,-0.23745610085305235,-0.032025000000000026,0,0,0,0,0,0,0,0,0
0.7681248143826329,0.2764264256419581,0.958,-0.23914501410826303,1.21095751953125,0.7427706298828125,3,0,1,undefined,2.2318751856173673,-0.2764264256419581,0.04200000000000004,0,0.6618479146938938,-0.23921927388902,0.03360000000000003,0,0,0,0,0,0,0,0,0
0.8606081500073033,0.3020029064491365,0.963,-0.23787092375430716,1.256894775390625,0.7013297119140625,3,0,1,undefined,2.1393918499926965,-0.3020029064491365,0.03700000000000003,0,0.6122945724726427,-0.22735786088353793,0.003084848484848496,0,0,0,0,0,0,0,0,0
0.9543704492556987,0.32532719435689517,0.966,-0.23678881961807072,1.2843919677734374,0.6714166259765625,3,0,1,undefined,2.045629550744301,-0.32532719435689517,0.03400000000000003,0,0.559981155498852,-0.22262641601024818,0.011290909090909105,0,0,0,0,0,0,0,0,0
1.0526071851630996,0.3441023614124624,0.966,-0.2358114352369539,1.36636865234375,0.61943798828125,3,0,1,undefined,1.9473928148369004,-0.3441023614124624,0.03400000000000003,0,0.5037810705083606,-0.20144043941782763,0.027200000000000026,0,0,0,0,0,0,0,0,0
1.1584189443948507,0.35624375174875367,0.967,-0.23499113048851658,1.5007021484375,0.5478959350585938,3,0,1,undefined,1.8415810556051493,-0.35624375174875367,0.03300000000000003,0,0.3505121623536004,-0.17832699099497962,0.020662295081967232,0,0,0,0,0,0,0,0,0
1.263644164219669,0.3637233726681343,0.97,-0.23378685330464052,1.5088760986328125,0.47661151123046874,3,0,1,undefined,1.736355835780331,-0.3637233726681343,0.030000000000000027,0,0.36459652958208877,-0.14965254296966746,0.008558823529411773,0,0,0,0,0,0,0,0,0
1.370767592561975,0.3682316857217598,0.974,-0.2319018977124866,1.54747265625,0.4380330810546875,3,0,1,undefined,1.629232407438025,-0.3682316857217598,0.026000000000000023,0,0.24891630469606985,-0.13818544601613178,-0.0017806451612903187,0,0,0,0,0,0,0,0,0
1.4779332073345481,0.3683727009105833,0.977,-0.22992967565773306,1.5639674072265626,0.3715049743652344,3,0,1,undefined,1.5220667926654519,-0.3683727009105833,0.02300000000000002,0,0.22400625368348237,-0.11377635104859153,0.0022461538461538526,0,0,0,0,0,0,0,0,0
1.5828439654610844,0.36425813521832173,0.98,-0.22879521164393674,1.5463126220703125,0.29855746459960936,3,0,1,undefined,1.4171560345389156,-0.36425813521832173,0.020000000000000018,0,0.2015047133741802,-0.09053272185135765,0.00032835820895522547,0,0,0,0,0,0,0,0,0
1.6900197630570413,0.35573740341335053,0.983,-0.22745130811990116,1.5947305908203124,0.24013870239257812,3,0,1,undefined,1.3099802369429587,-0.35573740341335053,0.017000000000000015,0,0.11067883262029499,-0.0631004220745629,-0.0028062500000000015,0,0,0,0,0,0,0,0,0
1.797766429954482,0.3442870895924624,0.986,-0.22734658836478144,1.613303466796875,0.19711431884765626,3,0,1,undefined,1.202233570045518,-0.3442870895924624,0.014000000000000012,0,0.06353023387800472,-0.044831330636339484,-0.004953846153846154,0,0,0,0,0,0,0,0,0
1.9113845529139197,0.3245103330943971,0.987,-0.2271022422695022,1.727280517578125,0.0951133804321289,3,0,1,undefined,1.0886154470860803,-0.3245103330943971,0.013000000000000012,0,-0.024186760202630553,0.00572545593521516,0.005015384615384621,0,0,0,0,0,0,0,0,0
2.012730007098581,0.3082384710702511,0.987,-0.22661355007894385,1.5361033935546875,0.10446599578857421,3,0,1,undefined,0.9872699929014188,-0.3082384710702511,0.013000000000000012,0,-0.008134160704626137,-0.008465849169456155,0.01040000000000001,0,0,0,0,0,0,0,0,0
2.1223188217272497,0.2878952884683183,0.989,-0.22516492679978842,1.6703643798828125,0.07198851776123047,3,0,1,undefined,0.8776811782727503,-0.2878952884683183,0.01100000000000001,0,-0.08068552834879078,0.014531175733358118,-0.0014941176470588246,0,0,0,0,0,0,0,0,0
2.2350029758395076,0.265849068455749,0.991,-0.22404791607851207,1.721428466796875,0.05503430557250977,3,0,1,undefined,0.7649970241604924,-0.265849068455749,0.009000000000000008,0,-0.2086134567825848,0.04072712561762924,-0.0040903225806451626,0,0,0,0,0,0,0,0,0
2.335897204869816,0.24433563137424882,0.996,-0.2229658119422756,1.5472845458984374,0.0216114559173584,3,0,1,undefined,0.6641027951301841,-0.24433563137424882,0.0040000000000000036,0,-0.1575471925742956,0.03665183617801249,-0.023315151515151532,0,0,0,0,0,0,0,0,0
2.431271285119415,0.22397620659389442,1.002,-0.22197097426863877,1.462726806640625,0.018509330749511718,3,0,1,undefined,0.5687287148805851,-0.22397620659389442,-0.0020000000000000018,0,-0.19140209373796158,0.03987051434193058,-0.03441250000000003,0,0,0,0,0,0,0,0,0
2.520285237826903,0.2049578111337324,1.007,-0.22045253781940388,1.3652547607421874,0.015673076629638672,3,0,1,undefined,0.47971476217309705,-0.2049578111337324,-0.006999999999999895,0,-0.1860591455839919,0.034955283997320855,-0.03211515151515086,0,0,0,0,0,0,0,0,0
2.6017604733924378,0.18759930128871993,1.015,-0.21861994210480962,1.2494884033203124,0.013168209075927735,3,0,1,undefined,0.39823952660756223,-0.18759930128871993,-0.014999999999999902,0,-0.1932070259654905,0.03265466913018559,-0.05507692307692303,0,0,0,0,0,0,0,0,0
2.674774622611684,0.17227457537057173,1.024,-0.21673498651265585,1.1189986572265624,0.01313306999206543,3,0,1,undefined,0.3252253773883158,-0.17227457537057173,-0.02400000000000002,0,-0.18394300836902766,0.026188964210062372,-0.06766153846153912,0,0,0,0,0,0,0,0,0
2.7644516998118873,0.151270412874365,1.029,-0.21467549799530247,1.3814376220703124,-0.018426210403442382,3,0,1,undefined,0.23554830018811268,-0.151270412874365,-0.028999999999999915,0,-0.3110332317903124,0.061258329749709274,-0.04971515151515088,0,0,0,0,0,0,0,0,0
2.84785684454285,0.13170219325058471,1.036,-0.2125985561854292,1.2848887939453124,-0.0202681827545166,3,0,1,undefined,0.15214315545714996,-0.13170219325058471,-0.03600000000000003,0,-0.32618127869929625,0.0610248154398135,-0.06649230769230835,0,0,0,0,0,0,0,0,0
2.9219037633515685,0.11428014670398193,1.04,-0.21130701253895354,1.1408382568359374,-0.02108784484863281,3,0,1,undefined,0.07809623664843146,-0.11428014670398193,-0.040000000000000036,0,-0.3067216234017116,0.05319830884866878,-0.05321212121212125,0,0,0,0,0,0,0,0,0
2.988416578353225,0.09771044702049701,1.043,-0.21043434791295634,1.027630615234375,-0.03376325988769531,3,0,1,undefined,0.011583421646775172,-0.09771044702049701,-0.04299999999999993,0,-0.31103952026433496,0.05633258843424025,-0.05080624999999935,0,1425397682710,0,0,0,0,0,0,0
3.0430881046591525,0.08360430704453219,1.043,-0.2108706802259549,0.8461806640625,-0.035623767852783206,3,0,1,undefined,-0.04308810465915247,-0.08360430704453219,-0.04299999999999993,0,-0.2645865252393185,0.044698994191650805,-0.034399999999999945,0,1425397682710,0,0,0,0,0,0,0
3.0888474950994267,0.07184171386148447,1.038,-0.21104521315115432,0.7081173095703125,-0.028861194610595702,3,0,1,undefined,-0.08884749509942669,-0.07184171386148447,-0.038000000000000034,0,-0.24784498861331633,0.03770318716815735,-0.0030562500000006106,0,1425397682710,0,0,0,0,0,0,0
3.1233137262165105,0.06312783554647541,1.043,-0.21118483949131395,0.5329036865234374,-0.01950724220275879,3,0,1,undefined,-0.12331372621651049,-0.06312783554647541,-0.04299999999999993,0,-0.20049898994640825,0.022870519334426798,-0.061323076923076286,0,0,0,0,0,0,0,0,0
3.1475776288348194,0.05672376866406657,1.033,-0.21279054240314862,0.37600872802734375,-0.01763437271118164,3,0,1,undefined,-0.1475776288348194,-0.05672376866406657,-0.03299999999999992,0,-0.1520316297852367,0.010794392955368652,0.02507058823529422,0,0,0,0,0,0,0,0,0
3.160606037838186,0.05255338145477931,1.024,-0.21443115190002338,0.20422943115234374,-0.0198731689453125,3,0,1,undefined,-0.16060603783818594,-0.05255338145477931,-0.02400000000000002,0,-0.10730514614584943,0.0025933255076028457,0.031606451612902625,0,0,0,0,0,0,0,0,0
3.1656034634369075,0.050989931564504466,1.016,-0.21575760213153905,0.07823492431640625,-0.006963490962982178,3,0,1,undefined,-0.16560346343690746,-0.050989931564504466,-0.016000000000000014,0,-0.06286718643794309,-0.012222779174275276,0.029624242424242442,0,0,0,0,0,0,0,0,0
3.1610863527872324,0.05080916675703721,1.006,-0.2173109451658141,-0.06560519409179688,-0.017154460906982423,3,0,1,undefined,-0.16108635278723238,-0.05080916675703721,-0.006000000000000005,0,-0.009888934357007256,-0.01951924887253881,0.04904615384615388,0,0,0,0,0,0,0,0,0
3.1506788129292547,0.052179159329486816,0.995,-0.2181487032067714,-0.15687208557128907,-0.013592130661010742,3,0,1,undefined,-0.15067881292925467,-0.052179159329486816,0.0050000000000000044,0,0.02693459008059173,-0.02831439514354408,0.06323076923076928,0,0,0,0,0,0,0,0,0
3.1377879938603077,0.05391947571403077,0.982,-0.21956241990088668,-0.19442921447753905,-0.016361906051635743,3,0,1,undefined,-0.1377879938603077,-0.05391947571403077,0.018000000000000016,0,0.045608864457359406,-0.0307241443545543,0.083339393939394,0,0,0,0,0,0,0,0,0
3.1231690352893646,0.05631265913310272,0.972,-0.22026055160168437,-0.22183860778808595,-0.012724752426147462,3,0,1,undefined,-0.12316903528936463,-0.05631265913310272,0.028000000000000025,0,0.06442654109158417,-0.03533691078107402,0.07708750000000006,0,0,0,0,0,0,0,0,0
3.101771382008541,0.06156270641688824,0.963,-0.22001620550640524,-0.33041622924804687,0.006722498893737793,3,0,1,undefined,-0.10177138200854108,-0.06156270641688824,0.03700000000000003,0,0.1103299196994337,-0.0521337042765607,0.07806153846153853,0,0,0,0,0,0,0,0,0
3.080348251188614,0.06619065567676814,0.954,-0.21959732648592659,-0.3287509765625,-0.0023866958618164063,3,0,1,undefined,-0.08034825118861422,-0.06619065567676814,0.04600000000000004,0,0.11768139614804082,-0.04947280576225456,0.0838149253731344,0,1425397683493,0,0,0,0,0,0,0
3.0589848437831204,0.07020468070370245,0.947,-0.2205921641595634,-0.32587158203125,-0.01104155445098877,3,0,1,undefined,-0.05898484378312041,-0.07020468070370245,0.05300000000000005,0,0.1332446063820324,-0.04849778928937601,0.08068125000000007,0,1425397683493,0,0,0,0,0,0,0
3.038806802699186,0.07359999914635902,0.94,-0.22081905696232262,-0.3064801330566406,-0.01653094482421875,3,0,1,undefined,-0.038806802699185905,-0.07359999914635902,0.06000000000000005,0,0.13348164350931904,-0.04561873804540805,0.0851212121212122,0,1425397683493,0,0,0,0,0,0,0
3.0200759565867217,0.0765011308551472,0.937,-0.22108085635012178,-0.2836719360351562,-0.01907862663269043,3,0,1,undefined,-0.020075956586721677,-0.0765011308551472,0.06299999999999994,0,0.1382637693069793,-0.04439812572438172,0.06680624999999937,0,1425397683493,0,0,0,0,0,0,0
3.0061876798802936,0.07832173162070384,0.937,-0.2204176312343639,-0.2092421875,-0.019037878036499024,3,0,1,undefined,-0.006187679880293562,-0.07832173162070384,0.06299999999999994,0,0.11755259940996074,-0.03893288593862561,0.05039999999999996,0,1425397683493,0,0,0,0,0,0,0
2.995885428344643,0.07893473718077751,0.942,-0.22019073843160464,-0.15280540466308593,-0.024814207077026366,3,0,1,-0.2204176312343639,0.00411457165535678,-0.07893473718077751,0.05800000000000005,-0.00022689280275925428,0.00205728582767839,-0.02368042115423325,0.046400000000000045,-0.00022689280275925428,1425397683493,0,0,0,0,0,0,0
2.987985003063256,0.07687893006265493,0.947,-0.2193878869756872,-0.10890982818603516,-0.05597623062133789,3,0,1,-0.2204176312343639,0.012014996936744016,-0.07687893006265493,0.05300000000000005,-0.0010297442586766903,0.04791162304037347,-0.012212411668048423,0.01588484848484851,-0.004679069058301399,1425397683883,0,0,0,0,0,0,0
2.9827433945298867,0.07323176993813976,0.951,-0.21956241990088662,-0.06483348083496093,-0.07050725555419922,3,0,1,-0.2204176312343639,0.017256605470113318,-0.07323176993813976,0.049000000000000044,-0.0008552113334772682,0.03644403088172481,-0.002727603383134724,0.017987878787878813,-0.00006187985529807686,1425397683949,0,0,0,0,0,0,0
2.9782837930108985,0.0695165806004719,0.957,-0.21968459294852624,-0.053150421142578126,-0.06895966339111329,3,0,1,-0.2204176312343639,0.021716206989101483,-0.0695165806004719,0.04300000000000004,-0.0007330382858376505,0.03527976693157882,-0.0006810961633552902,0.0015875000000000056,-0.00016035212502694268,1425397684013,0,0,0,0,0,0,0
2.9734355138902684,0.06640077501322879,0.968,-0.2192831672205676,-0.06079132080078125,-0.06146200180053711,3,0,1,-0.2204176312343639,0.02656448610973161,-0.06640077501322879,0.03200000000000003,-0.0011344640137962991,0.039438845942753216,-0.0033295419807722153,-0.033630769230769256,-0.002987198142836216,1425397684078,0,0,0,0,0,0,0
2.9710521708323965,0.0634040520269108,0.974,-0.21992893904380548,-0.025115901947021485,-0.05165116500854492,3,0,1,-0.2204176312343639,0.028947829167603523,-0.0634040520269108,0.026000000000000023,-0.0004886921905584152,0.027182445155496907,-0.0033580736535226453,-0.011018181818181823,0.0024466342787046935,1425397684144,0,0,0,0,0,0,0
2.9685289526321172,0.05880526412200988,0.975,-0.21888174149260883,-0.021887527465820313,-0.07557723999023437,3,0,1,-0.2204176312343639,0.031471047367882754,-0.05880526412200988,0.025000000000000022,-0.0015358897417550588,0.029206587265726024,0.006478550054294128,0.014696969696969712,-0.006295878610830711,1425397684210,0,0,0,0,0,0,0
2.9670511671972757,0.053488362812450604,0.974,-0.21804398345165166,-0.004320367336273194,-0.08266392517089843,3,0,1,-0.2204176312343639,0.032948832802724315,-0.053488362812450604,0.026000000000000023,-0.002373647782712235,0.024543500334838632,0.012280809984369555,0.02618461538461541,-0.006240223356360739,1425397684275,0,0,0,0,0,0,0
2.9656532045361432,0.047998903939765164,0.973,-0.21706659907053485,-0.0026607110500335694,-0.0849283447265625,3,0,1,-0.2204176312343639,0.03434679546385677,-0.047998903939765164,0.027000000000000024,-0.0033510321638290375,0.024952265729961447,0.015287937967717697,0.027068750000000027,-0.00793252145031405,1425397684339,0,0,0,0,0,0,0
2.9623924798341625,0.04146924903981098,0.973,-0.21656045358745651,-0.02666911506652832,-0.10618013000488281,3,0,1,-0.2204176312343639,0.03760752016583746,-0.04146924903981098,0.027000000000000024,-0.003857177646907378,0.03651971306127209,0.022359081446352097,0.021600000000000022,-0.006193233722653567,1425397684404,0,0,0,0,0,0,0
2.959495912930742,0.0356025793936842,0.975,-0.21603685481185825,-0.023524927139282226,-0.09528041839599609,3,0,1,-0.2204176312343639,0.0405040870692579,-0.0356025793936842,0.025000000000000022,-0.0043807764225056445,0.036033474485022136,0.020526020066052076,0.00923076923076924,-0.006797386156036104,1425397684469,0,0,0,0,0,0,0
2.9567357802700793,0.0288261719085194,0.976,-0.21526890994098066,-0.01865069580078125,-0.10815825653076172,3,0,1,-0.2204176312343639,0.04326421972992067,-0.0288261719085194,0.02400000000000002,-0.005148721293383229,0.03670701663563669,0.027438793663911838,0.01381538461538463,-0.008693082235895159,1425397684534,0,0,0,0,0,0,0
2.9546101193033643,0.021655164461118898,0.975,-0.21409953934214462,-0.008171979904174804,-0.11189334106445313,3,0,1,-0.2204176312343639,0.04538988069663574,-0.021655164461118898,0.025000000000000022,-0.006318091892219269,0.03420999617252855,0.03111552528936727,0.025303030303030324,-0.011633412796019447,1425397684600,0,0,0,0,0,0,0
2.9531446842290365,0.015057244004555867,0.975,-0.21361084715158604,-0.0004519801437854767,-0.10137952423095703,3,0,1,-0.2204176312343639,0.04685531577096347,-0.015057244004555867,0.025000000000000022,-0.00680678408277785,0.03171435465405688,0.03113957249018149,0.020000000000000018,-0.009097528726021202,1425397684664,0,0,0,0,0,0,0
2.9517756472357086,0.008822456018637974,0.977,-0.21369811361418586,-0.0002431236207485199,-0.09574957275390625,3,0,1,-0.2204176312343639,0.04822435276429138,-0.008822456018637974,0.02300000000000002,-0.006719517620178028,0.03178785857366892,0.030493832101504324,0.00763076923076924,-0.006316749331255773,1425397684729,0,0,0,0,0,0,0
2.9508616288941454,0.0027217239758359404,0.984,-0.2147627644579024,0.006008810043334961,-0.09233702087402344,3,0,1,-0.2204176312343639,0.04913837110585462,-0.0027217239758359404,0.016000000000000014,-0.005654866776461487,0.029752628375834714,0.031102686961379383,-0.02432121212121214,-0.0008155447595681172,1425397684795,0,0,0,0,0,0,0
2.951163835503323,-0.002951627775885831,0.979,-0.2147976710429423,0.022565160751342773,-0.08217919158935547,3,0,1,-0.2204176312343639,0.048836164496676826,0.002951627775885831,0.02100000000000002,-0.00561996019142158,0.023158935258222116,0.031003061275958782,0.04372307692307696,-0.00545885287585278,1425397684860,0,0,0,0,0,0,0
2.9518713335804736,-0.006604638362321528,0.977,-0.21373302019922577,0.022048166275024414,-0.051273895263671876,3,0,1,-0.2204176312343639,0.0481286664195264,0.006604638362321528,0.02300000000000002,-0.006684611035138122,0.020823645849296173,0.020356898852680383,0.02869411764705885,-0.011381600051534626,1425397684928,0,0,0,0,0,0,0
2.953410658067896,-0.009889520516892968,0.977,-0.2140646327571046,0.03301579666137695,-0.04325448608398438,3,0,1,-0.2204176312343639,0.046589341932103956,0.009889520516892968,0.02300000000000002,-0.006352998477259286,0.015034668208567215,0.02108992421267021,0.018400000000000017,-0.004748421584297179,1425397684990,0,0,0,0,0,0,0
2.9546332231199126,-0.01271516345404447,0.976,-0.2145707782401829,0.026923828125,-0.03752153015136719,3,0,1,-0.2204176312343639,0.04536677688008739,0.01271516345404447,0.02400000000000002,-0.005846852994181001,0.016659763246672954,0.018386789640695164,0.024503030303030325,-0.0035461917074615227,1425397685056,0,0,0,0,0,0,0
2.955161671961373,-0.014167699751940335,0.977,-0.21526890994098066,0.012384242057800292,-0.019600574493408202,3,0,1,-0.2204176312343639,0.04483832803862686,0.014167699751940335,0.02300000000000002,-0.005148721293383229,0.020017580272419823,0.011790705615765215,0.012931250000000012,-0.0018762289458936748,1425397685120,0,0,0,0,0,0,0
2.955744375614544,-0.015328491505769789,0.977,-0.21551325603625993,0.012258167266845704,-0.015142921447753907,3,0,1,-0.2204176312343639,0.04425562438545594,0.015328491505769789,0.02300000000000002,-0.004904375198103966,0.01955529662921415,0.01036121591325513,0.018400000000000017,-0.0037937111286527707,1425397685186,0,0,0,0,0,0,0
2.957125845383045,-0.016190059761972655,0.98,-0.21547834945122,0.023006359100341798,-0.008193175315856933,3,0,1,-0.2204176312343639,0.042874154616955096,0.016190059761972655,0.020000000000000018,-0.004939281783143901,0.01487330513915373,0.00890952427985066,0.0005588235294117661,-0.005093281423025964,1425397685254,0,0,0,0,0,0,0
2.9588704498845133,-0.015379490979173412,0.98,-0.2156179757913795,0.02296421432495117,0.017472688674926757,3,0,1,-0.2204176312343639,0.04112955011548669,0.015379490979173412,0.020000000000000018,-0.004799655442984385,0.01128843557228056,-0.0003344450815460148,0.016000000000000014,-0.004124044119631891,1425397685316,0,0,0,0,0,0,0
2.959943623023145,-0.014071390131949926,0.981,-0.21656045358745654,0.01152680206298828,0.022611263275146485,3,0,1,-0.2204176312343639,0.040056376976854935,0.014071390131949926,0.019000000000000017,-0.0038571776469073504,0.014847834853979072,-0.0031855573629131118,0.009815384615384625,0.000492719873448194,1425397685381,0,0,0,0,0,0,0
2.961173723222159,-0.014184713832430227,0.983,-0.2169269727303754,0.01838576889038086,0.0023045549392700197,3,0,1,-0.2204176312343639,0.038826276777840896,0.014184713832430227,0.017000000000000015,-0.0034906585039884974,0.013413029970780737,0.004511484298857829,0.0028307692307692357,-0.0017990316905168683,1425397685446,0,0,0,0,0,0,0
2.9635726947295105,-0.013668212914640786,0.984,-0.21675243980517586,0.033473724365234374,0.015310885429382325,3,0,1,-0.2204176312343639,0.03642730527048954,0.013668212914640786,0.016000000000000014,-0.0036651914291880305,0.0059432995360222535,0.0009740550327707481,0.007415384615384624,-0.00447072800703203,1425397685511,0,0,0,0,0,0,0
2.965988403999044,-0.013473547263164467,0.986,-0.21603685481185828,0.03475979232788086,0.0106444673538208,3,0,1,-0.2204176312343639,0.03401159600095616,0.013473547263164467,0.014000000000000012,-0.004380776422505617,0.0050563947751697275,0.00268893128243875,0.0007522388059701523,-0.007584888332882868,1425397685578,0,0,0,0,0,0,0
2.9669033089600125,-0.013785226247433637,0.986,-0.216124121274458,0.014406739234924316,-0.0016247190237045287,3,0,1,-0.2204176312343639,0.03309669103998747,0.013785226247433637,0.014000000000000012,-0.004293509959905906,0.012313420596712983,0.005486576948189819,0.01120000000000001,-0.0038907416709841624,1425397685643,0,0,0,0,0,0,0
2.9669041318409684,-0.012902104488258294,0.989,-0.216124121274458,-0.002828666687011719,0.012941298484802246,3,0,1,-0.2204176312343639,0.03309586815903165,0.012902104488258294,0.01100000000000001,-0.004293509959905906,0.017256101709922648,-0.0012779458069375272,-0.007606250000000007,-0.004293509959905906,1425397685707,0,0,0,0,0,0,0
2.9680800525475894,-0.012547763971352379,0.993,-0.2162812009071375,0.016088659286499024,0.008974020957946777,3,0,1,-0.2204176312343639,0.03191994745241056,0.012547763971352379,0.007000000000000006,-0.004136430327226381,0.010457765510985376,0.0015745271839584568,-0.015612121212121223,-0.0034224319968649075,1425397685773,0,0,0,0,0,0,0
2.970610077348603,-0.01141536629120263,0.993,-0.21663026675753633,0.033421043395996095,0.02473434066772461,3,0,1,-0.2204176312343639,0.02938992265139717,0.01141536629120263,0.007000000000000006,-0.003787364476827565,0.0016114326716060792,-0.003071607600235549,0.005600000000000005,-0.002151118303083113,1425397685837,0,0,0,0,0,0,0
2.9731530277709504,-0.008982377093753128,0.993,-0.21615902785949775,0.029408525466918946,0.043840576171875,3,0,1,-0.2204176312343639,0.026846972229049637,0.008982377093753128,0.007000000000000006,-0.004258603374866138,0.0009099486918955381,-0.010312331414802006,0.005600000000000005,-0.006368628291456763,1425397685904,0,0,0,0,0,0,0
2.975549882603386,-0.004845335679973542,0.995,-0.21594958834925843,0.02180647850036621,0.06832263946533203,3,0,1,-0.2204176312343639,0.02445011739661407,0.004845335679973542,0.0050000000000000044,-0.0044680428851054665,-0.0003048659600877919,-0.021824309626040723,-0.007111111111111117,-0.005465373886245127,1425397685967,0,0,0,0,0,0,0
2.978924305515833,-0.0016018473816113844,1.002,-0.21680479968273564,0.03901571655273438,0.05836811447143555,3,0,1,-0.2204176312343639,0.021075694484166796,0.0016018473816113844,-0.0020000000000000018,-0.003612831551628254,-0.006832487563261352,-0.017277688496045582,-0.039292307692307724,0.0003342976798050351,1425397686032,0,0,0,0,0,0,0
2.982562653915665,0.003456607144016948,1.004,-0.21762510443117303,0.036975719451904296,0.08584021759033203,3,0,1,-0.2204176312343639,0.017437346084335115,-0.003456607144016948,-0.0040000000000000036,-0.0027925268031908645,-0.009764455403488512,-0.028157706859176113,-0.013806060606060617,0.0009361311442518138,1425397686098,0,0,0,0,0,0,0
2.986095673230411,0.009499135936548183,1.01,-0.21785199723393225,0.032175529479980466,0.09994233703613281,3,0,1,-0.2204176312343639,0.01390432676958886,-0.009499135936548183,-0.010000000000000009,-0.002565634000431638,-0.011251605587498178,-0.03568819579763152,-0.040307692307692336,-0.001518436449235208,1425397686163,0,0,0,0,0,0,0
2.9889892164383007,0.014972615157671877,1.011,-0.218253422961891,0.024632286071777344,0.08954246520996094,3,0,1,-0.2204176312343639,0.011010783561699267,-0.014972615157671877,-0.010999999999999899,-0.0021642082724728784,-0.008782574030449415,-0.03339637961927159,-0.014023880597014269,-0.00036677963982171603,1425397686230,0,0,0,0,0,0,0
2.991232944556587,0.01993658741040328,1.013,-0.21879447503000918,0.016735158920288085,0.07998052978515625,3,0,1,-0.2204176312343639,0.008767055443413163,-0.01993658741040328,-0.0129999999999999,-0.0016231562043547143,-0.007248546837044923,-0.0338829530700527,-0.021511111111111043,0.0009532822152555909,1425397686293,0,0,0,0,0,0,0
2.9943843407152015,0.02549685983761434,1.012,-0.2181137966217314,0.028040887832641602,0.09167601776123047,3,0,1,-0.2204176312343639,0.005615659284798458,-0.02549685983761434,-0.01200000000000001,-0.002303834612632505,-0.012817843458425618,-0.037036693314646596,-0.00437611940298566,-0.005351648381040523,1425397686360,0,0,0,0,0,0,0
2.998085981200211,0.03091526664842003,1.015,-0.21731094516581412,0.03662186813354492,0.09136534118652344,3,0,1,-0.2204176312343639,0.0019140187997890301,-0.03091526664842003,-0.014999999999999902,-0.0031066860685497744,-0.018448267884799044,-0.03926771412851197,-0.028406249999999328,-0.006870052268161975,1425397686424,0,0,0,0,0,0,0
3.0006056346635015,0.035533126268079904,1.016,-0.21762510443117303,0.02197142028808594,0.0757874984741211,3,0,1,-0.2204176312343639,-0.0006056346635014975,-0.035533126268079904,-0.016000000000000014,-0.0027925268031908645,-0.01262752282735839,-0.03516811422929587,-0.018023880597015523,-0.0013858435254644028,1425397686491,0,0,0,0,0,0,0
3.0028064699957167,0.039504504471504324,1.02,-0.21722367870321424,0.019371877670288085,0.06529335784912109,3,0,1,-0.2204176312343639,-0.002806469995716654,-0.039504504471504324,-0.020000000000000018,-0.003193952531149652,-0.01241804764972918,-0.03364640252363507,-0.03753846153846157,-0.005046686660190209,1425397686556,0,0,0,0,0,0,0
3.0063345542262545,0.041485347085924246,1.023,-0.21647318712485675,0.04527394104003906,0.04041993713378906,3,0,1,-0.2204176312343639,-0.006334554226254507,-0.041485347085924246,-0.02299999999999991,-0.003944444109507145,-0.021045156368122177,-0.02338815987455503,-0.03430909090909026,-0.007355769465677567,1425397686622,0,0,0,0,0,0,0
3.0088407224198446,0.043633496651434456,1.022,-0.21572269554649914,0.02979425048828125,0.03954457473754883,3,0,1,-0.2204176312343639,-0.008840722419844571,-0.043633496651434456,-0.02200000000000002,-0.004694935687864749,-0.017741907800124225,-0.025681839875370878,-0.011954838709678057,-0.008326346550885412,1425397686684,0,0,0,0,0,0,0
3.010570648093274,0.042434359529892184,1.029,-0.21502456384570146,0.0291976318359375,-0.012015704154968262,3,0,1,-0.2204176312343639,-0.010570648093274126,-0.042434359529892184,-0.028999999999999915,-0.005393067388662437,-0.013781002279997248,-0.006766138106641193,-0.06089230769230705,-0.008615213700036383,1425397686749,0,0,0,0,0,0,0
3.012547477938436,0.03944778477090086,1.028,-0.214553324947663,0.038528331756591795,-0.037439975738525394,0,0,0.7,undefined,-3.012547477938436,-0.03944778477090086,-0.32800000000000007,0,-1.506273738969218,-0.011834335431270257,-0.2624000000000001,0,0,0,0,0,0,0,0,0
3.013060284744437,0.0359079129737492,1.032,-0.2143264321449038,0.018820899963378906,-0.05024288940429687,0,0,0.7,undefined,-3.013060284744437,-0.0359079129737492,-0.3320000000000001,0,-1.5112772970516144,0.008870958551322094,-0.2878222222222223,0,0,0,0,0,0,0,0,0
3.0137656811599354,0.030352894697010233,1.025,-0.21509437701578119,0.028061248779296874,-0.07916832733154297,0,0,0.7,undefined,-3.0137656811599354,-0.030352894697010233,-0.32499999999999996,0,-1.5145675152425546,0.021231089954033604,-0.2217187499999993,0,0,0,0,0,0,0,0,0
3.012469411130332,0.022623987053867374,1.02,-0.2197020462410463,0.005748841285705566,-0.11741220092773437,0,0,0.7,undefined,-3.012469411130332,-0.022623987053867374,-0.32000000000000006,0,-1.5107678772087734,0.013178122367981961,-0.24303703703703738,0,0,0,0,0,0,0,0,0
3.00614868528807,0.011827468222038662,1.011,-0.22406536937103208,-0.057237152099609376,-0.17871792602539063,0,0,0.7,undefined,-3.00614868528807,-0.011827468222038662,-0.31099999999999994,0,-1.4777469444680016,0.05635237818493242,-0.1987999999999993,0,0,0,0,0,0,0,0,0
2.990968751442362,-0.00447027368970788,1.012,-0.22457151485411045,-0.16768783569335938,-0.28894863891601563,0,0,0.7,undefined,-2.990968751442362,0.00447027368970788,-0.31200000000000006,0,-1.424171077895479,0.09039217763665554,-0.2550687500000007,0,0,0,0,0,0,0,0,0
2.967992299120127,-0.02172817471441565,1.001,-0.2229658119422756,-0.27834548950195315,-0.3291171569824219,0,0,0.7,undefined,-2.967992299120127,0.02172817471441565,-0.30099999999999993,0,-1.3678324909401058,0.10387837814942559,-0.1787032258064509,0,0,0,0,0,0,0,0,0
2.93670127647401,-0.04381404247758163,0.991,-0.22235494670407763,-0.3844912414550781,-0.426874755859375,0,0,0.7,undefined,-2.93670127647401,0.04381404247758163,-0.29100000000000004,0,-1.320399782648904,0.12848379514617683,-0.18056119402985132,0,0,0,0,0,0,0,0,0
2.8984326650001733,-0.07111875735376938,0.983,-0.22225022694895802,-0.4695755615234375,-0.5260764770507812,0,0,0.7,undefined,-2.8984326650001733,0.07111875735376938,-0.28300000000000003,0,-1.2572995708818455,0.17066944901665115,-0.18265,0,0,0,0,0,0,0,0,0
2.8520085118009786,-0.10084961916367317,0.968,-0.22198842756115877,-0.58093310546875,-0.5884896850585938,0,0,0.7,undefined,-2.8520085118009786,0.10084961916367317,-0.268,0,-1.1990625976897313,0.18799626994224472,-0.13485454545454545,0,0,0,0,0,0,0,0,0
2.8008293611114277,-0.1320706752512931,0.958,-0.2207492437922428,-0.645740478515625,-0.6258455810546875,0,0,0.7,undefined,-2.8008293611114277,0.1320706752512931,-0.258,0,-1.141568264010436,0.2105236013667368,-0.15171249999999997,0,0,0,0,0,0,0,0,0
2.7425957416812383,-0.16532615211713314,0.94,-0.22069688391468312,-0.7430828857421875,-0.677990478515625,0,0,0.7,undefined,-2.7425957416812383,0.16532615211713314,-0.24,0,-1.0805544787752812,0.22893550830071682,-0.095076923076923,0,0,0,0,0,0,0,0,0
2.676500939565358,-0.19694399099648072,0.924,-0.22034781806428416,-0.863553466796875,-0.679796142578125,0,0,0.7,undefined,-2.676500939565358,0.19694399099648072,-0.2240000000000001,0,-1.0069173580974138,0.2297308228621709,-0.09304615384615446,0,0,0,0,0,0,0,0,0
2.60409914060817,-0.2282540161183974,0.905,-0.22122048269028127,-0.957117431640625,-0.6956668090820313,0,0,0.7,undefined,-2.60409914060817,0.2282540161183974,-0.20500000000000007,0,-0.9384483708377918,0.23761473681536427,-0.06169230769230767,0,0,0,0,0,0,0,0,0
2.523884570519465,-0.25894527019863917,0.891,-0.22162190841824003,-1.0728822021484374,-0.71316064453125,0,0,0.7,undefined,-2.523884570519465,0.25894527019863917,-0.19100000000000006,0,-0.877044057089406,0.23637544297789648,-0.08074117647058823,0,0,0,0,0,0,0,0,0
2.4382629223560883,-0.2893840133324457,0.876,-0.2239955562009522,-1.1525509033203125,-0.727724365234375,0,0,0.7,undefined,-2.4382629223560883,0.2893840133324457,-0.17600000000000005,0,-0.7729626262696221,0.2568238162486937,-0.05746666666666664,0,0,0,0,0,0,0,0,0
2.3456200247983805,-0.31764968299288754,0.86,-0.2261597644734252,-1.2607484130859374,-0.7220704345703125,0,0,0.7,undefined,-2.3456200247983805,0.31764968299288754,-0.16000000000000003,0,-0.727073578925769,0.24190045483885902,-0.045647058823529374,0,0,0,0,0,0,0,0,0
2.253799278085797,-0.3411526633780839,0.845,-0.228393785915978,-1.26318408203125,-0.6524108276367188,0,0,0.7,undefined,-2.253799278085797,0.3411526633780839,-0.14500000000000002,0,-0.6410560794432307,0.23635591425468902,-0.03132258064516123,0,0,0,0,0,0,0,0,0
2.148621107092443,-0.3617205100243197,0.833,-0.22972023614749368,-1.4668499755859374,-0.6577119750976562,0,0,0.7,undefined,-2.148621107092443,0.3617205100243197,-0.133,0,-0.5418625250000325,0.22083321498208522,-0.04178461538461535,0,0,0,0,0,0,0,0,0
2.0419190663260496,-0.3786088728200785,0.818,-0.23047072772585128,-1.5008013916015626,-0.61111962890625,0,0,0.7,undefined,-2.0419190663260496,0.3786088728200785,-0.118,0,-0.4988248676263396,0.20362623900998417,-0.016041791044776058,0,0,0,0,0,0,0,0,0
1.936938017179288,-0.3912127457940888,0.805,-0.2321462438077658,-1.4898909912109375,-0.5437807006835937,0,0,0.7,undefined,-1.936938017179288,0.3912127457940888,-0.1050000000000001,0,-0.42172528360989703,0.18945259073020412,-0.011777777777778414,0,0,0,0,0,0,0,0,0
1.8223917173849264,-0.40144749132227026,0.795,-0.23207643063768588,-1.6367835693359376,-0.5447023315429688,0,0,0.7,undefined,-1.8223917173849264,0.40144749132227026,-0.09500000000000008,0,-0.3505249940230858,0.1762355562656171,-0.023761194029850774,0,0,0,0,0,0,0,0,0
1.7077776492046115,-0.4059299212728618,0.784,-0.2329141886786433,-1.65765625,-0.460850341796875,0,0,0.7,undefined,-1.7077776492046115,0.4059299212728618,-0.08400000000000007,0,-0.25592522958357544,0.1492733211355418,-0.006088888888888901,0,0,0,0,0,0,0,0,0
1.5927680487930893,-0.40829377618149054,0.774,-0.23350760062432127,-1.6703773193359375,-0.43268777465820313,0,0,0.7,undefined,-1.5927680487930893,0.40829377618149054,-0.07400000000000007,0,-0.252882231482515,0.13735238007640033,-0.0084753623188406,0,0,0,0,0,0,0,0,0
1.4772282853619112,-0.40576234770361225,0.77,-0.23403119939991954,-1.6948477783203124,-0.3640826110839844,0,0,0.7,undefined,-1.4772282853619112,0.40576234770361225,-0.07000000000000006,0,-0.15731739151900603,0.11123535995490497,-0.034461538461538495,0,0,0,0,0,0,0,0,0
1.359352215971205,-0.39873528547457027,0.767,-0.2336821335495208,-1.74438427734375,-0.30750064086914064,0,0,0.7,undefined,-1.359352215971205,0.39873528547457027,-0.06700000000000006,0,-0.055929918924105815,0.08333632621014789,-0.03666451612903229,0,0,0,0,0,0,0,0,0
1.2418667302575175,-0.38824128756452536,0.761,-0.23504349036607627,-1.7508341064453126,-0.2549444732666016,0,0,0.7,undefined,-1.2418667302575175,0.38824128756452536,-0.061000000000000054,0,-0.03080965957878945,0.06360324076157756,-0.016492307692307716,0,0,0,0,0,0,0,0,0
1.1252933349504846,-0.37452554457435755,0.761,-0.23553218255663463,-1.7484346923828125,-0.20714414978027343,0,0,0.7,undefined,-1.1252933349504846,0.37452554457435755,-0.061000000000000054,0,0.012312438471052789,0.04350684661106044,-0.048800000000000045,0,0,0,0,0,0,0,0,0
1.0104343736943076,-0.35847594559825813,0.759,-0.23670155315547092,-1.7314962158203124,-0.16795606994628906,0,0,0.7,undefined,-1.0104343736943076,0.35847594559825813,-0.05900000000000005,0,0.06936421875686694,0.02523905942469258,-0.03643076923076927,0,0,0,0,0,0,0,0,0
0.8983048415092352,-0.3408790283474425,0.756,-0.237294965101149,-1.69694140625,-0.13781744384765626,0,0,0.7,undefined,-0.8983048415092352,0.3408790283474425,-0.05600000000000005,0,0.11014816093493579,0.011849841830940261,-0.028646153846153877,0,0,0,0,0,0,0,0,0
0.7898956747892741,-0.3221665451200075,0.758,-0.23553218255663466,-1.64655126953125,-0.10944139862060547,0,0,0.7,undefined,-0.7898956747892741,0.3221665451200075,-0.05800000000000005,0,0.14380657498647298,0.0004386113967795313,-0.05716923076923082,0,0,0,0,0,0,0,0,0
0.6858206204806879,-0.303319939091023,0.758,-0.23431045208023873,-1.583994384765625,-0.08941126251220703,0,0,0.7,undefined,-0.6858206204806879,0.303319939091023,-0.05800000000000005,0,0.1720607903685123,-0.005740412152157523,-0.046400000000000045,0,0,0,0,0,0,0,0,0
0.5789353407193998,-0.2746741106578243,0.764,-0.23361232037944105,-1.6592305908203124,0.04570899963378906,0,0,0.7,undefined,-0.5789353407193998,0.2746741106578243,-0.06400000000000006,0,0.23153307186156918,-0.06458084723428781,-0.0830181818181819,0,0,0,0,0,0,0,0,0
0.47424216414552417,-0.24587615278162342,0.77,-0.23300145514124296,-1.6277381591796876,0.05669916152954101,0,0,0.7,undefined,-0.47424216414552417,0.24587615278162342,-0.07000000000000006,0,0.2893010770298534,-0.07864200975818182,-0.08881250000000007,0,0,0,0,0,0,0,0,0
0.37942225506344146,-0.2188306725627706,0.78,-0.2325127629506847,-1.4775364990234374,0.06631255340576171,0,0,0.7,undefined,-0.37942225506344146,0.2188306725627706,-0.08000000000000007,0,0.2592438925362312,-0.0704025644899631,-0.11623880597014935,0,0,0,0,0,0,0,0,0
0.2952169955201941,-0.19395220797690235,0.788,-0.2296678762699338,-1.3150787353515625,0.07209202575683593,0,0,0.7,undefined,-0.2952169955201941,0.19395220797690235,-0.08800000000000008,0,0.2663272132932449,-0.07251371830436924,-0.1141500000000001,0,0,0,0,0,0,0,0,0
0.22225565939783665,-0.17220675632545573,0.797,-0.22701497580690244,-1.139939453125,0.06846766662597656,0,0,0.7,undefined,-0.22225565939783665,0.17220675632545573,-0.09700000000000009,0,0.2411754315244172,-0.0617934769906366,-0.1268187500000001,0,0,0,0,0,0,0,0,0
0.16106732281289518,-0.15349489048565823,0.812,-0.22497294058206918,-0.9574482421875,0.06690154266357422,0,0,0.7,undefined,-0.16106732281289518,0.15349489048565823,-0.1120000000000001,0,0.1971395915666515,-0.047614882970690345,-0.16914545454545468,0,0,0,0,0,0,0,0,0
0.110838325371489,-0.13745772735510134,0.821,-0.22308798498991522,-0.788112060546875,0.06641917419433593,0,0,0.7,undefined,-0.110838325371489,0.13745772735510134,-0.121,0,0.16816227465070333,-0.039461048130776125,-0.1452615384615379,0,0,0,0,0,0,0,0,0
0.0576118882835873,-0.12108001664455259,0.834,-0.22123793598280128,-0.8329630126953125,0.06293883895874024,0,0,0.7,undefined,-0.0576118882835873,0.12108001664455259,-0.134,0,0.2023216128044269,-0.043494487618764774,-0.1751104477611941,0,0,0,0,0,0,0,0,0
0.014573635578877867,-0.10694249554105863,0.849,-0.22024309830916441,-0.6763734741210937,0.0652309799194336,0,0,0.7,undefined,-0.014573635578877867,0.10694249554105863,-0.14900000000000002,0,0.18114830455716557,-0.03942666408304017,-0.20123125000000008,0,0,0,0,0,0,0,0,0
-0.021542461537974934,-0.09381967370574458,0.853,-0.21942279356072725,-0.5716588745117187,0.07373492431640626,0,0,0.7,undefined,0.021542461537974934,0.09381967370574458,-0.15300000000000002,0,0.15832620340438092,-0.03664930765499175,-0.14393846153846157,0,0,0,0,0,0,0,0,0
-0.04683297855527088,-0.08314468939391276,0.858,-0.21814870320677135,-0.40511575317382814,0.07371209716796875,0,0,0.7,undefined,0.04683297855527088,0.08314468939391276,-0.15800000000000003,0,0.11271031819762983,-0.026617095312454053,-0.15332307692307698,0,0,0,0,0,0,0,0,0
-0.0667933486308748,-0.07234799100348724,0.857,-0.2171713188256544,-0.32735931396484375,0.09331409454345703,0,0,0.7,undefined,0.0667933486308748,0.07234799100348724,-0.15700000000000003,0,0.09240532719994607,-0.029582889136606914,-0.12029696969696971,0,0,0,0,0,0,0,0,0
-0.08203291943055094,-0.062245232082948146,0.851,-0.21610666798193787,-0.2558764495849609,0.0987271499633789,0,0,0.7,undefined,0.08203291943055094,0.062245232082948146,-0.15100000000000002,0,0.07504471271183977,-0.028892652922317397,-0.08898181818181818,0,0,0,0,0,0,0,0,0
-0.0904199092352713,-0.05393027359348878,0.846,-0.2163161074921772,-0.149623046875,0.09484710693359374,0,0,0.7,undefined,0.0904199092352713,0.05393027359348878,-0.14600000000000002,0,0.044346521094816675,-0.02324981763345777,-0.08945624999999999,0,0,0,0,0,0,0,0,0
-0.09364082739497025,-0.046005025823780195,0.837,-0.21582741530161884,-0.07270310974121094,0.10573848724365234,0,0,0.7,undefined,0.09364082739497025,0.046005025823780195,-0.137,0,0.01776495599548811,-0.023466718249206035,-0.060381249999999984,0,0,0,0,0,0,0,0,0
-0.09454837116188693,-0.03885214019583505,0.826,-0.21607176139689807,-0.03627479553222656,0.10188869476318359,0,0,0.7,undefined,0.09454837116188693,0.03885214019583505,-0.126,0,0.005552562263899392,-0.020761669302496167,-0.04156923076923072,0,0,0,0,0,0,0,0,0
-0.09491997525336926,-0.033272015615397985,0.815,-0.2170316924854949,-0.023389659881591796,0.08056051635742187,0,0,0.7,undefined,0.09491997525336926,0.033272015615397985,-0.11499999999999999,0,0.0028848651216172904,-0.013489778894435436,-0.03366666666666662,0,0,0,0,0,0,0,0,0
-0.09291655943084878,-0.028400934865944874,0.802,-0.2178519972339322,0.013612776756286622,0.07782313537597656,0,0,0.7,undefined,0.09291655943084878,0.028400934865944874,-0.10200000000000009,0,-0.010490821495702556,-0.010786448961730196,-0.01368955223880658,0,0,0,0,0,0,0,0,0
-0.08713434267432303,-0.02621506165405054,0.792,-0.21701423919297488,0.0775966339111328,0.05075902557373047,0,0,0.7,undefined,0.08713434267432303,0.02621506165405054,-0.09200000000000008,0,-0.034984856620206256,0.001876508711024948,-0.018044444444444474,0,1425397690202,0,0,0,0,0,0,0
-0.08167492219191504,-0.024910235722533272,0.785,-0.21720622541069434,0.07575629425048828,0.0367457275390625,0,0,0.7,undefined,0.08167492219191504,0.024910235722533272,-0.08500000000000008,0,-0.03493493125750088,0.0066190068657760595,-0.03030769230769234,0,1425397690202,0,0,0,0,0,0,0
-0.07805173405375868,-0.02423169856578058,0.773,-0.21746802479849348,0.05087743377685547,0.021650989532470702,0,0,0.7,undefined,0.07805173405375868,0.02423169856578058,-0.07300000000000006,0,-0.02680838676885839,0.009803520494627276,0.006215384615384602,0,1425397690202,0,0,0,0,0,0,0
-0.07388882643702749,-0.02450351005980848,0.76,-0.2176600110162128,0.06185255432128906,0.009491565704345704,0,0,0.7,undefined,0.07388882643702749,0.02450351005980848,-0.06000000000000005,0,-0.031407624601943976,0.014996322462300725,0.020939393939393952,0,1425397690202,0,0,0,0,0,0,0
-0.07003520815296745,-0.026168731512264908,0.75,-0.21738075833589376,0.061834362030029295,-0.011906399726867675,0,0,0.7,undefined,0.07003520815296745,0.026168731512264908,-0.050000000000000044,0,-0.031648039803033934,0.022902455494926432,0.013030303030303031,0,1425397690202,0,0,0,0,0,0,0
-0.06706952567266004,-0.029509610378917576,0.747,-0.21645573383233674,0.05424635696411133,-0.03933955001831055,0,0,0.7,undefined,0.06706952567266004,0.029509610378917576,-0.04700000000000004,0,-0.028870678074256195,0.033363316783938946,-0.02119375000000002,0,1425397690528,0,0,0,0,0,0,0
-0.06208009379339463,-0.03286445346682898,0.731,-0.21678734639021568,0.08390280151367188,-0.033074695587158205,0,0,0.7,undefined,0.06208009379339463,0.03286445346682898,-0.031000000000000028,0,-0.041972637546325076,0.03418524000719735,0.061353846153846196,0,1425397690593,0,0,0,0,0,0,0
-0.05653146874058076,-0.036685336767372914,0.698,-0.21776473077133252,0.0936089630126953,-0.03806966781616211,0,0,0.7,undefined,0.05653146874058076,0.036685336767372914,0.0020000000000000018,0,-0.046401436552947414,0.03695822242796486,0.1714529411764707,0,1425397690661,0,0,0,0,0,0,0
-0.05207100203244138,-0.04092520842166146,0.668,-0.21875956844496924,0.07906706237792968,-0.04764096450805664,0,0,0.7,undefined,0.05207100203244138,0.04092520842166146,0.03199999999999992,0,-0.045220340346776,0.04252400578645768,0.19495483870967686,0,1425397690723,0,0,0,0,0,0,0
-0.04980699025194885,-0.044462853117131496,0.634,-0.2200336587989251,0.044666854858398435,-0.044430000305175785,0,0,0.7,undefined,0.04980699025194885,0.044462853117131496,0.06599999999999995,0,-0.032791425297448544,0.037889239940823737,0.2278000000000001,0,1425397690791,0,0,0,0,0,0,0
-0.04803187756881975,-0.048378783471880495,0.589,-0.22081905696232262,0.03880523300170898,-0.051511157989501954,0,0,0.7,undefined,0.04803187756881975,0.048378783471880495,0.11099999999999999,0,-0.03185745687328116,0.042641200973999094,0.3388000000000002,0,0,0,0,0,0,0,0,0
-0.04747202822679131,-0.053070352806482576,0.548,-0.2211506695202016,0.023607666015625,-0.06682540893554688,0,0,0.7,undefined,0.04747202822679131,0.053070352806482576,0.1519999999999999,0,-0.025306938406953253,0.047984487961286564,0.3458187499999995,0,0,0,0,0,0,0,0,0
-0.04728750246525105,-0.0607218879118015,0.499,-0.22177898805091945,0.027876216888427733,-0.11137066650390624,0,0,0.7,undefined,0.04728750246525105,0.0607218879118015,0.20099999999999996,0,-0.023284861152016025,0.06523932766850529,0.42064848484848505,0,0,0,0,0,0,0,0,0
-0.04621904759841991,-0.066653807285063,0.452,-0.2207317904997228,0.03520654296875,-0.0832741470336914,0,0,0.7,undefined,0.04621904759841991,0.066653807285063,0.24799999999999994,0,-0.02856371901306101,0.058427010244574556,0.45147692307692294,0,0,0,0,0,0,0,0,0
-0.04703700989129207,-0.07109211631822254,0.402,-0.2192308073430077,0.002604351043701172,-0.06764568328857422,0,0,0.7,undefined,0.04703700989129207,0.07109211631822254,0.29799999999999993,0,-0.018032796100553326,0.05140080673078873,0.503551515151515,0,0,0,0,0,0,0,0,0
-0.04048356251379512,-0.06053740054341848,0.352,-0.2175378379685733,0.06151744079589844,0.17590988159179688,0,0,0.7,undefined,0.04048356251379512,0.06053740054341848,0.348,0,-0.06146045448081666,-0.03298445325582261,0.5518375000000002,0,0,0,0,0,0,0,0,0
-0.030916832731487192,-0.050055936624980375,0.306,-0.21343631422638654,0.106186279296875,0.18448777770996094,0,0,0.7,undefined,0.030916832731487192,0.050055936624980375,0.39399999999999996,0,-0.08189771845128214,-0.03481390604760097,0.5628923076923076,0,0,0,0,0,0,0,0,0
-0.023964296152626404,-0.03900152213529329,0.267,-0.2093522437767198,0.06679852294921874,0.18414389038085938,0,0,0.7,undefined,0.023964296152626404,0.03900152213529329,0.43299999999999994,0,-0.0712819850065749,-0.041189997865690595,0.5563999999999998,0,0,0,0,0,0,0,0,0
-0.020026017259759256,-0.027626676287731904,0.226,-0.2056870523475317,0.022324455261230468,0.1791744384765625,0,0,0.7,undefined,0.020026017259759256,0.027626676287731904,0.474,0,-0.057007489232593106,-0.046309893899695115,0.5999692307692309,0,0,0,0,0,0,0,0,0
-0.019474797564604775,-0.016104244152425957,0.206,-0.20135863580258584,-0.027206077575683593,0.1708819580078125,0,0,0.7,undefined,0.019474797564604775,0.016104244152425957,0.494,0,-0.038943439720573556,-0.04869847341034331,0.4996776119402986,0,0,0,0,0,0,0,0,0
-0.02122942364999257,-0.0054496576908635245,0.177,-0.19568631573360418,-0.05775149917602539,0.1513258819580078,0,0,0.7,undefined,0.02122942364999257,0.0054496576908635245,0.5229999999999999,0,-0.025577422572069186,-0.04996682161751346,0.5769937499999995,0,0,0,0,0,0,0,0,0
-0.025753410782968285,0.003577610993272506,0.152,-0.1904852345626612,-0.09289356994628906,0.1196300277709961,0,0,0.7,undefined,0.025753410782968285,-0.003577610993272506,0.5479999999999999,0,-0.008534369977013834,-0.04301842779588588,0.5730153846153847,0,0,0,0,0,0,0,0,0
-0.03492838729658994,0.010301641499351647,0,-0.1770811059073447,-0.1542318115234375,0.07297892761230469,0,0,0.7,undefined,0.03492838729658994,-0.010301641499351647,0.7,0,0.02111961070424869,-0.03264028128668557,1.3784615384615384,0,0,0,0,0,0,0,0,0
