0.21952048041293842,-0.04266089047301987,0.705,0.04483750848373437,-0.006875016689300537,0.00039577656984329226,0,0,1,0,-0.21952048041293842,0.04266089047301987,0.29500000000000004,-0.04483750848373437,-0.10976024020646921,0.012798267141905961,0.23600000000000004,-0.04483750848373437,0,0,0,0,0,0,0,0
0.21866894018032484,-0.04260125787375329,0.707,0.043319072034499265,-0.012720172882080077,0.0014661122560501098,0,0,1,0,-0.21866894018032484,0.04260125787375329,0.29300000000000004,-0.043319072034499265,-0.10466296287477177,0.012470154500986671,0.22292459016393446,-0.035851351792359404,0,0,0,0,0,0,0,0
0.22042947437355756,-0.042769393081584506,0.704,0.03438298626428839,0.02627402114868164,-0.0036632750034332274,0,0,1,0,-0.22042947437355756,0.042769393081584506,0.29600000000000004,-0.03438298626428839,-0.1195617770256683,0.013751715696666174,0.2522411764705883,0.005040921545465482,0,0,0,0,0,0,0,0
0.22307956284015507,-0.04315735529062234,0.706,0.027890361446869308,0.039527782440185545,-0.007182493686676026,0,0,1,0,-0.22307956284015507,0.04315735529062234,0.29400000000000004,-0.027890361446869308,-0.12716675236691433,0.015255041215898432,0.22372459016393448,0.004040580278142553,0,0,0,0,0,0,0,0
0.22446077352692245,-0.04416659824747085,0.707,0.020559978588493247,0.020287935256958007,-0.015710518836975097,0,0,1,0,-0.22446077352692245,0.04416659824747085,0.29300000000000004,-0.020559978588493247,-0.11971510805758533,0.01840893283116152,0.22940000000000005,0.010855947947404153,0,0,0,0,0,0,0,0
0.22679686966791804,-0.04573139615940591,0.709,0.012758356832078502,0.03455148696899414,-0.024187408447265624,0,0,1,0,-0.22679686966791804,0.04573139615940591,0.29100000000000004,-0.012758356832078502,-0.1275192791019314,0.022838402247193967,0.22132459016393446,0.02561027475684647,0,0,0,0,0,0,0,0
0.22969961662594318,-0.04816691446453647,0.716,0.007627088831215337,0.04307157516479492,-0.03708530044555664,0,0,1,0,-0.22969961662594318,0.04816691446453647,0.28400000000000003,-0.007627088831215337,-0.13024134678552005,0.026802017429473853,0.1922,0.01436405974391251,0,0,0,0,0,0,0,0
0.23279482679553748,-0.049988069744330274,0.724,0.005829399701661089,0.04621845245361328,-0.027670642852783204,0,0,1,0,-0.23279482679553748,0.049988069744330274,0.276,-0.005829399701661089,-0.13547028663223554,0.025824171128402997,0.1741333333333333,0.0031590459461101478,0,0,0,0,0,0,0,0
0.23218334541056362,-0.05293089556800446,0.733,0.0027750735106709806,-0.009429387092590332,-0.04408816909790039,0,0,1,0,-0.23218334541056362,0.05293089556800446,0.267,-0.0027750735106709806,-0.11416764262195793,0.03104751276111325,0.1679478260869565,0.01050460558059036,0,0,0,0,0,0,0,0
0.23035696488889987,-0.05503749204288834,0.739,-0.0005934119456780657,-0.027483291625976562,-0.031522800445556644,0,0,1,0,-0.23035696488889987,0.05503749204288834,0.261,0.0005934119456780657,-0.10618877822721902,0.02867831445652621,0.1749290322580645,0.016892535121560547,0,0,0,0,0,0,0,0
0.22825287927393523,-0.05856704902685373,0.747,-0.0032463124087094143,-0.03152986145019531,-0.05296207427978516,0,0,1,0,-0.22825287927393523,0.05856704902685373,0.253,0.0032463124087094143,-0.10579907149831923,0.03436029588931332,0.16506666666666667,0.01385791426083481,0,0,0,0,0,0,0,0
0.22371125099246497,-0.0613063337669907,0.755,-0.005969026041820466,-0.06799067687988282,-0.04131020736694336,0,0,1,0,-0.22371125099246497,0.0613063337669907,0.245,0.005969026041820466,-0.08456909386671484,0.036176345852444225,0.14509090909090905,0.02082019131333529,0,0,0,0,0,0,0,0
0.21815925332959424,-0.06383865653789206,0.762,-0.007522369076095478,-0.08305175018310547,-0.03848126220703125,0,0,1,0,-0.21815925332959424,0.06383865653789206,0.238,0.007522369076095478,-0.08268258881658415,0.0323933948786081,0.15489275362318838,0.014276034442508573,0,0,0,0,0,0,0,0
0.2101066371399869,-0.06740935988716294,0.769,-0.010838494654884831,-0.12038292694091797,-0.054467647552490235,0,0,1,0,-0.2101066371399869,0.06740935988716294,0.23099999999999998,0.010838494654884831,-0.06149053662298716,0.04081848050847647,0.1452838709677419,0.02688426358451073,0,0,0,0,0,0,0,0
0.20042226585343553,-0.07060306091338765,0.778,-0.012932889757278007,-0.14473782348632813,-0.04947713088989258,0,0,1,0,-0.20042226585343553,0.07060306091338765,0.22199999999999998,0.012932889757278007,-0.05312133707453248,0.037868043343564486,0.13194782608695646,0.022038955419857034,0,0,0,0,0,0,0,0
0.19067951004160924,-0.0728923140566681,0.789,-0.015184364492350597,-0.14568502807617187,-0.03622590255737305,0,0,1,0,-0.19067951004160924,0.0728923140566681,0.21099999999999997,0.015184364492350597,-0.04158883820105063,0.03553440987522589,0.10568524590163926,0.026257191058281365,0,0,0,0,0,0,0,0
0.1825337346521073,-0.07444259603022078,0.799,-0.01731366617978368,-0.1218194580078125,-0.02510680389404297,0,0,1,0,-0.1825337346521073,0.07444259603022078,0.20099999999999996,0.01731366617978368,-0.05222380619345867,0.030779549980939565,0.11007536231884052,0.026571499603405775,0,0,0,0,0,0,0,0
0.17106137726690523,-0.07659522164918911,0.806,-0.018430676901060136,-0.17150054931640624,-0.03526382446289063,0,0,1,0,-0.17106137726690523,0.07659522164918911,0.19399999999999995,0.018430676901060136,-0.02208612407694606,0.03595944221126474,0.11503606557377044,0.02392417225160009,0,0,0,0,0,0,0,0
0.15885452044077852,-0.07808003606418307,0.816,-0.020367992370773785,-0.18266128540039062,-0.02564295196533203,0,0,1,0,-0.15885452044077852,0.07808003606418307,0.18400000000000005,0.020367992370773785,-0.020884611088061285,0.0315324840353397,0.09720000000000056,0.028670772955260847,0,0,0,0,0,0,0,0
0.1482861264443374,-0.07993367987140075,0.826,-0.021554816262129833,-0.15792674255371095,-0.03102752113342285,0,0,1,0,-0.1482861264443374,0.07993367987140075,0.17400000000000004,0.021554816262129833,-0.01507470491710091,0.03552538751922789,0.08086666666666667,0.027488935718910073,0,0,0,0,0,0,0,0
0.1345661530781959,-0.08083432789287433,0.833,-0.023788837704682635,-0.20546061706542967,-0.017942211151123048,0,0,1,0,-0.1345661530781959,0.08083432789287433,0.16700000000000004,0.023788837704682635,-0.0013580126897173445,0.029542483853793034,0.0986,0.03336321531562322,0,0,0,0,0,0,0,0
0.1243407365155977,-0.08065271764331862,0.842,-0.02569124658935649,-0.15340264892578126,-0.000925034523010254,0,0,1,0,-0.1243407365155977,0.08065271764331862,0.15800000000000003,0.02569124658935649,-0.006250596188246714,0.023991932807279917,0.0747606557377049,0.03504735585824431,0,0,0,0,0,0,0,0
0.1132589990084262,-0.07992845051446924,0.851,-0.027384215963790908,-0.1664502868652344,0.006590336799621582,0,0,1,0,-0.1132589990084262,0.07992845051446924,0.14900000000000002,0.027384215963790908,-0.005592139487572485,0.02135348418757422,0.07544999999999999,0.034438255023934314,0,0,0,0,0,0,0,0
0.10352686682683922,-0.07804169450294288,0.858,-0.027890361446869388,-0.14670216369628905,0.02429362678527832,0,0,1,0,-0.10352686682683922,0.07804169450294288,0.14200000000000002,0.027890361446869388,0.004072707548337558,0.012967867933110468,0.07135862068965515,0.030508355324861524,0,0,0,0,0,0,0,0
0.09408315236545035,-0.0767480968655105,0.866,-0.02698279023583237,-0.14214173889160156,0.015446101188659668,0,0,1,0,-0.09408315236545035,0.0767480968655105,0.134,0.02698279023583237,-0.004094613646657266,0.017732322044274103,0.0683111111111111,0.023201243523178133,0,0,0,0,0,0,0,0
0.08480782327300526,-0.07421760470339005,0.874,-0.028571039855147178,-0.14010336303710938,0.03418990707397461,0,0,1,0,-0.08480782327300526,0.07421760470339005,0.126,0.028571039855147178,0.01055873055254164,0.008034331131854897,0.05252413793103445,0.03678612409298239,0,0,0,0,0,0,0,0
0.07840637949219241,-0.07218506954293337,0.882,-0.030386182277221212,-0.09685342407226563,0.027732519149780272,0,0,1,0,-0.07840637949219241,0.07218506954293337,0.118,0.030386182277221212,-0.010260026607525008,0.012582635653255214,0.05439999999999997,0.03816536408610993,0,0,0,0,0,0,0,0
0.07144644715341768,-0.06968765077092587,0.889,-0.03207915165165563,-0.10548892211914063,0.03427219009399414,0,0,1,0,-0.07144644715341768,0.06968765077092587,0.11099999999999999,0.03207915165165563,0.001103176334397743,0.007709143320371776,0.04863606557377045,0.04040523054231671,0,0,0,0,0,0,0,0
0.06613264697406424,-0.06635014754644286,0.894,-0.03211405823669554,-0.0812716827392578,0.047480297088623044,0,0,1,0,-0.06613264697406424,0.06635014754644286,0.10599999999999998,0.03211405823669554,-0.010026126148109289,0.004631972244248526,0.0601521126760563,0.032261550849540216,0,0,0,0,0,0,0,0
0.05953029627770284,-0.06344448756867976,0.899,-0.03293436298513296,-0.10038364410400391,0.04038254928588867,0,0,1,0,-0.05953029627770284,0.06344448756867976,0.10099999999999998,0.03293436298513296,0.006211623890541383,0.0030132212128751897,0.051138983050847416,0.037105404078882576,0,0,0,0,0,0,0,0
0.05513707594612053,-0.06055541344057865,0.905,-0.03356268151585095,-0.06728955841064453,0.04114268493652344,0,0,1,0,-0.05513707594612053,0.06055541344057865,0.09499999999999997,0.03356268151585095,-0.008830747420723054,0.004980483093128797,0.04599999999999996,0.03625547521892803,1425558850550,0,0,0,0,0,0,0
0.05019616979107777,-0.057970203318116274,0.912,-0.03433062638672845,-0.07537310791015625,0.03626932907104492,0,0,1,0,-0.05019616979107777,0.057970203318116274,0.08799999999999997,0.03433062638672845,-0.0004653054608197531,0.004092304112278155,0.030883870967741874,0.03804648866516797,1425558850550,0,0,0,0,0,0,0
0.04522127531877819,-0.05483400207131061,0.927,-0.03630284844148201,-0.07619414520263672,0.044453933715820314,0,0,1,0,-0.04522127531877819,0.05483400207131061,0.07299999999999995,0.03630284844148201,-0.0010272529214591548,0.002102749416332768,-0.016600000000000087,0.04475522867614012,1425558850550,0,0,0,0,0,0,0
0.0418967241413861,-0.05298561234646568,0.925,-0.03659955441432116,-0.050841716766357424,0.025897615432739256,0,0,1,0,-0.0418967241413861,0.05298561234646568,0.07499999999999996,0.03659955441432116,-0.004542254997314074,0.0062954764527390315,0.071864406779661,0.03810822885248633,1425558850550,0,0,0,0,0,0,0
0.038765865952993785,-0.04984942754944895,0.923,-0.03768165855055749,-0.048652782440185546,0.04529283142089844,0,0,1,0,-0.038765865952993785,0.04984942754944895,0.07699999999999996,0.03768165855055749,-0.006844323391086704,0.00044585715711274385,0.07174492753623186,0.04238645914288935,1425558850550,0,0,0,0,0,0,0
0.03732490519353571,-0.0473018439811458,0.925,-0.03844960342143498,-0.023038684844970705,0.03737235260009766,0.038765865952993785,-0.04984942754944895,0.923,-0.03768165855055749,0.0014409607594580778,-0.0025475835683031536,-0.0020000000000000018,0.0007679448708774947,0.0007204803797290389,-0.0007642750704909461,-0.0016000000000000016,0.0007679448708774947,1425558850550,0,0,0,0,0,0,0
0.0355052813733041,-0.044942890679459196,0.927,-0.041503929612425085,-0.028634361267089844,0.034308948516845704,0.038765865952993785,-0.04984942754944895,0.923,-0.03768165855055749,0.003260584579689682,-0.004906536869989757,-0.0040000000000000036,0.0038222710618675965,0.010862517992930355,-0.013441051724919988,-0.013344927536231895,0.017101950153128907,1425558850941,0,0,0,0,0,0,0
0.03359570149517546,-0.04198175322342128,0.927,-0.04584979944989085,-0.030461984634399412,0.043190326690673825,0.038765865952993785,-0.04984942754944895,0.923,-0.03768165855055749,0.005170164457818323,-0.007867674326027675,-0.0040000000000000036,0.008168140899333362,0.013547091690703568,-0.01935862003406733,-0.003200000000000003,0.029541271247525654,1425558851002,0,0,0,0,0,0,0
0.033238275183141104,-0.04048669248782444,0.929,-0.047315876021566144,-0.0063836236000061036,0.0221566104888916,0.038765865952993785,-0.04984942754944895,0.923,-0.03768165855055749,0.0055275907698526805,-0.009362735061624515,-0.006000000000000005,0.009634217471008656,0.004535084271179306,-0.010193670562848926,-0.014659154929577478,0.01582890721048173,1425558851073,0,0,0,0,0,0,0
0.03298110989080898,-0.03906757628815264,0.931,-0.05019566928735671,-0.004859987258911133,0.021080467224121095,0.038765865952993785,-0.04984942754944895,0.923,-0.03768165855055749,0.005784756062184808,-0.010781851261296313,-0.008000000000000007,0.012514010736799225,0.004405307949792976,-0.011534034654237416,-0.018066666666666682,0.026912977065752068,1425558851133,0,0,0,0,0,0,0
0.03422128735233277,-0.037542805293386855,0.933,-0.05249950389998933,0.017431659698486326,0.023776138305664062,0.038765865952993785,-0.04984942754944895,0.923,-0.03768165855055749,0.0045445786006610145,-0.012306622256062098,-0.010000000000000009,0.01481784534943184,-0.003912617755504835,-0.011345757730656499,-0.018000000000000016,0.02469142226071448,1425558851203,0,0,0,0,0,0,0
0.035192600575225996,-0.037676754235170216,0.934,-0.05403539364174434,0.014655059814453125,-0.001241915225982666,0.038765865952993785,-0.04984942754944895,0.923,-0.03768165855055749,0.0035732653777677884,-0.012172673314278737,-0.01100000000000001,0.01635373509118685,-0.0036783914414535747,-0.0029331017507123135,-0.014445161290322592,0.023785459648065933,1425558851265,0,0,0,0,0,0,0
0.03604739973621509,-0.03795314864959089,0.936,-0.05707226654021444,0.013027190208435058,-0.0034473609924316408,0.038765865952993785,-0.04984942754944895,0.923,-0.03768165855055749,0.002718466216778695,-0.011896278899858066,-0.013000000000000012,0.01939060798965695,-0.0030204242221798534,-0.0021918179675549628,-0.020694117647058842,0.03278857665937798,1425558851333,0,0,0,0,0,0,0
0.0400734462612468,-0.0375738976005792,0.937,-0.05801474433629136,0.05996787643432617,0.009124266624450683,0.038765865952993785,-0.04984942754944895,0.923,-0.03768165855055749,-0.001307580308253016,-0.012275529948869754,-0.014000000000000012,0.020333085785733875,-0.024119801864984525,-0.0059478746956474595,-0.017033333333333348,0.025045474766118493,1425558851393,0,0,0,0,0,0,0
0.043952781221246705,-0.03731125447236264,0.938,-0.06019640590128436,0.05786369705200195,0.007307004928588867,0.038765865952993785,-0.04984942754944895,0.923,-0.03768165855055749,-0.00518691526825292,-0.012538173077086316,-0.014999999999999902,0.022514747350726873,-0.021974503589653457,-0.005136362210447689,-0.01699999999999937,0.03186472548641115,1425558851463,0,0,0,0,0,0,0
0.047811261418934686,-0.03736424414925287,0.933,-0.06042329870404359,0.0578201904296875,0.0026884903907775878,0.038765865952993785,-0.04984942754944895,0.923,-0.03768165855055749,-0.009045395465940902,-0.012485183400196082,-0.010000000000000009,0.0227416401534861,-0.026651407386138606,-0.0035108264984738593,0.020688524590163317,0.02385750639656426,1425558851524,0,0,0,0,0,0,0
0.05331079982690024,-0.03848212099272126,0.932,-0.06078981784696244,0.0833551025390625,-0.011756080627441406,0.038765865952993785,-0.04984942754944895,0.923,-0.03768165855055749,-0.014544933873906457,-0.011367306556727692,-0.009000000000000008,0.023108159296404952,-0.03516860110385523,0.002183043769053667,-0.0021275362318840607,0.024701720787356485,1425558851593,0,0,0,0,0,0,0
0.056833334313387565,-0.04014282213159182,0.931,-0.06293657282691542,0.05425379180908203,-0.021654468536376953,0.038765865952993785,-0.04984942754944895,0.923,-0.03768165855055749,-0.01806746836039378,-0.009706605417857131,-0.008000000000000007,0.025254914276357933,-0.029255943634089843,0.0065335563875809945,-0.0006622950819672145,0.03581272565317587,1425558851654,0,0,0,0,0,0,0
0.0638324090375026,-0.04574599283259444,0.931,-0.0634950781875536,0.11006443786621094,-0.0772780532836914,0.038765865952993785,-0.04984942754944895,0.923,-0.03768165855055749,-0.02506654308450882,-0.004103434716854516,-0.008000000000000007,0.025813419636996106,-0.04806406641222687,0.027104943503451443,-0.006400000000000006,0.028241703813683815,1425558851723,0,0,0,0,0,0,0
0.06871815035642742,-0.0507577995713621,0.931,-0.06384414403795255,0.07790860748291016,-0.07037542724609375,0.038765865952993785,-0.04984942754944895,0.923,-0.03768165855055749,-0.029952284403433636,0.0009083720219131494,-0.008000000000000007,0.02616248548739506,-0.04305559701059667,0.028943427437867642,-0.006400000000000006,0.027879202784439103,1425558851784,0,0,0,0,0,0,0
0.07297970909278086,-0.05566468889868323,0.933,-0.06384414403795255,0.06848909759521485,-0.06937502288818359,0.038765865952993785,-0.04984942754944895,0.923,-0.03768165855055749,-0.03421384313978707,0.005815261349234276,-0.010000000000000009,0.02616248548739506,-0.038485177756907504,0.026197743382356975,-0.018000000000000016,0.02616248548739506,1425558851854,0,0,0,0,0,0,0
0.07776395996890455,-0.062205979621044676,0.935,-0.06375687757535284,0.07787764739990234,-0.09334087371826172,0.038765865952993785,-0.04984942754944895,0.923,-0.03768165855055749,-0.03899809401591076,0.012356552071595722,-0.01200000000000001,0.02607521902479535,-0.04704391813158945,0.041165217407198966,-0.021075409836065595,0.025646039700534477,1425558851915,0,0,0,0,0,0,0
0.08030335987454487,-0.07000290342593667,0.933,-0.06405358354819188,0.04546516799926758,-0.11428931427001954,0.038765865952993785,-0.04984942754944895,0.923,-0.03768165855055749,-0.04153749392155109,0.020153475876487713,-0.010000000000000009,0.02637192499763439,-0.0337726731882955,0.045535818002121135,0.002144927536231885,0.02766195096649978,1425558851984,0,0,0,0,0,0,0
0.08242820826291554,-0.07836399492792903,0.933,-0.06429792964347089,0.03983523941040039,-0.12311901092529297,0.038765865952993785,-0.04984942754944895,0.923,-0.03768165855055749,-0.043662342309921755,0.028514567378480078,-0.010000000000000009,0.026616271092913403,-0.03417247044520072,0.05648540166684814,-0.008000000000000007,0.027817973200842977,1425558852045,0,0,0,0,0,0,0
0.08563243626125346,-0.08771936151961289,0.932,-0.06517059426946822,0.056980846405029296,-0.1369522705078125,0.038765865952993785,-0.04984942754944895,0.923,-0.03768165855055749,-0.04686657030825967,0.03786993397016394,-0.009000000000000008,0.027488935718910736,-0.039411596793911825,0.0574634277915705,-0.0022704225352112696,0.031176251040026224,1425558852116,0,0,0,0,0,0,0
0.08610692879913497,-0.09623215744424851,0.931,-0.06482152841906938,0.015418148994445801,-0.1269573516845703,0.038765865952993785,-0.04984942754944895,0.923,-0.03768165855055749,-0.04734106284614118,0.04638272989479956,-0.008000000000000007,0.02713986986851189,-0.026696070398950077,0.06442626489545576,-0.00046779661016949255,0.025364958764788954,1425558852175,0,0,0,0,0,0,0
0.0852653033860542,-0.10248848009859238,0.931,-0.06647959120846388,-0.006518960952758789,-0.09446550750732421,0.038765865952993785,-0.04984942754944895,0.923,-0.03768165855055749,-0.04649943743306042,0.052639052549143424,-0.008000000000000007,0.028797932657906387,-0.01928489399153905,0.04712198545920388,-0.006400000000000006,0.035903916041025656,1425558852245,0,0,0,0,0,0,0
0.08363352958582097,-0.11089024966484962,0.927,-0.06675884388878302,-0.01605051612854004,-0.12737415313720704,0.038765865952993785,-0.04984942754944895,0.923,-0.03768165855055749,-0.04486766363282719,0.06104082211540066,-0.0040000000000000036,0.02907718533822553,-0.013341866872927018,0.06660501251934449,0.019750819672131166,0.030450559175860654,1425558852306,0,0,0,0,0,0,0
0.0811371568361811,-0.11648133174526583,0.928,-0.06808529412029869,-0.03176752471923828,-0.08617738342285156,0.038765865952993785,-0.04984942754944895,0.923,-0.03768165855055749,-0.042371290883187314,0.06663190419581688,-0.0050000000000000044,0.030403635569741204,-0.009004113212241196,0.04807751531799516,-0.009000000000000008,0.03608842227623695,1425558852376,0,0,0,0,0,0,0
0.07840696029219806,-0.12081156463591182,0.928,-0.06880087911361639,-0.03643910217285156,-0.06758914184570312,0.038765865952993785,-0.04984942754944895,0.923,-0.03768165855055749,-0.03964109433920427,0.07096213708646287,-0.0050000000000000044,0.0311192205630589,-0.004733056321873784,0.045910034400457864,-0.0040000000000000036,0.03458172859524131,1425558852438,0,0,0,0,0,0,0
0.07577434131125213,-0.12519281403902635,0.928,-0.0688357856986563,-0.034877918243408204,-0.06827801513671874,0.038765865952993785,-0.04984942754944895,0.923,-0.03768165855055749,-0.037008475358258346,0.07534338648957739,-0.0050000000000000044,0.031154127148098808,-0.005877723492124643,0.04443074825865584,-0.0040000000000000036,0.031301619760943485,1425558852509,0,0,0,0,0,0,0
0.07391319899984407,-0.1270893237398891,0.929,-0.06892305216125588,-0.025894350051879882,-0.03030045509338379,0.038765865952993785,-0.04984942754944895,0.923,-0.03768165855055749,-0.03514733304685028,0.07723989619044014,-0.006000000000000005,0.031241393610698394,-0.007267606018100354,0.03433072221811549,-0.010537704918032798,0.03167057293495865,1425558852570,0,0,0,0,0,0,0
0.0711999427390979,-0.1278605254628145,0.928,-0.06780604143997965,-0.0398055419921875,-0.01434342861175537,0.038765865952993785,-0.04984942754944895,0.923,-0.03768165855055749,-0.03243407678610411,0.07801109791336555,-0.0050000000000000044,0.03012438288942216,-0.0022225896011074057,0.027821663128301505,0.0013030303030303033,0.02504706142907564,1425558852636,0,0,0,0,0,0,0
0.06875024858776516,-0.12668887201453172,0.935,-0.06794566778013927,-0.03785173797607422,0.015044763565063476,0.038765865952993785,-0.04984942754944895,0.923,-0.03768165855055749,-0.02998438263477137,0.07683944446508276,-0.01200000000000001,0.030264009229581786,-0.001575894417065021,0.016813928751043372,-0.049116129032258114,0.030939620552934817,1425558852698,0,0,0,0,0,0,0
0.0679801073696929,-0.12529726980574804,0.935,-0.06777113485493974,-0.012942671775817871,0.020041555404663087,0.038765865952993785,-0.04984942754944895,0.923,-0.03768165855055749,-0.029214241416699115,0.07544784225629908,-0.01200000000000001,0.030089476304382252,-0.01107564593658296,0.015899266885498517,-0.00960000000000001,0.029319478104972548,1425558852766,0,0,0,0,0,0,0
0.06665395718290829,-0.12331471021156384,0.93,-0.06771877497737983,-0.021860450744628907,0.02832303810119629,0.038765865952993785,-0.04984942754944895,0.923,-0.03768165855055749,-0.0278880912299145,0.07346528266211488,-0.007000000000000006,0.030037116426822337,-0.006784486281919222,0.011136629323386436,0.023088524590163955,0.029779608832265377,1425558852827,0,0,0,0,0,0,0
0.06711506153030496,-0.12079614625409439,0.935,-0.06831218692305802,0.004344356060028076,0.038159893035888674,0.038765865952993785,-0.04984942754944895,0.923,-0.03768165855055749,-0.02834919557731117,0.07094671870464545,-0.01200000000000001,0.030630528372500528,-0.016949463078269205,0.009213244985735418,-0.03460000000000003,0.03317372242540706,1425558852897,0,0,0,0,0,0,0
0.06759098498512096,-0.1187887662954608,0.935,-0.06665412413366328,0.005066873073577881,0.030527761459350586,0.038765865952993785,-0.04984942754944895,0.923,-0.03768165855055749,-0.02882511903212718,0.06893933874601185,-0.01200000000000001,0.028972465583105796,-0.01767541829320651,0.009535497963377512,-0.00960000000000001,0.020682151636132136,1425558852957,0,0,0,0,0,0,0
0.06799855386288456,-0.11658162381977386,0.933,-0.06527531402458792,0.003894864082336426,0.033440811157226566,0.038765865952993785,-0.04984942754944895,0.923,-0.03768165855055749,-0.029232687909890774,0.0667321962703249,-0.010000000000000009,0.027593655474030428,-0.017132880142583604,0.009750171695661542,0.001859154929577467,0.021767697266669717,1425558853028,0,0,0,0,0,0,0
0.06829353995500617,-0.1138803721661605,0.933,-0.0643851961060708,0.0017723701000213624,0.040721107482910156,0.038765865952993785,-0.04984942754944895,0.923,-0.03768165855055749,-0.029527674002012387,0.06403094461671155,-0.010000000000000009,0.02670353755551331,-0.017009699641915708,0.004101193263327484,-0.008000000000000007,0.022252947962927712,1425558853088,0,0,0,0,0,0,0
0.06951918469276906,-0.11152505798989004,0.93,-0.06469935537142973,0.01607343864440918,0.03643939208984375,0.038765865952993785,-0.04984942754944895,0.923,-0.03768165855055749,-0.030753318739775277,0.06167563044044109,-0.007000000000000006,0.027017696820872246,-0.02214002812156908,0.007247210686533013,0.009617391304347831,0.02838360667025893,1425558853157,0,0,0,0,0,0,0
0.07061757342521595,-0.10876327428485219,0.931,-0.06403613025567184,0.013762944221496582,0.04240531158447266,0.038765865952993785,-0.04984942754944895,0.923,-0.03768165855055749,-0.031851707472222164,0.05891384673540324,-0.008000000000000007,0.026354471705114353,-0.022793843936538657,0.0025555588962535188,-0.012137704918032798,0.023092708840731273,1425558853218,0,0,0,0,0,0,0
0.07134519187807413,-0.10708849315284384,0.931,-0.06473426195646953,0.009284308433532715,0.025768657684326172,0.038765865952993785,-0.04984942754944895,0.923,-0.03768165855055749,-0.032579325925080345,0.05723906560339489,-0.008000000000000007,0.02705260340591204,-0.020516320523333905,0.00956558618947014,-0.006400000000000006,0.030044596409330705,1425558853288,0,0,0,0,0,0,0
0.07216693126787081,-0.10549412076890438,0.932,-0.06377433086787271,0.010753196716308594,0.024662857055664063,0.038765865952993785,-0.04984942754944895,0.923,-0.03768165855055749,-0.03340106531487703,0.05564469321945543,-0.009000000000000008,0.02609267231731522,-0.022024370741961105,0.008347085128688812,-0.012937704918032799,0.021371699750445606,1425558853349,0,0,0,0,0,0,0
0.07347788017902855,-0.10493614760750095,0.934,-0.06340781172495386,0.01909085464477539,0.009605806350708007,0.038765865952993785,-0.04984942754944895,0.923,-0.03768165855055749,-0.03471201422603477,0.05508672005805199,-0.01100000000000001,0.025726153174396367,-0.0245439900251092,0.01457642634579634,-0.018800000000000015,0.024155356847601284,1425558853419,0,0,0,0,0,0,0
0.07351301108291662,-0.10532740685009472,0.935,-0.06328563867731435,0.0008977886438369751,-0.005823703289031983,0.038765865952993785,-0.04984942754944895,0.923,-0.03768165855055749,-0.034747145129922836,0.05547797930064576,-0.01200000000000001,0.02560398012675686,-0.01823258948102291,0.019799302294969023,-0.015433333333333348,0.024993114888559327,1425558853479,0,0,0,0,0,0,0
0.07406982022897826,-0.10592508644667044,0.935,-0.06138322979264038,0.008902406692504883,-0.008419029235839844,0.038765865952993785,-0.04984942754944895,0.923,-0.03768165855055749,-0.03530395427598448,0.056075658897221485,-0.01200000000000001,0.023701571242082893,-0.02107596340752299,0.020682382180405485,-0.00960000000000001,0.015663223842052043,1425558853550,0,0,0,0,0,0,0
0.07506196821238044,-0.10787433191464801,0.934,-0.060667644799322795,0.016647829055786132,-0.02827066993713379,0.038765865952993785,-0.04984942754944895,0.923,-0.03768165855055749,-0.036296102259386655,0.05802490436519906,-0.01100000000000001,0.022985986248765307,-0.0247342419112953,0.02991840321667885,-0.0028677966101694936,0.019347418486133514,1425558853609,0,0,0,0,0,0,0
0.07620516240326901,-0.10878299875499128,0.934,-0.06167993576547953,0.017942758560180665,-0.012565241813659669,0.038765865952993785,-0.04984942754944895,0.923,-0.03768165855055749,-0.037439296450275224,0.05893357120554233,-0.01100000000000001,0.023998277214922044,-0.025162393838345717,0.02321227039759373,-0.008800000000000007,0.028336667069879487,1425558853679,0,0,0,0,0,0,0
0.07787603518014863,-0.1117024350651115,0.936,-0.061610122595399726,0.027714778900146484,-0.04216336059570312,0.038765865952993785,-0.04984942754944895,0.923,-0.03768165855055749,-0.039110169227154844,0.06185300751566255,-0.013000000000000012,0.023928464044842238,-0.029892691424880543,0.036333361497958266,-0.021875409836065594,0.023585120585433356,1425558853740,0,0,0,0,0,0,0
0.07929018719347825,-0.11562171805433238,0.936,-0.060824724432002215,0.024791755676269532,-0.05737163925170898,0.038765865952993785,-0.04984942754944895,0.923,-0.03768165855055749,-0.04052432124048446,0.06577229050488342,-0.013000000000000012,0.023143065881444727,-0.028213989114114685,0.04068408616052867,-0.01040000000000001,0.01972829125797729,1425558853809,0,0,0,0,0,0,0
0.0800675886877976,-0.12140578575879421,0.938,-0.061348323207600704,0.016913419723510743,-0.08589173126220703,3,0,1,0,2.9199324113122023,0.12140578575879421,0.062000000000000055,0.061348323207600704,1.4599662056561011,0.03642173572763826,0.04960000000000005,0.061348323207600704,0,0,0,0,0,0,0,0
0.07996891695388808,-0.12439288662461416,0.938,-0.06206390820091818,0.0012697888612747193,-0.04481296539306641,3,0,1,0,2.920031083046112,0.12439288662461416,0.062000000000000055,0.06206390820091818,1.4625529219507372,0.052340445337121226,0.04960000000000005,0.06513070102942164,0,0,0,0,0,0,0,0
0.08066926700918611,-0.13019208191313195,0.937,-0.05904448859496798,0.015880370140075685,-0.08616886901855468,3,0,1,0,2.919330732990814,0.13019208191313195,0.06299999999999994,0.05904448859496798,1.4593756113707608,0.07305145402674511,0.05623333333333265,0.043947390565216966,0,0,0,0,0,0,0,0
0.08216640879983443,-0.1361356503087203,0.936,-0.05717698629533413,0.027678958892822264,-0.08767296600341797,3,0,1,0,2.9178335912001656,0.1361356503087203,0.06399999999999995,0.05717698629533413,1.4572691903586088,0.07081902229555903,0.056199999999999965,0.04917340501118908,0,0,0,0,0,0,0,0
0.0859561442807604,-0.14013000030256623,0.935,-0.056793013859895276,0.06017704391479492,-0.056568824768066406,3,0,1,0,2.9140438557192394,0.14013000030256623,0.06499999999999995,0.056793013859895276,1.4428932144164217,0.06530336621998967,0.057737704918032755,0.05490462483314681,0,0,0,0,0,0,0,0
0.0954210805902866,-0.14296299301768886,0.936,-0.05696754678509481,0.14415725708007812,-0.0343675765991211,3,0,1,0,2.9045789194097136,0.14296299301768886,0.06399999999999995,0.05696754678509481,1.4146136538645702,0.05749990010121799,0.046199999999999956,0.05771554503594995,0,0,0,0,0,0,0,0
0.11237940648923939,-0.14532404642040944,0.939,-0.05579817618625854,0.25597869873046875,-0.020875072479248045,3,0,1,0,2.8876205935107606,0.14532404642040944,0.061000000000000054,0.05579817618625854,1.356268177074937,0.0579032584901433,0.031300000000000675,0.0499513231920772,0,0,0,0,0,0,0,0
0.13717351109666087,-0.1452949417865075,0.939,-0.05452408583230267,0.37130841064453124,0.02117711067199707,3,0,1,0,2.8628264889033392,0.1452949417865075,0.061000000000000054,0.05452408583230267,1.320828148020244,0.04407789887384355,0.048800000000000045,0.04906369860106323,0,0,0,0,0,0,0,0
0.17097688891513976,-0.1468321709223342,0.94,-0.051452306348792776,0.5075537719726563,0.004608607292175293,3,0,1,0,2.8290231110848603,0.1468321709223342,0.06000000000000005,0.051452306348792776,1.2324080254069683,0.05373986004564361,0.042166666666666706,0.0360934089312433,0,0,0,0,0,0,0,0
0.21395235171931462,-0.14555388548516993,0.941,-0.04722860955896652,0.642792724609375,0.052302074432373044,3,0,1,0,2.7860476482806855,0.14555388548516993,0.05900000000000005,0.04722860955896652,1.198233885464628,0.03819114062958722,0.04227042253521131,0.029382003404771054,0,0,0,0,0,0,0,0
0.26328827405378613,-0.14284894124487807,0.943,-0.043703044469937835,0.737298095703125,0.07546693420410157,3,0,1,0,2.736711725946214,0.14284894124487807,0.05700000000000005,0.043703044469937835,1.0992659440268684,0.02798793240515668,0.033933333333333364,0.026075219024794427,0,0,0,0,0,0,0,0
0.31985782474099145,-0.13670206401890353,0.944,-0.04003785304074986,0.8437047729492188,0.12918724060058595,3,0,1,0,2.6801421752590087,0.13670206401890353,0.05600000000000005,0.04003785304074986,1.0736763508291653,0.010837223047426982,0.039727536231884096,0.02410223813123693,0,0,0,0,0,0,0,0
0.3855595208151247,-0.12884519353512874,0.945,-0.03731513940763858,0.980018310546875,0.15720639038085937,3,0,1,0,2.6144404791848754,0.12884519353512874,0.05500000000000005,0.03731513940763858,0.9523903630361987,-0.005341834928937375,0.03826229508196725,0.023924744490697855,0,0,0,0,0,0,0,0
0.4566874586005568,-0.11994800170052375,0.946,-0.03576179637336368,1.061197509765625,0.17316796875,3,0,1,0,2.5433125413994433,0.11994800170052375,0.05400000000000005,0.03576179637336368,0.9399439686829512,-0.007332583636052235,0.03820000000000004,0.02910461194075696,0,0,0,0,0,0,0,0
0.5305000171800593,-0.11038155569483826,0.948,-0.03574434308084378,1.101349853515625,0.18299154663085937,3,0,1,0,2.469499982819941,0.11038155569483826,0.052000000000000046,0.03574434308084378,0.829585819929622,-0.02145459769781468,0.02993333333333336,0.03565707661824429,0,0,0,0,0,0,0,0
0.6130720254780887,-0.10125670575115323,0.949,-0.034732052114687044,1.2328975830078126,0.18104812622070313,3,0,1,0,2.386927974521911,0.10125670575115323,0.051000000000000045,0.034732052114687044,0.8076838822530548,-0.013941154338820913,0.03580000000000003,0.0303936622597296,0,0,0,0,0,0,0,0
0.7006273187301075,-0.09124014343095634,0.953,-0.032480577379614343,1.3073199462890626,0.19576327514648437,3,0,1,0,2.2993726812698925,0.09124014343095634,0.04700000000000004,0.032480577379614343,0.6758024577608578,-0.0287382957153375,0.014649180327868869,0.02140775081368303,0,0,0,0,0,0,0,0
0.795719496537178,-0.07974547129297174,0.951,-0.030002209841782528,1.420031005859375,0.21865072631835938,3,0,1,0,2.204280503462822,0.07974547129297174,0.049000000000000044,0.030002209841782528,0.676310529871902,-0.029767846033773797,0.04878904109589046,0.01981713776850109,0,0,0,0,0,0,0,0
0.8985531740093538,-0.07107630189738683,0.95,-0.02878047936538635,1.53791015625,0.17625064086914063,3,0,1,0,2.1014468259906462,0.07107630189738683,0.050000000000000044,0.02878047936538635,0.4505780546002338,-0.03044838350562177,0.04614035087719302,0.02235031896330121,0,0,0,0,0,0,0,0
1.0083157191766592,-0.0626477249224853,0.951,-0.028047441079548867,1.6421181640625,0.1737550354003906,3,0,1,0,1.9916842808233408,0.0626477249224853,0.049000000000000044,0.028047441079548867,0.4797130968478843,-0.021844246162439733,0.034200000000000036,0.02490584842595965,0,0,0,0,0,0,0,0
1.1217928364717202,-0.0537670625781707,0.951,-0.028588493147666916,1.6977515869140625,0.18089242553710938,3,0,1,0,1.8782071635282798,0.0537670625781707,0.049000000000000044,0.028588493147666916,0.32183475641857806,-0.03328738209141622,0.03920000000000004,0.031249404958083555,0,0,0,0,0,0,0,0
1.2340498114528564,-0.045470782129594337,0.953,-0.028867745827986062,1.679609375,0.17252566528320312,3,0,1,0,1.7659501885471436,0.045470782129594337,0.04700000000000004,0.028867745827986062,0.3486035502360516,-0.02687285336348957,0.027455072463768146,0.030081887916330173,0,0,0,0,0,0,0,0
1.3557093687116273,-0.03767616545420089,0.948,-0.029443704481144244,1.82075830078125,0.1695437774658203,3,0,1,0,1.6442906312883727,0.03767616545420089,0.052000000000000046,0.029443704481144244,0.18234268379909524,-0.030408346370747203,0.06937777777777784,0.032186364734278446,0,0,0,0,0,0,0,0
1.4877857966786798,-0.03080930016272078,0.948,-0.028815385950426257,1.97725537109375,0.1612821960449219,3,0,1,0,1.5122142033213202,0.03080930016272078,0.052000000000000046,0.028815385950426257,0.1032525931670627,-0.025016022111152367,0.04160000000000004,0.026002019394972587,0,0,0,0,0,0,0,0
1.6236166191588879,-0.02402620308844112,0.942,-0.02741912254883077,2.03368505859375,0.16040635681152343,3,0,1,0,1.3763833808411121,0.02402620308844112,0.05800000000000005,0.02741912254883077,-0.05322891299573129,-0.030084020333662344,0.08082622950819679,0.02055225336065624,0,0,0,0,0,0,0,0
1.7531138155109998,-0.02009124448870409,0.938,-0.02682571060315269,1.940109619140625,0.11225601196289063,3,0,1,0,1.2468861844890002,0.02009124448870409,0.062000000000000055,0.02682571060315269,0.005370181891955039,-0.012291170438500355,0.06988985507246383,0.02424565866542191,0,0,0,0,0,0,0,0
1.8948898930522287,-0.01828163305763157,0.937,-0.025464353786596998,2.12514794921875,0.08417622375488282,3,0,1,0,1.1051101069477713,0.01828163305763157,0.06299999999999994,0.025464353786596998,-0.2083116768731864,-0.0030783327303398793,0.056045161290321915,0.018877143383908165,0,0,0,0,0,0,0,0
2.0478983047655395,-0.01608260554987112,0.939,-0.023387411976723938,2.293542236328125,0.0914123077392578,3,0,1,0,0.9521016952344605,0.01608260554987112,0.061000000000000054,0.023387411976723938,-0.259939732363348,-0.004665882941827966,0.038655072463768717,0.014357230194667158,0,0,0,0,0,0,0,0
2.199515721208938,-0.015965982869814193,0.941,-0.01982694030265546,2.273598388671875,0.05493309783935547,3,0,1,0,0.8004842787910622,0.015965982869814193,0.05900000000000005,0.01982694030265546,-0.42906651652896033,0.0057942103369939294,0.035724590163934464,0.002316423872810492,0,0,0,0,0,0,0,0
2.3476734727900963,-0.016582421728708045,0.946,-0.01705186679198438,2.22211279296875,0.03481507110595703,3,0,1,0,0.6523265272099037,0.016582421728708045,0.05400000000000005,0.01705186679198438,-0.3529510136416463,0.009656805649513113,0.018894444444444464,0.00548906049752154,0,0,0,0,0,0,0,0
2.496080681998151,-0.018621964286306626,0.954,-0.01324704902263689,2.22630615234375,0.00736876916885376,3,0,1,0,0.5039193180018491,0.018621964286306626,0.04600000000000004,0.01324704902263689,-0.58702776297895,0.019382058863321932,-0.010657627118644077,-0.006099482007943573,0,0,0,0,0,0,0,0
2.633052106997773,-0.020071859688950672,0.962,-0.0089186324776908,2.05467919921875,0.005469688892364502,3,0,1,0,0.36694789300222697,0.020071859688950672,0.038000000000000034,0.0089186324776908,-0.4696611224710758,0.015086437690880437,-0.01017971014492754,-0.009900569891640024,0,0,0,0,0,0,0,0
2.759282323457649,-0.02193870788682867,0.977,-0.004817108735504269,1.893627685546875,-0.011114819526672363,3,0,1,0,0.2407176765423511,0.02193870788682867,0.02300000000000002,0.004817108735504269,-0.5504343267920956,0.018844211433233223,-0.06627741935483877,-0.015028973887978941,0,0,0,0,0,0,0,0
2.878628487116143,-0.02411729751410489,0.99,-0.0007330382858375256,1.7903291015625,-0.02405494689941406,3,0,1,0,0.12137151288385706,0.02411729751410489,0.010000000000000009,0.0007330382858375256,-0.5117166690770871,0.02018885786607804,-0.0589117647058824,-0.017284919580339283,0,0,0,0,0,0,0,0
2.9741492640266136,-0.023674190511964625,1.004,0.0007155849933178776,1.432806396484375,0.007696908950805664,3,0,1,0,0.025850735973386385,0.023674190511964625,-0.0040000000000000036,-0.0007155849933178776,-0.493249595324062,0.006314620832331582,-0.0835278688524591,-0.00783996177604937,1425558856086,0,0,0,0,0,0,0
3.057314433913276,-0.02261039376559404,1.018,0.0055850536063820205,1.2474886474609375,0.015064270973205566,3,0,1,0,-0.05731443391327584,0.02261039376559404,-0.018000000000000016,-0.0055850536063820205,-0.4086540067925742,0.0031574297529092113,-0.08541449275362324,-0.02675665627187829,1425558856086,0,0,0,0,0,0,0
3.1276743124713047,-0.02094350386032945,1.03,0.007452555906015859,1.0555213623046875,0.01910853385925293,3,0,1,0,-0.12767431247130467,0.02094350386032945,-0.030000000000000027,-0.007452555906015859,-0.42576373761748665,-0.0014979136359667897,-0.09285245901639352,-0.016636993445198672,0,0,0,0,0,0,0,0
3.185477215806806,-0.01911171198310443,1.036,0.010018189906447497,0.8672242431640625,0.021014484405517578,3,0,1,0,-0.18547721580680587,0.01911171198310443,-0.03600000000000003,-0.010018189906447497,-0.3360365465559166,-0.001499719434521942,-0.058377464788732444,-0.02085889695052484,0,0,0,0,0,0,0,0
3.2313616285106863,-0.01744454656573815,1.044,0.011152653920243963,0.688482177734375,0.018111160278320312,3,0,1,0,-0.2313616285106863,0.01744454656573815,-0.04400000000000004,-0.011152653920243963,-0.3463670351689715,-0.002849581159414998,-0.08265762711864413,-0.016921115007344636,0,0,0,0,0,0,0,0
3.262530803907647,-0.016733868634384943,1.043,0.011309733552923487,0.46762744140625,0.005445328712463379,3,0,1,0,-0.26253080390764705,0.016733868634384943,-0.04299999999999993,-0.011309733552923487,-0.24146180131026074,0.0033845437983817195,-0.02953888888888829,-0.011964232022421506,0,0,0,0,0,0,0,0
3.283800315722406,-0.0158192614457395,1.035,0.010821041362364905,0.31917742919921877,0.01011001968383789,3,0,1,0,-0.2838003157224058,0.0158192614457395,-0.03499999999999992,-0.010821041362364905,-0.2269222446451315,0.0011485435297177472,0.019457627118644173,-0.008336165817151778,0,0,0,0,0,0,0,0
3.2929057407168676,-0.015576618634000438,1.025,0.00951204442336924,0.13661276245117188,0.0021615052223205567,3,0,1,0,-0.2929057407168676,0.015576618634000438,-0.02499999999999991,-0.00951204442336924,-0.15168893039360953,0.005281337546759182,0.030724637681159527,-0.0038207533842576497,0,0,0,0,0,0,0,0
3.293007500464937,-0.01466025852673053,1.017,0.006422811647339224,0.0016570720672607422,0.013730260848999023,3,0,1,0,-0.29300750046493684,0.01466025852673053,-0.016999999999999904,-0.006422811647339224,-0.10631547387217789,0.000988365249248076,0.03230163934426241,0.008770136431496916,0,0,0,0,0,0,0,0
3.2853115437968015,-0.013408452915157743,1.008,0.0029496064358705693,-0.11531636810302734,0.019518136978149414,3,0,1,0,-0.28531154379680146,0.013408452915157743,-0.008000000000000007,-0.0029496064358705693,-0.06360356287113633,-0.00037901468087548143,0.03859999999999947,0.011935558756137951,0,0,0,0,0,0,0,0
3.274182368220664,-0.012494813903503939,0.997,-0.0003490658503986638,-0.166896484375,0.014196925163269043,3,0,1,0,-0.2741823682206639,0.012494813903503939,0.0030000000000000027,0.0003490658503986638,-0.03283008423150413,0.00037135245950080473,0.06551475409836072,0.016572044307460464,0,0,0,0,0,0,0,0
3.254066529779632,-0.008760587537499327,0.986,-0.0019373154697135825,-0.30175711059570315,0.05590806579589844,3,0,1,0,-0.25406652977963207,0.008760587537499327,0.014000000000000012,0.0019373154697135825,0.013773255186470185,-0.014171723818574743,0.06620000000000005,0.008744099552491804,0,0,0,0,0,0,0,0
3.229750056904006,-0.004649514975975288,0.968,-0.0031415926535897504,-0.3648658752441406,0.06095934295654297,3,0,1,0,-0.22975005690400607,0.004649514975975288,0.03200000000000003,0.0031415926535897504,0.06706054115946666,-0.020712380656913536,0.1306000000000001,0.00916297857297059,0,0,0,0,0,0,0,0
3.2037808422573875,0.0014001485506007078,0.958,-0.003281218993749266,-0.38982138061523436,0.08952073669433594,3,0,1,0,-0.20378084225738746,-0.0014001485506007078,0.04200000000000004,0.003281218993749266,0.06978634830853213,-0.029233688256345276,0.0843246376811595,0.003888290037921072,0,0,0,0,0,0,0,0
3.1767165968890345,0.008799616126174511,0.951,-0.004468042885105314,-0.40632568359375,0.10965936279296876,3,0,1,0,-0.17671659688903452,-0.008799616126174511,0.049000000000000044,0.004468042885105314,0.10676942724005231,-0.04322815874619909,0.07936393442622958,0.010304881695053092,0,0,0,0,0,0,0,0
3.150723036585639,0.02085711178763115,0.949,-0.006021385919380326,-0.3907076110839844,0.1791185302734375,3,0,1,0,-0.15072303658563913,-0.02085711178763115,0.051000000000000045,0.006021385919380326,0.09434184903027223,-0.06469152423097664,0.050800000000000047,0.012678570351987519,0,0,0,0,0,0,0,0
3.1245007236569204,0.03484995256847315,0.948,-0.005742133239061294,-0.39459140014648436,0.20752040100097657,3,0,1,0,-0.12450072365692044,-0.03484995256847315,0.052000000000000046,0.005742133239061294,0.13037399562765284,-0.09024771268439881,0.047433333333333376,0.004345869837466135,0,0,0,0,0,0,0,0
3.1045761096664393,0.04800533076418641,0.951,-0.004206243497306291,-0.29999737548828126,0.19561128234863281,3,0,1,0,-0.10457610966643927,-0.04800533076418641,0.049000000000000044,0.004206243497306291,0.08692267721434047,-0.07837991629830235,0.024200000000000027,-0.0023761411102151504,0,0,0,0,0,0,0,0
3.086151811079968,0.06428863776465908,0.957,-0.0043982297150255,-0.277389404296875,0.24308499145507811,3,0,1,0,-0.08615181107996817,-0.06428863776465908,0.04300000000000004,0.0043982297150255,0.10217239256131111,-0.11095604414736408,-0.00002622950819671649,0.005342424228398658,1425558857259,0,0,0,0,0,0,0
3.07379472430123,0.08026133596685195,0.961,-0.0024783675378317457,-0.1864082794189453,0.23877291870117187,3,0,1,0,-0.07379472430123002,-0.08026133596685195,0.039000000000000035,0.0024783675378317457,0.06024880626399918,-0.09691849722844734,0.012533333333333348,-0.005201081170943271,1425558857259,0,0,0,0,0,0,0
3.064721844031285,0.0960749328603361,0.969,-0.0021467549799529103,-0.1366806640625,0.23686593627929686,3,0,1,0,-0.06472184403128489,-0.0960749328603361,0.031000000000000028,0.0021467549799529103,0.06183144232200261,-0.12260591928615931,-0.023475862068965528,0.00043151761161410677,1425558857259,0,0,0,0,0,0,0
3.0623100239374086,0.11181043946743119,0.977,-0.0005410520681180937,-0.03668392181396484,0.23595439147949218,3,0,1,0,-0.06231002393740859,-0.11181043946743119,0.02300000000000002,0.0005410520681180937,0.0206586218876012,-0.11296730268637206,-0.02277647058823531,-0.006542931366447273,0,0,0,0,0,0,0,0
3.0609681166575395,0.127043621148596,0.984,0.00005235987755998581,-0.020252235412597658,0.22848680114746095,3,0,1,0,-0.06096811665753954,-0.127043621148596,0.016000000000000014,-0.00005235987755998581,0.016707007228492415,-0.12548213171211786,-0.028033333333333355,-0.003019419605950384,0,0,0,0,0,0,0,0
3.060972240489628,0.1403767329550617,0.991,-0.00010471975511953848,0.00007232928276062011,0.19999667358398437,3,0,1,0,-0.060972240489627794,-0.1403767329550617,0.009000000000000008,0.00010471975511953848,0.008813853117761498,-0.1073856615259933,-0.02780000000000002,0.0007779181808889282,0,0,0,0,0,0,0,0
3.0630879591644495,0.149637373671605,0.997,-0.000017453292519827436,0.031721233367919925,0.13891293334960939,3,0,1,0,-0.06308795916444954,-0.149637373671605,0.0030000000000000027,0.000017453292519827436,-0.004602932104500272,-0.09760848131266671,-0.03260000000000003,-0.0004188790204787278,0,0,0,0,0,0,0,0
3.0668110045037182,0.15730115960483124,1.001,-0.0012042771838759864,0.05584367370605469,0.114957763671875,3,0,1,0,-0.06681100450371824,-0.15730115960483124,-0.0009999999999998899,0.0012042771838759864,-0.012784756903837246,-0.0843162533906531,-0.02079999999999937,0.006290665289688096,0,0,0,0,0,0,0,0
3.0710669279960596,0.16202999768452703,1.005,-0.0018500490071139814,0.0637533836364746,0.0710093994140625,3,0,1,0,-0.07106692799605963,-0.16202999768452703,-0.004999999999999893,0.0018500490071139814,-0.02116635248245347,-0.07509808194526688,-0.027333333333333272,0.0050789081233039565,0,0,0,0,0,0,0,0
3.075522578058592,0.16378058446926408,1.007,-0.0011868238913560886,0.06678605651855468,0.026382404327392577,3,0,1,0,-0.07552257805859197,-0.16378058446926408,-0.006999999999999895,0.0011868238913560886,-0.020281743424129316,-0.05666608807352998,-0.015322222222222147,-0.0015766140909684648,0,0,0,0,0,0,0,0
3.080110724109948,0.16205212755081913,1.009,-0.00020943951023925827,0.06885291290283203,-0.025845155715942383,3,0,1,0,-0.0801107241099479,-0.16205212755081913,-0.008999999999999897,0.00020943951023925827,-0.028181487309724383,-0.0374798068922268,-0.019064406779660946,-0.004760311580185303,0,0,0,0,0,0,0,0
3.0841913514122554,0.15793228020113725,1.005,0.0015707963267950914,0.06122235107421875,-0.06178488922119141,3,0,1,0,-0.08419135141225542,-0.15793228020113725,-0.004999999999999893,-0.0015707963267950914,-0.023466055859513165,-0.02600872652582877,0.016000000000000097,-0.009200378485513732,0,0,0,0,0,0,0,0
3.087505731369309,0.15043801733031692,1.01,0.003089232776030085,0.049539058685302735,-0.11249189758300782,3,0,1,0,-0.08750573136930884,-0.15043801733031692,-0.010000000000000009,-0.003089232776030085,-0.024106495848135463,-0.0007334138102716228,-0.03716666666666735,-0.010681415022205053,0,0,0,0,0,0,0,0
3.0881423053938994,0.1407043233928267,0.999,0.003735004599267858,0.00909752082824707,-0.14603421020507812,3,0,1,0,-0.08814230539389944,-0.1407043233928267,0.0010000000000000009,-0.003735004599267858,-0.008335469514347951,0.0070401376189329,0.055800000000000044,-0.006502598127429742,0,0,0,0,0,0,0,0
3.088195730056348,0.12613477816158708,0.99,0.0048520153205443145,-0.000014893531799316407,-0.21854464721679687,3,0,1,0,-0.08819573005634807,-0.12613477816158708,0.010000000000000009,-0.0048520153205443145,-0.005543873024936648,0.04765586448285461,0.060500000000000054,-0.010437068926926595,0,0,0,0,0,0,0,0
3.0882631289977107,0.10917300366842873,0.98,0.005026548245743848,-0.00022350478172302246,-0.25442852783203124,3,0,1,0,-0.08826312899771072,-0.10917300366842873,0.020000000000000018,-0.005026548245743848,-0.005664707528446007,0.052487834345128104,0.06600000000000004,-0.0057745464965989896,0,0,0,0,0,0,0,0
3.08639990293841,0.0908293365511926,0.971,0.00666715774261846,-0.029331111907958986,-0.27501104736328125,3,0,1,0,-0.08639990293840993,-0.0908293365511926,0.029000000000000026,-0.00666715774261846,0.006241837591082152,0.07837720515253306,0.07483934426229515,-0.01473572903872311,1425558858302,0,0,0,0,0,0,0
3.08169377645821,0.07148091039621896,0.966,0.008429940287132912,-0.07252529907226563,-0.2897492980957031,3,0,1,0,-0.08169377645821019,-0.07148091039621896,0.03400000000000003,-0.008429940287132912,0.02137770626480305,0.07562327810329396,0.05220000000000004,-0.015984722620766275,1425558858302,0,0,0,0,0,0,0
3.0781394325045563,0.0532961960778261,0.954,0.00785398163397473,-0.055612678527832034,-0.27231158447265624,3,0,1,0,-0.07813943250455635,-0.0532961960778261,0.04600000000000004,-0.00785398163397473,0.02031103524410924,0.0903820840969219,0.10680000000000009,-0.004974188368183821,1425558858302,0,0,0,0,0,0,0
3.0734805380031336,0.035389383697538676,0.945,0.009669124056048764,-0.07199083709716797,-0.2680450439453125,3,0,1,0,-0.07348053800313359,-0.035389383697538676,0.05500000000000005,-0.009669124056048764,0.02514984556235151,0.07918591695323192,0.08900000000000008,-0.01744830586493748,1425558858302,0,0,0,0,0,0,0
3.068266164866829,0.019677448720744836,0.938,0.009250245035570107,-0.08049071502685547,-0.2349117431640625,3,0,1,0,-0.06826616486682902,-0.019677448720744836,0.062000000000000055,-0.009250245035570107,0.03433945165145402,0.08450387888927473,0.0897639344262296,-0.007190184279117693,1425558858302,0,0,0,0,0,0,0
3.064417637302696,0.007618278462390517,0.935,0.00872664625997184,-0.059398674011230466,-0.1803458251953125,3,0,1,0.009250245035570107,-0.06441763730269612,-0.007618278462390517,0.06499999999999995,0.0005235987755982663,-0.03220881865134806,-0.002285483538717155,0.05199999999999996,0.0005235987755982663,1425558858302,0,0,0,0,0,0,0
3.0600389657406386,-0.0016828575368723672,0.937,0.010070549784007413,-0.06689507293701172,-0.13893856811523436,3,0,1,0.009250245035570107,-0.060038965740638606,0.0016828575368723672,0.06299999999999994,-0.000820304748437306,-0.004932581283353398,0.053873057570421656,0.038924590163934375,-0.0074296663420548754,1425558858693,0,0,0,0,0,0,0
3.0579188184911605,-0.008010761803687831,0.941,0.012705996954518864,-0.03275646209716797,-0.09459349060058594,3,0,1,0.009250245035570107,-0.05791881849116054,0.008010761803687831,0.05900000000000005,-0.0034557519189487573,-0.0182816268933928,0.0345078476313761,0.026910144927536826,-0.014914217877694196,1425558858762,0,0,0,0,0,0,0
3.056173889090223,-0.013767405232019539,0.949,0.014660765716752523,-0.027268957138061524,-0.08601012420654297,3,0,1,0.009250245035570107,-0.05617388909022303,0.013767405232019539,0.051000000000000045,-0.005410520681182416,-0.018185908365938076,0.03664249197339978,-0.00436129032258064,-0.014869079208119475,1425558858823,0,0,0,0,0,0,0
3.052592518021584,-0.01614577265230715,0.955,0.015707963267949057,-0.054237804412841796,-0.03488412094116211,3,0,1,0.009250245035570107,-0.052592518021584045,0.01614577265230715,0.04500000000000004,-0.006457718232378951,-0.008277026688582732,0.017111397697267827,0.005117647058823536,-0.011077707428834248,1425558858892,0,0,0,0,0,0,0
3.049771537274106,-0.01866279870852955,0.963,0.018884462506578673,-0.04290252685546875,-0.037086082458496095,3,0,1,0.009250245035570107,-0.04977153727410588,0.01866279870852955,0.03700000000000003,-0.009634217471008566,-0.008877316829949498,0.02007824558676446,-0.016301639344262306,-0.025256344874105035,1425558858953,0,0,0,0,0,0,0
3.046517852950253,-0.021526021232132646,0.973,0.020612338466053214,-0.04960757064819336,-0.04201907348632813,3,0,1,0.009250245035570107,-0.04651785295025279,0.021526021232132646,0.027000000000000024,-0.011362093430483108,-0.007870531461917062,0.020238752780495486,-0.02634520547945208,-0.018462953537912732,1425558859026,0,0,0,0,0,0,0
3.0419945012780483,-0.023106839211218397,0.981,0.023020892833805328,-0.06832459259033204,-0.022308778762817384,3,0,1,0.009250245035570107,-0.04199450127804827,0.023106839211218397,0.019000000000000017,-0.013770647798235221,0.006063018893299344,0.01653803975751971,-0.03307586206896554,-0.026228687631435807,1425558859084,0,0,0,0,0,0,0
3.037356237229592,-0.023993490920914212,0.988,0.027157323161031876,-0.0698616714477539,-0.011694738388061524,3,0,1,0.009250245035570107,-0.037356237229591915,0.023993490920914212,0.01200000000000001,-0.01790707812546177,0.0045877137694924595,0.011778680612223393,-0.025907246376811605,-0.03589155780905545,1425558859153,0,0,0,0,0,0,0
3.0332338182246823,-0.026638138637839263,0.991,0.03035127569218161,-0.06289067459106445,-0.03797598648071289,3,0,1,0.009250245035570107,-0.0332338182246823,0.026638138637839263,0.009000000000000008,-0.021101030656611505,0.0063726121609042514,0.023020544819011578,-0.009735483870967747,-0.036555639678303775,1425558859215,0,0,0,0,0,0,0
3.029217235479215,-0.027170940759711774,0.998,0.03302162944773297,-0.06046352386474609,-0.006160005569458008,3,0,1,0.009250245035570107,-0.029217235479214843,0.027170940759711774,0.0020000000000000018,-0.023771384412162866,0.005171645007133909,0.010933952805342399,-0.03340000000000002,-0.035215757650240126,1425558859285,0,0,0,0,0,0,0
3.023191473655348,-0.026180125504975695,0.996,0.03611086222376276,-0.08984646606445312,0.01783829116821289,3,0,1,0.009250245035570107,-0.023191473655348016,0.026180125504975695,0.0040000000000000036,-0.026860617188192652,0.02383397394012745,0.0021104262807658137,0.01506440677966103,-0.04256858045614072,1425558859344,0,0,0,0,0,0,0
3.018124708120775,-0.02599518822938489,0.996,0.03944444109507179,-0.0758517837524414,0.0055161333084106446,3,0,1,0.009250245035570107,-0.018124708120775157,0.02599518822938489,0.0040000000000000036,-0.03019419605950168,0.015942452366739565,0.007026172964736252,0.003200000000000003,-0.044480962650826086,1425558859414,0,0,0,0,0,0,0
3.011695440073384,-0.025682329630771623,0.994,0.043179445694339805,-0.09617894744873047,0.008492225646972657,3,0,1,0.009250245035570107,-0.011695440073383967,0.025682329630771623,0.006000000000000005,-0.0339292006587697,0.03070536739399359,0.006077577664268894,0.01627540983606559,-0.052298075737137,1425558859475,0,0,0,0,0,0,0
3.005880190939128,-0.024767457642730594,0.998,0.04623377188532991,-0.08655506134033203,0.01747560691833496,3,0,1,0.009250245035570107,-0.0058801909391279494,0.024767457642730594,0.0020000000000000018,-0.03698352684975981,0.026217332270587364,0.0029746409217399333,-0.018689855072463783,-0.05026320594102115,1425558859544,0,0,0,0,0,0,0
2.9989060258412863,-0.023604138144776566,0.997,0.047979101137324245,-0.10369420623779296,0.02226605224609375,3,0,1,0.009250245035570107,0.0010939741587137064,0.023604138144776566,0.0030000000000000027,-0.03872885610175414,0.04022314298872244,0.0006059146037700964,0.008137704918032795,-0.04731244258697216,1425558859605,0,0,0,0,0,0,0
2.9925915474312785,-0.02408718730933463,0.996,0.0498815100219981,-0.0949556884765625,-0.002694697618484497,3,0,1,0.009250245035570107,0.007408452568721469,0.02408718730933463,0.0040000000000000036,-0.040631264986427995,0.0336449854693814,0.009759186149668996,0.007994520547945213,-0.04844938369056713,1425558859678,0,0,0,0,0,0,0
2.986267883012099,-0.024576322627215128,0.996,0.05173155902911193,-0.09510281372070313,-0.0025983567237854006,3,0,1,0.009250245035570107,0.013732116987901222,0.024576322627215128,0.0040000000000000036,-0.042481313993541825,0.044699929729329,0.010555870509397838,0.003200000000000003,-0.052050532995854736,1425558859736,0,0,0,0,0,0,0
2.97958756685554,-0.024497645495070743,0.993,0.05389576730158503,-0.1000096664428711,0.006360013961791992,3,0,1,0.009250245035570107,0.020412433144460174,0.024497645495070743,0.007000000000000006,-0.044645522266014925,0.04427790457088621,0.0071922912990951115,0.021041176470588254,-0.05419349993869037,1425558859804,0,0,0,0,0,0,0
2.97467513710415,-0.02388146573518733,0.991,0.054349552907103596,-0.07308155059814453,0.01319874095916748,3,0,1,0.009250245035570107,0.025324862895849787,0.02388146573518733,0.009000000000000008,-0.04509930787153349,0.04009729891796723,0.003948765578725534,0.018490322580645174,-0.047295044672429766,1425558859866,0,0,0,0,0,0,0
2.9711721924537833,-0.023022892662632025,0.987,0.05529203070318041,-0.051766983032226564,0.015713926315307616,3,0,1,0.009250245035570107,0.02882780754621672,0.023022892662632025,0.013000000000000012,-0.0460417856676103,0.031905763977085805,0.0028304327784535177,0.030689855072463794,-0.050139515215770356,1425558859935,0,0,0,0,0,0,0
2.9672305801887227,-0.02101142723210301,0.983,0.05667084081225589,-0.05736640930175781,0.033393302917480466,3,0,1,0.009250245035570107,0.032769419811277345,0.02101142723210301,0.017000000000000015,-0.04742059577668578,0.03874380771321585,-0.004946304170476118,0.03655081967213118,-0.05420162910000781,1425558859996,0,0,0,0,0,0,0
2.966158408069355,-0.019588988418031895,0.983,0.05743878568313351,-0.014848248481750488,0.022213254928588867,3,0,1,0.009250245035570107,0.033841591930645176,0.019588988418031895,0.017000000000000015,-0.0481885406475634,0.022048635405873682,-0.0009303224999611288,0.013600000000000013,-0.05147973295132463,1425558860066,0,0,0,0,0,0,0
2.9668507971086258,-0.016170042359673845,0.979,0.05860815628196977,0.013312789916992187,0.0506033935546875,3,0,1,0.009250245035570107,0.03314920289137424,0.016170042359673845,0.02100000000000002,-0.04935791124639966,0.012389077307345954,-0.014450852134803368,0.039750819672131184,-0.05510891419149603,1425558860127,0,0,0,0,0,0,0
2.968382959687646,-0.013181688509365349,0.978,0.061173790282401413,0.025568603515625,0.043402156829833984,3,0,1,0.009250245035570107,0.03161704031235413,0.013181688509365349,0.02200000000000002,-0.05192354524683131,0.00784569660252566,-0.010879675943294278,0.02267246376811596,-0.06307847568349063,1425558860196,0,0,0,0,0,0,0
2.973600413584704,-0.010329808434690241,0.979,0.06387905062299255,0.0807306900024414,0.037913597106933594,3,0,1,0.009250245035570107,0.02639958641529594,0.010329808434690241,0.02100000000000002,-0.054628805587422447,-0.0169112983141076,-0.012933868480655107,0.011062295081967224,-0.06793336463951002,1425558860257,0,0,0,0,0,0,0
2.9792011989591805,-0.007905239011911966,0.979,0.0657290996301066,0.08616204071044922,0.030931421279907226,3,0,1,0.009250245035570107,0.020798801040819548,0.007905239011911966,0.02100000000000002,-0.0564788545945365,-0.018170909828892703,-0.00959107891279188,0.016800000000000016,-0.06452254592981499,1425558860326,0,0,0,0,0,0,0
2.9836409796960366,-0.006082124632436405,0.978,0.0656418331675069,0.06824908447265625,0.02291347312927246,3,0,1,0.009250245035570107,0.016359020303963412,0.006082124632436405,0.02200000000000002,-0.05639158813193679,-0.01744519207875686,-0.008296254921537396,0.023337704918032807,-0.05596240880767591,1425558860387,0,0,0,0,0,0,0
2.989291596775659,-0.00389697251904035,0.981,0.06735225583446121,0.08672673034667969,0.02714693260192871,3,0,1,0.009250245035570107,0.01070840322434119,0.00389697251904035,0.019000000000000017,-0.0581020107988911,-0.02304193836557536,-0.009414340900519938,0.00020000000000000226,-0.06543239365726673,1425558860457,0,0,0,0,0,0,0
2.994345704081536,-0.002950127084048486,0.985,0.06911503837897555,0.0765955810546875,0.009068256378173828,3,0,1,0.009250245035570107,0.005654295918463781,0.002950127084048486,0.015000000000000013,-0.05986479334340544,-0.02631143384509094,-0.004203554095485666,-0.010950819672131157,-0.06853421569347597,1425558860518,0,0,0,0,0,0,0
3.002325625479691,-0.002171957734033197,0.986,0.0701622359301722,0.12021914672851562,0.0033782684803009035,3,0,1,0.009250245035570107,-0.0023256254796910625,0.002171957734033197,0.014000000000000012,-0.0609119908946021,-0.04120365312758011,-0.002893611571183162,0.006200000000000007,-0.06539998039973063,1425558860588,0,0,0,0,0,0,0
3.00681049476555,-0.0018450751178919326,0.991,0.07211700469240577,0.06745126342773437,0.0001750202775001526,3,0,1,0.009250245035570107,-0.006810494765550068,0.0018450751178919326,0.009000000000000008,-0.06286675965683566,-0.029712304577438935,-0.001006537821702405,-0.021966666666666683,-0.07264060346800348,1425558860648,0,0,0,0,0,0,0
3.0140258578388592,-0.002027931589491795,0.993,0.07408922674715955,0.10775148773193359,-0.010534209251403808,3,0,1,0.009250245035570107,-0.014025857838859235,0.002027931589491795,0.007000000000000006,-0.06483898171158944,-0.042736898178768544,0.0018579793537195977,-0.004259154929577469,-0.07317231433730964,1425558860719,0,0,0,0,0,0,0
3.0196127821032848,-0.0025791168024879413,0.993,0.07576474282907396,0.08296196746826172,-0.014448381423950196,3,0,1,0.009250245035570107,-0.019612782103284765,0.0025791168024879413,0.007000000000000006,-0.06651449779350385,-0.04311601170612006,0.004393194243802637,0.005600000000000005,-0.07503407109137372,1425558860778,0,0,0,0,0,0,0
3.021982028878929,-0.004350691578978836,0.989,0.07670722062515099,0.033425331115722656,-0.029187393188476563,3,0,1,0.009250245035570107,-0.021982028878928972,0.004350691578978836,0.01100000000000001,-0.06745697558958089,-0.022852856788033803,0.010391127974188438,0.028518309859154954,-0.07143927613638526,1425558860849,0,0,0,0,0,0,0
3.0236356974023963,-0.006859716217375132,0.986,0.07735299244838888,0.021848012924194336,-0.0394255599975586,3,0,1,0.009250245035570107,-0.02363569740239635,0.006859716217375132,0.014000000000000012,-0.06810274741281877,-0.021660886674696248,0.01705081315737183,0.028700000000000024,-0.07133160652900819,1425558860909,0,0,0,0,0,0,0
3.0238993192978585,-0.010214476277784839,0.985,0.07953465401338176,0.000053873687982559205,-0.05047650146484375,3,0,1,0.009250245035570107,-0.02389931929785849,0.010214476277784839,0.015000000000000013,-0.07028440897781166,-0.013500000945730228,0.02044521096396537,0.017072463768115956,-0.07976989404299813,1425558860978,0,0,0,0,0,0,0
3.02528854359383,-0.014911854829291388,0.981,0.07864453609486464,0.015174330711364746,-0.07189356231689453,3,0,1,0.009250245035570107,-0.02528854359383015,0.014911854829291388,0.019000000000000017,-0.06939429105929454,-0.02084378566734176,0.031798793920553375,0.03815081967213118,-0.0650166619518333,1425558861039,0,0,0,0,0,0,0
3.025731058600852,-0.019402813719134864,0.981,0.0777195115913076,0.0013248274326324464,-0.06767765045166016,3,0,1,0.009250245035570107,-0.02573105860085212,0.019402813719134864,0.019000000000000017,-0.0684692665557375,-0.01535647986600663,0.02898752376496099,0.015200000000000014,-0.0644474208880982,1425558861108,0,0,0,0,0,0,0
3.024869873703544,-0.024082414715532928,0.979,0.07674212721019077,-0.018328733444213867,-0.06897917175292968,3,0,1,0.009250245035570107,-0.024869873703543988,0.024082414715532928,0.02100000000000002,-0.06749188217462067,-0.007755191879724781,0.03447603773549195,0.0282754098360656,-0.06268507374289856,1425558861169,0,0,0,0,0,0,0
3.0246596776090717,-0.02834872691022386,0.981,0.07689920684287019,-0.008049930572509766,-0.06356460571289063,3,0,1,0.009250245035570107,-0.02465967760907173,0.02834872691022386,0.019000000000000017,-0.06764896180730008,-0.011557599955074133,0.030257166824726747,0.005200000000000007,-0.068322160233069,1425558861239,0,0,0,0,0,0,0
3.023290669960437,-0.03273226987737464,0.981,0.07473499857039731,-0.02552581024169922,-0.06398124694824218,3,0,1,0.009250245035570107,-0.02329066996043716,0.03273226987737464,0.019000000000000017,-0.0654847535348272,-0.0043331516772233975,0.034614306555611075,0.015200000000000014,-0.05517899985638493,1425558861302,0,0,0,0,0,0,0
3.0226154201289774,-0.03754921173591804,0.983,0.072361350787685,-0.015495361328125,-0.07129617309570313,3,0,1,0.009250245035570107,-0.022615420128977437,0.03754921173591804,0.017000000000000015,-0.0631111057521149,-0.008140952692049546,0.0365249891884275,0.003305882352941181,-0.05263913024014885,1425558861370,0,0,0,0,0,0,0
3.019740764953697,-0.039936257195736846,0.986,0.06899286533133597,-0.045595672607421874,-0.032594493865966793,3,0,1,0.009250245035570107,-0.01974076495369692,0.039936257195736846,0.014000000000000012,-0.059742620295765866,0.006577801689319989,0.026396413334189635,-0.006300000000000005,-0.042900193014020704,1425558861430,0,0,0,0,0,0,0
3.0169005638202506,-0.04194737132073711,0.993,0.06541494036474761,-0.044581298828125,-0.027157970428466797,3,0,1,0.009250245035570107,-0.016900563820250625,0.04194737132073711,0.007000000000000006,-0.056164695329177505,0.00562423635477232,0.023305562941568013,-0.02990724637681161,-0.04060849982227159,1425558861499,0,0,0,0,0,0,0
3.014917488489706,-0.0440757941531225,1.004,0.06164502918043992,-0.031769479751586914,-0.029913604736328123,3,0,1,0.009250245035570107,-0.014917488489706088,0.0440757941531225,-0.0040000000000000036,-0.05239478414486981,0.003578158085392585,0.025981934646137968,-0.06631475409836073,-0.03385423733679918,1425558861560,0,0,0,0,0,0,0
3.012622922436143,-0.0457344900132635,1.006,0.058032197628811635,-0.03588589859008789,-0.022712793350219727,0,0,1,0,-3.012622922436143,0.0457344900132635,-0.006000000000000005,-0.058032197628811635,-1.5063114612180715,0.013720347003979049,-0.004800000000000005,-0.058032197628811635,0,0,0,0,0,0,0,0
3.009670457359911,-0.04654352850998762,1.008,0.05433209961458364,-0.04491628265380859,-0.009546520233154297,0,0,1,0,-3.009670457359911,0.04654352850998762,-0.008000000000000007,-0.05433209961458364,-1.4900340828041456,0.01855906834476028,-0.017690322580645176,-0.03642839954573852,0,0,0,0,0,0,0,0
3.0074039132215713,-0.0477238284058657,1.013,0.04909611185860076,-0.034909442901611326,-0.01583209037780762,0,0,1,0,-3.0074039132215713,0.0477238284058657,-0.0129999999999999,-0.04909611185860076,-1.4961460979739074,0.020365963408388504,-0.03576231884057909,-0.026330947702153436,0,0,0,0,0,0,0,0
3.003150719506636,-0.04786522427933011,1.017,0.04422664324553639,-0.06382511901855469,0.0010125885009765626,0,0,1,0,-3.003150719506636,0.04786522427933011,-0.016999999999999904,-0.04422664324553639,-1.4829448155803715,0.015261839298451978,-0.03655081967213109,-0.02027843695177722,0,0,0,0,0,0,0,0
2.9967415109038704,-0.04701792741405268,1.024,0.0419751685104638,-0.09548220825195312,0.016947505950927734,0,0,1,0,-2.9967415109038704,0.04701792741405268,-0.02400000000000002,-0.0419751685104638,-1.4737010549972196,0.00993092216026015,-0.05470724637681221,-0.032186147923191674,0,0,0,0,0,0,0,0
2.9854671754023987,-0.04506839536798044,1.032,0.03989822670059053,-0.16773895263671876,0.03631377029418945,0,0,1,0,-2.9854671754023987,0.04506839536798044,-0.03200000000000003,-0.03989822670059053,-1.4377066903889577,0.0024855973089597146,-0.07150163934426236,-0.029683758783181,0,0,0,0,0,0,0,0
2.9742731801468807,-0.04273559749609158,1.035,0.03766420525803784,-0.16638055419921874,0.04166165161132813,0,0,1,0,-2.9742731801468807,0.04273559749609158,-0.03499999999999992,-0.03766420525803784,-1.4437285702208953,0.0015022320110560355,-0.042788732394365606,-0.02822467803598421,0,0,0,0,0,0,0,0
2.9538493493148605,-0.03875145999069727,1.047,0.03483677186980707,-0.3038898315429687,0.07125566101074218,0,0,1,0,-2.9538493493148605,0.03875145999069727,-0.04699999999999993,-0.03483677186980707,-1.3770935198029506,-0.01030298525378826,-0.10426666666666667,-0.021372803354422445,0,0,0,0,0,0,0,0
2.9242726343957997,-0.032536653612425796,1.051,0.030141836181942237,-0.4401346435546875,0.10861776733398437,0,0,1,0,-2.9242726343957997,0.032536653612425796,-0.050999999999999934,-0.030141836181942237,-1.3255263030841995,-0.021999178996431702,-0.06138823529411761,-0.009428884617832686,0,0,0,0,0,0,0,0
2.890395879421866,-0.024693029991381343,1.054,0.027471482426390876,-0.5043747253417968,0.13291520690917968,0,0,1,0,-2.890395879421866,0.024693029991381343,-0.05400000000000005,-0.027471482426390876,-1.26156254996843,-0.03887969382255563,-0.060996610169492246,-0.013893412482909378,0,0,0,0,0,0,0,0
2.847450567072262,-0.016447075632205405,1.05,0.024923301718479132,-0.6405391235351563,0.1413369903564453,0,0,1,0,-2.847450567072262,0.016447075632205405,-0.050000000000000044,-0.024923301718479132,-1.2283203481353866,-0.036041768339930995,-0.02000000000000002,-0.014002527256000232,0,0,0,0,0,0,0,0
2.7997781608513153,-0.00611288343977614,1.046,0.025673793296836847,-0.7110009765625,0.17278520202636719,0,0,1,0,-2.7997781608513153,0.00611288343977614,-0.04600000000000004,-0.025673793296836847,-1.1428015373805889,-0.05819137426088693,-0.013466666666666679,-0.02942625118862542,0,0,0,0,0,0,0,0
2.745984384526377,0.004464819341609322,1.043,0.025115287936198563,-0.802567626953125,0.17932733154296876,0,0,1,0,-2.745984384526377,-0.004464819341609322,-0.04299999999999993,-0.025115287936198563,-1.1269469929514517,-0.053973536586598286,-0.01939999999999938,-0.02272169353346306,0,0,0,0,0,0,0,0
2.6852142121160383,0.016487230390443856,1.04,0.023736477827123084,-0.9067363891601562,0.20317079162597657,0,0,1,0,-2.6852142121160383,-0.016487230390443856,-0.040000000000000036,-0.023736477827123084,-1.0241381962854128,-0.07257041754639064,-0.015064516129032899,-0.017064816009015927,0,0,0,0,0,0,0,0
2.6185548262031357,0.02766529593817469,1.035,0.024993114888558945,-0.9956295776367188,0.19135540771484374,0,0,1,0,-2.6185548262031357,-0.02766529593817469,-0.03499999999999992,-0.024993114888558945,-0.9925467650737956,-0.06560836105015874,-0.0022647058823522873,-0.030537101924305393,0,0,0,0,0,0,0,0
2.543792645663012,0.03600231628620756,1.031,0.02553416695667722,-1.117957275390625,0.1530414276123047,0,0,1,0,-2.543792645663012,-0.03600231628620756,-0.030999999999999917,-0.02553416695667722,-0.8708538377837236,-0.05843263031271267,-0.0018491803278687657,-0.028195078767094966,0,0,0,0,0,0,0,0
2.466679373310339,0.045280694635766415,1.028,0.028082347664588964,-1.1527686767578125,0.16866244506835937,0,0,1,0,-2.466679373310339,-0.045280694635766415,-0.028000000000000025,-0.028082347664588964,-0.8774208463732607,-0.05980436939897206,-0.007400000000000566,-0.039003122127067864,0,0,0,0,0,0,0,0
2.3789051119984315,0.052725139842182495,1.023,0.02783800156930973,-1.3129593505859376,0.14859140014648436,0,0,1,0,-2.3789051119984315,-0.052725139842182495,-0.02299999999999991,-0.02783800156930973,-0.7169283987929636,-0.05839200342128548,0.010288524590164667,-0.026636299461379062,0,0,0,0,0,0,0,0
2.2851164778372177,0.058351875399372546,1.019,0.028291787174828296,-1.4039351806640625,0.12352659606933594,0,0,1,0,-2.2851164778372177,-0.058351875399372546,-0.018999999999999906,-0.028291787174828296,-0.6994941742442542,-0.04594766925620511,0.005089855072463859,-0.030264768068387286,0,0,0,0,0,0,0,0
2.18804270160953,0.060424939425491604,1.019,0.02890265241302616,-1.454644287109375,0.07227388000488282,0,0,1,0,-2.18804270160953,-0.060424939425491604,-0.018999999999999906,-0.02890265241302616,-0.5710507575486111,-0.029959665088534343,-0.015199999999999925,-0.03190690768285171,0,0,0,0,0,0,0,0
2.085876688927602,0.06159201548220572,1.014,0.029862583501623203,-1.53134423828125,0.06178569412231445,0,0,1,0,-2.085876688927602,-0.06159201548220572,-0.014000000000000012,-0.029862583501623203,-0.5601542917346728,-0.02437760775048911,0.014162318840579157,-0.034036196930306004,0,0,0,0,0,0,0,0
1.9798736178451457,0.05933575094834674,1.009,0.027070056698432227,-1.59034765625,0.013646947860717773,0,0,1,0,-1.9798736178451457,-0.05933575094834674,-0.008999999999999897,-0.027070056698432227,-0.4183795344858955,-0.004871192073786317,0.021488524590164676,-0.013336318322083167,0,0,0,0,0,0,0,0
1.8689491100246263,0.05613689574037896,1.003,0.026912977065752814,-1.6645567626953126,-0.0029297585487365724,0,0,1,0,-1.8689491100246263,-0.05613689574037896,-0.0029999999999998916,-0.026912977065752814,-0.4178173481264439,-0.0009023354108809514,0.02760000000000011,-0.0262397786399839,0,0,0,0,0,0,0,0
1.7517489956394863,0.050274736503561325,0.995,0.022968532956245475,-1.7597313232421874,-0.04059319686889649,0,0,1,0,-1.7517489956394863,-0.050274736503561325,0.0050000000000000044,-0.022968532956245475,-0.23122354552053803,0.019027800359859487,0.05066666666666606,-0.0032463124087087764,0,0,0,0,0,0,0,0
1.6347079431275757,0.044646021255151554,0.992,0.020402898955813837,-1.757091796875,-0.044088085174560546,0,0,1,0,-1.6347079431275757,-0.044646021255151554,0.008000000000000007,-0.020402898955813837,-0.27230938617853606,0.014632810080116467,0.021400000000000016,-0.009407324668249674,0,0,0,0,0,0,0,0
1.5157886047579268,0.0379306106732792,0.986,0.014643312424232575,-1.785473876953125,-0.06431822967529296,0,0,1,0,-1.5157886047579268,-0.0379306106732792,0.014000000000000012,-0.014643312424232575,-0.11665553798942663,0.027011763662337047,0.04562622950819676,0.013682522976986747,0,0,0,0,0,0,0,0
1.3858049104899608,0.03257517282026979,0.982,0.011239920382843509,-1.95072265625,-0.05177309799194336,0,0,1,0,-1.3858049104899608,-0.03257517282026979,0.018000000000000016,-0.011239920382843509,-0.08503935556569686,0.016841737340094302,0.03440000000000003,0.0033460455088239124,0,0,0,0,0,0,0,0
1.2549495464117664,0.02595628487837926,0.977,0.008587019919812382,-1.9638223876953125,-0.0772154541015625,0,0,1,0,-1.2549495464117664,-0.02595628487837926,0.02300000000000002,-0.008587019919812382,0.09303984252852449,0.030644820347715467,0.04756666666666671,0.004677482395343253,0,0,0,0,0,0,0,0
1.125769186521169,0.02035560727117197,0.971,0.0035953782591085105,-1.9383553466796875,-0.06736815643310547,0,0,1,0,-1.125769186521169,-0.02035560727117197,0.029000000000000026,-0.0035953782591085105,0.04879297970955576,0.02211003283928973,0.0536347826086957,0.018107411570038756,0,0,0,0,0,0,0,0
0.9887206882935687,0.013788405038172899,0.965,0.00027925268031915763,-2.056068359375,-0.09111629486083984,0,0,1,0,-0.9887206882935687,-0.013788405038172899,0.03500000000000003,-0.00027925268031915763,0.2351024039906724,0.03273532629005489,0.06187096774193553,0.01576651624930674,0,0,0,0,0,0,0,0
0.8552672352840107,0.006434864018949204,0.963,-0.004188790204786226,-2.00183251953125,-0.10974410247802735,0,0,1,0,-0.8552672352840107,-0.006434864018949204,0.03700000000000003,0.004188790204786226,0.17628452423566238,0.03361021961684161,0.03932222222222226,0.02280563555939199,0,0,0,0,0,0,0,0
0.731305201627274,0.001494165119633184,0.961,-0.009215338450529893,-1.859103759765625,-0.08189857482910157,0,0,1,0,-0.731305201627274,-0.001494165119633184,0.039000000000000035,0.009215338450529893,0.3371560756313154,0.029159745039766143,0.043268965517241416,0.03521472592851438,0,0,0,0,0,0,0,0
0.6115163310846117,-0.0013339006042276673,0.961,-0.015463617172669515,-1.7963658447265625,-0.05897737503051758,0,0,1,0,-0.6115163310846117,0.0013339006042276673,0.039000000000000035,0.015463617172669515,0.24752004735906313,0.014334864783192871,0.03120000000000003,0.04224195455326789,0,0,0,0,0,0,0,0
0.498007129282911,-0.003231229480514431,0.964,-0.019320794819577033,-1.701994384765625,-0.054784423828125,0,0,1,0,-0.498007129282911,0.003231229480514431,0.03600000000000003,0.019320794819577033,0.3671685017789528,0.01183342534280241,0.011300000000000011,0.03860668305411463,0,0,0,0,0,0,0,0
0.40451272705709734,-0.004668431746355984,0.974,-0.024050637092481772,-1.40173779296875,-0.04864811706542969,0,0,1,0,-0.40451272705709734,0.004668431746355984,0.026000000000000023,0.024050637092481772,0.22574654641236805,0.008490211883055817,-0.02992463768115944,0.04461516871380672,0,0,0,0,0,0,0,0
0.31659099990190337,-0.004134208322021578,0.981,-0.024085543677521457,-1.31863720703125,-0.023704511642456055,0,0,1,0,-0.31659099990190337,0.004134208322021578,0.019000000000000017,0.024085543677521457,0.2915964864727323,-0.001973425751456423,-0.02431612903225809,0.02425444650835864,0,0,0,0,0,0,0,0
0.24269780142763445,-0.0007590167132258405,1,-0.023631758072003007,-1.1092957763671876,0.023919403076171877,0,0,1,0,-0.24269780142763445,0.0007590167132258405,0,0.023631758072003007,0.20686386548300628,-0.01709021926319219,-0.09637681159420297,0.02165877717844453,0,0,0,0,0,0,0,0
0.17764033609056804,0.003211672234364202,1.013,-0.023928464044842158,-0.9769968872070313,0.03648451614379883,0,0,1,0,-0.17764033609056804,-0.003211672234364202,-0.0129999999999999,0.023928464044842158,0.2377442043948284,-0.02394548942403265,-0.08499016393442559,0.025387673747329784,0,0,0,0,0,0,0,0
0.12930416416725038,0.0072318502918551995,1.021,-0.02478367537831937,-0.72627783203125,0.042937908172607425,0,0,1,0,-0.12930416416725038,-0.0072318502918551995,-0.020999999999999908,0.02478367537831937,0.13022209823892494,-0.022474853921373415,-0.056799999999999955,0.028448866807507425,0,0,0,0,0,0,0,0
0.08640220526447867,0.009992264709274607,1.038,-0.02576105975943609,-0.6443578491210937,0.025446109771728516,0,0,1,0,-0.08640220526447867,-0.009992264709274607,-0.038000000000000034,0.02576105975943609,0.14455700841188607,-0.018304499353820572,-0.1233687500000007,0.03034254904592071,1425558864171,0,0,0,0,0,0,0
0.05711486626872406,0.01361548913339671,1.049,-0.025028021473598606,-0.4405642395019531,0.04301449203491211,0,0,1,0,-0.05711486626872406,-0.01361548913339671,-0.04899999999999993,0.025028021473598606,0.07985454053810101,-0.023518505474421893,-0.09753333333333275,0.021696029265246407,1425558864171,0,0,0,0,0,0,0
0.03442423896254935,0.01771075579404859,1.052,-0.02644173816771399,-0.34179010009765626,0.052892127990722654,0,0,1,0,-0.03442423896254935,-0.01771075579404859,-0.052000000000000046,0.02644173816771399,0.0660593331037011,-0.029041251777330787,-0.058813114754099054,0.03339444322074048,1425558864171,0,0,0,0,0,0,0
0.01946595994391041,0.021239984548908325,1.047,-0.026668630970473107,-0.22569537353515626,0.04698777389526367,0,0,1,0,-0.01946595994391041,-0.021239984548908325,-0.04699999999999993,0.026668630970473107,0.018124117646366844,-0.02426360050779363,-0.012599999999999372,0.0276410286965836,1425558864171,0,0,0,0,0,0,0
0.010121035138548009,0.02370105900806224,1.044,-0.027471482426390623,-0.14110841369628907,0.03316518783569336,0,0,1,0,-0.010121035138548009,-0.02370105900806224,-0.04400000000000004,0.027471482426390623,-0.0008962349773096803,-0.02082994869750425,-0.018793750000000622,0.031234848626003977,1425558864171,0,0,0,0,0,0,0
0.007079154116678485,0.027364378332160166,1.035,-0.02747148242639062,-0.047120361328125,0.053675739288330075,0,0,1,0,-0.007079154116678485,-0.027364378332160166,-0.03499999999999992,0.02747148242639062,-0.034353837000230696,-0.027914697421302682,0.019727272727273416,0.027471482426390602,1425558864498,0,0,0,0,0,0,0
0.005672861894542028,0.02940492227302547,1.023,-0.030752701420139954,-0.021927169799804688,0.030017189025878906,0,0,1,0,-0.005672861894542028,-0.02940492227302547,-0.02299999999999991,0.030752701420139954,-0.041716448772961386,-0.02082614322574589,0.05045245901639357,0.0468898440123498,1425558864559,0,0,0,0,0,0,0
0.007435248730199279,0.03230801504908581,0.989,-0.03228859116189496,0.025084344863891602,0.044338645935058596,0,0,1,0,-0.007435248730199279,-0.03230801504908581,0.01100000000000001,0.03228859116189496,-0.05961130568083337,-0.02473715750602818,0.1812637681159416,0.038966372647786296,1425558864628,0,0,0,0,0,0,0
0.011271362389122935,0.03677649677179777,0.964,-0.03305653603277246,0.05534787368774414,0.06884990692138672,0,0,1,0,-0.011271362389122935,-0.03677649677179777,0.03600000000000003,0.03305653603277246,-0.07460708287901566,-0.03701313232037143,0.17224262295081982,0.03683331408626837,1425558864689,0,0,0,0,0,0,0
0.01482127347461126,0.040896631953694966,0.923,-0.03398156053632927,0.05117698669433594,0.06352816009521485,0,0,1,0,-0.01482127347461126,-0.040896631953694966,0.07699999999999996,0.03398156053632927,-0.07213148053369467,-0.033239646870250106,0.26659999999999956,0.037945951265858424,1425558864759,0,0,0,0,0,0,0
0.017264308124786323,0.045770655085858515,0.896,-0.03436553297176824,0.03414043807983398,0.07431317138671875,0,0,1,0,-0.017264308124786323,-0.045770655085858515,0.10399999999999998,0.03436553297176824,-0.069186733668654,-0.04120791970291478,0.2332000000000001,0.036193973140525255,0,0,0,0,0,0,0,0
0.019696869185746254,0.05110951770410998,0.861,-0.03698352684975968,0.033715320587158204,0.08128935241699219,0,0,1,0,-0.019696869185746254,-0.05110951770410998,0.139,0.03698352684975968,-0.06900719258916883,-0.04246176195224291,0.2862000000000002,0.04820350061258015,0,0,0,0,0,0,0,0
0.019839990646121627,0.05651455836563558,0.81,-0.04029965242854881,-0.0008524246215820312,0.08109954833984374,0,0,1,0,-0.019839990646121627,-0.05651455836563558,0.18999999999999995,0.04029965242854881,-0.05776272719446755,-0.04895227365336198,0.44949999999999957,0.05688028032249447,0,0,0,0,0,0,0,0
0.020913376482312573,0.061374886886084806,0.761,-0.04260348704118143,0.013150466918945312,0.07349441528320312,0,0,1,0,-0.020913376482312573,-0.061374886886084806,0.239,0.04260348704118143,-0.0630035460622661,-0.04393910007010982,0.4434058823529413,0.05276746327338414,0,0,0,0,0,0,0,0
0.02201664601259224,0.06394808794681474,0.713,-0.04328416544945911,0.014890113830566406,0.03926782608032227,0,0,1,0,-0.02201664601259224,-0.06394808794681474,0.28700000000000003,0.04328416544945911,-0.06417354644339614,-0.03403051233580506,0.4962666666666669,0.04652549120316234,0,0,0,0,0,0,0,0
0.022228325951638348,0.06600729284693782,0.663,-0.04504694799397345,0.0018356781005859375,0.03099653625488281,0,0,1,0,-0.022228325951638348,-0.06600729284693782,0.33699999999999997,0.04504694799397345,-0.05925475560437737,-0.030996446067111792,0.5269529411764702,0.052823929808007306,0,0,0,0,0,0,0,0
0.022546970702799547,0.06716894006323232,0.617,-0.044994588116413645,0.003990158081054688,0.017622268676757813,0,0,1,0,-0.022546970702799547,-0.06716894006323232,0.383,0.044994588116413645,-0.06022811706763134,-0.02767684871029333,0.5792813559322036,0.04472835145085532,0,0,0,0,0,0,0,0
0.020918821553204674,0.06759005243955186,0.567,-0.044296456415615845,-0.024681640625,0.005211794853210449,0,0,1,0,-0.020918821553204674,-0.06759005243955186,0.43300000000000005,0.044296456415615845,-0.0496242246497203,-0.023007793758209633,0.5894555555555558,0.04138757432895835,0,0,0,0,0,0,0,0
0.015163550609308532,0.06904482677112628,0.523,-0.0439299372726971,-0.08721068572998047,0.017977388381958007,0,0,1,0,-0.015163550609308532,-0.06904482677112628,0.477,0.0439299372726971,-0.02164840646588157,-0.029786335187361356,0.6340590163934422,0.04212738411080165,0,0,0,0,0,0,0,0
0.0076693498064292565,0.07218728046510903,0.478,-0.04246386070102191,-0.1143746109008789,0.04215462112426758,0,0,1,0,-0.0076693498064292565,-0.07218728046510903,0.522,0.04246386070102191,-0.011779680763921621,-0.038846173815579796,0.6526746268656719,0.03589933873829718,0,0,0,0,0,0,0,0
-0.00010809875084335366,0.07798055949521557,0.429,-0.04201007509550335,-0.12024552917480469,0.08186843109130859,0,0,1,0,0.00010809875084335366,-0.07798055949521557,0.571,0.04201007509550335,-0.004506775668794913,-0.05590025689956948,0.7247687499999995,0.03988295506963508,0,0,0,0,0,0,0,0
-0.003286710784793182,0.08749176732335223,0.383,-0.041469023027385074,-0.053628849029541015,0.14053982543945312,0,0,1,0,0.003286710784793182,-0.08749176732335223,0.617,0.041469023027385074,-0.02884349962359011,-0.07681565806380157,0.7338985074626868,0.03904640182685548,0,0,0,0,0,0,0,0
-0.007994306930259402,0.1052504607669016,0.336,-0.04082325120414719,-0.08159660339355469,0.26322393798828125,0,0,1,0,0.007994306930259402,-0.1052504607669016,0.6639999999999999,0.04082325120414719,-0.0165142952792912,-0.13277379614919257,0.7965225806451609,0.0376985488336413,0,0,0,0,0,0,0,0
-0.014432237136661337,0.12155956073565116,0.288,-0.03982841353051035,-0.10647257995605469,0.24049151611328126,0,0,1,0,0.014432237136661337,-0.12155956073565116,0.712,0.03982841353051035,-0.008123947153219235,-0.1178991163106439,0.8062197183098594,0.0356248740644392,0,0,0,0,0,0,0,0
-0.02201261701889136,0.1361798310021106,0.251,-0.03984586682303036,-0.12234774780273437,0.21460261535644531,0,0,1,0,0.02201261701889136,-0.1361798310021106,0.749,0.03984586682303036,0.008911309800143187,-0.12869898864886734,0.818691525423729,0.03993461237821685,0,0,0,0,0,0,0,0
-0.02982675320109674,0.1485600987741705,0.211,-0.03925245487735216,-0.12451658630371094,0.18088743591308593,0,0,1,0,0.02982675320109674,-0.1485600987741705,0.789,0.03925245487735216,0.006941582295945617,-0.107687983074998,0.8312000000000002,0.0367092608244456,0,0,0,0,0,0,0,0
-0.037631997824893,0.1580995844483295,0.194,-0.035517450278084485,-0.12260376739501953,0.13838761901855468,0,0,1,0,0.037631997824893,-0.1580995844483295,0.806,0.035517450278084485,0.01585872034722137,-0.10259844691665324,0.740767741935484,0.017444847378402177,0,0,0,0,0,0,0,0
-0.04561190665198919,0.16388644895669105,0.192,-0.02984513020910293,-0.12270551300048828,0.08249772644042969,0,0,1,0,0.04561190665198919,-0.16388644895669105,0.808,0.02984513020910293,0.017503460814289135,-0.08082226415539774,0.65684776119403,0.004446682139036269,0,0,0,0,0,0,0,0
-0.054214731076831904,0.164759977846159,0.17,-0.027855454861829252,-0.1293759002685547,0.009246383666992188,0,0,1,0,0.054214731076831904,-0.164759977846159,0.83,0.027855454861829252,0.029512321136244045,-0.05596698819108408,0.7902295081967208,0.018070166268680014,0,0,0,0,0,0,0,0
