0.195370348800762,-0.2007546556410162,0.71,0.19847884253679526,-0.04067775344848633,0.014606688499450684,0,0,1,0,-0.195370348800762,0.2007546556410162,0.29000000000000004,-0.19847884253679526,-0.097685174400381,0.060226396692304854,0.23200000000000004,-0.19847884253679526,0,0,0,0,0,0,0,0
0.19142452287925527,-0.19923177773096734,0.708,0.1904154213925815,-0.05352122497558594,0.034065170288085936,0,0,1,0,-0.19142452287925527,0.19923177773096734,0.29200000000000004,-0.1904154213925815,-0.0752279923993991,0.051947686244443125,0.24404776119402988,-0.1543105505975945,0,0,0,0,0,0,0,0
0.18766960348041797,-0.199085920765752,0.705,0.1783551962613007,-0.05489168930053711,0.0128085355758667,0,0,1,0,-0.18766960348041797,0.199085920765752,0.29500000000000004,-0.1783551962613007,-0.0732206246938569,0.05917436917746914,0.2526666666666667,-0.12092555277901118,0,0,0,0,0,0,0,0
0.18539961831634397,-0.1997527843268384,0.706,0.1656841058918218,-0.03528427505493164,-0.003803466320037842,0,0,1,0,-0.18539961831634397,0.1997527843268384,0.29400000000000004,-0.1656841058918218,-0.08103085907426887,0.06385297922929738,0.22989696969696974,-0.10808824057600869,0,0,0,0,0,0,0,0
0.18328948307915452,-0.2005705019985844,0.705,0.15547392976765506,-0.033241535186767576,-0.0068775172233581545,0,0,1,0,-0.18328948307915452,0.2005705019985844,0.29500000000000004,-0.15547392976765506,-0.08059109475897867,0.06516215549703316,0.24146875000000004,-0.10761372918562344,0,0,0,0,0,0,0,0
0.18079140411020853,-0.2021093512492715,0.709,0.1452288470584484,-0.04059354019165039,-0.017001970291137695,0,0,1,0,-0.18079140411020853,0.2021093512492715,0.29100000000000004,-0.1452288470584484,-0.07754817731738638,0.06956939918304417,0.21126153846153847,-0.09794384993903307,0,0,0,0,0,0,0,0
0.17883087946695708,-0.20418568094025596,0.713,0.13603096190043829,-0.03360554885864258,-0.026561203002929686,0,0,1,0,-0.17883087946695708,0.20418568094025596,0.28700000000000003,-0.13603096190043829,-0.07989737948932342,0.07288948953245544,0.2087044776119403,-0.09484640149143775,0,0,0,0,0,0,0,0
0.17438174245595847,-0.2069969067617345,0.717,0.1256986127286317,-0.07183907318115235,-0.032728504180908204,0,0,1,0,-0.17438174245595847,0.2069969067617345,0.28300000000000003,-0.1256986127286317,-0.06369474391394811,0.07839272812469751,0.204525,-0.07726572598578832,0,0,0,0,0,0,0,0
0.16832304279479987,-0.20990750893488913,0.722,0.11629128806038247,-0.09563691711425781,-0.031921083450317383,0,0,1,0,-0.16832304279479987,0.20990750893488913,0.278,-0.11629128806038247,-0.052482254683845465,0.07970093068630435,0.1954769230769231,-0.0728728665146168,0,0,0,0,0,0,0,0
0.1609351267363356,-0.2133921930456775,0.725,0.10787880106576975,-0.1161351318359375,-0.039058990478515625,0,0,1,0,-0.1609351267363356,0.2133921930456775,0.275,-0.10787880106576975,-0.04173558542457673,0.08397625127843292,0.20384615384615387,-0.06905193801371104,0,0,0,0,0,0,0,0
0.15079007404044822,-0.21624459192826812,0.729,0.09981537992155588,-0.1558979034423828,-0.026152538299560546,0,0,1,0,-0.15079007404044822,0.21624459192826812,0.271,-0.09981537992155588,-0.021914952269404292,0.08156791716074482,0.19526153846153846,-0.0625995900251842,0,0,0,0,0,0,0,0
0.13968136947047144,-0.21837152859538486,0.736,0.09117600012418405,-0.16898040771484374,-0.015140561103820801,0,0,1,0,-0.13968136947047144,0.21837152859538486,0.264,-0.09117600012418405,-0.012170199550277191,0.07827026206184202,0.1740787878787879,-0.05190609195431206,0,0,0,0,0,0,0,0
0.12494641795148005,-0.21871395566499974,0.741,0.08321729873508978,-0.22057388305664063,0.01500912857055664,0,0,1,0,-0.12494641795148005,0.21871395566499974,0.259,-0.08321729873508978,0.016789279659215617,0.06910640555296205,0.17985625,-0.04591088597371039,0,0,0,0,0,0,0,0
0.11002417179538079,-0.21858450869677035,0.744,0.07574728953655409,-0.222897705078125,0.02054032897949219,0,0,1,0,-0.11002417179538079,0.21858450869677035,0.256,-0.07574728953655409,0.023947677131263945,0.06663998121957,0.18864615384615385,-0.041270324004850915,0,0,0,0,0,0,0,0
0.09650135848953688,-0.21688112722526123,0.75,0.06771877497738023,-0.20032701110839843,0.0408275146484375,0,0,1,0,-0.09650135848953688,0.21688112722526123,0.25,-0.06771877497738023,0.023110950245946622,0.057794907570076715,0.1676923076923077,-0.030664092396577795,0,0,0,0,0,0,0,0
0.08141821865428481,-0.21434720541677713,0.756,0.06096435077216212,-0.2231565856933594,0.05323117828369141,0,0,1,0,-0.08141821865428481,0.21434720541677713,0.244,-0.06096435077216212,0.03900135655672206,0.05270191643503318,0.16289230769230767,-0.029790085209617005,0,0,0,0,0,0,0,0
0.06735449557582499,-0.20965979201756768,0.761,0.055326937288220475,-0.20628012084960937,0.08303340148925781,0,0,1,0,-0.06735449557582499,0.20965979201756768,0.239,-0.055326937288220475,0.03935220698216752,0.04022076693253995,0.1646848484848485,-0.03008478736012356,0,0,0,0,0,0,0,0
0.05425331050505753,-0.2056671160165589,0.766,0.04899139210348104,-0.1929052276611328,0.07066567993164062,0,0,1,0,-0.05425331050505753,0.2056671160165589,0.23399999999999999,-0.04899139210348104,0.04183202789597175,0.04251511843566955,0.16027692307692307,-0.01929352405001493,0,0,0,0,0,0,0,0
0.044214282425909766,-0.20006627839363714,0.773,0.042830379843941016,-0.14629049682617187,0.09128620147705079,0,0,1,0,-0.044214282425909766,0.20006627839363714,0.22699999999999998,-0.042830379843941016,0.030334265004785824,0.03230557841944816,0.14390769230769226,-0.014394938646063993,0,0,0,0,0,0,0,0
0.035422288755085726,-0.19340820323345376,0.783,0.03815289744859619,-0.12748274993896486,0.10542627716064454,0,0,1,0,-0.035422288755085726,0.19340820323345376,0.21699999999999997,-0.03815289744859619,0.02727478694848513,0.02528618738233864,0.12056969696969691,-0.016891613833392456,0,0,0,0,0,0,0,0
0.029678038637355606,-0.18632031103798424,0.79,0.034313173094208685,-0.08204567718505859,0.1095276107788086,0,0,1,0,-0.029678038637355606,0.18632031103798424,0.20999999999999996,-0.034313173094208685,0.014917577033528365,0.01982512861309399,0.12971874999999994,-0.01631446518301724,0,0,0,0,0,0,0,0
0.02473458420090013,-0.17965190367407938,0.801,0.029967303256742808,-0.07067662811279297,0.10251111602783203,0,0,1,0,-0.02473458420090013,0.17965190367407938,0.19899999999999995,-0.029967303256742808,0.012174400273019886,0.0213423207805834,0.1008666666666666,-0.010213349450079737,0,0,0,0,0,0,0,0
0.020239750949376092,-0.17254925610163335,0.813,0.025220007691318172,-0.06419999694824219,0.10851204681396484,0,0,1,0,-0.020239750949376092,0.17254925610163335,0.18700000000000006,-0.025220007691318172,0.012774694124273414,0.015842120444678365,0.08397500000000059,-0.0029670597283901895,0,0,0,0,0,0,0,0
0.017785607719318672,-0.1649146172786799,0.821,0.021589722847170104,-0.03391256332397461,0.11541146850585937,0,0,1,0,-0.017785607719318672,0.1649146172786799,0.17900000000000005,-0.021589722847170104,0.0026237031426293595,0.011391933548780604,0.10012307692307694,-0.004834562028025173,0,0,0,0,0,0,0,0
0.017267421363280407,-0.15696029405463063,0.832,0.018867009214058938,-0.005195209503173828,0.11945484161376953,0,0,1,0,-0.017267421363280407,0.15696029405463063,0.16800000000000004,-0.018867009214058938,-0.007595259621380378,0.00803680694046801,0.07606666666666667,-0.006491038154462732,0,0,0,0,0,0,0,0
0.014156703362573764,-0.14896988741127712,0.842,0.014974924982111623,-0.04439127349853516,0.1207150650024414,0,0,1,0,-0.014156703362573764,0.14896988741127712,0.15800000000000003,-0.014974924982111623,0.00821482020649758,0.004219506441796583,0.0717125,0.003269219855141411,0,0,0,0,0,0,0,0
0.012959315664369302,-0.14178994320645613,0.852,0.011501719770642857,-0.016346075057983397,0.10795603942871093,0,0,1,0,-0.012959315664369302,0.14178994320645613,0.14800000000000002,-0.011501719770642857,-0.0017591763448455327,0.007193984948314851,0.06455384615384613,0.004528458128443753,0,0,0,0,0,0,0,0
0.013740627950175782,-0.13516032396106287,0.863,0.007679448708775247,0.012862664222717285,0.09930291748046875,0,0,1,0,-0.013740627950175782,0.13516032396106287,0.137,-0.007679448708775247,-0.012813302271359923,0.008256241628343916,0.050369230769230736,0.009961802345998338,0,0,0,0,0,0,0,0
0.013292149906749238,-0.12818555024247547,0.876,0.0046076692252652405,-0.005923543930053711,0.10467018127441406,0,0,1,0,-0.013292149906749238,0.12818555024247547,0.124,-0.0046076692252652405,-0.0060124772597078165,0.004958925372366196,0.030260606060606016,0.009354964790689334,0,0,0,0,0,0,0,0
0.013410494213803591,-0.12214798305810047,0.883,0.001064650843716661,0.0021924309730529785,0.09055436706542969,0,0,1,0,-0.013410494213803591,0.12214798305810047,0.11699999999999999,-0.001064650843716661,-0.009086376440451167,0.008198307536998448,0.05647878787878785,0.015039978163322336,0,0,0,0,0,0,0,0
0.014077611828147851,-0.11574243468761769,0.891,-0.0024783675378316963,0.010109053611755372,0.09607251739501953,0,0,1,0,-0.014077611828147851,0.11574243468761769,0.10899999999999999,0.0024783675378316963,-0.012339387949482404,0.004401617651872816,0.044775757575757545,0.01858299654486968,0,0,0,0,0,0,0,0
0.014883216296313102,-0.10911447011815585,0.897,-0.0016057029118345858,0.011837632179260253,0.09944911193847657,0,0,1,0,-0.014883216296313102,0.10911447011815585,0.10299999999999998,0.0016057029118345858,-0.013619619952720496,0.00020519741886201176,0.04958749999999996,-0.0024849125225268696,0,0,0,0,0,0,0,0
0.0142843553507955,-0.10406286317893783,0.906,-0.0032463124087093085,-0.009104573249816894,0.07575958251953124,0,0,1,0,-0.0142843553507955,0.10406286317893783,0.09399999999999997,0.0032463124087093085,-0.005748189977833285,0.008216253388367803,0.027472727272727232,0.010703628303594412,0,0,0,0,0,0,0,0
0.013549283280983303,-0.09912684646920283,0.911,-0.004974188368183632,-0.011266380310058595,0.07400406646728516,0,0,1,0,-0.013549283280983303,0.09912684646920283,0.08899999999999997,0.004974188368183632,-0.004481234011596549,0.006164407912310935,0.043422222222222175,0.013202169127585173,1425561024401,0,0,0,0,0,0,0
0.013140227544116798,-0.09323940465308818,0.916,-0.006178465552059689,-0.006575037002563477,0.08828001403808594,0,0,1,0,-0.013140227544116798,0.09323940465308818,0.08399999999999996,0.006178465552059689,-0.006232385489882149,0.0011276677534217475,0.04108059701492532,0.011570751450012181,1425561024401,0,0,0,0,0,0,0
0.012390622002568498,-0.08828981592508406,0.923,-0.008412486994612492,-0.011702578544616699,0.07417294311523437,0,0,1,0,-0.012390622002568498,0.08828981592508406,0.07699999999999996,0.008412486994612492,-0.0038377719070603108,0.0029559916327305327,0.02271111111111105,0.019050684340102028,1425561024401,0,0,0,0,0,0,0
0.010682442162124283,-0.08292565704193691,0.928,-0.009651670763528455,-0.02629867172241211,0.08024398803710937,0,0,1,0,-0.010682442162124283,0.08292565704193691,0.07199999999999995,0.009651670763528455,0.0020427906434782993,0.000014428352726688493,0.030676923076923022,0.015370980466217517,1425561024401,0,0,0,0,0,0,0
0.010678207986400555,-0.07973184788025799,0.932,-0.011152653920243552,-0.0005258864164352417,0.047904293060302736,0,0,1,0,-0.010678207986400555,0.07973184788025799,0.06799999999999995,0.011152653920243552,-0.007137577372305348,0.01105597430506023,0.03318787878787874,0.0179753046325849,1425561024401,0,0,0,0,0,0,0
0.008320263173213797,-0.07530200614032731,0.936,-0.01165879940332192,-0.03610802459716797,0.06604904174804688,0,0,1,-0.011152653920243552,-0.008320263173213797,0.07530200614032731,0.06399999999999995,0.0005061454830783685,-0.0041601315866068985,0.02259060184209819,0.05119999999999996,0.0005061454830783685,1425561024401,0,0,0,0,0,0,0
0.006798994325104807,-0.07094696725103143,0.941,-0.012217304763960093,-0.02357908248901367,0.06505510711669922,0,0,1,-0.011152653920243552,-0.006798994325104807,0.07094696725103143,0.05900000000000005,0.0010646508437165414,0.004663350301771006,-0.0017639880271163658,0.0206848484848491,0.0036033115738900545,1425561024793,0,0,0,0,0,0,0
0.005660537294329071,-0.0674104307434257,0.945,-0.015149457907310584,-0.017723669052124025,0.052835460662841796,0,0,1,-0.011152653920243552,-0.005660537294329071,0.0674104307434257,0.05500000000000005,0.0039968039870670324,0.0033875581597673306,0.000972662871120359,0.02212500000000002,0.01774127184652246,1425561024857,0,0,0,0,0,0,0
0.004614622435973411,-0.06422834540664538,0.948,-0.015533430342749335,-0.016409997940063478,0.047488136291503905,0,0,1,-0.011152653920243552,-0.004614622435973411,0.06422834540664538,0.052000000000000046,0.004380776422505783,0.0033134284346066803,0.002265914060983032,0.025446153846153875,0.006152956893761556,1425561024922,0,0,0,0,0,0,0
0.0031463441872530765,-0.06155962802998623,0.95,-0.01652826801638606,-0.022643306732177734,0.03968383407592774,0,0,1,-0.011152653920243552,-0.0031463441872530765,0.06155962802998623,0.050000000000000044,0.00537561409614251,0.006319786844901069,0.004269601622241886,0.029230769230769258,0.009967172589850477,1425561024987,0,0,0,0,0,0,0
0.0016992666591884725,-0.057874759157802706,0.953,-0.01930334152705714,-0.022616724014282226,0.05490673446655273,0,0,1,-0.011152653920243552,-0.0016992666591884725,0.057874759157802706,0.04700000000000004,0.008150687606813587,0.006928063358997121,-0.0022698254218610596,0.02144615384615387,0.020958719194526253,1425561025052,0,0,0,0,0,0,0
0.0017290148819157482,-0.05390515589334778,0.956,-0.02017600615305425,-0.0007031875252723694,0.059541568756103516,0,0,1,-0.011152653920243552,-0.0017290148819157482,0.05390515589334778,0.04400000000000004,0.009023352232810698,-0.0010353262761859609,-0.004319721798332458,0.01952835820895524,0.01293080578205149,1425561025119,0,0,0,0,0,0,0
0.00217766902311043,-0.05000784007663901,0.956,-0.02155481626212973,0.005549038410186767,0.05858361053466797,0,0,1,-0.011152653920243552,-0.00217766902311043,0.05000784007663901,0.04400000000000004,0.010402162341886177,-0.003598147121404288,-0.006372432670334551,0.03520000000000003,0.016967924766055124,1425561025182,0,0,0,0,0,0,0
0.0023365264976475614,-0.04605480750379835,0.958,-0.022933626371205322,0.0011043041944503785,0.05933307266235351,0,0,1,-0.011152653920243552,-0.0023365264976475614,0.04605480750379835,0.04200000000000004,0.01178097245096177,-0.0020419579956129892,-0.007162212287641891,0.022830769230769255,0.018144711415926048,1425561025247,0,0,0,0,0,0,0
0.0034670140431848936,-0.041314425452420485,0.959,-0.02549926037163707,0.015322284698486328,0.07147589111328125,0,0,1,-0.011152653920243552,-0.0034670140431848936,0.041314425452420485,0.041000000000000036,0.01434660645139352,-0.007841309555972344,-0.01279704664171154,0.02741538461538464,0.0261879941456939,1425561025312,0,0,0,0,0,0,0
0.004726368480312889,-0.03614244844369367,0.963,-0.02607521902479503,0.016906166076660158,0.07803607177734374,0,0,1,-0.011152653920243552,-0.004726368480312889,0.03614244844369367,0.03700000000000003,0.014922565104551479,-0.008965630020479336,-0.015817080525163684,0.008704477611940313,0.017501484447049805,1425561025379,0,0,0,0,0,0,0
0.005850583324308243,-0.030405303475894013,0.967,-0.024644049038159744,0.014613784790039063,0.08646758270263671,0,0,1,-0.011152653920243552,-0.005850583324308243,0.030405303475894013,0.03300000000000003,0.013491395117916192,-0.009100814535026572,-0.021875985819838108,0.004525000000000005,0.006782785805563286,1425561025443,0,0,0,0,0,0,0
0.005938288368589886,-0.025382173831228177,0.972,-0.024905848425958988,-0.0005414896607398987,0.07535648345947266,0,0,1,-0.011152653920243552,-0.005938288368589886,0.025382173831228177,0.028000000000000025,0.013753194505715436,-0.0034727349472546956,-0.019039035921178445,-0.004523076923076921,0.01496149937248118,1425561025508,0,0,0,0,0,0,0
0.007497653198278371,-0.01892861207240521,0.974,-0.025185101106277908,0.020972496032714845,0.09735590362548828,0,0,1,-0.011152653920243552,-0.007497653198278371,0.01892861207240521,0.026000000000000023,0.014032447186034356,-0.012181612758099276,-0.028665127619516666,0.010030769230769242,0.015321305710583218,1425561025573,0,0,0,0,0,0,0
0.009418048342885975,-0.013722839822183856,0.977,-0.02391101075232215,0.026830381393432617,0.07878722381591798,0,0,1,-0.011152653920243552,-0.009418048342885975,0.013722839822183856,0.02300000000000002,0.012758356832078597,-0.015091941449851976,-0.023499072863920743,0.0022461538461538526,0.006877939813821248,1425561025638,0,0,0,0,0,0,0
0.01015961522778042,-0.00885973268506187,0.981,-0.02399827721492175,0.009376262664794922,0.07319170379638672,0,0,1,-0.011152653920243552,-0.01015961522778042,0.00885973268506187,0.019000000000000017,0.012845623294678197,-0.009002799455695914,-0.02232527865162894,-0.005695522388059702,0.013236368649601779,1425561025705,0,0,0,0,0,0,0
0.010434345103320163,-0.005224942122209186,0.984,-0.023527038316883287,0.0028114564418792723,0.054605045318603516,0,0,1,-0.011152653920243552,-0.010434345103320163,0.005224942122209186,0.016000000000000014,0.012374384396639735,-0.00679915825582389,-0.018201413996868542,-0.0038666666666666676,0.010130389644075631,1425561025768,0,0,0,0,0,0,0
0.011757774330728272,-0.0023025914909478736,0.986,-0.022916173078685417,0.01881472587585449,0.044290130615234374,0,0,1,-0.011152653920243552,-0.011757774330728272,0.0023025914909478736,0.014000000000000012,0.011763519158441866,-0.013068395714862369,-0.01461907576537083,0.00043076923076923283,0.00894414113599016,1425561025833,0,0,0,0,0,0,0
0.01088957217277529,-0.0007060698033094267,0.985,-0.024102996970041465,-0.013568357467651367,0.02364312553405762,0,0,1,-0.011152653920243552,-0.01088957217277529,0.0007060698033094267,0.015000000000000013,0.012950343049797914,-0.0008402807827769324,-0.007958494399090167,0.0173846153846154,0.01842799177913352,1425561025898,0,0,0,0,0,0,0
0.010957253484651614,0.0008384379369834268,0.985,-0.02317797246648444,0.00045656988024711607,0.023185354232788086,0,0,1,-0.011152653920243552,-0.010957253484651614,-0.0008384379369834268,0.015000000000000013,0.012025318546240888,-0.005899927642560605,-0.00766022955443457,0.01200000000000001,0.008003472878601644,1425561025967,0,0,0,0,0,0,0
0.010416489009727555,0.0016069792850479645,0.986,-0.02309070600388473,-0.008376462936401367,0.01133703327178955,0,0,1,-0.011152653920243552,-0.010416489009727555,-0.0016069792850479645,0.014000000000000012,0.011938052083641177,-0.002239989944990485,-0.004395868601906798,0.005554838709677426,0.011515795006545801,1425561026029,0,0,0,0,0,0,0
0.008886584797400182,0.0023831426971980037,0.987,-0.023230332344044244,-0.023211254119873046,0.011109496116638183,0,0,1,-0.011152653920243552,-0.008886584797400182,-0.0023831426971980037,0.013000000000000012,0.012077678423800692,0.003704428958717829,-0.0044710682502373976,0.005015384615384621,0.012722107686075379,1425561026094,0,0,0,0,0,0,0
0.007525849233527067,0.0024279405556082525,0.99,-0.023561944901923412,-0.02042113494873047,0.00019767412543296814,0,0,1,-0.011152653920243552,-0.007525849233527067,-0.0024279405556082525,0.010000000000000009,0.01240929098167986,0.003583557053390172,-0.000551708327858438,-0.008406250000000007,0.013963724846738463,1425561026158,0,0,0,0,0,0,0
0.0062795919529911644,0.0027981252989574363,0.99,-0.02220058808536772,-0.018819492340087892,0.005110806941986084,0,0,1,-0.011152653920243552,-0.0062795919529911644,-0.0027981252989574363,0.010000000000000009,0.011047934165124168,0.003369958672092079,-0.0023827231370796742,0.008000000000000007,0.0048599486353255675,1425561026224,0,0,0,0,0,0,0
0.0034594522562772386,0.001853988258166424,0.991,-0.021729349187329147,-0.04197729110717773,-0.015097620010375977,0,0,1,-0.011152653920243552,-0.0034594522562772386,-0.001853988258166424,0.009000000000000008,0.010576695267085596,0.013124091428358506,0.004869182592135552,0.0018969696969697,0.008434700276001173,1425561026290,0,0,0,0,0,0,0
0.0018485500520070207,-0.00043253126038921117,0.991,-0.020123646275494442,-0.02341261863708496,-0.034814712524414065,0,0,1,-0.011152653920243552,-0.0018485500520070207,0.00043253126038921117,0.009000000000000008,0.00897099235525089,0.00778269461761045,0.013053031547281924,0.007200000000000007,0.001444259956025708,1425561026354,0,0,0,0,0,0,0
-0.000819840025666603,-0.0018243995469897968,0.99,-0.01839577031602012,-0.0395976333618164,-0.021679208755493163,0,0,1,-0.011152653920243552,0.000819840025666603,0.0018243995469897968,0.010000000000000009,0.007243116395776567,0.014676055387257626,0.008462049665254283,0.013384615384615396,-0.0007316957248741547,1425561026419,0,0,0,0,0,0,0
-0.0032591394147950667,-0.004361271842710355,0.989,-0.017505652397502888,-0.035883323669433594,-0.03871969985961914,0,0,1,-0.011152653920243552,0.0032591394147950667,0.004361271842710355,0.01100000000000001,0.0063529984772593365,0.014084884476271044,0.014788832563291542,0.013947058823529423,0.002426007660271556,1425561026487,0,0,0,0,0,0,0
-0.004069990746892203,-0.006584470879253552,0.987,-0.01630137521362683,-0.011577157974243165,-0.033555782318115235,0,0,1,-0.011152653920243552,0.004069990746892203,0.006584470879253552,0.013000000000000012,0.00514872129338328,0.006515002644700381,0.014952760854119932,0.02169032258064518,-0.0006784263705331244,1425561026549,0,0,0,0,0,0,0
-0.005015808755786366,-0.009644006236750106,0.987,-0.014625859131712313,-0.013437298774719239,-0.046118194580078126,0,0,1,-0.011152653920243552,0.005015808755786366,0.009644006236750106,0.013000000000000012,0.003473205211468761,0.0074295370930825555,0.01955147807770592,0.01040000000000001,-0.004142776979051778,1425561026615,0,0,0,0,0,0,0
-0.0064622438452059975,-0.012104559609873975,0.987,-0.012653637076958754,-0.021154409408569337,-0.03722167205810547,0,0,1,-0.011152653920243552,0.0064622438452059975,0.012104559609873975,0.013000000000000012,0.0015009831567152025,0.011051380806799384,0.01752873355306768,0.01040000000000001,-0.007743807724942103,1425561026679,0,0,0,0,0,0,0
-0.006745947681041837,-0.015364478986335637,0.988,-0.011676252695841815,-0.003636485815048218,-0.04894872283935547,0,0,1,-0.011152653920243552,0.006745947681041837,0.015364478986335637,0.01200000000000001,0.0005235987755982628,0.004769595577721541,0.022090281886186936,0.0043761194029850806,-0.0038527491995522132,1425561026746,0,0,0,0,0,0,0
-0.0060894416670177545,-0.019034125955522722,0.989,-0.009215338450529896,0.010489620208740235,-0.05492597198486328,0,0,1,-0.011152653920243552,0.0060894416670177545,0.019034125955522722,0.01100000000000001,-0.0019373154697136553,-0.0005181446476031641,0.025634558000565057,0.0034969696969697006,-0.013123289312040555,1425561026812,0,0,0,0,0,0,0
-0.00642501958327528,-0.02171148499710208,0.991,-0.00937241808320942,-0.004663368701934814,-0.0402050666809082,0,0,1,-0.011152653920243552,0.00642501958327528,0.02171148499710208,0.009000000000000008,-0.001780235837034131,0.005029490571902672,0.022105101376533612,-0.0040903225806451626,-0.0010201730982622391,1425561026874,0,0,0,0,0,0,0
-0.004713976314996853,-0.0248237729273225,0.99,-0.009826203688727985,0.026102060317993163,-0.046441722869873046,0,0,1,-0.011152653920243552,0.004713976314996853,0.0248237729273225,0.010000000000000009,-0.001326450231515567,-0.0065240573725195185,0.023960673351976453,0.013147058823529423,0.0006755450869486861,1425561026942,0,0,0,0,0,0,0
-0.0006178980339169043,-0.027030520485145326,0.992,-0.011780972450961534,0.06176346206665039,-0.03249589157104492,0,0,1,-0.011152653920243552,0.0006178980339169043,0.027030520485145326,0.008000000000000007,0.0006283185307179827,-0.022520857336309204,0.020880306449195092,-0.004711111111111114,0.0099367412080206,1425561027005,0,0,0,0,0,0,0
0.0026564100013128744,-0.028530844002464927,0.996,-0.013089969389957311,0.049376335144042965,-0.021924686431884766,0,0,1,-0.011152653920243552,-0.0026564100013128744,0.028530844002464927,0.0040000000000000036,0.0019373154697137594,-0.019034636990448828,0.017167904991680718,-0.018338461538461553,0.00797883980354042,1425561027070,0,0,0,0,0,0,0
0.007990441095772518,-0.02954457662861734,0.998,-0.015882496193148066,0.08020265197753906,-0.014157382011413575,0,0,1,-0.011152653920243552,-0.007990441095772518,0.02954457662861734,0.0020000000000000018,0.004729842272904515,-0.032797662797167094,0.014871123955742499,-0.009169230769230777,0.017618427518400308,1425561027135,0,0,0,0,0,0,0
0.01494040568389779,-0.030632969472860004,1.001,-0.016406094968746555,0.10449560546875,-0.014668161392211915,0,0,1,-0.011152653920243552,-0.01494040568389779,0.030632969472860004,-0.0009999999999998899,0.005253441048503003,-0.04498353670543149,0.015619569798120143,-0.01695384615384548,0.007670050782034487,1425561027200,0,0,0,0,0,0,0
0.02250434759634249,-0.03263073487247991,1.003,-0.01576032314550867,0.11393547058105469,-0.028101110458374025,0,0,1,-0.011152653920243552,-0.02250434759634249,0.03263073487247991,-0.0029999999999998916,0.004607669225265119,-0.04917808402344332,0.02036999107690204,-0.012399999999999922,0.0018400756971027597,1425561027270,0,0,0,0,0,0,0
0.0285092931566832,-0.033575646115375626,1.005,-0.01370083462815529,0.09028636932373046,-0.012752368927001953,0,0,1,-0.011152653920243552,-0.0285092931566832,0.033575646115375626,-0.004999999999999893,0.0025481807079117385,-0.04940680191927166,0.01619676508956547,-0.015666666666666593,-0.007749261878855164,1425561027330,0,0,0,0,0,0,0
0.03376763729655959,-0.03457445672332874,1.007,-0.01272345024703846,0.0790730209350586,-0.013900131225585937,0,0,1,-0.011152653920243552,-0.03376763729655959,0.03457445672332874,-0.006999999999999895,0.0015707963267949081,-0.045343234604645725,0.01638511038449794,-0.016369230769230695,-0.0029402085091289236,1425561027395,0,0,0,0,0,0,0
0.04043668608642656,-0.03504097770640923,1.008,-0.010594148559605377,0.10011666870117188,-0.0057244830131530765,0,0,1,-0.011152653920243552,-0.04043668608642656,0.03504097770640923,-0.008000000000000007,-0.0005585053606381746,-0.05630014480702309,0.013681668411770969,-0.011784615384615994,-0.010386051610329326,1425561027460,0,0,0,0,0,0,0
0.04563288236329494,-0.03616125363936629,1.01,-0.008761552845011332,0.07811659240722656,-0.015977472305297852,0,0,1,-0.011152653920243552,-0.04563288236329494,0.03616125363936629,-0.010000000000000009,-0.0023911010752322194,-0.05099716001823181,0.017561474967397527,-0.018769230769230785,-0.010849235142589349,1425561027525,0,0,0,0,0,0,0
0.04927384754835544,-0.036743199727574304,1.012,-0.008744099552491435,0.05468886184692383,-0.008250354766845703,0,0,1,-0.011152653920243552,-0.04927384754835544,0.036743199727574304,-0.01200000000000001,-0.002408554367752117,-0.04389110505935717,0.014768438592761012,-0.020047761194029866,-0.0024867034387367343,1425561027592,0,0,0,0,0,0,0
0.052871596366421386,-0.03656458800354703,1.013,-0.008901179185170848,0.05394074249267578,0.003150953531265259,0,0,1,-0.011152653920243552,-0.052871596366421386,0.03656458800354703,-0.0129999999999999,-0.002251474735072704,-0.046379038754218414,0.010721456667402405,-0.01586874999999932,-0.0015151639568879542,1425561027656,0,0,0,0,0,0,0
0,0,1.016,0,0.03087234878540039,0.007694131374359131,0,0,1,-0.008901179185170848,0,0,-0.016000000000000014,-0.008901179185170848,0,0,-0.012800000000000013,-0.008901179185170848,1425561027656,0,0,0,0,0,0,0
0.0006510127385457357,-0.0005216672579447428,1.017,-0.0006981317007976884,0.009765191078186035,-0.007825008869171143,0,0,1,-0.008901179185170848,-0.0006510127385457357,0.0005216672579447428,-0.016999999999999904,-0.00820304748437316,-0.003831382735106884,0.0029658168038804713,-0.018984615384614715,-0.004980901172999213,1425561027656,0,0,0,0,0,0,0
0.004220060545562168,-0.0009086731585518332,1.017,0.000733038285837595,0.053539756774902345,-0.005767712116241455,0,0,1,-0.008901179185170848,-0.004220060545562168,0.0009086731585518332,-0.016999999999999904,-0.009634217471008443,-0.02133114620050423,0.002357409595182144,-0.013599999999999925,-0.016239617409325134,1425561027656,0,0,0,0,0,0,0
0.004830777203578697,-0.002449813342081985,1.017,-0.0009773843811168301,0.009143801689147949,-0.02312381172180176,0,0,1,-0.008901179185170848,-0.004830777203578697,0.002449813342081985,-0.016999999999999904,-0.007923794804054017,-0.005612102320236762,0.008788247400857693,-0.013599999999999925,-0.00026518584754166557,1425561027656,0,0,0,0,0,0,0
0.0066817794250629645,-0.006225693754146784,1.016,-0.003979350694547135,0.027820377349853515,-0.05661104202270508,0,0,1,-0.008901179185170848,-0.0066817794250629645,0.006225693754146784,-0.016000000000000014,-0.004921828490623713,-0.013634847726842937,0.02285131480987906,-0.00724444444444507,0.009373249192377735,1425561027981,0,0,0,0,0,0,0
0.008918646658717996,-0.00892766170120917,1.015,-0.005585053606381729,0.03371402359008789,-0.040395679473876955,0,0,1,-0.008901179185170848,-0.008918646658717996,0.00892766170120917,-0.014999999999999902,-0.0033161255787891187,-0.016337996699480804,0.017019301951448993,-0.006696969696969026,0.003982524020459037,1425561028047,0,0,0,0,0,0,0
0.0112994509207624,-0.01279619721100893,1.014,-0.008639379797372062,0.036035594940185545,-0.057827674865722656,0,0,1,-0.008901179185170848,-0.0112994509207624,0.01279619721100893,-0.014000000000000012,-0.0002617993877987862,-0.018493284006835482,0.02469013805348636,-0.005815384615385219,0.013835090724464285,1425561028112,0,0,0,0,0,0,0
0.01407365676093746,-0.01698491288460064,1.016,-0.011222467090323486,0.04215434646606445,-0.0624688835144043,0,0,1,-0.008901179185170848,-0.01407365676093746,0.01698491288460064,-0.016000000000000014,0.0023212879051526386,-0.022007850993751923,0.027681839984741687,-0.02356923076923079,0.014243229257236137,1425561028177,0,0,0,0,0,0,0
0.016856550213378948,-0.023184019588203104,1.016,-0.01099557428756426,0.042784290313720705,-0.09251229095458985,0,0,1,-0.008901179185170848,-0.016856550213378948,0.023184019588203104,-0.016000000000000014,0.002094395102393412,-0.023230159904418853,0.039876301291871266,-0.012800000000000013,0.0010630641807605644,1425561028243,0,0,0,0,0,0,0
0.019364783138617926,-0.031406895377360244,1.017,-0.010297442586766683,0.038977420806884766,-0.1229219970703125,0,0,1,-0.008901179185170848,-0.019364783138617926,0.031406895377360244,-0.016999999999999904,0.0013962634015958347,-0.02345580032974589,0.05445806571269088,-0.019068749999999322,-0.0018762289458928091,1425561028307,0,0,0,0,0,0,0
0.02169848015020445,-0.03717927694539236,1.016,-0.012112585008840717,0.035895195007324215,-0.08622067260742187,0,0,1,-0.008901179185170848,-0.02169848015020445,0.03717927694539236,-0.016000000000000014,0.003211405823669869,-0.02329573699307221,0.04185658090985924,-0.007496969696970295,0.01146205319673366,1425561028373,0,0,0,0,0,0,0
0.02464935142510966,-0.04293064806860706,1.019,-0.01197295866868109,0.045304756164550784,-0.08572811126708985,0,0,1,-0.008901179185170848,-0.02464935142510966,0.04293064806860706,-0.018999999999999906,0.0030717794835102424,-0.028548859529540165,0.044451164315740074,-0.031606249999999336,0.0024172810140119932,1425561028437,0,0,0,0,0,0,0
0.027510643975923923,-0.04714589395743178,1.024,-0.013875367553354948,0.0436733283996582,-0.06271029663085938,0,0,1,-0.008901179185170848,-0.027510643975923923,0.04714589395743178,-0.02400000000000002,0.0049741883681841004,-0.022433538134316748,0.02692779787207193,-0.03415726495726532,0.009852159867347839,1425561028554,0,0,0,0,0,0,0
0.030116660052302745,-0.051109026742243324,1.025,-0.015673056682909196,0.03991130065917969,-0.058898895263671876,0,0,1,-0.008901179185170848,-0.030116660052302745,0.051109026742243324,-0.02499999999999991,0.006771877497738348,-0.026602537674149863,0.03288662093862505,-0.02437499999999945,0.013513211733566776,1425561028634,0,0,0,0,0,0,0
0.032803049053782056,-0.054151227421356474,1.026,-0.016842427281745235,0.041006065368652346,-0.04499587249755859,0,0,1,-0.008901179185170848,-0.032803049053782056,0.054151227421356474,-0.026000000000000023,0.007941248096574387,-NaN,NaN,-NaN,NaN,1425561028634,0,0,0,0,0,0,0
0.035237087419338266,-0.06045507858253456,1.023,-0.006928957130417527,0.03809790420532227,-0.09392945861816407,0,0,1,-0.008901179185170848,-0.035237087419338266,0.06045507858253456,-0.02299999999999991,-0.001972222054753321,-0.028179513580860877,0.04530798550711581,-0.005595121951218954,-0.038241015291318105,1425561028716,0,0,0,0,0,0,0
0.03966088183496389,-0.0651147797520479,1.009,0.04569271981721146,0.06683962249755859,-0.06943405914306641,0,0,1,-0.008901179185170848,-0.03966088183496389,0.0651147797520479,-0.008999999999999897,-0.054593899002382304,-0.038468014515521745,0.03926933202708422,0.05113333333333346,-0.24252845952962865,1425561028800,0,0,0,0,0,0,0
0.043828511712398065,-0.06886828692902314,0.991,0.12109094350336659,0.05987747573852539,-0.05909930419921875,0,0,1,-0.008901179185170848,-0.043828511712398065,0.06886828692902314,0.009000000000000008,-0.12999212268853744,-0.03854791579566427,0.03580223869614445,0.07798651685393222,-0.384143438484566,0,0,0,0,0,0,0,0
0.04659644765650994,-0.06949340524192954,0.966,0.14940018397071464,0.04008234405517578,-0.01432341480255127,0,0,1,-0.008901179185170848,-0.04659644765650994,0.06949340524192954,0.03400000000000003,-0.1583013631558855,-0.034592169085237164,0.02377621112363092,0.1266318181818183,-0.25481013747639025,0,0,0,0,0,0,0,0
0.04685290994889786,-0.072031559526775,0.996,0.14978415640615328,-0.00186279296875,-0.03822080612182617,0,0,1,-0.008901179185170848,-0.04685290994889786,0.072031559526775,0.0040000000000000036,-0.15868533559132414,-0.11347383495494799,0.9104061114033472,-10.49680000000001,-0.2738770662229161,0,0,0,0,0,0,0,0
0.04005633960771487,-0.07403844274083894,0.985,0.13451252545120307,-0.1052992172241211,-0.014552947998046874,0,0,1,-0.008901179185170848,-0.04005633960771487,0.07403844274083894,0.015000000000000013,-0.14341370463637393,0.019981256928233646,0.03460309875833883,0.07725423728813566,-0.06576134384849151,0,0,0,0,0,0,0,0
0.030978351046557252,-0.07744998708088265,0.983,0.10735520229017115,-0.14180247497558593,-0.03244954681396484,0,0,1,-0.008901179185170848,-0.030978351046557252,0.07744998708088265,0.017000000000000015,-0.116256381475342,0.0030620461309453506,0.03095882267494144,0.017766666666666684,-0.06776116154492783,0,0,0,0,0,0,0,0
0.01894879793430681,-0.0818554266555088,0.972,0.09309586230137745,-0.18648506164550782,-0.0463668212890625,0,0,1,-0.008901179185170848,-0.01894879793430681,0.0818554266555088,0.028000000000000025,-0.1019970414865483,4.200507746317668,1.5670777401789904,3.872400000000003,4.17580495515156,0,0,0,0,0,0,0,0
0.0032734133941676935,-0.08741529677533463,0.958,0.08011061266653963,-0.24186538696289062,-0.06117881774902344,0,0,1,-0.008901179185170848,-0.0032734133941676935,0.08741529677533463,0.04200000000000004,-0.08901179185171047,0.042602575758101,0.0427701395444703,0.0734373983739838,-0.05734045127893529,1425561029329,0,0,0,0,0,0,0
-0.015141217924240407,-0.0920317957270466,0.948,0.0669857366915424,-0.2808751220703125,-0.04692094802856445,0,0,1,-0.008901179185170848,0.015141217924240407,0.0920317957270466,0.052000000000000046,-0.07588691587671324,NaN,NaN,NaN,NaN,1425561029329,0,0,0,0,0,0,0
-0.029168186195669153,-0.09657246460596706,0.936,0.0534245284035464,-0.21449163818359376,-0.05387371826171875,0,0,1,-0.008901179185170848,0.029168186195669153,0.09657246460596706,0.06399999999999995,-0.06232570758871724,0.2726156855413801,0.11335877042945079,0.27225263157894547,0.15179863380069328,1425561029329,0,0,0,0,0,0,0
-0.04742833239689485,-0.10048904137520548,0.924,0.06489134158914911,-0.27664852905273435,-0.0440386962890625,0,0,1,-0.008901179185170848,0.04742833239689485,0.10048904137520548,0.07599999999999996,-0.07379252077431996,0.10039421987959814,0.04748893413488463,0.11140240963855422,-0.1152388334933659,0,0,0,0,0,0,0,0
-0.06534416367143461,-0.10242762866508155,0.918,0.09133307975686322,-0.2700574951171875,-0.011591108322143554,0,0,1,-0.008901179185170848,0.06534416367143461,0.10242762866508155,0.08199999999999996,-0.10023425894203407,0.06956574322268787,0.0357427535910682,0.07802603550295857,-0.14717225568945558,0,0,0,0,0,0,0,0
-0.07582918180213011,-0.10047796822706569,0.91,0.0828682328846907,-0.15395243835449218,0.04346748733520508,0,0,1,-0.008901179185170848,0.07582918180213011,0.10047796822706569,0.08999999999999997,-0.09176941206986154,0.7716595203154024,-0.10532817705129985,0.6320000000000005,0.41612140026049005,0,0,0,0,0,0,0,0
-0.08126115476929051,-0.09900388611804131,0.901,0.07209955139988578,-0.07936976623535157,0.028779699325561525,0,0,1,-0.008901179185170848,0.08126115476929051,0.09900388611804131,0.09899999999999998,-0.08100073058505662,0.10177815565686177,0.01409365766055709,0.1808129032258065,0.023212316042087774,1425561029636,0,0,0,0,0,0,0
-0.08313301415767839,-0.09492166459391768,0.899,0.065537113412387,-0.0235938720703125,0.06309688568115235,0,0,1,-0.008901179185170848,0.08313301415767839,0.09492166459391768,0.10099999999999998,-0.07443829259755784,0.05865775900405463,-0.008051484817714283,0.09922105263157895,-0.02262957164362009,0,0,0,0,0,0,0,0
-0.08106624394766182,-0.08879841630956785,0.905,0.06825982704549816,0.03695019149780274,0.08962124633789062,0,0,1,-0.008901179185170848,0.08106624394766182,0.08879841630956785,0.09499999999999997,-0.077161006230669,0.03492456852531415,0.011340718955141181,0.05984615384615382,-0.08344419153784861,1425561029804,0,0,0,0,0,0,0
-0.07659483729098174,-0.08330022750815018,0.909,0.06520550085450805,0.0725401153564453,0.07770606231689453,0,0,1,-0.008901179185170848,0.07659483729098174,0.08330022750815018,0.09099999999999997,-0.0741066800396789,-NaN,-NaN,-NaN,NaN,1425561029804,0,0,0,0,0,0,0
-0.0667757354604194,-0.08008362264632014,0.918,0.060964350772161884,0.15011740112304686,0.038549449920654295,0,0,1,-0.008901179185170848,0.0667757354604194,0.08008362264632014,0.08199999999999996,-0.06986552995733274,0.01249780757435669,0.018478580957363766,0.04639268292682923,-0.06210732858718733,1425561029804,0,0,0,0,0,0,0
-0.05270657357312365,-0.07810692659225398,0.919,0.08953539062730909,0.21245187377929686,0.016737565994262696,0,0,1,-0.008901179185170848,0.05270657357312365,0.07810692659225398,0.08099999999999996,-0.09843656981247993,-4.897787506608916,-0.667092560214941,-0.28520000000000034,-8.669748526356637,1425561029804,0,0,0,0,0,0,0
-0.03401427986043953,-0.07959169493053574,0.92,0.13327334168228688,0.27726986694335937,-0.04725311279296875,0,0,1,-0.008901179185170848,0.03401427986043953,0.07959169493053574,0.07999999999999996,-0.14217452086745774,-0.03564532165181153,0.029486061285598622,0.06117741935483868,-0.24799214438756534,0,0,0,0,0,0,0,0
-0.012962774809985417,-0.08774190882672149,0.913,0.19856610899939486,0.2967274780273437,-0.16312869262695312,0,0,1,-0.008901179185170848,0.012962774809985417,0.08774190882672149,0.08699999999999997,-0.20746728818456572,-NaN,NaN,NaN,-NaN,0,0,0,0,0,0,0,0
0.0055834012105662415,-0.09616726093697266,0.905,0.2710321795421994,0.2477960205078125,-0.17877430725097657,0,0,1,-0.008901179185170848,-0.0055834012105662415,0.09616726093697266,0.09499999999999997,-0.27993335872737024,-0.18299571040891013,0.11221561844361541,0.15377777777777785,-0.8838172799174079,0,0,0,0,0,0,0,0
0.017943260785826563,-0.10747787430091611,0.9,0.2905624138720159,0.133207763671875,-0.21310165405273437,0,0,1,-0.008901179185170848,-0.017943260785826563,0.10747787430091611,0.09999999999999998,-0.2994635930571868,-0.042423245082276316,0.06452201407168179,0.09356589147286822,-0.3448827426614113,0,0,0,0,0,0,0,0
0.02165202682632079,-0.12311085727427669,0.892,0.28508208002075375,-0.01388107967376709,-0.24060333251953125,0,0,1,-0.008901179185170848,-0.02165202682632079,0.12311085727427669,0.10799999999999998,-0.2939832592059246,-0.6597776155059754,2.77429868084157,1.4864000000000013,0.5280668184834016,0,0,0,0,0,0,0,0
0.020604557260027967,-0.14186295830658274,0.891,0.27075292686188035,-0.09418443298339843,-0.26550979614257814,0,0,1,-0.008901179185170848,-0.020604557260027967,0.14186295830658274,0.10899999999999999,-0.2796541060470512,-0.00804550703149617,0.08392534574146299,0.08930843373493975,-0.2537580461213764,0,0,0,0,0,0,0,0
0.014070412790241345,-0.16085903638335566,0.894,0.2852042530683933,-0.17065107727050782,-0.24834666442871095,0,0,1,-0.008901179185170848,-0.014070412790241345,0.16085903638335566,0.10599999999999998,-0.29410543225356417,2.279963468754692,6.698715542207868,-0.965200000000001,-4.629503294207452,0,0,0,0,0,0,0,0
0.00023919815529542532,-0.17722172290769708,0.902,0.311768164283747,-0.2681428527832031,-0.17715364074707032,0,0,1,-0.008901179185170848,-0.00023919815529542532,0.17722172290769708,0.09799999999999998,-0.32066934346891784,0.0399358678553531,0.10215536526806704,0.055449180327868816,-0.38599043662142685,0,0,0,0,0,0,0,0
-0.01676765026471481,-0.1866573742983018,0.909,0.34632568347323467,-0.2862195739746094,-0.056461029052734375,0,0,1,-0.008901179185170848,0.01676765026471481,0.1866573742983018,0.09099999999999997,-0.35522686265840553,5.96082876110717,NaN,-NaN,-NaN,0,0,0,0,0,0,0,0
-0.03331189801439929,-0.1892140052618558,0.927,0.3784222884174105,-0.24644680786132814,0.048165157318115236,0,0,1,-0.008901179185170848,0.03331189801439929,0.1892140052618558,0.07299999999999995,-0.38732346760258135,0.1775627833836474,0.08373516791262393,-0.11660000000000019,-0.6547951754707132,0,0,0,0,0,0,0,0
0,0,0.947,0,-0.2401688690185547,0.1275201873779297,0,0,1,0.3784222884174105,0,0,0.05300000000000005,0.3784222884174105,0,0,0.04240000000000004,0.3784222884174105,0,0,0,0,0,0,0,0
-0.009952145385742187,0.014098940022786458,0.95,-0.05220279792715038,-0.1492821807861328,0.21148410034179688,0,0,1,0.3784222884174105,0.009952145385742187,-0.014098940022786458,0.050000000000000044,0.43062508634456087,0.7016267473020935,-0.991156188548889,-0.17000000000000015,3.562792961973584,0,0,0,0,0,0,0,0
-0.016404844206269142,0.036870980670707924,0.952,-0.10828022679372817,-0.11448199462890625,0.33606484985351565,0,0,1,0.3784222884174105,0.016404844206269142,-0.036870980670707924,0.04800000000000004,0.48670251521113866,0.022170511528292296,-0.06032058338858225,0.03407901234567905,0.5905496057048012,0,0,0,0,0,0,0,0
-0.018464765527499878,0.062204103189526724,0.956,-0.11409217320286923,-0.0717836456298828,0.3744321594238281,0,0,1,0.3784222884174105,0.018464765527499878,-0.062204103189526724,0.04400000000000004,0.49251446162027973,0.3697460567293227,-4.4520193517679,-0.6648000000000006,1.3643064229914397,0,0,0,0,0,0,0,0
-0.014895580896185465,0.09353205849533558,0.965,-0.09018116245054701,-0.00030818110704422,0.47295916748046873,0,0,1,0.3784222884174105,0.014895580896185465,-0.09353205849533558,0.03500000000000003,0.4686034508679575,-0.0028308309253581854,-0.11885252389459514,0.001966942148760333,0.40931995313492725,0,0,0,0,0,0,0,0
-0.005838051078685881,0.12525448538457062,0.97,-0.03920009499979264,0.09245751953125,0.48613848876953125,0,0,1,0.3784222884174105,0.005838051078685881,-0.12525448538457062,0.030000000000000027,0.41762238341720315,-NaN,-NaN,-NaN,-NaN,0,0,0,0,0,0,0,0
0.010012619500271422,0.15263470809014393,0.971,0.038205257326155886,0.22148191833496095,0.4197056579589844,0,0,1,0.3784222884174105,-0.010012619500271422,-0.15263470809014393,0.029000000000000026,0.3402170310912546,-0.15490332376316585,-0.3050238477519094,0.013740540540540554,-0.2873939337137335,0,0,0,0,0,0,0,0
0.03179783574470034,0.18004747002484497,0.964,0.0827460598370512,0.3422456359863281,0.3984097595214844,0,0,1,0.3784222884174105,-0.03179783574470034,-0.18004747002484497,0.03600000000000003,0.2956762285803593,-0.07238027348007647,-0.12555875727692134,0.04694814814814818,0.1966966674450364,0,0,0,0,0,0,0,0
0.05976031125176611,0.20355183453053732,0.958,0.06942919764433449,0.44714215087890624,0.31669198608398436,0,0,1,0.3784222884174105,-0.05976031125176611,-0.20355183453053732,0.04200000000000004,0.308993090773076,-NaN,-NaN,NaN,NaN,0,0,0,0,0,0,0,0
0.09719579005485177,0.22016591784990336,0.956,0.035238197597765544,0.5774679565429688,0.2096554260253906,0,0,1,0.3784222884174105,-0.09719579005485177,-0.22016591784990336,0.04400000000000004,0.34318409081964496,-0.12963563842257086,-0.10277546133236601,0.03952098765432102,0.4065007575725504,0,0,0,0,0,0,0,0
0.1395421264748118,0.2259832012523028,0.945,0.04354596483725855,0.6378749389648437,0.06482658386230469,0,0,1,0.3784222884174105,-0.1395421264748118,-0.2259832012523028,0.05500000000000005,0.33487632358015196,-NaN,-NaN,NaN,-NaN,0,0,0,0,0,0,0,0
0.18805445638283066,0.21958088076624768,0.959,0.06436774281355097,0.7228145141601563,-0.12762149810791015,0,0,1,0.3784222884174105,-0.18805445638283066,-0.21958088076624768,0.041000000000000036,0.31405454560385954,-0.7006426298137194,0.013262197677225696,-0.14220000000000013,0.09096406728644077,0,0,0,0,0,0,0,0
0.24164202486493122,0.20699916904601817,0.956,0.08695230333435751,0.7900094604492187,-0.24003878784179689,0,0,1,0.3784222884174105,-0.24164202486493122,-0.20699916904601817,0.04400000000000004,0.291469985083053,-0.2447920135082179,-0.034335886895131826,0.04210789473684214,0.24689519458146114,0,0,0,0,0,0,0,0
0.29418993721187814,0.18990876698909234,0.955,0.09417796643761409,0.7629781494140625,-0.323838623046875,0,0,1,0.3784222884174105,-0.29418993721187814,-0.18990876698909234,0.04500000000000004,0.28424432197979643,-18.539445805586592,5.923459007834103,0.38600000000000034,-1.8834546089971727,0,0,0,0,0,0,0,0
0.3349625583269121,0.17017044947102528,0.957,0.10360274439838343,0.5810365600585937,-0.3522758483886719,0,0,1,0.3784222884174105,-0.3349625583269121,-0.17017044947102528,0.04300000000000004,0.2748195440190271,-0.507975321612471,0.11215429089393116,0.017733333333333354,0.20749970144210317,0,0,0,0,0,0,0,0
0.364613939746696,0.14981213173670943,0.953,0.08094837070749705,0.4108047790527344,-0.34973443603515625,0,0,1,0.3784222884174105,-0.364613939746696,-0.14981213173670943,0.04700000000000004,0.29747391770991344,-0.2615440573416378,0.007151077115253306,0.048126315789473725,0.3485740087419879,0,0,0,0,0,0,0,0
0.3851902630357238,0.12776173013566647,0.951,0.026790804018112957,0.2808892517089844,-0.35462997436523436,0,0,1,0.3784222884174105,-0.3851902630357238,-0.12776173013566647,0.049000000000000044,0.35163148439929753,-NaN,NaN,NaN,NaN,0,0,0,0,0,0,0,0
0.39350487785249155,0.10670460006370112,0.95,-0.026005405854715502,0.11621341705322266,-0.31908453369140627,0,0,1,0.3784222884174105,-0.39350487785249155,-0.10670460006370112,0.050000000000000044,0.404427694272126,-0.21425754270484088,0.005721019437979646,0.041871657754010735,0.4891274962071449,0,0,0,0,0,0,0,0
0.3894273909897634,0.09269660903172214,0.953,-0.046792277245967906,-0.05567798614501953,-0.21163919067382814,0,0,1,0.3784222884174105,-0.3894273909897634,-0.09269660903172214,0.04700000000000004,0.4252145656633784,NaN,NaN,-NaN,NaN,0,0,0,0,0,0,0,0
0.38002608729558307,0.09105727197758999,0.963,-0.06270968002415622,-0.1397149963378906,-0.031159358978271483,0,0,1,0.3784222884174105,-0.38002608729558307,-0.09105727197758999,0.03700000000000003,0.4411319684415667,0.2780825487499358,0.05296395578497623,-0.4704000000000003,1.123306373221066,0,0,0,0,0,0,0,0
0.3638335025386205,0.0944762063827545,0.971,-0.06995279641993274,-0.245625244140625,0.035961715698242185,0,0,1,0.3784222884174105,-0.3638335025386205,-0.0944762063827545,0.029000000000000026,0.44837508483734323,-0.14664939606816244,-0.038147805164805176,0.004533333333333341,0.46286131762889626,0,0,0,0,0,0,0,0
0.33984081138409045,0.10607001816735671,0.979,-0.04740314248416594,-0.3711655578613281,0.14832704162597657,0,0,1,0.3784222884174105,-0.33984081138409045,-0.10607001816735671,0.02100000000000002,0.42582543090157643,NaN,-NaN,-NaN,-NaN,0,0,0,0,0,0,0,0
0.3178270808846646,0.12437194278943452,0.983,-0.0015358897417549477,-0.34284368896484374,0.25857354736328125,0,0,1,0.3784222884174105,-0.3178270808846646,-0.12437194278943452,0.017000000000000015,0.37995817815916544,0.00964599869059471,-0.1815432824651746,-0.017511111111111123,0.07417649320975883,0,0,0,0,0,0,0,0
0.29464218853238894,0.15157104458097376,0.979,0.02094395102393204,-0.34839959716796876,0.407451904296875,0,0,1,0.3784222884174105,-0.29464218853238894,-0.15157104458097376,0.02100000000000002,0.35747833739347845,-0.05362324032157599,-0.16081162086200385,0.0334666666666667,0.27719319180173924,0,0,0,0,0,0,0,0
0.2723627226553272,0.18816598794558512,0.974,0.009232791743050084,-0.3226228942871094,0.5558025512695313,0,0,1,0.3784222884174105,-0.2723627226553272,-0.18816598794558512,0.026000000000000023,0.3691894966743604,0.03030516278160833,-0.33698685589763105,0.058843478260869615,0.4455666224192427,0,0,0,0,0,0,0,0
0.25683434367315056,0.22796767142336222,0.965,0.02841396022246767,-0.22740362548828125,0.5991503295898437,0,0,1,0.3784222884174105,-0.25683434367315056,-0.22796767142336222,0.03500000000000003,0.3500083281949428,-0.08757778486335198,-0.1840247976111897,0.05360975609756102,0.3032249904402658,0,0,0,0,0,0,0,0
0.24948554444337925,0.26995400854955875,0.961,0.05504768460790121,-0.09229492950439454,0.6326725463867188,0,0,1,0.3784222884174105,-0.24948554444337925,-0.26995400854955875,0.039000000000000035,0.3233746038095093,0.2393326679937616,-2.18269962893523,0.2312000000000002,-0.8180707269947853,0,0,0,0,0,0,0,0
0.24838159830673773,0.31544012335235044,0.96,0.0859400123682008,0.021005504608154296,0.6821693115234375,0,0,1,0.3784222884174105,-0.24838159830673773,-0.31544012335235044,0.040000000000000036,0.2924822760492097,-0.12338320137135024,-0.27821687824953056,0.03597727272727276,0.1871675223209156,0,0,0,0,0,0,0,0
0.24839102837778285,0.3580599429777488,0.957,0.079429934258262,0.05501454162597656,0.63692578125,0,0,1,0.3784222884174105,-0.24839102837778285,-0.3580599429777488,0.04300000000000004,0.2989923541591485,-0.1279615194258099,-0.46540768898344725,0.05940000000000006,0.34549291208728283,0,0,0,0,0,0,0,0
0.2521612911015986,0.3900299297760468,0.958,0.07269296334556385,0.09442620086669921,0.47355047607421874,0,0,1,0.3784222884174105,-0.2521612911015986,-0.3900299297760468,0.04200000000000004,0.30572932507184664,-0.1406400041029028,-0.2098370219254049,0.03080000000000003,0.3218980552623222,0,0,0,0,0,0,0,0
0.2617312797990039,0.4126135655322505,0.96,0.08114035692521637,0.16777410888671876,0.32743402099609376,0,0,1,0.3784222884174105,-0.2617312797990039,-0.4126135655322505,0.040000000000000036,0.2972819314921941,-0.5535762068387884,-1.115163223036186,-0.05550000000000005,-0.019495327744775304,0,0,0,0,0,0,0,0
0.2726537559984603,0.4310811337384514,0.961,0.09763371835656282,0.18575042724609375,0.26282290649414064,0,0,1,0.3784222884174105,-0.2726537559984603,-0.4310811337384514,0.039000000000000035,0.2807885700608477,-0.17704497986901999,-0.19468062504189634,0.027866666666666692,0.2336646802570007,0,0,0,0,0,0,0,0
0.2840639035141641,0.4440872781442626,0.964,0.09557422983920949,0.1893544464111328,0.1774793701171875,0,0,1,0.3784222884174105,-0.2840639035141641,-0.4440872781442626,0.03600000000000003,0.282848058578201,-0.3279293678009264,-0.34403754060630887,-0.018927272727272744,0.31093199290574636,0,0,0,0,0,0,0,0
0.2964523551158576,0.4479601072791079,0.971,0.10119419003063126,0.19052239990234374,0.040094093322753904,0,0,1,0.3784222884174105,-0.2964523551158576,-0.4479601072791079,0.029000000000000026,0.2772280983867792,-0.18293153444179222,-0.14828120603002645,0.006303448275862076,0.2656005945424582,0,0,0,0,0,0,0,0
0.30402813484176594,0.4476494291546646,0.966,0.11510446416902609,0.11258457946777344,-0.0161160888671875,0,0,1,0.3784222884174105,-0.30402813484176594,-0.4476494291546646,0.03400000000000003,0.2633178242483844,-NaN,NaN,NaN,-NaN,0,0,0,0,0,0,0,0
0.30576665913106477,0.4389004627403067,0.962,0.1282293401440234,0.010832959175109864,-0.13336114501953125,0,0,1,0.3784222884174105,-0.30576665913106477,-0.4389004627403067,0.038000000000000034,0.2501929482733871,-0.16180276715502062,-0.11883768498072678,0.038684023668639086,0.2268943518680665,0,0,0,0,0,0,0,0
0.3034901014631691,0.4238890040172193,0.955,0.10957177044020408,-0.06266258239746093,-0.21895635986328124,0,0,1,0.3784222884174105,-0.3034901014631691,-0.4238890040172193,0.04500000000000004,0.2688505179772064,NaN,NaN,NaN,NaN,0,0,0,0,0,0,0,0
0.29441713758448324,0.40474338594011666,0.957,0.08007570608149989,-0.1666826629638672,-0.2705797424316406,0,0,1,0.3784222884174105,-0.29441713758448324,-0.40474338594011666,0.04300000000000004,0.2983465823359106,0.1120652707803623,0.43165556822201023,-0.023933333333333348,1.035748191303516,0,0,0,0,0,0,0,0
0.2784147427212162,0.3828875258647025,0.958,0.05401794034922458,-0.26549057006835936,-0.30758688354492186,0,0,1,0.3784222884174105,-0.2784147427212162,-0.3828875258647025,0.04200000000000004,0.3244043480681859,-0.10838083383778149,-0.07079028672010536,0.03131241830065363,0.37549800636676495,0,0,0,0,0,0,0,0
0.2576525498502392,0.3648207389907674,0.969,0.06520550085450821,-0.3256104736328125,-0.2537917327880859,0,0,1,0.3784222884174105,-0.2576525498502392,-0.3648207389907674,0.031000000000000028,0.3132167875629023,NaN,NaN,-NaN,-NaN,0,0,0,0,0,0,0,0
0.23701617389666133,0.3519802997880625,0.974,0.09583602922700865,-0.32143792724609377,-0.17202749633789063,0,0,1,0.3784222884174105,-0.23701617389666133,-0.3519802997880625,0.026000000000000023,0.2825862591904018,0.043580249932522824,-0.007151333145301239,-0.01989767441860467,0.06888489845202647,0,0,0,0,0,0,0,0
0.21674996537255742,0.3494685461082,0.98,0.08375835080320788,-0.30620339965820315,-0.008414499282836914,0,0,1,0.3784222884174105,-0.21674996537255742,-0.3494685461082,0.020000000000000018,0.2946639376142026,-0.056380820551592305,-0.10413351075939169,-0.0012131147540983614,0.32436314685305706,0,0,0,0,0,0,0,0
0.19798427720913772,0.35272205069553303,0.986,0.03218387140677549,-0.2764156799316406,0.07218067169189453,0,0,1,0.3784222884174105,-0.19798427720913772,-0.35272205069553303,0.014000000000000012,0.346238417010635,0.8331318106423831,-0.275015332766709,-0.2888000000000002,2.5565732482863086,0,0,0,0,0,0,0,0
0.1851669854191882,0.3585988597043193,0.993,-0.01598721594826795,-0.18932322692871092,0.09429306793212891,0,0,1,0.3784222884174105,-0.1851669854191882,-0.3585988597043193,0.007000000000000006,0.39440950436567845,-0.07169364910872443,-0.12723321867818876,-0.009339024390243908,0.4825273470883189,0,0,0,0,0,0,0,0
0.17698403609294006,0.36817287305933344,0.997,-0.015760323145508723,-0.12502438354492187,0.1416295928955078,0,0,1,0.3784222884174105,-0.17698403609294006,-0.36817287305933344,0.0030000000000000027,0.3941826115629192,2.769074343519896,-3.4684718082227857,-1.3976000000000013,0.32611477073515127,0,0,0,0,0,0,0,0
0.17518021441582196,0.37844665213002104,0.991,0.019024088846738247,-0.029482635498046875,0.1536611328125,0,0,1,0.3784222884174105,-0.17518021441582196,-0.37844665213002104,0.009000000000000008,0.35939819957067226,-0.07374458708223736,-0.2367608659815536,0.07494193548387103,0.022774857710217755,0,0,0,0,0,0,0,0
0,0,0.984,0,0.07501342010498047,0.18121389770507812,0,0,1,0.01902408884673825,0,0,0.016000000000000014,0.01902408884673825,0,0,0.012800000000000013,0.01902408884673825,1425561033714,0,0,0,0,0,0,0
0.013718354288736979,0.009769833374023438,0.975,0.004991641660703761,0.2057753143310547,0.14654750061035157,0,0,1,0.01902408884673825,-0.013718354288736979,-0.009769833374023438,0.025000000000000022,0.01403244718603449,-NaN,-NaN,NaN,-NaN,1425561033714,0,0,0,0,0,0,0
0.03733084680575466,0.011447558771828806,0.974,-0.0012391837689159635,0.35430859375,0.023397598266601562,0,0,1,0.01902408884673825,-0.03733084680575466,-0.011447558771828806,0.026000000000000023,0.020263272615654214,-0.06821502568324765,-0.0069695760081818995,0.022895808383233553,0.031456372189821384,1425561033714,0,0,0,0,0,0,0
0.06656593175706488,0.009735022399571414,0.977,-0.03532546406036524,0.4385577697753906,-0.025144611358642578,0,0,1,0.01902408884673825,-0.06656593175706488,-0.009735022399571414,0.02300000000000002,0.05434955290710349,-NaN,NaN,-NaN,NaN,1425561033714,0,0,0,0,0,0,0
0.099117295544408,0.0016531637083961716,0.994,-0.082798419714611,0.49224737548828124,-0.10390745544433594,0,0,1,0.01902408884673825,-0.099117295544408,-0.0016531637083961716,0.006000000000000005,0.10182250856134925,-0.4878381963820609,0.10827875525374243,-0.22404615384615403,0.6495873814949541,0,0,0,0,0,0,0,0
0.1273744457620532,-0.015261391724947188,0.999,-0.1326101165665292,0.443388671875,-0.2177945098876953,0,0,1,0.01902408884673825,-0.1273744457620532,0.015261391724947188,0.0010000000000000009,0.15163420541326747,-0.13459653566021362,0.04686662480354434,-0.011700000000000007,0.2583735558102351,0,0,0,0,0,0,0,0
0.14779057066218945,-0.038223468601212604,1.008,-0.13018410890625706,0.34909442138671876,-0.30091525268554686,0,0,1,0.01902408884673825,-0.14779057066218945,0.038223468601212604,-0.008000000000000007,0.14920819775299532,-NaN,NaN,-NaN,-NaN,0,0,0,0,0,0,0,0
0.15991543144128106,-0.06038598948571557,1.015,-0.09091420073638465,0.22348988342285156,-0.3060145874023438,0,0,1,0.01902408884673825,-0.15991543144128106,0.06038598948571557,-0.014999999999999902,0.1099382895831229,-0.10590259659258117,0.06466685721418718,-0.02667065868263443,0.03939354436778325,0,0,0,0,0,0,0,0
0.16793453262058836,-0.08136202227664328,1.019,-0.08498008127960391,0.14835565185546876,-0.30242037963867185,0,0,1,0.01902408884673825,-0.16793453262058836,0.08136202227664328,-0.018999999999999906,0.10400417012634217,-2.8911878544187535,7.366123560433057,-1.4152000000000011,-1.6762316669078796,0,0,0,0,0,0,0,0
0.17109434492041653,-0.09948065836936269,1.016,-0.12856095270190235,0.07029420471191407,-0.2667758178710937,0,0,1,0.01902408884673825,-0.17109434492041653,0.09948065836936269,-0.016000000000000014,0.1475850415486406,-0.15523061696504403,0.42630875586975064,0.05282499999999762,0.9647263807167362,0,0,0,0,0,0,0,0
0.16734992151486278,-0.11457807532466731,1.019,-0.19385372001901022,-0.026668891906738282,-0.23179328918457032,0,0,1,0.01902408884673825,-0.16734992151486278,0.11457807532466731,-0.018999999999999906,0.21287780886574847,-0.07581108248604762,0.06965984213215395,-0.022153642384105634,0.34259853863483697,0,0,0,0,0,0,0,0
0.15351869922821615,-0.13210986167945712,1.024,-0.2017077016529847,-0.15292193603515625,-0.29801809692382814,0,0,1,0.01902408884673825,-0.15351869922821615,0.13210986167945712,-0.02400000000000002,0.22073179049972297,4.763351666697637,6.176051910503334,-1.7692000000000403,2.5769262806920707,0,0,0,0,0,0,0,0
0.1261325554905747,-0.14623683654637792,1.013,-0.17104226669544428,-0.36001016235351563,-0.28990765380859373,0,0,1,0.01902408884673825,-0.1261325554905747,0.14623683654637792,-0.0129999999999999,0.19006635554218254,0.1539057651015069,0.15660278670919833,0.07710000000000104,-0.019016155531956735,0,0,0,0,0,0,0,0
0.09155166066551657,-0.15512199475987795,1.025,-0.11142181944731797,-0.488459228515625,-0.21962252807617189,0,0,1,0.01902408884673825,-0.09155166066551657,0.15512199475987795,-0.02499999999999991,0.13044590829405622,0.05164019901953837,0.07236844103887986,-0.0541463414634146,-0.014969816701373817,0,0,0,0,0,0,0,0
0.05616899243265406,-0.15749530118947117,1.014,-0.045081854579013564,-0.5234905395507813,-0.094392578125,0,0,1,0.01902408884673825,-0.05616899243265406,0.15749530118947117,-0.014000000000000012,0.06410594342575182,2.0349162230128313,0.18624978721921376,0.6304666666666607,-3.252892299989468,0,0,0,0,0,0,0,0
0.013128117111159325,-0.15164741793213263,0.991,-0.010262536001726691,-0.6489103393554687,0.05853354644775391,0,0,1,0.01902408884673825,-0.013128117111159325,0.15164741793213263,0.009000000000000008,0.02928662484846494,0.22419770657057667,0.014662515849164115,0.13104615384615395,-0.13141792243132064,0,0,0,0,0,0,0,0
-0.026909059789777087,-0.13676620897959016,0.974,-0.02556907354171692,-0.6028167724609375,0.21704324340820313,0,0,1,0.01902408884673825,0.026909059789777087,0.13676620897959016,0.026000000000000023,0.04459316238845517,0.2216251962397267,-0.03595927002899387,0.10960597014925383,0.11312989764214276,0,0,0,0,0,0,0,0
-0.060186556008526085,-0.1169760784847905,0.949,-0.04396484385773722,-0.5065886840820313,0.2839931945800781,0,0,1,0.01902408884673825,0.060186556008526085,0.1169760784847905,0.051000000000000045,0.06298893270447548,0.2140274093003807,-0.07403012495623063,0.17968888888888904,0.15058783897123884,0,0,0,0,0,0,0,0
-0.08878094972409147,-0.09216296919963973,0.927,-0.04127703680966596,-0.4448597412109375,0.35298583984375,0,0,1,0.01902408884673825,0.08878094972409147,0.09216296919963973,0.07299999999999995,0.06030112565640421,0.1951451589623538,-0.10305273121810749,0.17506666666666615,0.04808382089244393,1425561034817,0,0,0,0,0,0,0
-0.10899280367373039,-0.06283237179610979,0.914,-0.03338814859065151,-0.3210746154785156,0.427073486328125,0,0,1,0.01902408884673825,0.10899280367373039,0.06283237179610979,0.08599999999999997,0.052412237437389764,0.1608701587925334,-0.13576681745912517,0.13773939393939397,0.016553654623687727,0,0,0,0,0,0,0,0
-0.11944278705925856,-0.030434073842937927,0.899,-0.03293436298513301,-0.17288516235351561,0.48047100830078127,0,0,1,0.01902408884673825,0.11944278705925856,0.030434073842937927,0.10099999999999998,0.05195845183187126,0.11613586653326467,-0.16710397413232464,0.16283125000000004,0.049831331806003284,0,0,0,0,0,0,0,0
-0.12279218230530538,0.00013794496662345931,0.89,-0.03497639820996644,-0.06531400299072265,0.45667724609375,0,0,1,0.01902408884673825,0.12279218230530538,-0.00013794496662345931,0.10999999999999999,0.05400048705670469,0.07850520484361426,-0.16122182105937888,0.13572727272727275,0.06328246535140208,0,0,0,0,0,0,0,0
-0.12153024796348239,0.027477853133298296,0.876,-0.035552356863124565,0.004576589584350586,0.4105097351074219,0,0,1,0.01902408884673825,0.12153024796348239,-0.027477853133298296,0.124,0.054576445709862816,0.05339625677591257,-0.15453220207025065,0.17458461538461545,0.057234716416746476,0,0,0,0,0,0,0,0
-0.11242950550440925,0.053454865831039325,0.866,-0.037402405870238506,0.1225746307373047,0.39426123046875,0,0,1,0.01902408884673825,0.11242950550440925,-0.053454865831039325,0.134,0.056426494716976756,0.005943186178197196,-0.15720641505622693,0.16188750000000007,0.06509859943782335,0,0,0,0,0,0,0,0
-0.09889298556991127,0.07693649902761476,0.855,-0.04059635840138813,0.1897348175048828,0.35957086181640624,0,0,1,0.01902408884673825,0.09889298556991127,-0.07693649902761476,0.14500000000000002,0.05962044724812638,-0.023880061518825775,-0.1486786889149717,0.1752307692307693,0.07436176662266311,0,0,0,0,0,0,0,0
-0.07855215839152785,0.09580102501518842,0.849,-0.043004912769140355,0.293376708984375,0.2951177978515625,0,0,1,0.01902408884673825,0.07855215839152785,-0.09580102501518842,0.15100000000000002,0.062029001615878605,-0.0706379936721385,-0.12953897086749408,0.15310769230769233,0.07314540639011964,0,0,0,0,0,0,0,0
-0.057663837987458735,0.10939508774667911,0.845,-0.045832346157371126,0.30426864624023436,0.21719276428222656,0,0,1,0.01902408884673825,0.057663837987458735,-0.10939508774667911,0.15500000000000003,0.06485643500410937,-0.08063407980524293,-0.10312602807720367,0.14489552238805975,0.07751658450365011,0,0,0,0,0,0,0,0
-0.036180125683659345,0.11826780801474801,0.844,-0.048205993940083444,0.31581954956054686,0.14771560668945313,0,0,1,0.01902408884673825,0.036180125683659345,-0.11826780801474801,0.15600000000000003,0.06723008278682169,-0.09972374067506037,-0.08337246398311765,0.13026875000000002,0.07835655676828568,0,0,0,0,0,0,0,0
-0.013365982741743276,0.12058825518781009,0.842,-0.049794243559398245,0.3401373596191406,0.051256561279296876,0,0,1,0.01902408884673825,0.013365982741743276,-0.12058825518781009,0.15800000000000003,0.0688183324061365,-0.11839805046926427,-0.04831303113003793,0.13733750000000006,0.07626325249667465,0,0,0,0,0,0,0,0
0.0075279278931370056,0.11940793687933444,0.842,-0.05150466622635272,0.31390142822265626,-0.0020833311080932617,0,0,1,0.01902408884673825,-0.0075279278931370056,-0.11940793687933444,0.15800000000000003,0.07052875507309098,-0.11659072737558682,-0.028991045196222365,0.12640000000000004,0.0784230135359578,0,0,0,0,0,0,0,0
0.026335121135693782,0.11362637961267551,0.845,-0.052534410485029354,0.286198486328125,-0.07208490753173828,0,0,1,0.01902408884673825,-0.026335121135693782,-0.11362637961267551,0.15500000000000003,0.07155849933176761,-0.11324114820768473,-0.0030273581655328383,0.1080909090909091,0.07623915505302505,0,0,0,0,0,0,0,0
0.04198125814386609,0.10271697304685161,0.851,-0.05309291584566753,0.2429611053466797,-0.1510915985107422,0,0,1,0.01902408884673825,-0.04198125814386609,-0.10271697304685161,0.14900000000000002,0.07211700469240578,-0.10432874734162216,0.027370810824847894,0.08738181818181819,0.0746556654225793,0,0,0,0,0,0,0,0
0.055491826313964716,0.09315495333837238,0.855,-0.05318018230826724,0.20998451232910156,-0.1324735107421875,0,0,1,0.01902408884673825,-0.055491826313964716,-0.09315495333837238,0.14500000000000002,0.0722042711550055,-0.10089737565768188,0.023813750841352586,0.09446153846153846,0.07260703944392724,0,0,0,0,0,0,0,0
0.06336100208841795,0.07944472924657267,0.859,-0.051993358416911134,0.12880229187011719,-0.19908831787109374,0,0,1,0.01902408884673825,-0.06336100208841795,-0.07944472924657267,0.14100000000000001,0.07101744726364939,-0.07515785637917827,0.05136596301393162,0.09092499999999999,0.06545421027291766,0,0,0,0,0,0,0,0
0.06716345532598608,0.06792062166662333,0.864,-0.050963614158234444,0.06594332885742188,-0.169663818359375,0,0,1,0.01902408884673825,-0.06716345532598608,-0.06792062166662333,0.136,0.0699877030049727,-0.053641649618525876,0.039114480865833884,0.08306470588235293,0.06544471362845788,0,0,0,0,0,0,0,0
0.06786250729032117,0.05160204261515392,0.868,-0.05242969072990969,0.022941572189331055,-0.2439267120361328,0,0,1,0.01902408884673825,-0.06786250729032117,-0.05160204261515392,0.132,0.07145377957664795,-0.038408060956718816,0.07678381248659692,0.08301935483870967,0.07854769847185075,0,0,0,0,0,0,0,0
0.06467065214568427,0.035272467155699996,0.875,-0.05337216852598662,-0.03497560119628906,-0.24711611938476563,0,0,1,0.01902408884673825,-0.06467065214568427,-0.035272467155699996,0.125,0.07239625737272487,-0.016235331473798548,0.07484179419714718,0.0634328358208955,0.07661630720590512,0,0,0,0,0,0,0,0
0.05956740127984488,0.02011056257403567,0.883,-0.052482050607469556,-0.06430716705322266,-0.2311883544921875,0,0,1,0.01902408884673825,-0.05956740127984488,-0.02011056257403567,0.11699999999999999,0.0715061394542078,-0.002487296163689843,0.07699040809244341,0.049849999999999964,0.06733371171115907,0,0,0,0,0,0,0,0
0.053231388972906774,0.004819249095523809,0.887,-0.05300564938306782,-0.08287705993652343,-0.23403950500488283,0,0,1,0.01902408884673825,-0.053231388972906774,-0.004819249095523809,0.11299999999999999,0.07202973822980607,0.006854695759439051,0.08099584575047969,0.06886153846153845,0.07444634796333653,0,0,0,0,0,0,0,0
0.04716929176243065,-0.008126544353326506,0.895,-0.05265658353266892,-0.08051556396484374,-0.19873179626464843,0,0,1,0.01902408884673825,-0.04716929176243065,0.008126544353326506,0.10499999999999998,0.07168067237940717,0.00838015688254393,0.07225514280232534,0.04092307692307688,0.07006959922371994,0,0,0,0,0,0,0,0
0.03700021774101047,-0.01962523656422409,0.902,-0.052150438049590554,-0.14324665832519531,-0.18026963806152344,0,0,1,0.01902408884673825,-0.03700021774101047,0.01962523656422409,0.09799999999999998,0.0711745268963288,0.035555134272190335,0.0679254232803851,0.040707692307692264,0.06883847082058249,1425561036249,0,0,0,0,0,0,0
0.027055201775801185,-0.02853452529542897,0.913,-0.050823987818074935,-0.14200624084472657,-0.14123367309570312,0,0,1,0.01902408884673825,-0.027055201775801185,0.02853452529542897,0.08699999999999997,0.06984807666481319,0.03930358991712052,0.056673815527458676,0.0103692307692307,0.06372599867320264,1425561036249,0,0,0,0,0,0,0
0.016407419890806303,-0.03548735074101114,0.922,-0.05241223743738975,-0.15421221923828124,-0.11227165985107422,0,0,1,0.01902408884673825,-0.016407419890806303,0.03548735074101114,0.07799999999999996,0.071436326284128,0.04840094022014984,0.04824792763191577,0.013938461538461469,0.07876670914250403,1425561036249,0,0,0,0,0,0,0
0.007699645458650231,-0.04186668011817796,0.927,-0.05227261109723023,-0.12542422485351562,-0.10240131378173828,0,0,1,0.01902408884673825,-0.007699645458650231,0.04186668011817796,0.07299999999999995,0.07129669994396848,0.042303628689855405,0.04710088403413686,0.03147692307692303,0.07065227068169379,1425561036249,0,0,0,0,0,0,0
-0.00233879496237497,-0.045054549758814004,0.934,-0.05066690818539547,-0.14787249755859375,-0.05562017822265625,0,0,1,0.01902408884673825,0.00233879496237497,0.045054549758814004,0.06599999999999995,0.06969099703213372,0.052104866451306395,0.030145799474439662,0.01677058823529405,0.0626070135975686,1425561036249,0,0,0,0,0,0,0
-0.011591935085794914,-0.047035492040549125,0.938,-0.049165925028680266,-0.13711410522460937,-0.03670541381835937,0,0,1,0.01902408884673825,0.011591935085794914,0.047035492040549125,0.062000000000000055,0.06819001387541851,0.05730564860791847,0.02554383028914243,0.027019354838710333,0.06092719214937718,1425561036574,0,0,0,0,0,0,0
-0.020611889311811026,-0.047420442190866184,0.941,-0.05063200160035552,-0.13485203552246094,-0.01241671085357666,0,0,1,0.01902408884673825,0.020611889311811026,0.047420442190866184,0.05900000000000005,0.06965609044709377,0.057426851721721024,0.016549276451156565,0.031290909090909126,0.07632007486379949,1425561036640,0,0,0,0,0,0,0
-0.02831817496747554,-0.04719200401113889,0.945,-0.04965461721923875,-0.11561956787109375,-0.0024280881881713866,0,0,1,0.01902408884673825,0.02831817496747554,0.04719200401113889,0.05500000000000005,0.06867870606597701,0.05560877726843809,0.013220274272134437,0.02212500000000002,0.06409721677949219,1425561036704,0,0,0,0,0,0,0
-0.036071097180770985,-0.0466261979375328,0.937,-0.048729592715681724,-0.11657174682617187,0.002704477310180664,0,0,1,0.01902408884673825,0.036071097180770985,0.0466261979375328,0.06299999999999994,0.06775368156241998,0.05847927705395234,0.011330090282103335,0.09282424242424184,0.06354902472806986,1425561036770,0,0,0,0,0,0,0
-0.0437294855061497,-0.044966074344463564,0.909,-0.04834562028024292,-0.11595243835449219,0.01927665710449219,0,0,1,0.01902408884673825,0.0437294855061497,0.044966074344463564,0.09099999999999997,0.06736970912698118,0.06183601660479004,0.00505853184639987,0.22128484848484858,0.06562437987498661,1425561036836,0,0,0,0,0,0,0
-0.049264747310474505,-0.0417348131019886,0.886,-0.04717624968140677,-0.08527426147460937,0.044399765014648436,0,0,1,0.01902408884673825,0.049264747310474505,0.0417348131019886,0.11399999999999999,0.06620033852814503,0.05429347457577564,-0.004751410444920575,0.21698125000000013,0.06071891384610057,0,0,0,0,0,0,0,0
-0.05392461901926059,-0.03812462861742084,0.857,-0.04796164784480423,-0.07237408447265625,0.05079621124267578,0,0,1,0.01902408884673825,0.05392461901926059,0.03812462861742084,0.14300000000000002,0.06698573669154248,0.05147911533359346,-0.007578179778807972,0.2705538461538463,0.07061065129183842,0,0,0,0,0,0,0,0
-0.05855709285777445,-0.03381155812921986,0.813,-0.04907865856608063,-0.07250894165039062,0.06129022216796875,0,0,1,0.01902408884673825,0.05855709285777445,0.03381155812921986,0.18700000000000006,0.06810274741281888,0.05368588736943437,-0.012634894201278488,0.3865230769230772,0.07325818151101765,0,0,0,0,0,0,0,0
-0.06073643046501143,-0.02935847705290166,0.772,-0.0507192680629553,-0.03592765426635742,0.06511204528808594,0,0,1,0.01902408884673825,0.06073643046501143,0.02935847705290166,0.22799999999999998,0.06974335690969355,0.0416058397613643,-0.014705638680874631,0.4031692307692304,0.07731540074142279,0,0,0,0,0,0,0,0
-0.06267933019145108,-0.023773453678547034,0.723,-0.05414011339686415,-0.033353221893310546,0.08219011688232422,0,0,1,0.01902408884673825,0.06267933019145108,0.023773453678547034,0.277,0.0731642022436024,0.04103386615050693,-0.021562583845899718,0.47757014925373154,0.0884814201566271,0,0,0,0,0,0,0,0
-0.064263055816484,-0.016864213404665027,0.671,-0.05792747787369191,-0.029329341888427736,0.10220123291015625,0,0,1,0.01902408884673825,0.064263055816484,0.016864213404665027,0.32899999999999996,0.07695156672043016,0.04051521419992142,-0.0328339044226868,0.5520888888888885,0.09498663565770521,0,0,0,0,0,0,0,0
-0.06479375639503804,-0.01124716201000922,0.614,-0.06002187297608503,-0.012825151443481446,0.08365357208251953,0,0,1,0.01902408884673825,0.06479375639503804,0.01124716201000922,0.386,0.07904596182282328,0.0348818232361342,-0.02637270235338262,0.6157230769230773,0.08871240075694538,0,0,0,0,0,0,0,0
-0.06364558524636373,-0.005576240244151674,0.559,-0.06297147941195547,0.01208892822265625,0.08594375610351562,0,0,1,0.01902408884673825,0.06364558524636373,0.005576240244151674,0.44099999999999995,0.08199556825869372,0.025309028760977636,-0.02836042555652902,0.6489538461538458,0.09560913642424962,0,0,0,0,0,0,0,0
-0.060274397617248565,0.005065277825423196,0.503,-0.06611307206554524,0.04042254638671875,0.16248861694335937,0,0,1,0.01902408884673825,0.060274397617248565,-0.005065277825423196,0.497,0.08513716091228349,0.012235597179515393,-0.056610561894593604,0.6901373134328361,0.09920399368955109,0,0,0,0,0,0,0,0
-0.05767141058961155,0.016628139012609816,0.448,-0.06775368156241997,0.027501012802124022,0.17564349365234375,0,0,1,0.01902408884673825,0.05767141058961155,-0.016628139012609816,0.552,0.08677777040915821,0.014346609705715765,-0.06773443961070862,0.7423812500000003,0.09446812742575847,0,0,0,0,0,0,0,0
-0.05549839833847717,0.026028580236183717,0.395,-0.069882983249853,0.022973987579345705,0.1428898468017578,0,0,1,0.01902408884673825,0.05549839833847717,-0.026028580236183717,0.605,0.08890707209659124,0.015830427648042565,-0.05795485387213616,0.769384615384615,0.09873461834628214,0,0,0,0,0,0,0,0
-0.05676927514928706,0.029394050156644157,0.343,-0.0718028454270468,-0.022541587829589843,0.049027725219726564,0,0,1,0.01902408884673825,0.05676927514928706,-0.029394050156644157,0.657,0.09082693427378505,0.03504678410814838,-0.02648760165641902,0.8056000000000003,0.09968783663006417,0,0,0,0,0,0,0,0
-0.0601037395131906,0.031682035983692805,0.29,-0.07351326809400123,-0.052350227355957034,0.03064307975769043,0,0,1,0.01902408884673825,0.0601037395131906,-0.031682035983692805,0.71,0.09253735694073947,0.04786470900667254,-0.021392753301859517,0.853384615384615,0.10043161540360605,0,0,0,0,0,0,0,0
-0.0672857528153047,0.028245557942219578,0.24,-0.07449065247511806,-0.10365324401855469,-0.05932041549682617,0,0,1,0.01902408884673825,0.0672857528153047,-0.028245557942219578,0.76,0.0935147413218563,0.07163175031913879,0.010163218916079436,0.8731515151515155,0.09795739759966007,0,0,0,0,0,0,0,0
-0.07435426543851258,0.026857386083353987,0.198,-0.07515387759087595,-0.10418400573730469,-0.028655603408813478,0,0,1,0.01902408884673825,0.07435426543851258,-0.026857386083353987,0.802,0.0941779664376142,0.07578308759091361,-0.00006970058981378788,0.8712875000000002,0.09728683416772932,0,0,0,0,0,0,0,0
-0.08063484573929726,0.024285015746100112,0.157,-0.07572983624403402,-0.091045654296875,-0.04555012512207031,0,0,1,0.01902408884673825,0.08063484573929726,-0.024285015746100112,0.843,0.09475392509077227,0.07413837129478595,0.006945885290861694,0.8951692307692304,0.09741219579765567,0,0,0,0,0,0,0,0
-0.08548728148784822,0.02116567859427967,0.118,-0.07401941357707958,-0.06903790283203125,-0.052162796020507815,0,0,1,0.01902408884673825,0.08548728148784822,-0.02116567859427967,0.882,0.09304350242381784,0.06893014677461619,0.010813134669910749,0.9156000000000002,0.08514924396095126,0,0,0,0,0,0,0,0
-0.08905917114040866,0.017612411816626424,0.065,-0.0666541241336635,-0.04949007797241211,-0.05711527633666992,0,0,1,0.01902408884673825,0.08905917114040866,-0.017612411816626424,0.935,0.08567821298040176,0.06330638611174422,0.013632724945595441,1.0248656716417914,0.05269930502480738,0,0,0,0,0,0,0,0
-0.08977312898076585,0.016876463064602294,0,-0.05885250237724882,-0.009950321197509765,-0.011728013038635254,0,0,1,0.01902408884673825,0.08977312898076585,-0.016876463064602294,1,0.07787659122398707,0.04896615172323497,-0.0006944130033272444,1.1554687499999998,0.04130648924079322,0,0,0,0,0,0,0,0
