0.21332072187801357,-0.13486763044444647,0.721,-0.3991393466385832,-0.008383762359619141,-0.041114719390869144,0,0,0.7,undefined,-0.21332072187801357,0.13486763044444647,-0.02100000000000002,0,-0.10666036093900678,0.04046028913333394,-0.016800000000000016,0,0,0,0,0,0,0,0,0
0.21179326472232823,-0.1369469445029275,0.718,-0.39891245383582397,-0.008989772796630859,-0.0376422004699707,0,0,0.7,undefined,-0.21179326472232823,0.1369469445029275,-0.018000000000000016,0,-0.09793626433270104,0.052201133795891974,0.001753846153846151,0,0,0,0,0,0,0,0,0
0.21092028540848934,-0.13900671684320345,0.717,-0.3997502118767813,-0.00006580567359924317,-0.03355690002441406,0,0,0.7,undefined,-0.21092028540848934,0.13900671684320345,-0.017000000000000015,0,-0.100882920961886,0.053323153936143966,-0.008044444444444453,0,0,0,0,0,0,0,0,0
0.21029510667920287,-0.14257230122133266,0.714,-0.4005879699177385,0.012176925659179688,-0.05291669464111328,0,0,0.7,undefined,-0.21029510667920287,0.14257230122133266,-0.014000000000000012,0,-0.10219056148961679,0.062241622074795604,0.004953846153846154,0,0,0,0,0,0,0,0,0
0.21083235846785278,-0.14684409909691729,0.71,-0.4007625028429379,0.032408222198486325,-0.05586151504516602,0,0,0.7,undefined,-0.21083235846785278,0.14684409909691729,-0.010000000000000009,0,-0.10885546966737251,0.06742129816510549,0.013538461538461548,0,0,0,0,0,0,0,0,0
0.21131880138741566,-0.15396688113732918,0.714,-0.40093703576813733,0.04839963912963867,-0.09552942657470703,0,0,0.7,undefined,-0.21131880138741566,0.15396688113732918,-0.014000000000000012,0,-0.10888850020656686,0.08386786492442483,-0.032095522388059725,0,0,0,0,0,0,0,0,0
0.21075079132387634,-0.16168851153660457,0.712,-0.4013035549110562,0.03735964584350586,-0.10996433258056641,0,0,0.7,undefined,-0.21075079132387634,0.16168851153660457,-0.01200000000000001,0,-0.1030405369801641,0.09197560157144255,0.0015111111111111106,0,0,0,0,0,0,0,0,0
0.20850384834345773,-0.1712366923868223,0.708,-0.4008323160130176,0.02491902732849121,-0.14500950622558595,0,0,0.7,undefined,-0.20850384834345773,0.1712366923868223,-0.008000000000000007,0,-0.09329468277962771,0.10268941776836027,0.014812121212121221,0,0,0,0,0,0,0,0,0
0.20570101613369476,-0.18188505951543646,0.704,-0.40041343699253906,0.023612417221069337,-0.16346945190429688,0,0,0.7,undefined,-0.20570101613369476,0.18188505951543646,-0.0040000000000000036,0,-0.08885040561238906,0.11270522226987993,0.018338461538461553,0,0,0,0,0,0,0,0,0
0.20178251191978902,-0.19221671683692898,0.701,-0.3993662394413424,0.00628080940246582,-0.16562777709960938,0,0,0.7,undefined,-0.20178251191978902,0.19221671683692898,-0.0010000000000000009,0,-0.08101484750049216,0.11422429983238591,0.015353846153846164,0,0,0,0,0,0,0,0,0
0.1961598947165646,-0.20193758258907255,0.698,-0.3996105855366217,-0.02100527572631836,-0.16713262939453125,0,0,0.7,undefined,-0.1961598947165646,0.20193758258907255,0.0020000000000000018,0,-0.07006272319085069,0.11242449876529052,0.01727164179104479,0,0,0,0,0,0,0,0,0
0.18981714755793294,-0.21138544276011095,0.697,-0.39985493163190095,-0.032508560180664066,-0.16756791687011718,0,0,0.7,undefined,-0.18981714755793294,0.21138544276011095,0.0030000000000000027,0,-0.061145331112242546,0.11709949971805575,0.007955555555555563,0,0,0,0,0,0,0,0,0
0.18262690502729778,-0.2183469103522086,0.696,-0.39992474480198065,-0.05869597625732422,-0.13817071533203126,0,0,0.7,undefined,-0.18262690502729778,0.2183469103522086,0.0040000000000000036,0,-0.054778153792767695,0.10376081048965022,0.008503030303030311,0,0,0,0,0,0,0,0,0
0.17430507938024123,-0.22512295013165698,0.695,-0.4011639285708967,-0.07540362548828125,-0.14222158813476563,0,0,0.7,undefined,-0.17430507938024123,0.22512295013165698,0.0050000000000000044,0,-0.04334888623879779,0.10607729506097009,0.009468750000000008,0,0,0,0,0,0,0,0,0
0.16509838571091592,-0.2294561937273347,0.694,-0.40208895307445375,-0.1017548828125,-0.11376506805419923,0,0,0.7,undefined,-0.16509838571091592,0.2294561937273347,0.006000000000000005,0,-0.03554111282689552,0.09345156378196605,0.010103030303030312,0,0,0,0,0,0,0,0,0
0.15521351647342474,-0.23161240712966785,0.694,-0.40217621953705335,-0.12379035949707032,-0.0877890853881836,0,0,0.7,undefined,-0.15521351647342474,0.23161240712966785,0.006000000000000005,0,-0.027104733540263937,0.08270643490545346,0.004800000000000005,0,0,0,0,0,0,0,0,0
0.14463227674080212,-0.2330862464545745,0.696,-0.4019318734417742,-0.13740126037597655,-0.0824695816040039,0,0,0.7,undefined,-0.14463227674080212,0.2330862464545745,0.0040000000000000036,0,-0.01646028465119457,0.0799233556963669,-0.0077375000000000065,0,0,0,0,0,0,0,0,0
0.13308583347713143,-0.23233061755772189,0.696,-0.4017922471016146,-0.16382807922363282,-0.05732284927368164,0,0,0.7,undefined,-0.13308583347713143,0.23233061755772189,0.0040000000000000036,0,-0.006466567563749477,0.06771885213758772,0.003200000000000003,0,0,0,0,0,0,0,0,0
0.12347431678046163,-0.23108180449050628,0.699,-0.4025252853874523,-0.1400166320800781,-0.03914102554321289,0,0,0.7,undefined,-0.12347431678046163,0.23108180449050628,0.0010000000000000009,0,-0.012159902882095848,0.06483880431915658,-0.015353846153846164,0,0,0,0,0,0,0,0,0
0.11082178347439628,-0.22712175689722647,0.701,-0.4029790709929707,-0.19788894653320313,-0.01969503593444824,0,0,0.7,undefined,-0.11082178347439628,0.22712175689722647,-0.0010000000000000009,0,0.010469034431500622,0.04919946404281014,-0.011569230769230778,0,0,0,0,0,0,0,0,0
0.09930609100234905,-0.2225964289392481,0.706,-0.40271727160517157,-0.1855185546875,-0.005297477722167969,0,0,0.7,undefined,-0.09930609100234905,0.2225964289392481,-0.006000000000000005,0,0.008187922558272984,0.0456745655425772,-0.030919402985074652,0,0,0,0,0,0,0,0,0
0.0891718182475885,-0.2176627971223518,0.706,-0.40336304342840945,-0.168856689453125,0.008506764411926269,0,0,0.7,undefined,-0.0891718182475885,0.2176627971223518,-0.006000000000000005,0,0.009343793528464178,0.040562310825083686,-0.004800000000000005,0,0,0,0,0,0,0,0,0
0.07967318139518986,-0.2125662090684011,0.706,-0.40352012306108886,-0.16105223083496092,0.01438833236694336,0,0,0.7,undefined,-0.07967318139518986,0.2125662090684011,-0.006000000000000005,0,0.008110571416467795,0.03955533286414488,-0.004800000000000005,0,0,0,0,0,0,0,0,0
0.07236701291918228,-0.20722456219997382,0.706,-0.4030139775780105,-0.13225216674804688,0.03065704536437988,0,0,0.7,undefined,-0.07236701291918228,0.20722456219997382,-0.006000000000000005,0,0.0006859652088261059,0.03635218175429332,-0.004800000000000005,0,0,0,0,0,0,0,0,0
0.06643005625452109,-0.20169272421479478,0.706,-0.40325832367328984,-0.11446278381347656,0.041403205871582034,0,0,0.7,undefined,-0.06643005625452109,0.20169272421479478,-0.006000000000000005,0,-0.00517377088984259,0.03511979980617089,-0.004800000000000005,0,0,0,0,0,0,0,0,0
0.06141760923341385,-0.19599363820486068,0.705,-0.4031536039181701,-0.10270207977294922,0.04912462997436524,0,0,0.7,undefined,-0.06141760923341385,0.19599363820486068,-0.0050000000000000044,0,-0.005417177763821956,0.03034465656313228,0.0015555555555555566,0,0,0,0,0,0,0,0,0
0.05749018942048819,-0.19002528586381795,0.704,-0.4028743512378509,-0.0893109359741211,0.05923575210571289,0,0,0.7,undefined,-0.05749018942048819,0.19002528586381795,-0.0040000000000000036,0,-0.010190119228999876,0.028201974404325342,0.0021846153846153855,0,0,0,0,0,0,0,0,0
0.05419634983290223,-0.18384073258216405,0.703,-0.4028219913602911,-0.08182304382324218,0.06597012329101562,0,0,0.7,undefined,-0.05419634983290223,0.18384073258216405,-0.0030000000000000027,0,-0.01171234500101202,0.02477977256602091,0.0030687500000000025,0,0,0,0,0,0,0,0,0
0.05239273485460018,-0.17831903425007536,0.703,-0.40289180453037093,-0.05735767364501953,0.06559030151367187,0,0,0.7,undefined,-0.05239273485460018,0.17831903425007536,-0.0030000000000000027,0,-0.019293677076540616,0.027780995808785982,-0.0024000000000000024,0,0,0,0,0,0,0,0,0
0.05141815706559131,-0.1730188640679681,0.702,-0.4016002608838952,-0.04461954498291015,0.0674051742553711,0,0,0.7,undefined,-0.05141815706559131,0.1730188640679681,-0.0020000000000000018,0,-0.023156708312862335,0.027045762691401628,0.003784615384615387,0,0,0,0,0,0,0,0,0
0.05159880102871949,-0.168156725760798,0.702,-0.4024903788024123,-0.02601447868347168,0.06818853759765625,0,0,0.7,undefined,-0.05159880102871949,0.168156725760798,-0.0020000000000000018,0,-0.029486772469835228,0.028453415761459676,-0.0016000000000000016,0,0,0,0,0,0,0,0,0
0.051356413562703394,-0.1632500360939373,0.701,-0.4026649117276117,-0.03217532730102539,0.06629463195800782,0,0,0.7,undefined,-0.051356413562703394,0.1632500360939373,-0.0010000000000000009,0,-0.027135836716566476,0.02645095149759864,0.004584615384615388,0,0,0,0,0,0,0,0,0
0.052541735823119724,-0.15788727819589615,0.7,-0.40301397757801044,-0.015164877891540527,0.08097507476806641,0,0,0.7,undefined,-0.052541735823119724,0.15788727819589615,0,0,-0.03554951894790146,0.022036226399030648,0.005468750000000005,0,0,0,0,0,0,0,0,0
0.05378524162162075,-0.15254255770523834,0.697,-0.4032583236732898,-0.014284199714660644,0.08106317901611328,0,0,0.7,undefined,-0.05378524162162075,0.15254255770523834,0.0030000000000000027,0,-0.036419801596021296,0.021080280988789005,0.018553846153846167,0,0,0,0,0,0,0,0,0
0.055179807729752686,-0.14800454024301432,0.696,-0.4039390020815676,-0.007471392154693604,0.07081893920898437,0,0,0.7,undefined,-0.055179807729752686,0.14800454024301432,0.0040000000000000036,0,-0.037853129200724506,0.024530578809292734,0.008503030303030311,0,0,0,0,0,0,0,0,0
0.05667964045785255,-0.144267744533401,0.694,-0.40374701586384815,-0.0013439505100250244,0.06038336181640625,0,0,0.7,undefined,-0.05667964045785255,0.144267744533401,0.006000000000000005,0,-0.03919868620306413,0.0277536600413423,0.015406060606060618,0,0,0,0,0,0,0,0,0
0.058671492944732145,-0.14040542185571236,0.692,-0.4035899362311686,0.004714797973632812,0.0650146026611328,0,0,0.7,undefined,-0.058671492944732145,0.14040542185571236,0.008000000000000007,0,-0.04317144708302115,0.025379086448726784,0.017337500000000016,0,0,0,0,0,0,0,0,0
0.05985241535635575,-0.13645543188403325,0.692,-0.4040437218366872,-0.006978086948394776,0.061446163177490236,0,0,0.7,undefined,-0.05985241535635575,0.13645543188403325,0.008000000000000007,0,-0.03926668205685736,0.024135685860977522,0.006400000000000006,0,0,0,0,0,0,0,0,0
0.0613225817594787,-0.13296936049092753,0.692,-0.40315360391817,-0.0002808920741081238,0.05675024032592774,0,0,0.7,undefined,-0.0613225817594787,0.13296936049092753,0.008000000000000007,0,-0.041599092583097456,0.02567431764276009,0.006400000000000006,0,0,0,0,0,0,0,0,0
0.06246830761694568,-0.12942036006610852,0.693,-0.4032408703807698,-0.005077147483825683,0.05570945358276367,0,0,0.7,undefined,-0.06246830761694568,0.12942036006610852,0.007000000000000006,0,-0.040465572358249796,0.024354892117055042,0.00021538461538461642,0,0,0,0,0,0,0,0,0
0.0635009162581918,-0.12653211236736397,0.685,-0.4042357080544066,-0.002753473520278931,0.04592685317993164,0,0,0.7,undefined,-0.0635009162581918,0.12653211236736397,0.014999999999999902,0,-0.04017066164143865,0.027818481128966833,0.05317647058823467,0,0,0,0,0,0,0,0,0
0.06391549877538914,-0.12339060346891713,0.687,-0.40383428232644786,-0.012816566467285156,0.04577063369750976,0,0,0.7,undefined,-0.06391549877538914,0.12339060346891713,0.0129999999999999,0,-0.03744306826882639,0.024084187009229072,-0.0008903225806452478,0,0,0,0,0,0,0,0,0
0.06477578108774586,-0.12030531000419012,0.688,-0.40460222719732547,-0.0063191237449646,0.04762741851806641,0,0,0.7,undefined,-0.06477578108774586,0.12030531000419012,0.01200000000000001,0,-0.040070236100082,0.02485632328774546,0.00437611940298566,0,0,0,0,0,0,0,0,0
0.06533522319179778,-0.11767089472292548,0.691,-0.4048116667075647,-0.007841604232788086,0.03962904357910156,0,0,0.7,undefined,-0.06533522319179778,0.11767089472292548,0.009000000000000008,0,-0.03895720862200932,0.02585155417305713,-0.009206250000000008,0,0,0,0,0,0,0,0,0
0.066229306151098,-0.11537174435231157,0.69,-0.4054748918233226,-0.0012553539276123047,0.036981838226318356,0,0,0.7,undefined,-0.066229306151098,0.11537174435231157,0.010000000000000009,0,-0.04120214300189405,0.027263718807966103,0.013384615384615396,0,0,0,0,0,0,0,0,0
0.06777335598807122,-0.11347771398931278,0.692,-0.4057541445036416,0.01007611083984375,0.03524267578125,0,0,0.7,undefined,-0.06777335598807122,0.11347771398931278,0.008000000000000007,0,-0.04503877553245402,0.02954644938684809,-0.0037449275362318856,0,0,0,0,0,0,0,0,0
0.06917740726609152,-0.11079622519539783,0.694,-0.4054923451158425,0.003474511384963989,0.045269412994384764,0,0,0.7,undefined,-0.06917740726609152,0.11079622519539783,0.006000000000000005,0,-0.04575253096172041,0.023522044796375423,-0.006311111111111115,0,0,0,0,0,0,0,0,0
0.07041716497835072,-0.10909745979072398,0.697,-0.4055097984083625,0.007036643505096436,0.030750875473022462,0,0,0.7,undefined,-0.07041716497835072,0.10909745979072398,0.0030000000000000027,0,-0.04550403059978026,0.02854072095931414,-0.014266666666666677,0,0,0,0,0,0,0,0,0
0.07151736889049412,-0.10736456617419571,0.701,-0.40542253194576267,0.004910616874694824,0.030395622253417968,0,0,0.7,undefined,-0.07151736889049412,0.10736456617419571,-0.0010000000000000009,0,-0.04504820585904414,0.02833971170917484,-0.02201212121212123,0,0,0,0,0,0,0,0,0
0.07262076801547633,-0.10578984687239609,0.705,-0.40528290560560315,0.005893088340759277,0.028233816146850586,0,0,0.7,undefined,-0.07262076801547633,0.10578984687239609,-0.0050000000000000044,0,-0.04575407413888675,0.02864638890055821,-0.02553846153846156,0,0,0,0,0,0,0,0,0
0.07310835132272944,-0.10406369451299709,0.707,-0.4048640265851245,-0.00348750901222229,0.026678430557250978,0,0,0.7,undefined,-0.07310835132272944,0.10406369451299709,-0.007000000000000006,0,-0.04269040645425093,0.027522644740497912,-0.01620606060606062,0,0,0,0,0,0,0,0,0
0.07257124282669103,-0.10241030251702882,0.71,-0.40493383975520436,-0.017174209594726562,0.019622421264648436,0,0,0.7,undefined,-0.07257124282669103,0.10241030251702882,-0.010000000000000009,0,-0.03699123178947802,0.027344152129592993,-0.02415384615384617,0,0,0,0,0,0,0,0,0
0.07258770983693012,-0.10157530386976288,0.713,-0.4044451475646459,-0.004707285881042481,0.011609375,0,0,0.7,undefined,-0.07258770983693012,0.10157530386976288,-0.013000000000000012,0,-0.04002809806211431,0.031495141855944944,-0.026806250000000025,0,0,0,0,0,0,0,0,0
0.07306521095178874,-0.10031377752445521,0.716,-0.40502110621780407,-0.000861673355102539,0.020214725494384765,0,0,0.7,undefined,-0.07306521095178874,0.10031377752445521,-0.016000000000000014,0,-0.04279544689365593,0.028955452592937837,-0.028953846153846177,0,0,0,0,0,0,0,0,0
0.07330462297396156,-0.10018187670976224,0.717,-0.40556215828592224,0.0025210232734680176,0.0032335009574890137,0,0,0.7,undefined,-0.07330462297396156,0.10018187670976224,-0.017000000000000015,0,-0.04166198331515873,0.035075362536888484,-0.01890303030303032,0,0,0,0,0,0,0,0,0
0.07316133334846991,-0.1001874677297029,0.718,-0.4051956391430035,-0.0019419033527374268,-0.0009250546097755432,0,0,0.7,undefined,-0.07316133334846991,0.1001874677297029,-0.018000000000000016,0,-0.03962121949290476,0.035872846284146324,-0.01962388059701494,0,0,0,0,0,0,0,0,0
0.07306322886524623,-0.09979839712221472,0.72,-0.4052654523130833,-0.0036529736518859865,0.004783396244049072,0,0,0.7,undefined,-0.07306322886524623,0.09979839712221472,-0.020000000000000018,0,-0.03984866582930501,0.03372953200188679,-0.026606060606060626,0,1425392580985,0,0,0,0,0,0,0
0.07261053301382517,-0.09937134344570918,0.721,-0.4049861996327642,-0.00876596736907959,0.0032097041606903077,0,0,0.7,undefined,-0.07261053301382517,0.09937134344570918,-0.02100000000000002,0,-0.037632046384729584,0.03331549246990065,-0.0224451612903226,0,1425392580985,0,0,0,0,0,0,0
0.07218499115158172,-0.09912068978913788,0.721,-0.4051083726804039,-0.007348168849945069,0.000940674901008606,0,0,0.7,undefined,-0.07218499115158172,0.09912068978913788,-0.02100000000000002,0,-0.03773035753635425,0.034365838169407296,-0.016800000000000016,0,1425392580985,0,0,0,0,0,0,0
0.07238506085272521,-0.09872798890859769,0.723,-0.4045324140272458,0.0004365805387496948,0.006596500396728515,0,0,0.7,undefined,-0.07238506085272521,0.09872798890859769,-0.02300000000000002,0,-0.04124612032548683,0.03354733143051103,-0.029169230769230794,0,1425392580985,0,0,0,0,0,0,0
0.07216345048016418,-0.09777651483747933,0.724,-0.4038517356189679,-0.008673196792602538,0.011811808586120605,0,0,0.7,undefined,-0.07216345048016418,0.09777651483747933,-0.02400000000000002,0,-0.03893043810459359,0.030395269080188737,-0.024503030303030325,0,1425392580985,0,0,0,0,0,0,0
0.07211298523341017,-0.09693483784370736,0.723,-0.40338049672092946,-0.005657303333282471,0.011312049865722656,0.07216345048016418,-0.09777651483747933,0.724,-0.4038517356189679,0.000050465246754005655,-0.000841676993771967,0.0010000000000000009,-0.00047123889803846186,0.000025232623377002827,-0.0002525030981315901,0.0008000000000000008,-0.00047123889803846186,1425392580985,0,0,0,0,0,0,0
0.07152578881723944,-0.09451364420394678,0.719,-0.4037644691563684,-0.02235687255859375,0.029945623397827147,0.07216345048016418,-0.09777651483747933,0.724,-0.4038517356189679,0.0006376616629247406,-0.003262870633532547,0.0050000000000000044,-0.00008726646259954451,0.0034331720769441004,-0.013820677925832484,0.02521212121212123,0.001658062789395534,1425392581376,0,0,0,0,0,0,0
0.07230632902086945,-0.09305826196235367,0.719,-0.40372956257132847,0.002189715623855591,0.024675205230712892,0.07216345048016418,-0.09777651483747933,0.724,-0.4038517356189679,-0.00014287854070527128,-0.004718252875125659,0.0050000000000000044,-0.00012217304763945114,-0.004477382341422991,-0.009636422166802747,0.0040000000000000036,-0.000291075878477709,1425392581438,0,0,0,0,0,0,0
0.07312233233806031,-0.0919193142799469,0.72,-0.4040960817142472,0.004544429779052735,0.020519195556640626,0.07216345048016418,-0.09777651483747933,0.724,-0.4038517356189679,-0.0009588818578961378,-0.00585720055753243,0.0040000000000000036,0.00024434609527929085,-0.004742455003563749,-0.007715890002173834,-0.002023880597014926,0.001885476585960225,1425392581505,0,0,0,0,0,0,0
0.0744099153034833,-0.09180542642031687,0.722,-0.40292671111541106,0.017086490631103516,0.009164655685424804,0.07216345048016418,-0.09777651483747933,0.724,-0.4038517356189679,-0.0022464648233191248,-0.005971088417162457,0.0020000000000000018,-0.0009250245035568594,-0.008278196560135122,-0.0024368017779037325,-0.00951111111111112,-0.006493455926586146,1425392581568,0,0,0,0,0,0,0
0.07715974498323784,-0.09169024725456419,0.72,-0.402909257822891,0.03726679229736328,0.017762962341308593,0.07216345048016418,-0.09777651483747933,0.724,-0.4038517356189679,-0.004996294503073664,-0.006086267582915139,0.0040000000000000036,-0.0009424777960769237,-0.016868002129700584,-0.0024444052047879667,0.013647761194029861,-0.0010206268670622865,1425392581635,0,0,0,0,0,0,0
0.08000142671469876,-0.09297016455144023,0.72,-0.40327577696580985,0.04673973846435547,-0.0009482098817825317,0.07216345048016418,-0.09777651483747933,0.724,-0.4038517356189679,-0.007837976234534583,-0.004806350286039096,0.0040000000000000036,-0.0005759586531580707,-0.01946952435998254,0.005537723846538444,0.003200000000000003,0.0011420998292740528,1425392581699,0,0,0,0,0,0,0
0.08356990719215746,-0.09534846321990183,0.722,-0.4036772026937685,0.06323313522338868,-0.011806821823120118,0.07216345048016418,-0.09777651483747933,0.724,-0.4038517356189679,-0.01140645671199328,-0.0024280516175775035,0.0020000000000000018,-0.0001745329251994221,-0.02493562670527153,0.012056311095643212,-0.009169230769230777,0.0016782012038404944,1425392581764,0,0,0,0,0,0,0
0.08835910554243849,-0.09852958656329903,0.723,-0.4035550296461289,0.08480714416503907,-0.015663357734680177,0.07216345048016418,-0.09777651483747933,0.724,-0.4038517356189679,-0.016195655062274314,0.0007530717258197039,0.0010000000000000009,-0.00029670597283903977,-0.03391384929447666,0.01733403969109131,-0.004584615384615388,-0.0008605815773295828,1425392581829,0,0,0,0,0,0,0
0.0939952503720032,-0.10223593136335114,0.726,-0.4034852164760491,0.09958264923095703,-0.01793036651611328,0.07216345048016418,-0.09777651483747933,0.724,-0.4038517356189679,-0.021831799891839018,0.004459416525871812,-0.0020000000000000018,-0.0003665191429187975,-0.04130659342148539,0.021276957287682842,-0.017753846153846165,-0.0006887337740561409,1425392581894,0,0,0,0,0,0,0
0.09943769923155336,-0.10596555301834461,0.729,-0.4040960817142471,0.09704635620117187,-0.019399185180664063,0.07216345048016418,-0.09777651483747933,0.724,-0.4038517356189679,-0.027274248751389188,0.008189038180865277,-0.0050000000000000044,0.00024434609527917983,-0.04255881792112909,0.02222230397359881,-0.019909090909090925,0.0030210062689063496,1425392581960,0,0,0,0,0,0,0
0.1050316017420801,-0.11079673025526193,0.731,-0.4032932302583298,0.10564379119873046,-0.03363916778564453,0.07216345048016418,-0.09777651483747933,0.724,-0.4038517356189679,-0.03286815126191592,0.013020215417782602,-0.007000000000000006,-0.0005585053606381174,-0.04710698792275587,0.03032219394166464,-0.016537500000000014,-0.004321871560250448,1425392582024,0,0,0,0,0,0,0
0.11058561340783753,-0.11555450411620079,0.733,-0.40289180453037104,0.10463428497314453,-0.03294608306884766,0.07216345048016418,-0.09777651483747933,0.724,-0.4038517356189679,-0.03842216292767335,0.017777989278721457,-0.009000000000000008,-0.000959931088596877,-0.049223530468865316,0.030959363606718138,-0.01780606060606062,-0.0027845934884094207,1425392582089,0,0,0,0,0,0,0
0.11532467271253118,-0.12079406992769065,0.736,-0.4026125518500519,0.09620906829833985,-0.044429214477539065,0.07216345048016418,-0.09777651483747933,0.724,-0.4038517356189679,-0.043161222232367,0.02301755509021132,-0.01200000000000001,-0.001239183768916019,-0.04684670496676285,0.034713218881444644,-0.025753846153846176,-0.0025280422934659047,1425392582155,0,0,0,0,0,0,0
0.11991465138370394,-0.12642578904678436,0.739,-0.4018097003941345,0.09644407653808594,-0.050744232177734376,0.07216345048016418,-0.09777651483747933,0.724,-0.4038517356189679,-0.047751200903539764,0.028649274209305034,-0.015000000000000013,-0.0020420352248334273,-0.048756627250141744,0.03896042178286112,-0.028153846153846175,-0.0057475034829137725,1425392582220,0,0,0,0,0,0,0
0.12403189530124026,-0.13230721085827427,0.742,-0.4008148627204979,0.0913418731689453,-0.05704206085205078,0.07216345048016418,-0.09777651483747933,0.724,-0.4038517356189679,-0.05186844482107608,0.034530696020794935,-0.018000000000000016,-0.0030368728984700444,-0.047326946617912986,0.04069571181882504,-0.02984117647058826,-0.007425862635102178,1425392582288,0,0,0,0,0,0,0
0.12637180542836124,-0.1380599492057365,0.745,-0.4004134369925391,0.06598493194580078,-0.06575753784179687,0.07216345048016418,-0.09777651483747933,0.724,-0.4038517356189679,-0.05420835494819706,0.04028343436825717,-0.02100000000000002,-0.003438298626428804,-0.04054798429962041,0.04464962085509269,-0.03373548387096777,-0.005380681181067964,1425392582350,0,0,0,0,0,0,0
0.12794184322362265,-0.1438779020754459,0.747,-0.40006437114214016,0.05570520782470703,-0.07118629455566407,0.07216345048016418,-0.09777651483747933,0.724,-0.4038517356189679,-0.05577839274345847,0.04610138723796657,-0.02300000000000002,-0.0037873644768277592,-0.03648660486917878,0.044803078168805556,-0.029006060606060632,-0.005374027433186646,1425392582416,0,0,0,0,0,0,0
0.12830642059927716,-0.14937391345955642,0.748,-0.3999945579720605,0.03714543533325195,-0.0738004379272461,0.07216345048016418,-0.09777651483747933,0.724,-0.4038517356189679,-0.056142970119112984,0.05159739862207709,-0.02400000000000002,-0.003857177646907406,-0.03037264957581875,0.045688435806340154,-0.024668750000000024,-0.00418442688165575,1425392582480,0,0,0,0,0,0,0
0.12859596425988573,-0.15488826449536966,0.748,-0.40030871723741945,0.03621074676513672,-0.07449469757080078,0.07216345048016418,-0.09777651483747933,0.724,-0.4038517356189679,-0.056432513779721555,0.05711174965789033,-0.02400000000000002,-0.0035430183815484684,-0.03009634314836461,0.046566893259468105,-0.01920000000000002,-0.002115021720826025,1425392582546,0,0,0,0,0,0,0
0.12817032966741088,-0.15932002398667422,0.748,-0.39950586578150216,0.02002626419067383,-0.06370888137817383,0.07216345048016418,-0.09777651483747933,0.724,-0.4038517356189679,-0.0560068791872467,0.06154350914919489,-0.02400000000000002,-0.004345869837465766,-0.026162127365877315,0.0418458670307879,-0.01920000000000002,-0.007940727102767097,1425392582613,0,0,0,0,0,0,0
0.127473447331883,-0.16359198003366376,0.747,-0.40098939564569724,0.015294425964355469,-0.06309922790527343,0.07216345048016418,-0.09777651483747933,0.724,-0.4038517356189679,-0.055309996851718835,0.06581546519618443,-0.02300000000000002,-0.002862339973270678,-0.02420042725446735,0.04375102432063765,-0.012844444444444457,0.004202087951467835,1425392582676,0,0,0,0,0,0,0
0.12553943627826455,-0.16738450885326428,0.747,-0.4007101429653782,-0.004503906726837158,-0.06369883346557617,0.07216345048016418,-0.09777651483747933,0.724,-0.4038517356189679,-0.05337598579810038,0.06960799401578495,-0.02300000000000002,-0.0031415926535897087,-0.016725778975807105,0.041622248041304315,-0.018400000000000017,-0.004430451178139082,1425392582741,0,0,0,0,0,0,0
0.12482987979343274,-0.17030811517002428,0.748,-0.40173988722405474,0.007306042671203613,-0.04453183364868164,0.07216345048016418,-0.09777651483747933,0.724,-0.4038517356189679,-0.052666429313268565,0.07253160033254495,-0.02400000000000002,-0.002111848394913185,-0.022998450821295972,0.03786766199971493,-0.024584615384615406,0.002640817414363078,1425392582806,0,0,0,0,0,0,0
0.12281978384212318,-0.1730870752337858,0.748,-0.401722433931535,-0.011451396942138672,-0.050155399322509765,0.07216345048016418,-0.09777651483747933,0.724,-0.4038517356189679,-0.050656333361959,0.07531056039630647,-0.02400000000000002,-0.0021293016874329163,-0.015023424642830893,0.037971437443878396,-0.01920000000000002,-0.0022098553452162915,1425392582871,0,0,0,0,0,0,0
0.12183131243015127,-0.1754117788670689,0.746,-0.402612551850052,-0.000012137115001678467,-0.037891918182373044,0.07216345048016418,-0.09777651483747933,0.724,-0.4038517356189679,-0.0496678619499871,0.07763526402958958,-0.02200000000000002,-0.001239183768915908,-0.020222403358622014,0.035901207251918824,-0.007152238805970157,0.0027464188513095017,1425392582938,0,0,0,0,0,0,0
0.12102225471193528,-0.1773798701418968,0.744,-0.4031186973331304,0.000401673436164856,-0.03191596984863281,0.07216345048016418,-0.09777651483747933,0.724,-0.4038517356189679,-0.04885880423177111,0.07960335530441746,-0.020000000000000018,-0.0007330382858375395,-0.020588266367432648,0.03516160573725932,-0.0050625000000000045,0.0016395186660923128,1425392583002,0,0,0,0,0,0,0
0.12110320702118726,-0.17892623795473714,0.746,-0.40374701586384837,0.01021629524230957,-0.02085986137390137,0.07216345048016418,-0.09777651483747933,0.724,-0.4038517356189679,-0.04893975654102309,0.08114972311725781,-0.02200000000000002,-0.00010471975511955334,-0.025520984810122348,0.03324186015721679,-0.028369230769230792,0.002795211925117306,1425392583067,0,0,0,0,0,0,0
0.12090153719380634,-0.18039849626433227,0.744,-0.4038342823264481,0.00589420223236084,-0.02149666976928711,0.07216345048016418,-0.09777651483747933,0.724,-0.4038517356189679,-0.04873808671364216,0.08262198142685294,-0.020000000000000018,-0.00001745329251984229,-0.023930018147849313,0.033338190766702414,-0.005230769230769237,0.00038531499640190103,1425392583132,0,0,0,0,0,0,0
0.12178521406148415,-0.18122982200204968,0.742,-0.4038342823264481,0.01708892822265625,-0.0062582483291625975,0.07216345048016418,-0.09777651483747933,0.724,-0.4038517356189679,-0.04962176358131998,0.08345330716457035,-0.018000000000000016,-0.00001745329251984229,-0.030248285239870876,0.030190657750640712,-0.003630769230769236,-0.00001745329251984229,1425392583197,0,0,0,0,0,0,0
0.12312163377447603,-0.18214749975397693,0.74,-0.4040262685441675,0.023842775344848632,-0.004780777931213379,0.07216345048016418,-0.09777651483747933,0.724,-0.4038517356189679,-0.05095818329431186,0.0843709849164976,-0.016000000000000014,0.00017453292519958863,-0.033173674030613824,0.030839959281778077,-0.0023522388059701548,0.0010341727060328614,1425392583264,0,0,0,0,0,0,0
0.12464605408751851,-0.18309256721192788,0.738,-0.4043404278095265,0.026598163604736328,-0.0040453548431396485,0.07216345048016418,-0.09777651483747933,0.724,-0.4038517356189679,-0.052482603607354336,0.08531605237444854,-0.014000000000000012,0.0004886921905585817,-0.035197117941542046,0.03147392072418376,-0.00043076923076923283,0.0019386580306770113,1425392583329,0,0,0,0,0,0,0
0.12655528387337212,-0.18403561142628802,0.735,-0.40393900208156786,0.0318941822052002,-0.001738264560699463,0.07216345048016418,-0.09777651483747933,0.724,-0.4038517356189679,-0.05439183339320794,0.08625909658880869,-0.01100000000000001,0.00008726646259993309,-0.03841922692899866,0.031880488084008646,0.007606250000000007,-0.0017944166372062323,1425392583393,0,0,0,0,0,0,0
0.12723756806598388,-0.18388595325594773,0.735,-0.40456732061228584,0.008528276443481446,0.006086714267730713,0.07216345048016418,-0.09777651483747933,0.724,-0.4038517356189679,-0.055074117585819704,0.0861094384184684,-0.01100000000000001,0.0007155849933179192,-0.03202890477056563,0.025928437034148783,-0.008800000000000007,0.0036155166735547784,1425392583458,0,0,0,0,0,0,0
0.12838239737252238,-0.1841052919691208,0.733,-0.4056145181634824,0.017081201553344725,0.0037349519729614256,0.07216345048016418,-0.09777651483747933,0.724,-0.4038517356189679,-0.05621894689235821,0.08632877713164146,-0.009000000000000008,0.0017627825445144518,-0.0351284892758435,0.028037258649077416,0.0035692307692307707,0.006596002011575371,1425392583523,0,0,0,0,0,0,0
0.12947467390391257,-0.18446984076984524,0.733,-0.4057890510886818,0.017212413787841798,0.0014403741359710694,0.07216345048016418,-0.09777651483747933,0.724,-0.4038517356189679,-0.05731122342374839,0.08669332593236591,-0.009000000000000008,0.001937315469713874,-0.03542890335519616,0.028984874422581346,-0.007200000000000007,0.0027428520475573604,1425392583588,0,0,0,0,0,0,0
0.13031433748785903,-0.18453003730270354,0.731,-0.4066268091296391,0.011928565979003906,0.004142159938812256,0.07216345048016418,-0.09777651483747933,0.724,-0.4038517356189679,-0.05815088700769486,0.0867535224652242,-0.007000000000000006,0.002775073510671189,-0.03439250953048458,0.0274125626616726,0.004847761194029853,0.006526228917942747,1425392583655,0,0,0,0,0,0,0
0.1304369437859037,-0.185200836496021,0.728,-0.40695842168751806,0.005668786525726319,-0.008514148712158203,0.07216345048016418,-0.09777651483747933,0.724,-0.4038517356189679,-0.05827349330573953,0.08742432165854168,-0.0040000000000000036,0.003106686068550135,-0.030775308603456425,0.031023727573978206,0.013206250000000011,0.004661119933607696,1425392583719,0,0,0,0,0,0,0
0.12996568634013184,-0.1855378979970982,0.725,-0.4074820204631163,-0.0044903154373168944,-0.007440982818603515,0.07216345048016418,-0.09777651483747933,0.724,-0.4038517356189679,-0.05780223585996766,0.08776138315961886,-0.0010000000000000009,0.0036302848441484015,-0.027369208048829946,0.02932840437916192,0.015353846153846164,0.006046894577678861,1425392583784,0,0,0,0,0,0,0
0.12915924271414952,-0.18607277192853822,0.722,-0.4077787264359553,-0.00792665147781372,-0.012160079002380371,0.07216345048016418,-0.09777651483747933,0.724,-0.4038517356189679,-0.05699579223398535,0.08829625709105889,0.0020000000000000018,0.003926990816987386,-0.02539147068638433,0.03048698905744837,0.01704117647058825,0.005235987755982904,1425392583852,0,0,0,0,0,0,0
0.12782197972146428,-0.1864207443914887,0.72,-0.4085466713068328,-0.01634425354003906,-0.012746400833129883,0.07216345048016418,-0.09777651483747933,0.724,-0.4038517356189679,-0.0556585292413001,0.08864422955400937,0.0040000000000000036,0.004694935687864887,-0.021479477996003676,0.029827379422383202,0.014311111111111123,0.0083518160253768,1425392583915,0,0,0,0,0,0,0
0.12598220334951454,-0.18740714208579812,0.717,-0.4092273497151106,-0.019447336196899413,-0.024541730880737304,0.07216345048016418,-0.09777651483747933,0.724,-0.4038517356189679,-0.05381875286935037,0.08963062724831879,0.007000000000000006,0.005375614096142678,-0.018555988201666512,0.03332811416348431,0.021041176470588254,0.008378607073838813,1425392583983,0,0,0,0,0,0,0
0.1232389271162005,-0.18813026443071376,0.713,-0.40889573715723165,-0.033435436248779295,-0.026324464797973634,0.07216345048016418,-0.09777651483747933,0.724,-0.4038517356189679,-0.05107547663603633,0.09035374959323443,0.01100000000000001,0.0050440015382637315,-0.010944833798913877,0.032672182332968425,0.03175081967213118,0.0034131201060721922,1425392584044,0,0,0,0,0,0,0
0.12063754974587518,-0.18833126453889407,0.711,-0.4104316268989867,-0.03460506057739258,-0.01828091812133789,0.07216345048016418,-0.09777651483747933,0.724,-0.4038517356189679,-0.048474099265711,0.09055474970141474,0.013000000000000012,0.00657989128001879,-0.0116210645302225,0.02970909553005608,0.021006060606060625,0.01356120828799633,1425392584110,0,0,0,0,0,0,0
0.11734233873333627,-0.18864920631644913,0.71,-0.4119849699332617,-0.04342018508911133,-0.024095136642456053,0.07216345048016418,-0.09777651483747933,0.724,-0.4038517356189679,-0.045178888253172095,0.0908726914789698,0.014000000000000012,0.008133234314293802,-0.006054564412099072,0.03050962983502637,0.0165846153846154,0.01530250985710155,1425392584175,0,0,0,0,0,0,0
0.1136338094243477,-0.18888064185279307,0.709,-0.4135034063824967,-0.049583324432373045,-0.02545610237121582,0.07216345048016418,-0.09777651483747933,0.724,-0.4038517356189679,-0.04147035894418352,0.09110412701531374,0.015000000000000013,0.009651670763528797,-0.0020016954331126095,0.030172475341198855,0.0173846153846154,0.016659838990767232,1425392584240,0,0,0,0,0,0,0
0.11051909229706143,-0.18920874422958409,0.709,-0.4154756284372503,-0.040805500030517576,-0.023280073165893554,1,0,0.7,undefined,0.8894809077029385,0.18920874422958409,-0.009000000000000008,0,0.44474045385146926,0.056762623268875226,-0.007200000000000007,0,0,0,0,0,0,0,0,0
0.10727952498398606,-0.18872902731444072,0.709,-0.41962951205699683,-0.04736377716064453,-0.013029991149902343,1,0,0.7,undefined,0.8927204750160139,0.18872902731444072,-0.009000000000000008,0,0.4646479623553983,0.054116042892123156,-0.007200000000000007,0,0,0,0,0,0,0,0,0
0.10387731827661982,-0.18811756058347506,0.707,-0.4237833956767433,-0.05034234237670898,-0.012415777206420899,1,0,0.7,undefined,0.8961226817233802,0.18811756058347506,-0.007000000000000006,0,0.4675347362869464,0.053385818000164884,0.005169230769230772,0,0,0,0,0,0,0,0,0
0.10152656379050999,-0.1864506024673448,0.704,-0.4285306912421679,-0.04242419052124023,0.008292596817016601,1,0,0.7,undefined,0.89847343620949,0.1864506024673448,-0.0040000000000000036,0,0.46344965369459884,0.04746137172597126,0.012709090909090918,0,0,0,0,0,0,0,0,0
0.10271150061380882,-0.18415948422896913,0.703,-0.4343077310662692,0.0018862837553024292,0.038644973754882815,1,0,0.7,undefined,0.8972884993861912,0.18415948422896913,-0.0030000000000000027,0,0.4444852043953156,0.043396878808598036,0.0029846153846153863,0,0,0,0,0,0,0,0,0
0.11022462957888961,-0.18242501743712,0.705,-0.44121923490416687,0.09128682708740235,0.07102252197265625,1,0,0.7,undefined,0.8897753704211104,0.18242501743712,-0.0050000000000000044,0,0.4091432936850444,0.04627490662694925,-0.014447761194029862,0,0,0,0,0,0,0,0,0
0.12503538390965852,-0.18094167443697992,0.703,-0.4456000113266725,0.191383544921875,0.11499155426025391,1,0,0.7,undefined,0.8749646160903415,0.18094167443697992,-0.0030000000000000027,0,0.3586776924555579,0.04676374995668726,0.008711111111111117,0,0,0,0,0,0,0,0,0
0.14814215806144856,-0.17933940389178024,0.703,-0.447868939354265,0.3023980712890625,0.171072265625,1,0,0.7,undefined,0.8518578419385514,0.17933940389178024,-0.0030000000000000027,0,0.30553888989463296,0.0460128232228814,-0.0024000000000000024,0,0,0,0,0,0,0,0,0
0.18005293125248917,-0.17694393319872997,0.703,-0.4470137280207879,0.4158919372558594,0.23967047119140625,1,0,0.7,undefined,0.8199470687475108,0.17694393319872997,-0.0030000000000000027,0,0.2427103202209109,0.041138117852350026,-0.0024000000000000024,0,0,0,0,0,0,0,0,0
0.2212558800734679,-0.17452875232321544,0.703,-0.4460712502247109,0.5416561279296875,0.2998328857421875,1,0,0.7,undefined,0.7787441199265321,0.17452875232321544,-0.0030000000000000027,0,0.17258023763486152,0.04042087552697506,-0.0024000000000000024,0,0,0,0,0,0,0,0,0
0.2694167548943229,-0.17171007356908136,0.704,-0.4440815748774372,0.6334835815429688,0.34980978393554685,1,0,0.7,undefined,0.7305832451056771,0.17171007356908136,-0.0040000000000000036,0,0.11926466359968724,0.037970696496011334,-0.008423880597014932,0,0,0,0,0,0,0,0,0
0.3224366761820665,-0.16761127297042414,0.704,-0.4407305427136081,0.691744873046875,0.3972018127441406,1,0,0.7,undefined,0.6775633238179335,0.16761127297042414,-0.0040000000000000036,0,0.05482230845264069,0.029157453010147785,-0.003200000000000003,0,0,0,0,0,0,0,0,0
0.379720610936223,-0.16401279410093575,0.705,-0.43717007103953986,0.7541217651367188,0.4153793029785156,1,0,0.7,undefined,0.620279389063777,0.16401279410093575,-0.0050000000000000044,0,0.0080842608522666,0.031223408757513015,-0.009384615384615392,0,0,0,0,0,0,0,0,0
0.4449169618629529,-0.1612556160963598,0.705,-0.43408083826350985,0.8684629516601563,0.45150802612304686,1,0,0.7,undefined,0.5550830381370471,0.1612556160963598,-0.0050000000000000044,0,-0.06675842848862779,0.0350311530869006,-0.0040000000000000036,0,0,0,0,0,0,0,0,0
0.5195838226619631,-0.15743872982438534,0.706,-0.4323006024264756,0.9920510864257812,0.5229905395507812,1,0,0.7,undefined,0.4804161773380369,0.15743872982438534,-0.006000000000000005,0,-0.15477464153129528,0.02828230093985596,-0.010184615384615393,0,0,0,0,0,0,0,0,0
0.5977889533907166,-0.15499558381932083,0.706,-0.4307821659772405,1.04980517578125,0.5247491455078125,1,0,0.7,undefined,0.4022110466092834,0.15499558381932083,-0.006000000000000005,0,-0.19407778416739369,0.035632202474196774,-0.004800000000000005,0,0,0,0,0,0,0,0,0
0.6696318611183341,-0.1528074484439974,0.707,-0.43043310012684166,0.9654835815429688,0.47982757568359374,1,0,0.7,undefined,0.33036813888166594,0.1528074484439974,-0.007000000000000006,0,-0.22639196309443585,0.03549073911597173,-0.011155555555555564,0,0,0,0,0,0,0,0,0
0.7454214477040089,-0.1531524032711155,0.708,-0.42917646306540574,1.0353057861328125,0.4696621398925781,1,0,0.7,undefined,0.25457855229599113,0.1531524032711155,-0.008000000000000007,0,-0.27309178909771475,0.04970753133601654,-0.011784615384615395,0,0,0,0,0,0,0,0,0
0.8212394108139804,-0.15113166162935987,0.71,-0.4289844768476864,1.0215159301757812,0.5008051147460938,1,0,0.7,undefined,0.17876058918601956,0.15113166162935987,-0.010000000000000009,0,-0.3110373729390199,0.03646117882192107,-0.018769230769230785,0,0,0,0,0,0,0,0,0
0.8898254896554243,-0.15072241806974335,0.714,-0.42861795770476757,0.9330176391601562,0.43350555419921877,1,0,0.7,undefined,0.1101745103445757,0.15072241806974335,-0.014000000000000012,0,-0.300721181052962,0.0451485680845261,-0.03241212121212124,0,0,0,0,0,0,0,0,0
0.9505937673466938,-0.14852338510310598,0.716,-0.42915900977288585,0.815359375,0.40884402465820313,1,0,0.7,undefined,0.04940623265330624,0.14852338510310598,-0.016000000000000014,0,-0.2945729543381593,0.034914682649386325,-0.02356923076923079,0,0,0,0,0,0,0,0,0
1.006702166551444,-0.14550918891982417,0.727,-0.42954298220832443,0.7464906005859375,0.39131866455078124,1,0,0.7,undefined,-0.0067021665514439555,0.14550918891982417,-0.027000000000000024,0,-0.30226044852511547,0.02946061104142011,-0.08175625000000006,0,0,0,0,0,0,0,0,0
1.0550081869010468,-0.14126570843265288,0.729,-0.429682608548484,0.6322574462890626,0.35962930297851564,1,0,0.7,undefined,-0.05500818690104681,0.14126570843265288,-0.029000000000000026,0,-0.27971574621444034,0.02191376466753455,-0.0339692307692308,0,0,0,0,0,0,0,0,0
1.0965790733269651,-0.13492615833529023,0.732,-0.4297873283036037,0.5272659912109375,0.3462145080566406,1,0,0.7,undefined,-0.09657907332696514,0.13492615833529023,-0.03200000000000003,0,-0.2609072617122559,0.009331634944471992,-0.04150909090909095,0,0,0,0,0,0,0,0,0
1.1285080516236736,-0.12768367362162578,0.736,-0.4283037984394085,0.3901109619140625,0.2983184814453125,1,0,0.7,undefined,-0.12850805162367362,0.12768367362162578,-0.03600000000000003,0,-0.22842887840519682,0.0018627155800801584,-0.05033846153846158,0,0,0,0,0,0,0,0,0
1.1496479278167018,-0.11845562409540616,0.74,-0.42685517516025323,0.230965087890625,0.25761727905273435,1,0,0.7,undefined,-0.14964792781670178,0.11845562409540616,-0.040000000000000036,0,-0.17927772043649984,-0.01076615022925042,-0.05321212121212125,0,0,0,0,0,0,0,0,0
1.1631169171869724,-0.10833746728454102,0.738,-0.42558108480629736,0.12107140350341797,0.22179864501953125,1,0,0.7,undefined,-0.1631169171869724,0.10833746728454102,-0.038000000000000034,0,-0.1476697415133652,-0.020129305077459567,-0.019462500000000018,0,0,0,0,0,0,0,0,0
1.1687343863814477,-0.09807452362884986,0.737,-0.4237484890917032,0.013189918518066406,0.17499977111816406,1,0,0.7,undefined,-0.16873438638144767,0.09807452362884986,-0.03700000000000003,0,-0.1071775288902577,-0.023072773974264923,-0.02421538461538464,0,0,0,0,0,0,0,0,0
1.1675602063952804,-0.08653820782085152,0.735,-0.42264893166294687,-0.08720751190185547,0.15049763488769533,1,0,0.7,undefined,-0.16756020639528035,0.08653820782085152,-0.03500000000000003,0,-0.07012893436633252,-0.033334038163234894,-0.017230769230769247,0,0,0,0,0,0,0,0,0
1.1612856135876655,-0.0757551312721482,0.734,-0.4207465227782731,-0.15218162536621094,0.10890792083740235,1,0,0.7,undefined,-0.16128561358766547,0.0757551312721482,-0.03400000000000003,0,-0.0396327122651009,-0.03246381658862274,-0.02181538461538464,0,0,0,0,0,0,0,0,0
1.1501256932419113,-0.06412476352679103,0.732,-0.41959460547195676,-0.224053955078125,0.0908675537109375,1,0,0.7,undefined,-0.15012569324191127,0.06412476352679103,-0.03200000000000003,0,-0.009641513912358624,-0.038602895844153204,-0.015152238805970168,0,0,0,0,0,0,0,0,0
1.1353544088210001,-0.05342433800552196,0.728,-0.4187219408459597,-0.26773779296875,0.05631796264648437,1,0,0.7,undefined,-0.13535440882100014,0.05342433800552196,-0.028000000000000025,0,0.02013987179489185,-0.03954113159253107,-0.0005250000000000012,0,0,0,0,0,0,0,0,0
1.1209068513943443,-0.04395775995648882,0.724,-0.41821579536288117,-0.25572703552246095,0.041617145538330076,1,0,0.7,undefined,-0.12090685139434432,0.04395775995648882,-0.02400000000000002,0,0.020863400103730556,-0.03255829573693626,0.001388235294117645,0,0,0,0,0,0,0,0,0
1.1043075728215301,-0.03511988583132237,0.721,-0.4168195319612858,-0.28137002563476565,0.02002058982849121,1,0,0.7,undefined,-0.10430757282153014,0.03511988583132237,-0.02100000000000002,0,0.048441545610203245,-0.03635407446949808,0.00013548387096773765,0,0,0,0,0,0,0,0,0
1.088702490727666,-0.027274713399881384,0.718,-0.4165228259884467,-0.2616771850585938,0.012835391998291016,1,0,0.7,undefined,-0.0887024907276659,0.027274713399881384,-0.018000000000000016,0,0.046508190312438163,-0.031041908904384886,0.001753846153846151,0,1425392586520,0,0,0,0,0,0,0
1.0739620694449623,-0.020479751485985177,0.713,-0.41624357330812767,-0.24343890380859376,0.0037541561126708985,1,0,0.7,undefined,-0.07396206944496231,0.020479751485985177,-0.013000000000000012,0,0.0468036819769955,-0.026319509575218326,0.015719402985074637,0,1425392586520,0,0,0,0,0,0,0
1.0607844033366876,-0.015052436149635057,0.709,-0.4166100924510464,-0.21370341491699218,-0.005462921619415283,1,0,0.7,undefined,-0.060784403336687554,0.015052436149635057,-0.009000000000000008,0,0.04841677381208384,-0.022122631663194513,0.014675000000000013,0,1425392586520,0,0,0,0,0,0,0
1.0481230086187054,-0.010724594249951383,0.707,-0.41723841098176445,-0.19994596862792968,-0.017488975524902344,1,0,0.7,undefined,-0.04812300861870544,0.010724594249951383,-0.007000000000000006,0,0.05082757047497962,-0.01703714657639221,0.005169230769230772,0,1425392586520,0,0,0,0,0,0,0
1.0401420221704558,-0.008538375018711759,0.703,-0.4181634354853214,-0.12273371124267578,-0.018532901763916015,1,0,0.7,undefined,-0.040142022170455816,0.008538375018711759,-0.0030000000000000027,0,0.02958977300921104,-0.006155648033457055,0.019138461538461552,0,1425392586520,0,0,0,0,0,0,0
1.0322884632339084,-0.007334848404386612,0.7,-0.4194375258392772,-0.11498397827148438,-0.03134053611755371,1,0,0.7,-0.41816343548532137,-0.03228846323390844,0.007334848404386612,0,0.0012740903539558146,-0.01614423161695422,0.0022004545213159836,0,0.0012740903539558146,1425392586520,0,0,0,0,0,0,0
1.0262421437337492,-0.00786410144311215,0.699,-0.4202578305877146,-0.07960015106201172,-0.04418581008911133,1,0,0.7,-0.41816343548532137,-0.026242143733749224,0.00786410144311215,0.0010000000000000009,0.0020943951023932317,0.018446597017058475,0.0051292540608100555,0.006023880597014929,0.005767401438680174,1425392586913,0,0,0,0,0,0,0
1.0230598656121905,-0.009970113387118581,0.7,-0.4203276437577943,-0.030691862106323242,-0.048316665649414066,1,0,0.7,-0.41816343548532137,-0.023059865612190533,0.009970113387118581,0,0.002164208272472934,0.005840810120885408,0.014519936655455389,-0.005468750000000005,0.002491457507221538,1425392586977,0,0,0,0,0,0,0
1.0217103503384979,-0.012349348272364405,0.7,-0.42039745692787395,-0.003917662143707276,-0.04084226608276367,1,0,0.7,-0.41816343548532137,-0.021710350338497886,0.012349348272364405,0,0.0022340214425525806,-0.00363500674276351,0.01653574614532928,0,0.0025562360736894117,1425392587042,0,0,0,0,0,0,0
1.0212712617697626,-0.015640312577781864,0.701,-0.4204847233904737,0.014133954048156738,-0.04775417709350586,1,0,0.7,-0.41816343548532137,-0.021271261769762573,0.015640312577781864,-0.0010000000000000009,0.002321287905152347,-0.008331586420624154,0.022442513902592727,-0.006184615384615389,0.0027240561940743467,1425392587107,0,0,0,0,0,0,0
1.0225794357598461,-0.01949896414540503,0.704,-0.4205894431455934,0.04154000473022461,-0.044827926635742185,1,0,0.7,-0.41816343548532137,-0.02257943575984611,0.01949896414540503,-0.0040000000000000036,0.0024260076602720115,-0.018302185216737404,0.026354947851985736,-0.019109090909090923,0.0029020065471795768,1425392587173,0,0,0,0,0,0,0
1.0242713210309864,-0.023420458514960912,0.705,-0.4200134844924352,0.04718363189697266,-0.04333403396606445,1,0,0.7,-0.41816343548532137,-0.024271321030986392,0.023420458514960912,-0.0050000000000000044,0.0018500490071138298,-0.02119897947524648,0.027880110948448913,-0.00930303030303031,-0.0007679448708779054,1425392587239,0,0,0,0,0,0,0
1.0261523621978454,-0.027649578424506993,0.704,-0.420065844369995,0.051631011962890626,-0.04641753005981445,1,0,0.7,-0.41816343548532137,-0.026152362197845447,0.027649578424506993,-0.0040000000000000036,0.0019024088846736342,-0.023634085889525622,0.03186557328939195,0.002355555555555557,0.002151741634958417,1425392587302,0,0,0,0,0,0,0
1.0286875390763992,-0.03261437792716549,0.707,-0.4192106330365178,0.06509281921386718,-0.052489093780517575,1,0,0.7,-0.41816343548532137,-0.028687539076399204,0.03261437792716549,-0.007000000000000006,0.0010471975511964215,-0.028121044947411408,0.03661463766079857,-0.02175384615384617,-0.0028999316802368674,1425392587367,0,0,0,0,0,0,0
1.0308509469955731,-0.03611053956853847,0.708,-0.41961205876447655,0.05098733520507812,-0.034692573547363284,1,0,0.7,-0.41816343548532137,-0.030850946995573114,0.03611053956853847,-0.008000000000000007,0.0014486232791551812,-0.027220969164346305,0.029778907981623387,-0.011784615384615395,0.00330135740819561,1425392587432,0,0,0,0,0,0,0
1.0337384488322452,-0.03998846087670696,0.708,-0.419158273158958,0.06325337600708007,-0.03547671127319336,1,0,0.7,-0.41816343548532137,-0.033738448832245194,0.03998846087670696,-0.008000000000000007,0.0009948376736366171,-0.03147672661544272,0.03153439707629095,-0.006400000000000006,-0.0009499577785858,1425392587502,0,0,0,0,0,0,0
1.035892538414208,-0.04276184764159546,0.706,-0.4185997677983198,0.046445392608642576,-0.02484904670715332,1,0,0.7,-0.41816343548532137,-0.03589253841420792,0.04276184764159546,-0.006000000000000005,0.0004363323129984442,-0.030298698720863628,0.028659534518694393,0.0064903225806451645,-0.0022661129804120695,1425392587564,0,0,0,0,0,0,0
1.0383469411631465,-0.045082575142378685,0.708,-0.41802380914516163,0.04778730010986328,-0.016840263366699217,1,0,0.7,-0.41816343548532137,-0.03834694116314652,0.045082575142378685,-0.008000000000000007,-0.00013962634015973752,-0.03281277404695218,0.026419868528687183,-0.017337500000000016,-0.0028394325268387144,1425392587628,0,0,0,0,0,0,0
1.0395154199647516,-0.045804771781788774,0.71,-0.4171162379341245,0.020415660858154296,-0.002784905433654785,1,0,0.7,-0.41816343548532137,-0.03951541996475161,0.045804771781788774,-0.010000000000000009,-0.0010471975511968656,-0.02629199236919355,0.017863573237545217,-0.018769230769230785,-0.00523598775598361,1425392587693,0,0,0,0,0,0,0
1.040736551602529,-0.046502778022631974,0.71,-0.4171860511042043,0.02098819923400879,-0.0021517226696014403,1,0,0.7,-0.41816343548532137,-0.04073655160252909,0.046502778022631974,-0.010000000000000009,-0.0009773843811170524,-0.027212552218321452,0.017972945923229646,-0.008000000000000007,-0.0006551697499794528,1425392587758,0,0,0,0,0,0,0
1.041268486076711,-0.046863330743063335,0.711,-0.4170987846416047,0.009486061096191406,-0.0017114229202270508,1,0,0.7,-0.41816343548532137,-0.041268486076710964,0.046863330743063335,-0.01100000000000001,-0.0010646508437166524,-0.02379428232123203,0.016294515486739828,-0.014184615384615396,-0.0014674191326378833,1425392587823,0,0,0,0,0,0,0
1.0417330008337886,-0.04618755343508232,0.712,-0.41683698525380564,0.002263906478881836,0.012090315818786621,1,0,0.7,-0.41816343548532137,-0.041733000833788614,0.04618755343508232,-0.01200000000000001,-0.00132645023151573,-0.023616807883567528,0.010651110262682376,-0.014823880597014939,-0.002498686296287719,1425392587890,0,0,0,0,0,0,0
1.0418445265473413,-0.04531372985320794,0.714,-0.41755257024712317,-0.003777134895324707,0.012662326812744141,1,0,0.7,-0.41816343548532137,-0.041844526547341276,0.04531372985320794,-0.014000000000000012,-0.0006108652381981994,-0.021882687856800243,0.009169421228915632,-0.02213750000000002,0.0027434394179777256,1425392587954,0,0,0,0,0,0,0
1.041572104222745,-0.043597053617148857,0.711,-0.41664499903608615,-0.014177568435668945,0.02188068962097168,1,0,0.7,-0.41816343548532137,-0.04157210422274504,0.043597053617148857,-0.01100000000000001,-0.0015184364492352165,-0.019696702876122223,0.004217837885237193,0.007353846153846157,-0.005707226654021449,1425392588019,0,0,0,0,0,0,0
1.0411578885780135,-0.0411724045845115,0.713,-0.41659263915852635,-0.020400344848632814,0.030743907928466797,1,0,0.7,-0.41816343548532137,-0.0411578885780135,0.0411724045845115,-0.013000000000000012,-0.001570796326795021,-0.01875284518829589,-0.0002949559739186484,-0.021169230769230787,-0.0018124573001479644,1425392588084,0,0,0,0,0,0,0
1.0403920800017472,-0.03847065887806944,0.711,-0.41626102660064745,-0.026903463363647462,0.03241187286376953,1,0,0.7,-0.41816343548532137,-0.04039208000174721,0.03847065887806944,-0.01100000000000001,-0.0019024088846739118,-0.016503003043899837,-0.002572532770375042,0.00196923076923077,-0.0034329283825764853,1425392588149,0,0,0,0,0,0,0
1.039078105677647,-0.0356810583625075,0.707,-0.4171511445191646,-0.034945911407470706,0.030301372528076173,1,0,0.7,-0.41816343548532137,-0.039078105677647024,0.0356810583625075,-0.007000000000000006,-0.0010122909661567925,-0.013131737877444883,-0.0034101851263811604,0.015295522388059712,0.002973311654069114,1425392588216,0,0,0,0,0,0,0
1.0379502258473912,-0.03223686093302272,0.704,-0.41762238341720304,-0.0363990478515625,0.04037816619873047,1,0,0.7,-0.41816343548532137,-0.03795022584739116,0.03223686093302272,-0.0040000000000000036,-0.0005410520681183306,-0.0132880382617903,-0.008685727450057463,0.013206250000000011,0.0016678802664369594,1425392588280,0,0,0,0,0,0,0
1.0365969856172659,-0.028397157821058637,0.701,-0.417308224151844,-0.041914138793945316,0.044412670135498045,1,0,0.7,-0.41816343548532137,-0.036596985617265876,0.028397157821058637,-0.0010000000000000009,-0.0008552113334773792,-0.011516620846877552,-0.0116590499876055,0.015353846153846164,-0.002305177173596065,1425392588345,0,0,0,0,0,0,0
1.0353670348013797,-0.024366848125921527,0.698,-0.418250701947921,-0.04136834335327148,0.047789115905761716,1,0,0.7,-0.41816343548532137,-0.035367034801379704,0.024366848125921527,0.0020000000000000018,0.00008726646259965554,-0.011588500088227514,-0.013878647585027234,0.017753846153846165,0.0044371639829552,1425392588410,0,0,0,0,0,0,0
1.03359358322567,-0.019466414985677555,0.697,-0.4181459821928013,-0.054164310455322266,0.05636565399169922,1,0,0.7,-0.41816343548532137,-0.033593583225669965,0.019466414985677555,0.0030000000000000027,-0.000017453292520064334,-0.007942090703896924,-0.01962140754469778,0.007703030303030309,-0.0004934521794278819,1425392588476,0,0,0,0,0,0,0
1.0320796742508007,-0.015436105547822071,0.694,-0.41844268816564045,-0.04530076217651367,0.046024848937988284,1,0,0.7,-0.41816343548532137,-0.032079674250800716,0.015436105547822071,0.006000000000000005,0.00027925268031908645,-0.008582671078652244,-0.016206020185241796,0.020709090909090927,0.0016279161932243173,1425392588542,0,0,0,0,0,0,0
1.030928412842168,-0.012364866488770946,0.694,-0.41921063303651784,-0.0344984245300293,0.035076900482177736,1,0,0.7,-0.41816343548532137,-0.030928412842168074,0.012364866488770946,0.006000000000000005,0.001047197551196477,-0.009759178899856318,-0.012542463913053505,0.004800000000000005,0.0046469391334342455,1425392588606,0,0,0,0,0,0,0
1.0295412424071417,-0.009694207064457257,0.693,-0.41802380914516163,-0.03531180191040039,0.028121627807617188,1,0,0.7,-0.41816343548532137,-0.029541242407141732,0.009694207064457257,0.007000000000000006,-0.00013962634015973752,-0.007911377052841099,-0.010921995724797427,0.010984615384615395,-0.0056172750694961126,1425392588671,0,0,0,0,0,0,0
1.0280748132576243,-0.007402949743794858,0.691,-0.41784927621996204,-0.03405460739135742,0.022479890823364258,1,0,0.7,-0.41816343548532137,-0.028074813257624287,0.007402949743794858,0.009000000000000008,-0.00031415926535932615,-0.006769633413286196,-0.009561626599386504,0.017969230769230786,-0.0011196958432035812,1425392588736,0,0,0,0,0,0,0
1.0261637793657952,-0.00658326048370567,0.69,-0.4165402792809665,-0.03118863296508789,-0.0003948455452919006,1,0,0.7,-0.41816343548532137,-0.02616377936579517,0.00658326048370567,0.010000000000000009,-0.0016231562043548808,-0.003593270882205412,-0.0018124859918640887,0.013303030303030313,-0.007573142290698311,1425392588802,0,0,0,0,0,0,0
1.0237263870300268,-0.00560581909846921,0.691,-0.41627847989316724,-0.03936679458618164,-0.001384529709815979,1,0,0.7,-0.41816343548532137,-0.02372638703002683,0.00560581909846921,0.009000000000000008,-0.001884955592154125,0.0006001527651433337,-0.0030183835602035827,0.001815384615384618,-0.003093260458919867,1425392588867,0,0,0,0,0,0,0
1.0212474043597728,-0.005859717492042234,0.689,-0.41552798831480975,-0.032469173431396485,-0.018519237518310548,1,0,0.7,-0.41816343548532137,-0.021247404359772792,0.005859717492042234,0.01100000000000001,-0.002635447170511618,0.0020497812423594837,0.003691885890904601,0.019569230769230783,-0.006099254455238507,1425392588932,0,0,0,0,0,0,0
1.0189827423578588,-0.006442255846625657,0.687,-0.41592941404276845,-0.027551876068115235,-0.021707239151000975,1,0,0.7,-0.41816343548532137,-0.018982742357858795,0.006442255846625657,0.0129999999999999,-0.0022340214425529137,0.002206465386729811,0.005689381871487127,0.021337499999999322,-0.0003523383427464881,1425392588996,0,0,0,0,0,0,0
1.0162302838548243,-0.00784848439340672,0.686,-0.41568506794748916,-0.029244213104248046,-0.03597658920288086,1,0,0.7,-0.41816343548532137,-0.01623028385482428,0.00784848439340672,0.013999999999999901,-0.0024783675378322045,0.005783483177361173,0.010387946405159242,0.016503030303030228,-0.0035890316072835268,1425392589062,0,0,0,0,0,0,0
1.0141092365547917,-0.009730798953218099,0.686,-0.41592941404276845,-0.017704627990722657,-0.03867796325683594,1,0,0.7,-0.41816343548532137,-0.014109236554791682,0.009730798953218099,0.013999999999999901,-0.0022340214425529137,0.002996836184604692,0.013050054832654461,0.011199999999999922,-0.0011716471152516492,1425392589131,0,0,0,0,0,0,0
1.011135649122926,-0.011947462904932362,0.684,-0.4148473099065319,-0.027366621017456055,-0.04843684387207031,1,0,0.7,-0.41816343548532137,-0.011135649122925972,0.011947462904932362,0.015999999999999903,-0.003316125578789464,0.010237609038746332,0.016489408246704428,0.023911111111111043,-0.008469002418011132,1425392589194,0,0,0,0,0,0,0
1.00791811403504,-0.014212055174532483,0.686,-0.4141142716206943,-0.03047808837890625,-0.05053999328613281,1,0,0.7,-0.41816343548532137,-0.007918114035039947,0.014212055174532483,0.013999999999999901,-0.004049163864627059,0.013196652926515692,0.01744400795504363,0.00008888888888880161,-0.007539822368615607,1425392589257,0,0,0,0,0,0,0
1.0051586238689936,-0.01647155599963443,0.686,-0.4146204171037727,-0.02425594139099121,-0.04768310546875,1,0,0.7,-0.41816343548532137,-0.005158623868993573,0.01647155599963443,0.013999999999999901,-0.0035430183815486904,0.010900953420199455,0.017181774354821804,0.011199999999999922,-0.0013100236032617708,1425392589325,0,0,0,0,0,0,0
1.0019945701086446,-0.019367938499482706,0.686,-0.4142015380832939,-0.0259376277923584,-0.05888378143310547,1,0,0.7,-0.41816343548532137,-0.0019945701086445666,0.019367938499482706,0.013999999999999901,-0.003961897402027459,0.016140079267736775,0.02278345993814425,0.011199999999999922,-0.005988731372086015,1425392589387,0,0,0,0,0,0,0
0.9989431201426594,-0.0220816358775871,0.686,-0.41444588417857314,-0.02551891326904297,-0.0556845817565918,1,0,0.7,-0.41816343548532137,0.001056879857340598,0.0220816358775871,0.013999999999999901,-0.0037175513067482235,0.015510921592593003,0.021229598328221928,0.011199999999999922,-0.0026395538275751267,1425392589455,0,0,0,0,0,0,0
0.9955545774519095,-0.02435495983509309,0.686,-0.4150392961242512,-0.032793582916259764,-0.05168056869506836,1,0,0.7,-0.41816343548532137,0.00444542254809055,0.02435495983509309,0.013999999999999901,-0.003124139361070144,0.020033138376455092,0.02039186304801824,0.011199999999999922,-0.0003425208657041462,1425392589519,0,0,0,0,0,0,0
0.9922379044161858,-0.026302471013374257,0.687,-0.4145506039336928,-0.033747032165527345,-0.046793052673339844,1,0,0.7,-0.41816343548532137,0.007762095583814244,0.026302471013374257,0.0129999999999999,-0.003612831551628559,0.021303405459565734,0.019211161346565385,0.004931249999999917,-0.00590357619487113,1425392589583,0,0,0,0,0,0,0
0.9896524240611982,-0.02739450038036162,0.688,-0.4146902302738523,-0.028899560928344725,-0.030613618850708006,1,0,0.7,-0.41816343548532137,0.010347575938801756,0.02739450038036162,0.01200000000000001,-0.0034732052114690437,0.018386633193392364,0.014786282955615647,0.0042153846153852184,-0.002828775949194357,1425392589648,0,0,0,0,0,0,0
0.9870202524547821,-0.027878729677400658,0.689,-0.41552798831480964,-0.03320959091186523,-0.022555582046508788,1,0,0.7,-0.41816343548532137,0.012979747545217912,0.027878729677400658,0.01100000000000001,-0.002635447170511729,0.019337670020692446,0.011562707826912266,0.0036529411764705914,0.0010605441866528955,1425392589716,0,0,0,0,0,0,0
0.9850116901254125,-0.027830953349993783,0.69,-0.41577233441008876,-0.02785389518737793,-0.011506376266479492,1,0,0.7,-0.41816343548532137,0.014988309874587546,0.027830953349993783,0.010000000000000009,-0.0023911010752326045,0.018141960156609262,0.008803568369759904,0.0023548387096774225,-0.001208781259365874,1425392589778,0,0,0,0,0,0,0
0.9826251857242637,-0.02717855054707574,0.69,-0.41645301281836655,-0.0367003288269043,-0.005506197929382325,1,0,0.7,-0.41816343548532137,0.017374814275736283,0.02717855054707574,0.010000000000000009,-0.001710422666954814,0.019941238421962715,0.005634563573748311,0.008000000000000007,0.0012067705113785738,1425392589848,0,0,0,0,0,0,0
0.979741490609591,-0.025922041539902598,0.69,-0.41702897147152473,-0.047182594299316406,-0.0002609311640262604,1,0,0.7,-0.41816343548532137,0.020258509390408963,0.025922041539902598,0.010000000000000009,-0.0011344640137966322,0.02600871330584808,0.0013259594215160736,0.008000000000000007,0.0016981195263255726,1425392589909,0,0,0,0,0,0,0
0.9784735793972499,-0.024387285461147483,0.692,-0.41795399597508165,-0.026713397979736327,0.013344896316528321,1,0,0.7,-0.41816343548532137,0.021526420602750118,0.024387285461147483,0.008000000000000007,-0.0002094395102397173,0.016938083664144413,-0.0001732089498476478,-0.004369230769230771,0.004059904352330659,1425392589974,0,0,0,0,0,0,0
0.9768583715286344,-0.023473404443557035,0.693,-0.41861722109083954,-0.027706640243530273,0.002694244861602783,1,0,0.7,-0.41816343548532137,0.023141628471365583,0.023473404443557035,0.007000000000000006,0.0004537856055181755,0.01963078857535866,0.0029110578640348106,0.00021538461538461642,0.0035148246013238346,1425392590039,0,0,0,0,0,0,0
0.9771435384937468,-0.022373497591530924,0.693,-0.4195946054719564,-0.002798490047454834,0.016812774658203126,1,0,0.7,-0.41816343548532137,0.0228564615062532,0.022373497591530924,0.007000000000000006,0.0014311699866350058,0.009270274226554668,0.0015939510118232912,0.005600000000000005,0.005942174822558838,1425392590104,0,0,0,0,0,0,0
0.9766928271771889,-0.02147082978213524,0.693,-0.42031019046527407,-0.01169028091430664,0.009611246109008788,1,0,0.7,-0.41816343548532137,0.02330717282281114,0.02147082978213524,0.007000000000000006,0.002146754979952703,0.01333344308472957,0.0026817911408137307,0.005600000000000005,0.005257994081333995,1425392590173,0,0,0,0,0,0,0
0.9770539964862782,-0.020185927548330117,0.694,-0.42109558862867147,-0.00291843318939209,0.019806604385375976,1,0,0.7,-0.41816343548532137,0.02294600351372178,0.020185927548330117,0.006000000000000005,0.0029321531433501025,0.008842009126319612,-0.0003658948485693297,-0.0008451612903225799,0.006732466837208487,1425392590235,0,0,0,0,0,0,0
0.9778316892049326,-0.019606624141117517,0.695,-0.42139229460151045,0.007094375610351563,0.012698798179626465,1,0,0.7,-0.41816343548532137,0.022168310795067425,0.019606624141117517,0.0050000000000000044,0.0032288591161890867,0.006504266051712413,0.003745418272214274,-0.0011470588235294125,0.004537856055184605,1425392590303,0,0,0,0,0,0,0
0.9788772205209056,-0.019184947692071748,0.696,-0.4225616652003467,0.01172384548187256,0.012186651229858398,1,0,0.7,-0.41816343548532137,0.021122779479094356,0.019184947692071748,0.0040000000000000036,0.004398229715025348,0.0040952337737961905,0.004232087151470039,-0.0024451612903225815,0.01005647454810403,1425392590365,0,0,0,0,0,0,0
0.9810229167804703,-0.019448828173515155,0.698,-0.42158428081922983,0.030977710723876953,0.009589141845703125,1,0,0.7,-0.41816343548532137,0.018977083219529733,0.019448828173515155,0.0020000000000000018,0.003420845333908462,-0.0024415888538799994,0.008103885279164048,-0.009006060606060611,-0.0010218109438955639,1425392590431,0,0,0,0,0,0,0
0.9835975817343915,-0.019363701324128478,0.695,-0.42036255034283393,0.03471596145629883,0.016968645095825196,1,0,0.7,-0.41816343548532137,0.01640241826560851,0.019363701324128478,0.0050000000000000044,0.002199114857512563,-0.0059929297200097134,0.006240330815850313,0.019909090909090925,-0.0033542054897415232,1425392590497,0,0,0,0,0,0,0
0.9848618127119981,-0.020085842930413392,0.698,-0.41896628694123833,0.021733022689819335,-0.0021502625942230224,1,0,0.7,-0.41816343548532137,0.01513818728800187,0.020085842930413392,0.0020000000000000018,0.0008028514559169642,0.000014512688824781447,0.010932955453374957,-0.01506666666666668,-0.005846021885014458,1425392590560,0,0,0,0,0,0,0
0.986886314287733,-0.020935768582063148,0.697,-0.4173954906144435,0.032927490234375,0.0007077723145484925,1,0,0.7,-0.41816343548532137,0.01311368571226701,0.020935768582063148,0.0030000000000000027,-0.0007679448708778902,-0.004701570839979119,0.011697034429461515,0.007703030303030309,-0.007907928174490864,1425392590626,0,0,0,0,0,0,0
0.9887093630097475,-0.022193035826691736,0.697,-0.41556289489984943,0.032643123626708986,-0.006154484748840332,1,0,0.7,-0.41816343548532137,0.011290636990252456,0.022193035826691736,0.0030000000000000027,-0.0026005405854719332,-0.004686179277751145,0.014351359138116093,0.0024000000000000024,-0.011058674652829054,1425392590691,0,0,0,0,0,0,0
0.9912728699582655,-0.024023702130692576,0.697,-0.4143411644234534,0.04626560974121094,-0.009599345207214355,1,0,0.7,-0.41816343548532137,0.008727130041734532,0.024023702130692576,0.0030000000000000027,-0.0038222710618679434,-0.009740111680738878,0.017854593009575453,0.0024000000000000024,-0.009375591409122534,1425392590757,0,0,0,0,0,0,0
0.9938289503165014,-0.02616149779211542,0.696,-0.41435861771597343,0.048006568908691406,-0.013917819023132324,1,0,0.7,-0.41816343548532137,0.006171049683498575,0.02616149779211542,0.0040000000000000036,-0.0038048177693479346,-0.010385163811100658,0.019649795292828766,0.00827246376811595,-0.003728933888826157,1425392590826,0,0,0,0,0,0,0
0.9963855136454874,-0.028849788963323884,0.697,-0.41551053502228963,0.051337909698486325,-0.02147270965576172,1,0,0.7,-0.41816343548532137,0.0036144863545125583,0.028849788963323884,0.0030000000000000027,-0.0026529004630317377,-0.013608937863988013,0.025311399980082496,-0.0034333333333333364,0.003106686068549248,1425392590886,0,0,0,0,0,0,0
0.9993789710843668,-0.03197772955703874,0.695,-0.4153185488045703,0.06002040863037109,-0.02480182456970215,1,0,0.7,-0.41816343548532137,0.0006210289156332038,0.03197772955703874,0.0050000000000000044,-0.0028448866807510576,-0.016066366127800304,0.02717675271553703,0.014606060606060617,-0.003717551306747966,1425392590952,0,0,0,0,0,0,0
1.0014543973893164,-0.03478467944189576,0.697,-0.41669735891364595,0.04547312927246094,-0.02596393585205078,1,0,0.7,-0.41816343548532137,-0.0014543973893164086,0.03478467944189576,0.0030000000000000027,-0.001466076571675412,-0.012406001540636615,0.026568229501928414,-0.008369230769230775,0.004897662393289105,1425392591017,0,0,0,0,0,0,0
1.003651444393875,-0.03806494171282231,0.698,-0.41758747683216296,0.05005063629150391,-0.031655006408691407,1,0,0.7,-0.41816343548532137,-0.003651444393875103,0.03806494171282231,0.0020000000000000018,-0.0005759586531584038,-0.014161779171974729,0.030125655551078705,-0.003784615384615387,0.0035322778938431726,1425392591082,0,0,0,0,0,0,0
1.006148366769279,-0.040774933210491075,0.697,-0.4195247923018766,0.05072124481201172,-0.021967185974121093,1,0,0.7,-0.41816343548532137,-0.00614836676927899,0.040774933210491075,0.0030000000000000027,0.001361356816555248,-0.016825300201355725,0.027673780799785677,0.007703030303030309,0.010167336224344575,1425392591148,0,0,0,0,0,0,0
1.008625719519618,-0.04423289994240177,0.697,-0.4206941629007128,0.055065670013427735,-0.03223514175415039,1,0,0.7,-0.41816343548532137,-0.008625719519617991,0.04423289994240177,0.0030000000000000027,0.002530727415391454,-0.018376264869352975,0.03327906840736669,0.0024000000000000024,0.008012152097436168,1425392591212,0,0,0,0,0,0,0
1.0107044125301905,-0.04732887501008187,0.7,-0.4208512425333924,0.04742731475830078,-0.029656461715698242,1,0,0.7,-0.41816343548532137,-0.010704412530190499,0.04732887501008187,0,0.0026878070480710337,-0.017067508753988634,0.031998504111106635,-0.016153846153846164,0.003412789968130633,1425392591277,0,0,0,0,0,0,0
1.0120715561801124,-0.05016851485455081,0.699,-0.42086869582591235,0.036119224548339844,-0.030499914169311523,1,0,0.7,-0.41816343548532137,-0.012071556180112353,0.05016851485455081,0.0010000000000000009,0.002705260340590987,-0.013501234218131031,0.030618347585448076,0.005872463768115947,0.002781144221112523,1425392591346,0,0,0,0,0,0,0
1.0133670375883392,-0.05300628386094353,0.699,-0.42093850899599217,0.03512716293334961,-0.030912837982177734,1,0,0.7,-0.41816343548532137,-0.013367037588339237,0.05300628386094353,0.0010000000000000009,0.0027750735106708,-0.014535677353565844,0.03311823570355798,0.0008000000000000008,0.003112879172347316,1425392591408,0,0,0,0,0,0,0
1.0143852328041818,-0.05624616203390522,0.7,-0.4198913114447955,0.0337977409362793,-0.038115055084228515,1,0,0.7,-0.41816343548532137,-0.014385232804181802,0.05624616203390522,0,0.0017278759594741566,-0.013140587801096504,0.03528883000596578,-0.005303030303030307,-0.0030321129096014957,1425392591474,0,0,0,0,0,0,0
1.0149513549506741,-0.059259018281247126,0.702,-0.4197167785195962,0.02617754364013672,-0.0378052978515625,1,0,0.7,-0.41816343548532137,-0.014951354950674123,0.059259018281247126,-0.0020000000000000018,0.0015533430342748455,-0.011129678146127368,0.03552599812517711,-0.01253750000000001,0.0007352199474030749,1425392591538,0,0,0,0,0,0,0
1.015466027343746,-0.0624548190737334,0.702,-0.4194724324243169,0.026584436416625976,-0.040630340576171875,1,0,0.7,-0.41816343548532137,-0.015466027343745914,0.0624548190737334,-0.0020000000000000018,0.0013089969389955547,-0.011072399657578004,0.037256934506057514,-0.0016000000000000016,0.0001812457300142123,1425392591603,0,0,0,0,0,0,0
1.015811805331934,-0.06553084945181649,0.703,-0.4185823145057997,0.023529029846191405,-0.040027839660644535,1,0,0.7,-0.41816343548532137,-0.015811805331934048,0.06553084945181649,-0.0030000000000000027,0.00041887902047832437,-0.010346134914225827,0.03757742105560895,-0.0077846153846153916,-0.0036893575265242763,1425392591668,0,0,0,0,0,0,0
1.015904403688321,-0.06832801652823274,0.702,-0.4177969163424023,0.018323341369628907,-0.03777058029174805,1,0,0.7,-0.41816343548532137,-0.01590440368832091,0.06832801652823274,-0.0020000000000000018,-0.00036651914291907506,-0.00903949701434829,0.036959412764917286,0.003784615384615387,-0.003991433743214765,1425392591733,0,0,0,0,0,0,0
1.016381215380905,-0.07133957466156854,0.697,-0.41650537269592647,0.02486598014831543,-0.03838580703735352,1,0,0.7,-0.41816343548532137,-0.01638121538090509,0.07133957466156854,0.0030000000000000027,-0.0016580627893948985,-0.011281079089875114,0.03858102894644606,0.02851940298507465,-0.00744109404227172,1425392591800,0,0,0,0,0,0,0
1.0166792065699937,-0.0736779087090827,0.695,-0.4168718918388453,0.01827792549133301,-0.030268028259277345,1,0,0.7,-0.41816343548532137,-0.016679206569993665,0.0736779087090827,0.0050000000000000044,-0.0012915436464760455,-0.010579581342632012,0.0363854272451018,0.014937500000000013,0.00042651483595607803,1425392591864,0,0,0,0,0,0,0
1.016908931895229,-0.07753229939380003,0.679,-0.41697661159396504,0.026560544967651367,-0.05146926498413086,1,0,0.7,-0.41816343548532137,-0.016908931895228907,0.07753229939380003,0.020999999999999908,-0.0011868238913563256,-0.01031277801615084,0.04555878750202713,0.10295384615384555,-0.0007035019446499262,1425392591929,0,0,0,0,0,0,0
1.014988621431429,-0.08190923890976724,0.647,-0.41694170500892513,0.0002531700134277344,-0.07169451904296875,1,0,0.7,-0.41816343548532137,-0.014988621431428983,0.08190923890976724,0.052999999999999936,-0.0012217304763962322,0.0022147503989311187,0.04973883483806949,0.21470769230769238,-0.001382837791965032,1425392591994,0,0,0,0,0,0,0
1.0108043699033114,-0.08623229293985858,0.622,-0.417290770859324,-0.031126556396484376,-0.08470777893066406,1,0,0.7,-0.41816343548532137,-0.01080436990331135,0.08623229293985858,0.07799999999999996,-0.000872664625997388,0.0158175343393035,0.05010850889579986,0.1929970149253732,0.0006903167936989291,1425392592060,0,0,0,0,0,0,0
1.0046966459921503,-0.09177730279738182,0.591,-0.41809362231524144,-0.050044673919677735,-0.11316846466064454,1,0,0.7,-0.41816343548532137,-0.00469664599215025,0.09177730279738182,0.10899999999999999,-0.00006981317007992427,0.029399711121195556,0.05865482211030924,0.25159393939393954,0.0035795116295449106,0,0,0,0,0,0,0,0
0.9938284220613155,-0.09730232345886652,0.549,-0.41854740792076,-0.11533232879638672,-0.14192739868164062,1,0,0.7,-0.41816343548532137,0.006171577938684503,0.09730232345886652,0.1509999999999999,0.0003839724354386398,0.06282728803525507,0.061662832697956874,0.35413333333333286,0.0025448562712413257,0,0,0,0,0,0,0,0
0.9803681367294813,-0.10464114162561337,0.507,-0.4198913114447956,-0.1397348175048828,-0.1826407012939453,1,0,0.7,-0.41816343548532137,0.01963186327051869,0.10464114162561337,0.19299999999999995,0.0017278759594742121,0.08166962905343432,0.07275464886512695,0.38055384615384635,0.00793050760886916,0,0,0,0,0,0,0,0
0.9660669713741169,-0.11541738017425815,0.464,-0.4213050281389109,-0.1299872283935547,-0.2350525817871094,1,0,0.7,-0.41816343548532137,0.0339330286258831,0.11541738017425815,0.23599999999999993,0.003141592653589542,0.09337008371103991,0.09457172839859171,0.42033846153846144,0.009666438934121835,0,0,0,0,0,0,0,0
0.9520942235606166,-0.12505905791125146,0.416,-0.42350414299642375,-0.1321190185546875,-0.21769125366210937,1,0,0.7,-0.41816343548532137,0.04790577643938343,0.12505905791125146,0.284,0.005340707511102383,0.0986191942239768,0.09143634650613185,0.4856615384615386,0.015490468391930877,0,0,0,0,0,0,0,0
0.9387111169569354,-0.13310066945620658,0.379,-0.42716933442561184,-0.13344012451171874,-0.1924658966064453,1,0,0.7,-0.41816343548532137,0.06128888304306457,0.13310066945620658,0.32099999999999995,0.009005898940290469,0.09703130992042834,0.08223333188689544,0.44179999999999986,0.024713862208239405,0,0,0,0,0,0,0,0
0.9264421930548427,-0.13918801478422274,0.339,-0.43097415219495944,-0.12966751098632812,-0.15934976196289063,1,0,0.7,-0.41816343548532137,0.07355780694515734,0.13918801478422274,0.36099999999999993,0.01281071670963807,0.10786309629944402,0.07944450498282288,0.5221333333333331,0.03183480555637608,0,0,0,0,0,0,0,0
0.9160778885003172,-0.1429931787122353,0.323,-0.43537238190998523,-0.11740431213378906,-0.11680451965332031,1,0,0.7,-0.41816343548532137,0.08392211149968276,0.1429931787122353,0.37699999999999995,0.017208946424663862,0.0964941355305719,0.0653498148639975,0.3864484848484849,0.0372008996747811,0,0,0,0,0,0,0,0
0.9085793781996464,-0.14490662375559096,0.295,-0.4390550266316932,-0.08988008117675782,-0.07346141815185547,1,0,0.7,-0.41816343548532137,0.0914206218003536,0.14490662375559096,0.40499999999999997,0.020891591146371846,0.0857171868892834,0.0561423036822659,0.4747692307692309,0.03788841293887023,0,0,0,0,0,0,0,0
0.9046849714052511,-0.1428722177306953,0.243,-0.4396658918698912,-0.06584746551513672,0.0027899856567382814,1,0,0.7,-0.41816343548532137,0.09531502859474894,0.1428722177306953,0.45699999999999996,0.021502456384569824,0.0683196338674304,0.0343671892180458,0.6456,0.024321834407022028,0,0,0,0,0,0,0,0
