0,0,0.706,0,0.005364185810089112,-0.005950301170349121,0,0,0.5,0,0,0,-0.20599999999999996,0,0,0,-0.16479999999999997,0,0,0,0,0,0,0,0,0
-0.000512485408782959,-0.0008413511912027994,0.705,0,-0.007687281131744385,-0.012620267868041992,0,0,0.5,0,0.000512485408782959,0.0008413511912027994,-0.20499999999999996,0,0.002894035249597886,0.004688399029238787,-0.15892753623188402,0,0,0,0,0,0,0,0,0
-0.0023959614117940267,-0.0020028886159261065,0.705,-0.00020943951023932875,-0.028252140045166015,-0.017423061370849608,0,0,0.5,0,0.0023959614117940267,0.0020028886159261065,-0.20499999999999996,0.00020943951023932875,0.012004810231370353,0.007777079285515678,-0.16399999999999998,0.0012566370614359725,0,0,0,0,0,0,0,0
-0.0033096163577861666,-0.0033924267271976767,0.699,-0.0008377580409573149,-0.013700458526611328,-0.0208459415435791,0,0,0.5,0,0.0033096163577861666,0.0033924267271976767,-0.19899999999999995,0.0008377580409573149,0.0064276325236281425,0.008954994541883159,-0.1278567164179104,0.003651124596410984,0,0,0,0,0,0,0,0
-0.00292943473092516,-0.005222208429498869,0.694,-0.0019896753472736783,0.0057257161140441895,-0.027441938400268553,0,0,0.5,0,0.00292943473092516,0.005222208429498869,-0.19399999999999995,0.0019896753472736783,-0.0005824144714813011,0.012463774919448159,-0.12827692307692304,0.007306216761041509,0,0,0,0,0,0,0,0
-0.0018011508727609523,-0.007888987789859121,0.681,-0.002373647782712207,0.017003814697265626,-0.03996793746948242,0,0,0.5,0,0.0018011508727609523,0.007888987789859121,-0.18100000000000005,0.002373647782712207,-0.005367668220087345,0.01875993478581985,-0.07257777777777838,0.004202087951467106,0,0,0,0,0,0,0,0
-0.0005510503726118498,-0.013184898064360788,0.672,-0.0010297442586766348,0.01894001388549805,-0.0793939208984375,0,0,0.5,0,0.0005510503726118498,0.013184898064360788,-0.17200000000000004,0.0010297442586766348,-0.006455785199112318,0.03510888897180475,-0.08913846153846153,-0.005172887390718314,0,0,0,0,0,0,0,0
0.0015489733822286022,-0.018710290918209582,0.667,0.000052359877559915446,0.03158568572998047,-0.0828484115600586,0,0,0.5,0,-0.0015489733822286022,0.018710290918209582,-0.16700000000000004,-0.000052359877559915446,-0.012082306909485963,0.038656471199212034,-0.10708484848484849,-0.004971015042271507,0,0,0,0,0,0,0,0
0.005965273471427559,-0.02372533729638794,0.653,-0.0001570796326795243,0.06624056243896484,-0.07522916412353516,0,0,0.5,0,-0.005965273471427559,0.02372533729638794,-0.15300000000000002,0.0001570796326795243,-0.026402409936011277,0.03886676453069282,-0.047015384615384584,0.001123723526092323,0,0,0,0,0,0,0,0
0.011919701174913245,-0.029054868669406764,0.641,-0.0005759586531581817,0.08932897186279297,-0.07992893981933594,0,0,0.5,0,-0.011919701174913245,0.029054868669406764,-0.14100000000000001,0.0005759586531581817,-0.037065069934023635,0.042368269865398725,-0.050113432835820856,0.002451536356793961,0,0,0,0,0,0,0,0
0.019933486493631525,-0.03518229006335038,0.629,-0.0009424777960769237,0.12025969696044922,-0.09184207153320313,0,0,0.5,0,-0.019933486493631525,0.03518229006335038,-0.129,0.0009424777960769237,-0.05448777279525065,0.0516323749980286,-0.03653333333333329,0.002687807048070933,0,0,0,0,0,0,0,0
0.030754899108374326,-0.04074764945403661,0.619,0.00001745329251978678,0.16239979553222655,-0.08332736968994141,0,0,0.5,0,-0.030754899108374326,0.04074764945403661,-0.119,-0.00001745329251978678,-0.07276372857176261,0.04988709422308166,-0.04216969696969694,-0.004380776422504834,0,0,0,0,0,0,0,0
0.03916645036123061,-0.04656688893716228,0.614,0.0010821041362365502,0.12617174530029296,-0.0872907943725586,0,0,0.5,0,-0.03916645036123061,0.04656688893716228,-0.11399999999999999,-0.0010821041362365502,-0.06558389609467313,0.055107410391924634,-0.06385624999999998,-0.006072654966158879,0,0,0,0,0,0,0,0
0.046187878503120006,-0.051511821790064506,0.605,0.0024609142453120287,0.10524109649658203,-0.07428791809082032,0,0,0.5,0,-0.046187878503120006,0.051511821790064506,-0.10499999999999998,-0.0024609142453120287,-0.06090162924634904,0.05238247241065963,-0.03553846153846149,-0.008824653210275776,0,0,0,0,0,0,0,0
0.05310651852959229,-0.05699129252554016,0.598,0.002809980095710873,0.10357701873779297,-0.08244720458984375,0,0,0.5,0,-0.05310651852959229,0.05699129252554016,-0.09799999999999998,-0.002809980095710873,-0.06269540865681555,0.057119747119732445,-0.041832835820895475,-0.00437296151540719,1425984593367,0,0,0,0,0,0,0
0.05993831095154455,-0.0621703493378049,0.592,0.002513274122871833,0.10225818634033203,-0.07797350311279297,0,0,0.5,0,-0.05993831095154455,0.0621703493378049,-0.09199999999999997,-0.002513274122871833,-0.0673305202833237,0.05940814161097526,-0.040787499999999956,-0.0011224648751888343,1425984593367,0,0,0,0,0,0,0
0.0668365297708945,-0.06671373978626657,0.588,0.0024085543677521133,0.10330167388916016,-0.06841069793701172,0,0,0.5,0,-0.0668365297708945,0.06671373978626657,-0.08799999999999997,-0.0024085543677521133,-0.07056252006656238,0.05782128000023459,-0.04886153846153842,-0.001925232421045714,1425984593367,0,0,0,0,0,0,0
0.07247550791252405,-0.07091274343563884,0.587,0.0032463124087094277,0.08443272399902343,-0.0631885986328125,0,0,0.5,0,-0.07247550791252405,0.07091274343563884,-0.08699999999999997,-0.0032463124087094277,-0.06660148241119034,0.058066391368285494,-0.06421538461538459,-0.007112887982358571,1425984593367,0,0,0,0,0,0,0
0.07731165633959225,-0.07479908938838309,0.586,0.004572762640225213,0.07235260009765625,-0.058530376434326174,0,0,0.5,0,-0.07731165633959225,0.07479908938838309,-0.08599999999999997,-0.004572762640225213,-0.06430206982849111,0.05800895504965344,-0.06349696969696966,-0.010602081874387874,1425984593367,0,0,0,0,0,0,0
0.07867812919081532,-0.07772225145139416,0.587,0.005619960191421857,0.020296375274658204,-0.04394070053100586,0,0,1.5,0,-0.07867812919081532,0.07772225145139416,0.913,-0.005619960191421857,-0.03933906459540766,0.03886112572569708,0.7304,-0.005619960191421857,0,0,0,0,0,0,0,0
0.07627384726932065,-0.07826274583129635,0.587,0.006649704450098492,-0.03610922241210938,-0.007904609203338624,0,0,1.5,0,-0.07627384726932065,0.07826274583129635,0.913,-0.006649704450098492,-0.024564364400416244,0.04218255086670888,0.7304,-0.011632337959824143,0,0,0,0,0,0,0,0
0.07238337531155424,-0.07923048666165916,0.591,0.0071209433481369535,-0.05845231628417969,-0.014127737045288085,0,0,1.5,0,-0.07238337531155424,0.07923048666165916,0.909,-0.0071209433481369535,-0.015560396970652198,0.04474720227972329,0.7059878787878788,-0.009262938339220872,0,0,0,0,0,0,0,0
0.06715839220944592,-0.08021101908982188,0.6,0.004729842272904738,-0.07847749328613281,-0.014149516105651856,0,0,1.5,0,-0.06715839220944592,0.08021101908982188,0.9,-0.004729842272904738,-0.005870952381421244,0.04530530272456173,0.6722727272727274,0.0061387989781507895,0,0,0,0,0,0,0,0
0.05989526401641512,-0.08093330087134756,0.614,0.0014486232791552913,-0.1089969482421875,-0.010318805694580078,0,0,1.5,0,-0.05989526401641512,0.08093330087134756,0.886,-0.0014486232791552913,0.009772600297429587,0.044416628928392356,0.6322375,0.013932090754045237,0,0,0,0,0,0,0,0
0.05039063059980823,-0.08141921623458356,0.631,0.0019896753472735665,-0.14257991027832032,-0.007082193374633789,0,0,1.5,0,-0.05039063059980823,0.08141921623458356,0.869,-0.0019896753472735665,0.025208043727556678,0.04328643201324027,0.6050484848484848,-0.004449002929629362,0,0,0,0,0,0,0,0
0.04404896016390227,-0.08075668432486534,0.655,0.003944444109507227,-0.09510509490966797,0.010127226829528808,0,0,1.5,0,-0.04404896016390227,0.08075668432486534,0.845,-0.003944444109507227,0.012656530114409568,0.036755120781161124,0.54475,-0.013107422682477513,0,0,0,0,0,0,0,0
0.0392995695822307,-0.08003223022750408,0.681,0.005759586531581261,-0.07119744110107422,0.01114773178100586,0,0,1.5,0,-0.0392995695822307,0.08003223022750408,0.819,-0.005759586531581261,0.005536377384415703,0.03617431308229083,0.5173212121212121,-0.014010233904645054,0,0,0,0,0,0,0,0
0.034108358866228795,-0.08053928168668412,0.711,0.006527531402458874,-0.07791067504882812,-0.007157159805297852,0,0,1.5,0,-0.034108358866228795,0.08053928168668412,0.789,-0.006527531402458874,0.010898493653049703,0.04299991793123456,0.469661538461539,-0.010071892344970933,0,0,0,0,0,0,0,0
0.027981057072005214,-0.0819552675018868,0.742,0.006649704450098492,-0.09204621124267579,-0.020639396667480468,0,0,1.5,0,-0.027981057072005214,0.0819552675018868,0.758,-0.006649704450098492,0.019002634971355133,0.04860217275588089,0.439476923076923,-0.0072135800545890345,0,0,0,0,0,0,0,0
0.021937850485449304,-0.08356995921734098,0.769,0.00586430628670087,-0.09080715179443359,-0.023617061614990234,0,0,1.5,0,-0.021937850485449304,0.08356995921734098,0.731,-0.00586430628670087,0.020600064388537564,0.050219936331192344,0.4437552238805969,-0.002347598092383162,0,0,0,0,0,0,0,0
0.01738938544578956,-0.08498272135128358,0.799,0.00363028484414829,-0.06835007476806641,-0.020790966033935546,0,0,1.5,0,-0.01738938544578956,0.08498272135128358,0.701,-0.00363028484414829,0.01657455749743714,0.05034003919754515,0.39413333333333317,0.007007912501340186,0,0,0,0,0,0,0,0
0.013189109875464015,-0.08623928600691913,0.827,0.0024085543677521133,-0.0630721435546875,-0.0186196231842041,0,0,1.5,0,-0.013189109875464015,0.08623928600691913,0.673,-0.0024085543677521133,0.01567963369278224,0.04978324345001171,0.3899151515151521,0.003144765979503235,0,0,0,0,0,0,0,0
0.010159866881625752,-0.08702711912573304,0.854,0.0008203047484373056,-0.045466976165771486,-0.01170802116394043,0,0,1.5,0,-0.010159866881625752,0.08702711912573304,0.646,-0.0008203047484373056,0.011231374987547003,0.04775573789494139,0.37141538461538454,0.006510078109938729,0,0,0,0,0,0,0,0
0.007100038334539623,-0.08776950853022127,0.885,-0.0013089969389957772,-0.04590654754638672,-0.011098187446594238,0,0,1.5,0,-0.007100038334539623,0.08776950853022127,0.615,0.0013089969389957772,0.012676344340005113,0.04782166777376034,0.32760606060606046,0.010987640972782516,0,0,0,0,0,0,0,0
0.005476284805164034,-0.08991965666391699,0.911,-0.0028623399732707893,-0.024314064025878906,-0.032284076690673826,0,0,1.5,0,-0.005476284805164034,0.08991965666391699,0.589,0.0028623399732707893,0.006005145832517307,0.05653754905185856,0.3311999999999999,0.010031615516078536,0,0,0,0,0,0,0,0
0.004660313486194934,-0.09301811349670844,0.934,-0.002251474735072701,-0.012106487274169922,-0.04651169586181641,0,0,1.5,0,-0.004660313486194934,0.09301811349670844,0.566,0.002251474735072701,0.0021321864075147974,0.06345374255268244,0.32701874999999986,-0.0006119560689808383,0,0,0,0,0,0,0,0
0.005143534872436507,-0.09674009432317006,0.959,-0.0014311699866352838,0.007374001502990723,-0.05581325149536133,0,0,1.5,0,-0.005143534872436507,0.09674009432317006,0.541,0.0014311699866352838,-0.005173728746749796,0.06841148238099376,0.29818461538461594,-0.0023548519292297177,0,0,0,0,0,0,0,0
0.005992104965560598,-0.09901052369162634,0.982,-0.00022689280275922695,0.012777278900146485,-0.03403818893432617,0,0,1.5,0,-0.005992104965560598,0.09901052369162634,0.518,0.00022689280275922695,-0.007565276061140792,0.06173065075288547,0.2905538461538461,-0.005331309584361035,0,0,0,0,0,0,0,0
0.007664862273700883,-0.1004763649969051,1.005,0.00015707963267941284,0.02509634780883789,-0.02198192596435547,0,0,1.5,0,-0.007664862273700883,0.1004763649969051,0.4950000000000001,-0.00015707963267941284,-0.012442211399337199,0.05778295392268144,0.27761764705882414,-0.001851075671379294,0,0,0,0,0,0,0,0
0.010814222523950397,-0.10118589329521815,1.026,0.001326450231515674,0.047238731384277345,-0.010650344848632812,0,0,1.5,0,-0.010814222523950397,0.10118589329521815,0.474,-0.001326450231515674,-0.022630175130527227,0.0544731795290086,0.2643562499999993,-0.006807874913560649,0,0,0,0,0,0,0,0
0.015101919542538917,-0.10138334599478666,1.044,0.002251474735072589,0.06431147003173829,-0.0030470991134643553,0,0,1.5,0,-0.015101919542538917,0.10138334599478666,0.45599999999999996,-0.002251474735072589,-0.030288746991057058,0.051738770646620226,0.2693454545454545,-0.0064561315694222025,0,0,0,0,0,0,0,0
0.021272970605846143,-0.10127656440053028,1.064,0.003351032163829148,0.09256913757324219,0.001393310546875,0,0,1.5,0,-0.021272970605846143,0.10127656440053028,0.43599999999999994,-0.003351032163829148,-0.04492010232129655,0.05004505112106302,0.2376888888888888,-0.008587019919812762,0,0,0,0,0,0,0,0
0.027526039258320284,-0.10012623528266208,1.081,0.0051836278784230805,0.09385332489013672,0.016940526962280274,0,0,1.5,0,-0.027526039258320284,0.10012623528266208,0.41900000000000004,-0.0051836278784230805,-0.047433389296328586,0.043869037775886924,0.24366153846153904,-0.013641761945779691,0,0,0,0,0,0,0,0
0.03225058738660066,-0.09837110411677752,1.098,0.006492624817418968,0.07100373840332032,0.02595926094055176,0,0,1.5,0,-0.03225058738660066,0.09837110411677752,0.4019999999999999,-0.006492624817418968,-0.041565168230194655,0.039734845780548804,0.2300615384615377,-0.012534149151246142,0,0,0,0,0,0,0,0
0.03430886211705726,-0.09630677546432567,1.116,0.007435102613495892,0.031074512481689454,0.030763824462890624,0,0,1.5,0,-0.03430886211705726,0.09630677546432567,0.3839999999999999,-0.007435102613495892,-0.027748492171172916,0.037528166726895976,0.21455294117647045,-0.01159309289030585,0,0,0,0,0,0,0,0
0.034460380578436436,-0.09424472308830842,1.132,0.007103490055616946,0.002502685546875,0.030913032531738282,0,0,1.5,0,-0.034460380578436436,0.09424472308830842,0.3680000000000001,-0.007103490055616946,-0.01808553644216517,0.035481743292443906,0.20407741935483997,-0.005498913162654302,0,0,0,0,0,0,0,0
0.03495958394056406,-0.09195090919888556,1.146,0.00696386371545743,0.007732270717620849,0.0343531494140625,0,0,1.5,0,-0.03495958394056406,0.09195090919888556,0.3540000000000001,-0.00696386371545743,-0.020167810074046152,0.03362414904101199,0.20781538461538462,-0.006319434453182744,0,0,0,0,0,0,0,0
0.03450223750921732,-0.08968569248594879,1.16,0.006265732014659631,-0.0066234121322631834,0.03402519989013672,0,0,1.5,0,-0.03450223750921732,0.08968569248594879,0.3400000000000001,-0.006265732014659631,-0.014788484124280058,0.0326455254810072,0.19661538461538464,-0.0030435857032851724,0,0,0,0,0,0,0,0
0.034855313044840915,-0.08635607442062197,1.17,0.00657989128001868,0.005608964443206787,0.04991010665893555,0,0,1.5,0,-0.034855313044840915,0.08635607442062197,0.33000000000000007,-0.00657989128001868,-0.01930002678709104,0.025520971712365732,0.210969696969697,-0.008007887940741632,0,0,0,0,0,0,0,0
0.03518899600071722,-0.08272488508210125,1.181,0.007766715171374728,0.005363525867462159,0.0544337272644043,0,0,1.5,0,-0.03518899600071722,0.08272488508210125,0.31899999999999995,-0.007766715171374728,-0.01936402882697537,0.0221061354428347,0.19686666666666602,-0.013161369222993128,0,0,0,0,0,0,0,0
0.034627564097793766,-0.07856525745246093,1.194,0.008168140899333376,-0.007936629772186279,0.06245793914794922,0,0,1.5,0,-0.034627564097793766,0.07856525745246093,0.30600000000000005,-0.008168140899333376,-0.014243451329784253,0.01653466512663494,0.1737062500000006,-0.010049823999139538,0,0,0,0,0,0,0,0
0.03257147209690225,-0.07313946552340646,1.204,0.007278022980816479,-0.03017557907104492,0.08163607788085937,0,0,1.5,0,-0.03257147209690225,0.07313946552340646,0.29600000000000004,-0.007278022980816479,-0.005214471428266027,0.00735393006679454,0.18295384615384616,-0.003169786433815415,0,0,0,0,0,0,0,0
0.02913050765075877,-0.06747771936673021,1.214,0.005707226654021347,-0.05099501037597656,0.08529959106445313,0,0,1.5,0,-0.02913050765075877,0.06747771936673021,0.28600000000000003,-0.005707226654021347,0.003963016269239337,0.0032525342243391424,0.17495384615384615,0.0015426025465715698,0,0,0,0,0,0,0,0
0.02592506909146633,-0.06131795494223244,1.223,0.004188790204786352,-0.047553470611572266,0.09266937255859375,0,0,1.5,0,-0.02592506909146633,0.06131795494223244,0.2769999999999999,-0.004188790204786352,0.00403600326869644,-0.0020064399315234543,0.17387272727272657,0.0027131936553727127,0,0,0,0,0,0,0,0
0.022312527474161153,-0.055122559092094604,1.233,0.003193952531149735,-0.053798381805419924,0.0931571044921875,0,0,1.5,0,-0.022312527474161153,0.055122559092094604,0.2669999999999999,-0.003193952531149735,0.00800115393044687,-0.005293092386501819,0.16056969696969686,0.0013280368944712517,0,0,0,0,0,0,0,0
0.016399316663078745,-0.05032314106511437,1.241,0.0028972465583105844,-0.0884677734375,0.07227420043945312,0,0,1.5,0,-0.016399316663078745,0.05032314106511437,0.2589999999999999,-0.0028972465583105844,0.023640707574288974,-0.0006814496127210169,0.16412307692307682,-0.0015278343759760422,0,0,0,0,0,0,0,0
0.009995435861435023,-0.047131348267125124,1.247,0.002705260340591153,-0.09591909790039063,0.04815499496459961,0,0,1.5,0,-0.009995435861435023,0.047131348267125124,0.2529999999999999,-0.002705260340591153,0.030579397633969833,0.005833491922511213,0.16906666666666656,-0.0017910402562129086,0,0,0,0,0,0,0,0
0.004051236961399215,-0.043296649847109354,1.259,0.0020943951023930643,-0.08900704956054688,0.057761474609375,0,0,1.5,0,-0.004051236961399215,0.043296649847109354,0.2410000000000001,-0.0020943951023930643,0.02949664841342967,0.0013128029992286287,0.1291636363636376,0.000682265071234612,0,0,0,0,0,0,0,0
-0.003027226330874427,-0.03948859823596613,1.267,0.0013613568165554693,-0.10605708312988281,0.05734302520751953,0,0,1.5,0,0.003027226330874427,0.03948859823596613,0.2330000000000001,-0.0013613568165554693,0.03962841550844913,-0.0007605941727881517,0.143323076923077,0.0020218968103872764,0,0,0,0,0,0,0,0
-0.010018391718493426,-0.03610634977249752,1.274,0.00029670597283892793,-0.1047983169555664,0.050876441955566405,0,0,1.5,0,0.010018391718493426,0.03610634977249752,0.22599999999999998,-0.00029670597283892793,0.04153020907815193,0.00038471276365155405,0.1442328358208949,0.0044703873572351375,0,0,0,0,0,0,0,0
-0.01439374869100793,-0.032095949131237776,1.283,-0.0009599310885968224,-0.06561250305175781,0.060175479888916014,0,0,1.5,0,0.01439374869100793,0.032095949131237776,0.21700000000000008,0.0009599310885968224,0.031504413081695645,-0.006232028996935243,0.12360000000000067,0.006943917095433728,0,0,0,0,0,0,0,0
-0.015993703909249403,-0.028750566630269977,1.293,-0.001169370598836151,-0.02404748725891113,0.05015767669677734,0,0,1.5,0,0.015993703909249403,0.028750566630269977,0.20700000000000007,0.001169370598836151,0.016611995437463403,-0.0036383147669993166,0.1117538461538462,0.002136014492248436,0,0,0,0,0,0,0,0
-0.01618395348705252,-0.026312199332953794,1.301,-0.00013962634015962714,-0.002896512031555176,0.036572147369384765,0,0,1.5,0,0.01618395348705252,0.026312199332953794,0.19900000000000007,0.00013962634015962714,0.009100876019754916,0.00022536399889108195,0.11677575757575762,-0.004541029381097299,0,0,0,0,0,0,0,0
-0.015470661256364204,-0.024472782969058613,1.309,-0.0004188790204785471,0.010695530891418456,0.02759273910522461,0,0,1.5,0,0.015470661256364204,0.024472782969058613,0.19100000000000006,0.0004188790204785471,0.0038345137416053716,0.0021770832444775352,0.10905000000000001,0.0017278759594734844,0,0,0,0,0,0,0,0
-0.015097847763497214,-0.020694215656780496,1.318,-0.001623156204354715,0.005568460464477539,0.05668084716796875,0,0,1.5,0,0.015097847763497214,0.020694215656780496,0.18199999999999994,0.001623156204354715,0.005601390710055377,-0.009391676638734239,0.098585074626865,0.007015442102307705,0,0,0,0,0,0,0,0
-0.014265191840251386,-0.015309536635636674,1.325,-0.0033161255787892427,0.01235871982574463,0.08079035186767577,0,0,1.5,0,0.014265191840251386,0.015309536635636674,0.17500000000000004,0.0033161255787892427,0.0025790088398750678,-0.021792695079061942,0.10171875000000061,0.01125191952145109,0,0,0,0,0,0,0,0
-0.013168802353797306,-0.010956982894341931,1.331,-0.00403171057210705,0.016229248046875,0.06534248352050781,0,0,1.5,0,0.013168802353797306,0.010956982894341931,0.16900000000000004,0.00403171057210705,0.0006807654806074539,-0.017958336390569957,0.10289230769230771,0.007334410541266161,0,0,0,0,0,0,0,0
-0.01294747848178398,-0.007345906872109257,1.34,-0.0034382986264289706,0.003101449489593506,0.05417908477783203,0,0,1.5,0,0.01294747848178398,0.007345906872109257,0.15999999999999992,0.0034382986264289706,0.005300052040821317,-0.015476692136391364,0.0802727272727266,0.0007409716006195181,0,0,0,0,0,0,0,0
-0.011603386890690669,-0.003943152129892257,1.345,-0.0026354471705114513,0.01998575973510742,0.051110340118408204,0,0,1.5,0,0.011603386890690669,0.003943152129892257,0.15500000000000003,0.0026354471705114513,-0.0015488074434462044,-0.016637238931553094,0.09665625000000061,-0.0011279190291019203,0,0,0,0,0,0,0,0
-0.01106228312302953,-0.0008697429814079928,1.345,-0.0023387411976723005,0.007995031356811523,0.046122367858886716,0,0,1.5,0,0.01106228312302953,0.0008697429814079928,0.15500000000000003,0.0023387411976723005,0.0027044800886580696,-0.01562025092675111,0.12400000000000003,0.0010102069909298343,0,0,0,0,0,0,0,0
-0.008936902794948895,0.0016895106844833732,1.349,-0.0020071286397934647,0.031790836334228516,0.03846326065063477,0,0,1.5,0,0.008936902794948895,-0.0016895106844833732,0.15100000000000002,0.0020071286397934647,-0.0073392170918624156,-0.015062831263860385,0.09857777777777778,0.00042802122132281815,0,0,0,0,0,0,0,0
-0.005129926658568614,0.002947835115577473,1.358,-0.0019373154697136514,0.05706664276123047,0.018989444732666016,0,0,1.5,0,0.005129926658568614,-0.002947835115577473,0.1419999999999999,0.0019373154697136514,-0.017623546484853543,-0.008146850146924114,0.06587272727272657,0.0016199828784417732,0,0,0,0,0,0,0,0
0.0010392760638472938,0.0029311182786708975,1.367,-0.0022514747350727,0.09253835296630859,-0.00007147681713104248,0,0,1.5,0,-0.0010392760638472938,-0.0029311182786708975,0.133,0.0022514747350727,-0.03373842192185545,-0.0013755454021461952,0.05793846153846211,0.003701440575191386,0,0,0,0,0,0,0,0
0.007632754262470613,0.0033966610602236503,1.371,-0.0018500490071140514,0.09888619995117187,0.007205799579620361,0,0,1.5,0,-0.007632754262470613,-0.0033966610602236503,0.129,0.0018500490071140514,-0.03931972127766856,-0.004205099353857418,0.08166153846153845,-0.000002685121925865121,0,0,0,0,0,0,0,0
0.011389651344929643,0.0026241396751130316,1.374,-0.0008552113334771013,0.056374797821044924,-0.01148354434967041,0,0,1.5,0,-0.011389651344929643,-0.0026241396751130316,0.1259999999999999,0.0008552113334771013,-0.025320407446504527,0.0027234896369019396,0.08512835820895455,-0.003599285712658496,0,0,0,0,0,0,0,0
0.011304319723937042,0.0028160647510238382,1.382,-0.0002967059728391505,-0.0012824358940124513,0.0028777804374694824,0,0,1.5,0,-0.011304319723937042,-0.0028160647510238382,0.1180000000000001,0.0002967059728391505,-0.0051855025596652385,-0.002457622634399143,0.05065000000000127,-0.0023212879051512443,0,0,0,0,0,0,0,0
0.011001649258500966,0.0037188111500695824,1.387,-0.0005934119456780793,-0.004544074535369873,0.013539848327636718,0,0,1.5,0,-0.011001649258500966,-0.0037188111500695824,0.11299999999999999,0.0005934119456780793,-0.0038455955213969398,-0.006796299944816204,0.06305624999999937,0.001984221193360558,0,0,0,0,0,0,0,0
0.014319510505362521,0.0034243826883541325,1.391,-0.0002967059728391506,0.049770530700683595,-0.004386893272399902,0,0,1.5,0,-0.014319510505362521,-0.0034243826883541325,0.10899999999999999,0.0002967059728391506,-0.024754473986037993,-0.00015082828962543777,0.06598787878787878,-0.0010519575400650706,0,0,0,0,0,0,0,0
0.02150695294123608,0.0018819102755888118,1.396,-0.00015707963267952413,0.10781849670410157,-0.023105096817016602,0,0,1.5,0,-0.02150695294123608,-0.0018819102755888118,0.10400000000000009,0.00015707963267952413,-0.048868701509341465,0.007238822808688353,0.05668484848484913,-0.00047758554986423264,0,0,0,0,0,0,0,0
0.02672598224239032,-0.0013107672228445644,1.389,-0.0003316125578789463,0.07829296112060546,-0.047877864837646486,0,0,1.5,0,-0.02672598224239032,0.0013107672228445644,0.11099999999999999,0.0003316125578789463,-0.040626577022747135,0.017333549648014545,0.12536716417910393,0.001113103267727105,0,0,0,0,0,0,0,0
0.02570984767802266,-0.004355713681277974,1.393,-0.0014835298641953099,-0.015226871490478515,-0.04567924880981445,0,0,1.5,0,-0.02570984767802266,0.004355713681277974,0.10699999999999998,0.0014835298641953099,-0.0071186803304842255,0.019367070718892106,0.06301935483870966,0.007057323281855133,0,0,0,0,0,0,0,0
0.02775208701508993,-0.006427550106138765,1.4,-0.0016580627893946207,0.03067966079711914,-0.031032066345214843,0,0,1.5,0,-0.02775208701508993,0.006427550106138765,0.10000000000000009,0.0016580627893946207,-0.024872716860984117,0.014369817340781334,0.04230769230769295,0.002463599367237594,0,0,0,0,0,0,0,0
0.03552577476970394,-0.009998533972593586,1.402,-0.0021642082724729894,0.1166939697265625,-0.05337134552001953,0,0,1.5,0,-0.03552577476970394,0.009998533972593586,0.09800000000000009,0.0021642082724729894,-0.059621206063542806,0.02422764165182275,0.0676307692307693,0.004500264348219306,1425984597795,0,0,0,0,0,0,0
0.04761310526385725,-0.012528947171351161,1.405,-0.0017104226669544254,0.1813916778564453,-0.03756371688842773,0,0,1.5,0,-0.04761310526385725,0.012528947171351161,0.09499999999999997,0.0017104226669544254,-0.08790603252516586,0.01968333145787484,0.06009090909090847,-0.0003522391763117749,1425984597795,0,0,0,0,0,0,0
0.05818507984529561,-0.01477307719994269,1.404,-0.001745329251994332,0.158636962890625,-0.03339066314697266,0,0,1.5,0,-0.05818507984529561,0.01477307719994269,0.09600000000000009,0.001745329251994332,-0.08515604149088153,0.01928722814553248,0.08210303030303097,0.0019039955476302711,1425984597795,0,0,0,0,0,0,0
0.06983178507771896,-0.015064106154078652,1.409,-0.0016057029118347055,0.17470793151855468,-0.004060517787933349,0,0,1.5,0,-0.06983178507771896,0.015064106154078652,0.09099999999999997,0.0016057029118347055,-0.09860881177867467,0.009123617669970366,0.04545624999999935,0.0009512044423364563,1425984597795,0,0,0,0,0,0,0
0.07429581797597933,-0.01760723849120007,1.403,-0.0018675022996338386,0.06702165985107422,-0.038039417266845704,0,0,1.5,0,-0.07429581797597933,0.01760723849120007,0.09699999999999998,0.0018675022996338386,-0.06118500920939161,0.022497408753176906,0.10990769230769232,0.0030758071663990684,1425984597795,0,0,0,0,0,0,0
0.08551818907872412,-0.022081267032181034,1.41,-0.0020420352248332607,0.16846060180664063,-0.06679594421386718,0,0,1.5,-0.0018675022996338386,-0.08551818907872412,0.022081267032181034,0.09000000000000008,0.0001745329251994221,-0.04275909453936206,0.011040633516090517,0.07200000000000006,0.0001745329251994221,1425984597795,0,0,0,0,0,0,0
0.10149236380502256,-0.02821308531083404,1.418,-0.002757620218151069,0.23979994201660157,-0.09148778533935546,0,0,1.5,-0.0018675022996338386,-0.10149236380502256,0.02821308531083404,0.08200000000000007,0.0008901179185172303,-0.13676096889027214,0.047124025694317825,0.02252307692307695,0.004192817887676345,0,0,0,0,0,0,0,0
0.1319255101780647,-0.03291771757890874,1.418,-0.00392699081698733,0.4566900634765625,-0.06931037139892578,0,0,1.5,-0.0018675022996338386,-0.1319255101780647,0.03291771757890874,0.08200000000000007,0.0020594885173534916,-0.22494187793328227,0.0410352960107401,0.06560000000000006,0.00729547627333675,0,0,0,0,0,0,0,0
0.16557538406356853,-0.03560839539041584,1.405,-0.004869468613064254,0.5049027099609374,-0.03837771987915039,0,0,1.5,-0.0018675022996338386,-0.16557538406356853,0.03560839539041584,0.09499999999999997,0.0030019663134304153,-0.26681043984313335,0.03251884197688737,0.14709374999999944,0.007419830982540995,0,0,0,0,0,0,0,0
0.20762659980241926,-0.03715909284738045,1.402,-0.006265732014659631,0.6308740234375,-0.02018869209289551,0,0,1.5,-0.0018675022996338386,-0.20762659980241926,0.03715909284738045,0.09800000000000009,0.004398229715025792,-0.3302429231104059,0.02692945580734581,0.09455384615384685,0.010842522337773684,0,0,0,0,0,0,0,0
0.2529653762374673,-0.040045742669598615,1.401,-0.006056292504420301,0.680339599609375,-0.03903771591186524,0,0,1.5,-0.0018675022996338386,-0.2529653762374673,0.040045742669598615,0.09899999999999998,0.0041887902047864625,-0.3706145612305307,0.03556637037751251,0.08458461538461479,0.003222146311374172,0,0,0,0,0,0,0,0
0.28933060615839723,-0.043225023490634625,1.41,-0.005044001538263564,0.5457572631835937,-0.04438478088378906,0,0,1.5,-0.0018675022996338386,-0.28933060615839723,0.043225023490634625,0.09000000000000008,0.0031764992386297255,-0.34047807957651366,0.03873171616628043,0.023538461538462167,-0.0014956129128629063,0,0,0,0,0,0,0,0
-0.07610822940566525,-0.4554920123644637,1.41,-0.004625122517785018,0.09364740753173828,-0.06406846618652344,0,0,1.5,-0.0018675022996338386,0.07610822940566525,0.4554920123644637,0.09000000000000008,0.002757620218151179,1.918989297753154,2.349708448915175,0.07200000000000006,0.000909624539569357,0,1,0.29555214323680873,-0.04752769061327082,-0.26500000000000257,0.11379263700172908,0.13808341078394762,85.35334014892578,-0.29576880266078365,0.0461602222645028,0.26500000000000257,0.40956143966251274,0.09192318851944481,85.0883401489258
-0.21242943358115018,-0.3964279936262534,1.411,-0.004153883619746445,-0.0916257553100586,-0.0638791389465332,0,0,1.5,-0.0018675022996338386,0.21242943358115018,0.3964279936262534,0.08899999999999997,0.0022863813201126062,0.8635547399877137,-0.12991944062137475,0.0656444444444438,0.00004238656754797362,0,1,-0.0822362442779584,-0.4597223241558641,-0.2379999999999966,0.0744853948856113,0.14634816021291197,85.93630981445312,0.08032590725585545,0.46005995677056827,0.2379999999999966,-0.005840512370244147,-0.3137117965576563,85.69830981445314
-0.2952713360129652,-0.3274580493075684,1.419,-0.004572762640225102,-0.3048728942871094,-0.06788448333740234,0,0,1.5,-0.0018675022996338386,0.2952713360129652,0.3274580493075684,0.08099999999999996,0.0027052603405912637,0.5937074503316402,-0.2076475986006736,0.02172307692307686,0.004638548127415836,0,1,-0.23277291674586226,-0.40086915994582767,-0.2619999999999977,0.051270827687071946,0.15552284495861793,86.68289184570312,0.23093740996095527,0.4019293804222022,0.2619999999999977,-0.17966658227388332,-0.2464065354635843,86.42089184570314
-0.3583158084729552,-0.26807983072656416,1.428,-0.009372418083209544,-0.3176624450683594,-0.04256674957275391,0,0,1.5,-0.0018675022996338386,0.3583158084729552,0.26807983072656416,0.07200000000000006,0.007504915783575705,0.5186281405595007,-0.18568895391904838,0.009138461538462157,0.029657171674273123,0,1,-0.31646158740309666,-0.33019896361664247,-0.5369999999999997,0.08893456823807021,0.18503573356190606,86.55741882324217,0.3133529707311513,0.3331504278988019,0.5369999999999997,-0.2244184024930811,-0.14811469433689584,86.02041882324218
-0.41807004218572275,-0.21492995098615136,1.453,-0.015847589608108503,-0.3169395446777344,-0.016671424865722657,0,0,1.5,-0.0018675022996338386,0.41807004218572275,0.21492995098615136,0.04699999999999993,0.013980087308474665,0.5307885872385327,-0.17872668464760857,-0.09701538461538536,0.04386549434646986,0,1,-0.37945460005423703,-0.26899318047407417,-0.9079999999999995,0.181267330422768,0.20603536895068564,86.40498352050783,0.3751442366817642,0.2749725919584265,0.9079999999999995,-0.19387690625899623,-0.06893722300774086,85.49698352050781
-0.43422780526325166,-0.22165448541429913,1.468,-0.017331119472303706,-0.24073756408691407,-0.10469611358642578,0,0,1.5,-0.0018675022996338386,0.43422780526325166,0.22165448541429913,0.03200000000000003,0.015463617172669867,0.3002788596483188,0.14543881696967487,-0.05160588235294064,0.0220086018676487,0,0,0,0,0,0,0,0
-0.4501203243258687,-0.2288605956926435,1.474,-0.016283921921107062,-0.2364787292480469,-0.11220674133300781,0,0,1.5,-0.0018675022996338386,0.4501203243258687,0.2288605956926435,0.026000000000000023,0.014416419621473223,0.3106352648077952,0.15323243011432985,-0.011507692307692309,0.009583200154411792,0,0,0,0,0,0,0,0
-0.4588048649680991,-0.23789037076036432,1.484,-0.01583013631558861,-0.12804533386230468,-0.1375498504638672,0,0,1.5,-0.0018675022996338386,0.4588048649680991,0.23789037076036432,0.016000000000000014,0.01396263401595477,0.2784280651418018,0.16991972205279968,-0.043651612903225834,0.01176689721505903,0,0,0,0,0,0,0,0
-0.46069565067685886,-0.24655705567328556,1.479,-0.016231562043547258,-0.026300395965576172,-0.1304329376220703,0,0,1.5,-0.0018675022996338386,0.46069565067685886,0.24655705567328556,0.020999999999999908,0.014364059743913419,0.24052897915482824,0.16994529275237258,0.04372307692307627,0.016216793872953335,0,0,0,0,0,0,0,0
-0.4558108365580934,-0.25698547307176084,1.474,-0.017051866791984564,0.0758014907836914,-0.15521638488769532,0,0,1.5,-0.0018675022996338386,0.4558108365580934,0.25698547307176084,0.026000000000000023,0.015184364492350725,0.20238773258400328,0.18296954384134828,0.04691940298507524,0.01885737082863717,0,0,0,0,0,0,0,0
-0.4442439741312613,-0.270446669829751,1.472,-0.016004669240787923,0.17692062377929688,-0.19893019104003906,0,0,1.5,-0.0018675022996338386,0.4442439741312613,0.270446669829751,0.028000000000000025,0.014137166941154085,0.159838881690381,0.20770670207328415,0.0331692307692308,0.00930394747409267,0,0,0,0,0,0,0,0
-0.4272252806690105,-0.28030865328013516,1.469,-0.01457349925415264,0.25761517333984374,-0.14382530212402345,0,0,1.5,-0.0018675022996338386,0.4272252806690105,0.28030865328013516,0.030999999999999917,0.012705996954518801,0.12054166046282107,0.19408704863435583,0.04120624999999934,0.005997387642165911,0,0,0,0,0,0,0,0
-0.4046768039991193,-0.2865658383744634,1.463,-0.012077678423800706,0.33955902099609375,-0.08891883087158203,0,0,1.5,-0.0018675022996338386,0.4046768039991193,0.2865658383744634,0.03699999999999992,0.010210176124166867,0.08092352762322254,0.17697545431053774,0.06190769230769227,-0.001308996938995905,0,0,0,0,0,0,0,0
-0.3778481453014022,-0.28854526922137325,1.449,-0.009442231253289479,0.4027591247558594,-0.024828996658325195,0,0,1.5,-0.0018675022996338386,0.3778481453014022,0.28854526922137325,0.050999999999999934,0.00757472895365564,0.044462064278378205,0.15493110840173951,0.11618461538461539,-0.004588873371780794,0,0,0,0,0,0,0,0
-0.3601504486451558,-0.2874312599974854,1.44,-0.004764748857944545,0.26529583740234375,0.0192159423828125,0,0,1.5,-0.0018675022996338386,0.3601504486451558,0.2874312599974854,0.06000000000000005,0.0028972465583107067,0.0847799346350971,0.1377171187931929,0.09646153846153915,-0.018691133727896676,0,0,0,0,0,0,0,0
-0.3351282919893894,-0.28017160301025995,1.432,-0.0008028514559174195,0.3748092346191406,0.11068197631835938,0,0,1.5,-0.0018675022996338386,0.3351282919893894,0.28017160301025995,0.06800000000000006,-0.001064650843716419,0.036851387345169045,0.10216222022857901,0.09619104477611948,-0.01880448995727071,0,0,0,0,0,0,0,0
-0.2787125222104945,-0.27051611416098176,1.428,0.0020245819323134627,0.8461199951171875,0.1455116882324219,0,0,1.5,-0.0018675022996338386,0.2787125222104945,0.27051611416098176,0.07200000000000006,-0.0038920842319473013,-0.1740646821108358,0.0816164523622787,0.0798222222222223,-0.017356052747332453,0,0,0,0,0,0,0,0
-0.21347180661292536,-0.2540063870053764,1.421,0.0037873644768276924,0.979110107421875,0.24566412353515624,0,0,1.5,-0.0018675022996338386,0.21347180661292536,0.2540063870053764,0.07899999999999996,-0.005654866776461531,-0.239237588498828,0.03945161010175084,0.10032121212121153,-0.013667514706071665,0,0,0,0,0,0,0,0
-0.1478748971012122,-0.23327524742620995,1.416,0.005532693728822024,0.9851243286132813,0.30723828125,0,0,1.5,-0.0018675022996338386,0.1478748971012122,0.23327524742620995,0.08400000000000007,-0.007400196028455863,-0.28479565034157517,0.003264204139538332,0.09454375000000069,-0.015581426897179295,0,0,0,0,0,0,0,0
-0.09099054440541285,-0.21056415722232238,1.413,0.0075398223686156,0.8551370239257813,0.3359403076171875,0,0,1.5,-0.0018675022996338386,0.09099054440541285,0.21056415722232238,0.08699999999999997,-0.009407324668249438,-0.256164173911381,-0.015155520954909213,0.08550909090909031,-0.018530636667311143,0,0,0,0,0,0,0,0
-0.04437041797414214,-0.18262823882246895,1.424,0.008325220532012888,0.7024414672851562,0.4137543029785156,0,0,1.5,-0.0018675022996338386,0.04437041797414214,0.18262823882246895,0.07600000000000007,-0.010192722831646727,-0.22504273420906146,-0.05683090240617007,0.0024666666666672624,-0.013762714483452582,0,0,0,0,0,0,0,0
-0.03993913985903916,-0.22515641716152202,1.428,0.008779006137531452,0.5974507446289062,0.4762024230957031,0,0,1.5,-0.0018675022996338386,0.03993913985903916,0.22515641716152202,0.07200000000000006,-0.01064650843716529,-0.004263982262449839,0.34515418387245744,0.035725000000000035,-0.01277362846303356,0,1,-0.00480604491356466,-0.15055092066824594,0.5029999999999986,-0.06560373965488611,0.3011805473929913,85.291748046875,0.006127530190872087,0.15050292739853147,-0.5029999999999986,-0.0717312698457582,0.15067761999445986,85.794748046875
-0.01435659870057413,-0.24016024180010798,1.432,0.009250245035570025,0.5654503173828125,0.47854986572265623,0,0,1.5,-0.0018675022996338386,0.01435659870057413,0.24016024180010798,0.06800000000000006,-0.011117747335203864,-0.13057384534913996,0.2008699458770553,0.0328615384615385,-0.013292696095381893,0,1,-0.0025239805668380733,-0.1929233869790234,0.5300000000000045,-0.15341256588947738,0.22944783203777713,86.06138610839844,0.0043084357352751405,0.19289178599119972,-0.5300000000000045,-0.15772100162475253,0.03655604604657742,86.59138610839844
0.02152689979959536,-0.2406846781188859,1.436,0.010995574287564357,0.545294189453125,0.4532911682128906,0,0,1.5,-0.0018675022996338386,-0.02152689979959536,0.2406846781188859,0.06400000000000006,-0.012863076587198196,-0.19821456146784724,0.12308193176947681,0.030304477611940335,-0.02067798368568028,0,1,0.021715258995136048,-0.20960585460708625,0.6300000000000047,-0.22672085201193432,0.1577151166825629,86.28097534179688,-0.019409255987883914,0.20983195071482708,-0.6300000000000047,-0.20731159602405042,-0.052116834032264164,86.91097534179687
0.05878296948780733,-0.2322182060707271,1.439,0.011623892818282232,0.47595657348632814,0.5083003540039063,0,0,1.5,-0.0018675022996338386,-0.05878296948780733,0.2322182060707271,0.06099999999999994,-0.01349139511791607,-0.22401274430919,0.07188126397781766,0.033128358208954586,-0.016304761673369243,0,1,0.05288282379213953,-0.2064511489662849,0.6659999999999998,-0.27937590974117077,0.12413896626397294,86.72100067138673,-0.050479539216582305,0.20705189224494222,-0.6659999999999998,-0.22889637052458847,-0.08291292598096928,87.38700067138673
0.09142264684564917,-0.2215291425287346,1.44,0.011362093430482988,0.3612181091308594,0.49987799072265626,0,0,1.5,-0.0018675022996338386,-0.09142264684564917,0.2215291425287346,0.06000000000000005,-0.013229595730116827,-0.21621710066528196,0.05492617962709302,0.042776119402985695,-0.012057359665344092,0,1,0.08247519009414073,-0.1986153469602499,0.6509999999999945,-0.3125609060355716,0.10454603737112013,86.49218750000001,-0.08021322892080751,0.19953959741190025,-0.6509999999999945,-0.23234767711476406,-0.09499356004078012,87.14318750000001
0.11632446028826934,-0.2087454525025482,1.443,0.012391837689159734,0.20309703063964843,0.5040252990722657,0,0,1.5,-0.0018675022996338386,-0.11632446028826934,0.2087454525025482,0.05699999999999994,-0.014259339988793572,-0.20342280855941897,0.029801201098520094,0.02809999999999929,-0.019408061282177303,0,1,0.10457979763454348,-0.18777578765606084,0.7099999999999996,-0.3411140017854386,0.09459032716997426,86.38142395019531,-0.10224494069260216,0.18905727334832265,-0.7099999999999996,-0.23886906109283645,-0.09446694617834839,87.09142395019529
0.13454501361422838,-0.19050667283664469,1.444,0.012583823906879052,0.10136677551269531,0.5327681884765625,0,0,1.5,-0.0018675022996338386,-0.13454501361422838,0.19050667283664469,0.05600000000000005,-0.01445132620651289,-0.15969560338806582,0.0027377873883770165,0.03972753623188466,-0.015286048892249056,0,1,0.12264160594400027,-0.17314656102465076,0.7209999999999963,-0.337833173721366,0.06306368290439057,86.49514007568361,-0.12045310743192833,0.17467611174164283,-0.7209999999999963,-0.21738006628943768,-0.11161242883725225,87.21614007568358
0.14700290164274954,-0.1636955279561879,1.445,0.01310742268247743,-0.019208993911743164,0.5948858032226563,0,0,1.5,-0.0018675022996338386,-0.14700290164274954,0.1636955279561879,0.05499999999999994,-0.014974924982111268,-0.1449811362309224,-0.07198667386059261,0.038262295081966526,-0.017550000927677056,0,1,0.13276546603696987,-0.1508668737191176,0.7510000000000008,-0.3475586862797206,0.014249685972134498,86.51434326171875,-0.1307766420861598,0.1525940773505395,-0.7510000000000008,-0.21678204419356079,-0.138344391378405,87.26534326171874
0.15343770651760893,-0.1341236088488364,1.447,0.01270599695451878,-0.11762432861328125,0.5736450805664063,0,0,1.5,-0.0018675022996338386,-0.15343770651760893,0.1341236088488364,0.052999999999999936,-0.01457349925415262,-0.11084281850427095,-0.08975897872062757,0.03179393939393934,-0.01274883685434058,0,1,0.13866070045579382,-0.12555858820860377,0.7280000000000035,-0.3346693172911567,-0.035963214776515415,86.52934265136717,-0.13705420363747192,0.12731022814026957,-0.7280000000000035,-0.19761511365368475,-0.16327344291678497,87.25734265136718
0.15853660696255115,-0.10133559939903874,1.447,0.012095131716320692,-0.16442320251464843,0.5416082153320313,0,0,1.5,-0.0018675022996338386,-0.15853660696255115,0.10133559939903874,0.052999999999999936,-0.013962634015954531,-0.10590435058171996,-0.12061284668002056,0.04239999999999995,-0.01122741653148548,0,1,0.14201827868901734,-0.09815858270425913,0.6929999999999993,-0.3390384843436575,-0.10990203858409013,86.6757354736328,-0.14082067869188986,0.09986909077915848,-0.6929999999999993,-0.19821780565176766,-0.2097711293632486,87.36873547363281
0.16091479616744675,-0.06656557821834791,1.442,0.011885692206081364,-0.19290267944335937,0.5076028747558594,0,0,1.5,-0.0018675022996338386,-0.16091479616744675,0.06656557821834791,0.05800000000000005,-0.013753194505715202,-0.09366956033314339,-0.15988399522799732,0.07417777777777845,-0.012755863504575542,0,1,0.14526807739772588,-0.06765342475863514,0.6809999999999988,-0.3095142966117361,-0.1779456428638934,86.54042816162108,-0.14445372768034784,0.06937521712871167,-0.6809999999999988,-0.16506056893138824,-0.24732085999260506,87.22142816162108
0.16039196450113558,-0.030392094575886864,1.441,0.012950343049797905,-0.22070246887207032,0.47435311889648435,0,0,1.5,-0.0018675022996338386,-0.16039196450113558,0.030392094575886864,0.05899999999999994,-0.014817845349431744,-0.07738073481658454,-0.17958424924838529,0.05258461538461475,-0.019731618474277318,0,1,0.14582647868781515,-0.03511914664614605,0.7419999999999988,-0.2739115996408896,-0.24598924714369658,87.08193969726564,-0.14535945819422666,0.03700465188489393,-0.7419999999999988,-0.12855214144666297,-0.2829938990285905,87.82393969726563
0.15267459539984732,0.006268509714839319,1.437,0.014137166941154064,-0.3114534912109375,0.4453035583496094,0,0,1.5,-0.0018675022996338386,-0.15267459539984732,-0.006268509714839319,0.06299999999999994,-0.016004669240787903,-0.036615544972704694,-0.1918285416479221,0.07098823529411763,-0.021240656996770958,0,1,0.13924569469599757,-0.0009765678546182661,0.8099999999999996,-0.23053229988698487,-0.29448424182026445,86.87525939941406,-0.13921797469812275,0.0029449443285893473,-0.8099999999999996,-0.09131432518886212,-0.2974291861488538,87.68525939941406
0.13908013128957855,0.044911760885197785,1.441,0.01476548547187194,-0.40455157470703124,0.430663818359375,0,0,1.5,-0.0018675022996338386,-0.13908013128957855,-0.044911760885197785,0.05899999999999994,-0.016632987771505778,0.005984734967814986,-0.2371406091668126,0.024977777777777717,-0.01962498077492423,0,1,0.1253013079238783,0.03459529373533492,0.8459999999999949,-0.20291222348291946,-0.3511251391397064,86.98185729980469,-0.12579844684987362,-0.03274145516357198,-0.8459999999999949,-0.07711377663304583,-0.3183836839761344,87.82785729980466
0.12264936339704866,0.08540601970068783,1.458,0.014259339988793569,-0.443943603515625,0.39664981079101563,0,0,1.5,-0.0018675022996338386,-0.12264936339704866,-0.08540601970068783,0.04200000000000004,-0.01612684228842741,0.024507687889318397,-0.25424018276708293,-0.055205970149253186,-0.01386051922986755,0,1,0.10909668299574506,0.07091521210019913,0.8169999999999942,-0.16536679180294314,-0.4300162678095279,86.86590576171876,-0.11009676178836142,-0.06935240869362158,-0.8169999999999942,-0.05527003001458172,-0.3606638591159063,87.68290576171876
0.10473063190283326,0.126360353182386,1.46,0.014364059743913289,-0.4640382995605469,0.3474202880859375,0,0,1.5,-0.0018675022996338386,-0.10473063190283326,-0.126360353182386,0.040000000000000036,-0.01623156204354713,0.03986344909233908,-0.2739745400999336,0.021705882352941196,-0.016693560963192952,0,1,0.09138636737590006,0.10812390721824938,0.8229999999999976,-0.12815614892786467,-0.5072491596828265,87.2266845703125,-0.09292998469257685,-0.10680011891070627,-0.8229999999999976,-0.03522616423528782,-0.4004490407721202,88.0496845703125
0.08683356941249473,0.16265705244490722,1.474,0.014137166941154062,-0.44854733276367187,0.2366219940185547,0,0,1.5,-0.0018675022996338386,-0.08683356941249473,-0.16265705244490722,0.026000000000000023,-0.016004669240787903,0.06098274648739402,-0.293059271920494,-0.060866666666666715,-0.01487020522699177,0,1,0.07460397886253566,0.14170400949231346,0.8099999999999996,-0.08316890326972778,-0.5681381243012265,87.16746520996094,-0.0765997503397125,-0.14063519551027417,-0.8099999999999996,-0.006569152930015282,-0.4275029287909523,87.97746520996094
0.07408342253213726,0.19363655612427483,1.481,0.014695672301792124,-0.34642620849609373,0.12224984741210937,0,0,1.5,-0.0018675022996338386,-0.07408342253213726,-0.19363655612427483,0.018999999999999906,-0.016563174601425965,0.030572704008554316,-0.2611035248466626,-0.02192121212121281,-0.01910183533159897,0,1,0.06362558276424857,0.17047973972560254,0.8419999999999925,-0.038181657611590966,-0.6274247477454581,87.13470458984375,-0.06612393672318417,-0.16952634435752978,-0.8419999999999925,0.027942279111593207,-0.4578984033879283,87.97670458984372
0.05916294630129901,0.22093889542593864,1.489,0.01473057888683203,-0.35920889282226565,0.060361900329589845,0,0,1.5,0.014695672301792124,-0.05916294630129901,-0.22093889542593864,0.010999999999999899,-0.000034906585039906624,-0.029581473150649504,-0.11046944771296932,0.008799999999999919,-0.000034906585039906624,0,1,0.05007961370397228,0.19730833987831758,0.8439999999999938,0.0013580330361426384,-0.6511579817188883,87.55327606201172,-0.05298054137009992,-0.19654925827997394,-0.8439999999999938,0.05433857440624256,-0.45460872343891434,88.39727606201171
0.031399017904679874,0.21805890317933585,1.493,0.01483529864195175,-0.41705007934570315,-0.03706073760986328,0,0,1.5,0.014695672301792124,-0.031399017904679874,-0.21805890317933585,0.006999999999999895,-0.0001396263401596265,0.1337985670294554,-0.09352180103103751,-0.015938461538461637,-0.0006229482868660258,0,0,0,0,0,0,0,0
0.01595693632297316,0.233410978915439,1.504,0.013927727430914734,-0.31875714111328124,-0.15427485656738282,0,0,1.5,0.014695672301792124,-0.01595693632297316,-0.233410978915439,-0.0040000000000000036,0.0007679448708773906,0.07268912219071266,-0.19690290001945232,-0.06066268656716364,0.004831696562087914,0,1,0.010303455562537006,0.20745979891737723,0.7979999999999992,0.08819387930649977,-0.6557973183743294,87.68101501464844,-0.013191806354961845,-0.20729617847047002,-0.7979999999999992,0.10138568566146161,-0.4485011399038594,88.47901501464844
0.003655156682534402,0.24599724794047262,1.518,0.011013027580084251,-0.2541396789550781,-0.13770037841796876,0,0,1.5,0.014695672301792124,-0.003655156682534402,-0.24599724794047262,-0.018000000000000016,0.003682644721707873,0.06544777906738225,-0.19182978270088893,-0.09096250000000007,0.017345300272475758,0,1,-0.00085621293104152,0.22399587913492267,0.6310000000000018,0.11095228110873304,-0.5881225779236868,87.63961791992188,-0.0016106619206191892,-0.22399172470916784,-0.6310000000000018,0.11256294302935223,-0.364130853214519,88.27061791992186
-0.005628251813868212,0.2526028605640716,1.522,0.009494591130849146,-0.18353578186035155,-0.19179595947265626,0,0,1.5,0.014695672301792124,0.005628251813868212,-0.2526028605640716,-0.02200000000000002,0.005201081170942978,0.05280171011833279,-0.16187011363987652,-0.039138461538461566,0.012209249398181927,0,1,-0.008439006000637284,0.23307687646033884,0.5439999999999996,0.13940932952504284,-0.546387179898835,87.5947723388672,0.006225689231519963,-0.23314649462597412,-0.5439999999999996,0.13318364029352286,-0.31324068527286086,88.1387723388672
-0.015761542677007932,0.25412789228790544,1.52,0.009389871375729426,-0.17750941467285156,-0.23393621826171876,0,0,1.5,0.014695672301792124,0.015761542677007932,-0.25412789228790544,-0.020000000000000018,0.005305800926062698,0.062444645216948605,-0.13527565542613493,-0.005230769230769237,0.005789122872769097,0,1,-0.01731360637169591,0.23689545869883474,0.5379999999999961,0.15593228983605525,-0.502225864585408,86.58575439453126,0.015088457910581993,-0.23704758542454288,-0.5379999999999961,0.14084383192547326,-0.2651782791608651,87.12375439453125
-0.021527175991336533,0.25177754486931103,1.521,0.007906341511534227,-0.08891253662109375,-0.285797119140625,0,0,1.5,0.014695672301792124,0.021527175991336533,-0.25177754486931103,-0.020999999999999908,0.006789330790257897,0.041809305842053036,-0.113233055565301,-0.022184615384614716,0.013636391701928045,0,1,-0.021509879890449304,0.2350199332928101,0.4529999999999951,0.1760719288806863,-0.4964872473569908,86.89385223388672,0.019651079104301607,-0.2351826504398123,-0.4529999999999951,0.15642084977638468,-0.2613045969171785,87.3468522338867
-0.029251561097559307,0.2498411523503488,1.514,0.007033676885537118,-0.09764076232910156,-0.28554351806640627,0,0,1.5,0.014695672301792124,0.029251561097559307,-0.2498411523503488,-0.014000000000000012,0.007661995416255007,0.05497704602904787,-0.11480509286716267,0.025367164179103917,0.011569448965495796,0,1,-0.02788585129278321,0.23269044043023174,0.40299999999999825,0.1946494823331737,-0.5091234316623601,86.79764556884766,0.02624850562537499,-0.2328808230026103,-0.40299999999999825,0.16840097670779872,-0.2762426086597498,87.20064556884766
-0.036145828392123006,0.2386598699911517,1.514,0.0067718774977379844,-0.0753985595703125,-0.401002685546875,0,0,1.5,0.014695672301792124,0.036145828392123006,-0.2386598699911517,-0.014000000000000012,0.00792379480405414,0.056374399165859825,-0.05721169966670322,-0.01120000000000001,0.009170458555478588,0,1,-0.03408997405970802,0.22307294628396235,0.3879999999999992,0.18896129786925014,-0.4706634698291137,86.3114471435547,0.032578581288592805,-0.22329868279150608,-0.3879999999999992,0.15638271658065733,-0.24736478703760764,86.69944714355469
-0.040764623239072505,0.22250092367260915,1.514,0.005497787143782114,-0.0181109619140625,-0.477645263671875,0,0,1.5,0.014695672301792124,0.040764623239072505,-0.22250092367260915,-0.014000000000000012,0.00919788515801001,0.04487592065638965,-0.025559079844033425,-0.01120000000000001,0.01498920494871851,0,1,-0.03713756280247803,0.20680940625875413,0.31499999999999867,0.19799737038215132,-0.46738803363750814,86.43705749511719,0.03600001318293611,-0.20701045417764494,-0.31499999999999867,0.1619973571992152,-0.2603775794598632,86.75205749511717
-0.04494579082809863,0.2057409542560199,1.505,0.004904375198104035,0.009475896835327149,-0.4744279479980469,0,0,1.5,0.014695672301792124,0.04494579082809863,-0.2057409542560199,-0.004999999999999893,0.00979129710368809,0.044986874739574606,-0.012624487961760147,0.04446153846153919,0.012530121468356149,0,1,-0.039959020281631924,0.19087634488160912,0.2809999999999982,0.2036855548460748,-0.4439342777758513,86.08990478515625,0.03902241425853709,-0.19107002256415312,-0.2809999999999982,0.16466314058753773,-0.2528642552116982,86.37090478515624
-0.04924008809692919,0.18627043379445937,1.481,0.004415683007545674,0.019696403503417968,-0.48976065063476565,0,0,1.5,0.014695672301792124,0.04924008809692919,-0.18627043379445937,0.018999999999999906,0.01027998929424645,0.047743183188321436,0.011706047126557775,0.14443076923076809,0.01253549171220811,0,1,-0.04347258236242826,0.17309707676268887,0.25300000000000117,0.19673868714444626,-0.39599446566962637,86.13058471679688,0.04270781920670731,-0.17328734973925108,-0.25300000000000117,0.15403086793773896,-0.2227071159303753,86.38358471679688
-0.05254925978134751,0.16469008215890338,1.467,0.004450589592585581,0.05123419570922851,-0.5057786865234375,0,0,1.5,0.014695672301792124,0.05254925978134751,-0.16469008215890338,0.03299999999999992,0.010245082709206543,0.04382326761107394,0.0320962175939513,0.10064242424242424,0.010086416413570604,0,1,-0.045675618275915916,0.1525672656345938,0.25500000000000234,0.19673868714444626,-0.36197266352972474,86.15528869628906,0.04499615386811985,-0.15276903739037034,-0.25500000000000234,0.15174253327632642,-0.2092036261393544,86.41028869628907
-0.05423541122988137,0.1400990189081015,1.462,0.004869468613064127,0.09327688598632812,-0.5115680541992188,0,0,1.5,0.014695672301792124,0.05423541122988137,-0.1400990189081015,0.038000000000000034,0.009826203688727997,0.03633884634911023,0.06443286769877199,0.057743750000000656,0.00786270828023481,0,1,-0.04617907750621727,0.1306135586965974,0.27899999999999703,0.19845125455020884,-0.28772841882175276,85.94363403320314,0.045542513903515394,-0.1308368768431241,-0.27899999999999703,0.15290874064669346,-0.15689154197862867,86.22263403320314
-0.05763934285344459,0.11429668880514796,1.46,0.005654866776461527,0.07439906311035156,-0.4957481079101563,0,0,1.5,0.014695672301792124,0.05763934285344459,-0.11429668880514796,0.040000000000000036,0.009040805525330597,0.04714853401513963,0.08178727922871433,0.04276923076923081,0.005415890925034908,0,1,-0.049114597805989466,0.1070736890461319,0.3239999999999942,0.1867545706790933,-0.21722540715834213,85.97850036621094,0.04850832830678035,-0.10734971210242468,-0.3239999999999942,0.13824624237231295,-0.10987569505591745,86.30250036621095
-0.05972847431879734,0.0873141316200147,1.464,0.007661995416254992,0.10105027770996093,-0.47774908447265624,0,0,1.5,0.014695672301792124,0.05972847431879734,-0.0873141316200147,0.03600000000000003,0.007033676885537132,0.04111340658822117,0.1016336267253256,0.007261538461538472,-0.0022299937596634758,1425984602095,1,-0.05072265918194071,0.08248535393413065,0.4389999999999934,0.1759576317211404,-0.14191537197242643,86.25166320800781,0.05008917410257364,-0.08287156572581564,-0.4389999999999934,0.12586845761856677,-0.05904380624661079,86.69066320800782
-0.060506853632869576,0.05928442434864599,1.474,0.0106290551446455,0.12785782623291014,-0.4639132080078125,0,0,1.5,0.014695672301792124,0.060506853632869576,-0.05928442434864599,0.026000000000000023,0.004066617157146624,0.03444470004605452,0.12128698082535463,-0.033046153846153864,-0.009627504666194185,1425984602095,1,-0.05096790503051316,0.05645280133358892,0.6090000000000019,0.1678599275026758,-0.07621938383152109,85.8501510620117,0.05036499732179943,-0.056991342907359216,-0.6090000000000019,0.11749493018087638,-0.019228040924161874,86.45915106201171
-0.0576828638841214,0.03225930629767692,1.474,0.013788101090755107,0.19263504028320313,-0.42053823852539063,0,0,1.5,0.014695672301792124,0.0576828638841214,-0.03225930629767692,0.026000000000000023,0.0009075712110370171,0.014089246687406066,0.12504633666965667,0.02080000000000002,-0.013237410637214952,1425984602095,1,-0.047367253719465596,0.03138662479519842,0.7899999999999946,0.16532781179312603,-0.015120555256166287,86.26510620117188,0.04693000301196556,-0.03203672514873665,-0.7899999999999946,0.11839780878116046,0.016916169892570363,87.05510620117187
-0.057468275401445446,0.006033879160984894,1.474,0.01713913325458437,0.15236012268066407,-0.38307916259765623,0,0,1.5,0.014695672301792124,0.057468275401445446,-0.006033879160984894,0.026000000000000023,-0.002443460952792244,0.027560606936088586,0.14040336507329204,0.02080000000000002,-0.018151424220741903,1425984602095,1,-0.047174370080897095,0.006863169028224331,0.982000000000003,0.1494096503352527,0.043243790419212606,86.04286193847656,0.04704981850782239,-0.007670649256770288,-0.982000000000003,0.1023598318274303,0.050914439675982893,87.02486193847655
-0.059027044253210106,-0.017019167010440414,1.477,0.01820378409830091,0.11243551635742187,-0.31879391479492186,0,0,1.5,0.014695672301792124,0.059027044253210106,0.017019167010440414,0.02299999999999991,-0.0035081117965087855,0.037906892866876304,0.13264137058212572,0.002246153846153162,-0.008421884921354362,1425984602095,1,-0.049609436288722095,-0.015087463515601869,1.043000000000003,0.11684970857571764,0.08804299204806453,86.30973052978516,0.04987585054380427,0.014181934168211778,-1.043000000000003,0.06697385803191336,0.07386105787985275,87.35273052978516
-0.05951129456637721,-0.03730625067669673,1.481,0.017575465567582924,0.128631103515625,-0.2573387145996094,0,0,1.5,0.014695672301792124,0.05951129456637721,0.03730625067669673,0.018999999999999906,-0.0028797932657907994,0.032248112130372215,0.12307193832643235,-0.005388235294117739,-0.00010779974791733137,1425984602424,1,-0.050140772850498797,-0.03401614261707657,1.0070000000000014,0.1100824279099186,0.13662674349981876,86.11865234375,0.050730847647736145,0.033129686951928694,-1.0070000000000014,0.05935158026218245,0.10349705654789007,87.12565234375
-0.06065180305885181,-0.05276886031970791,1.484,0.01565560339038917,0.10838675689697265,-0.17680323791503907,0,0,1.5,0.014695672301792124,0.06065180305885181,0.05276886031970791,0.016000000000000014,-0.0009599310885970453,0.03666205982095147,0.11228781706547158,-0.00386666666666605,0.008182269755182735,1425984602487,1,-0.052079477472951836,-0.04896432280874445,0.8970000000000019,0.08819387930649977,0.16072593298330892,86.34323120117188,0.0528396300221715,0.0481430200662013,-0.8970000000000019,0.035354249284328274,0.11258291291710762,87.24023120117188
-0.06258060054407429,-0.06769428948827401,1.495,0.012723450247038567,0.09954632568359376,-0.14985044860839844,0,0,1.5,0.014695672301792124,0.06258060054407429,0.06769428948827401,0.004999999999999893,0.0019722220547535568,0.04183841151934756,0.11547058550973288,-0.05615625000000074,0.015716689914209506,1425984602551,1,-0.0538598010592914,-0.06265377304203042,0.7289999999999945,0.09510062889074375,0.2049964055766912,85.90950012207031,0.05465259219494958,0.06196343771064708,-0.7289999999999945,0.04044803669579417,0.1430329678660441,86.6385001220703
-0.06456412873888477,-0.08057934595147462,1.499,0.010297442586766445,0.08987519073486328,-0.1222834701538086,0,0,1.5,0.014695672301792124,0.06456412873888477,0.08057934595147462,0.0009999999999998899,0.004398229715025679,0.04264377881994492,0.10759966942529271,-0.020095522388059804,0.01526095058191578,1425984602618,1,-0.05648568442893853,-0.07576962819630315,0.5899999999999943,0.08124701160487119,0.2086657450895338,85.73281097412111,0.057262909267264364,0.07518396321464235,-0.5899999999999943,0.023984102337606825,0.13348178187489146,86.3228109741211
-0.06610580170432154,-0.08942287680746777,1.511,0.009320058205649616,0.09531821441650391,-0.056978748321533206,0,0,1.5,0.014695672301792124,0.06610580170432154,0.08942287680746777,-0.010999999999999899,0.005375614096142508,0.04110641634324835,0.09090898765145931,-0.07148656716417791,0.009751962071292485,1425984602685,1,-0.05817080301640284,-0.08431229334595808,0.533999999999994,0.08472044545568554,0.2225837550558573,85.4988021850586,0.058954060680684386,0.08376648412155194,-0.533999999999994,0.02576638477500115,0.13881727093430538,86.03280218505857
-0.06597494037211168,-0.0950465703958218,1.517,0.0084124869946126,0.12147970581054687,-0.006161188125610352,0,0,1.5,0.014695672301792124,0.06597494037211168,0.0950465703958218,-0.016999999999999904,0.006283185307179525,0.032248736859064736,0.07926994255152237,-0.04747096774193543,0.010674658908971544,1425984602747,1,-0.05800367826605035,-0.08975812607403379,0.48199999999999604,0.09318109971016865,0.22822543926047908,85.82064819335938,0.058756705981836195,0.08926700057063462,-0.48199999999999604,0.034424393728332454,0.13895843868984448,86.30264819335936
-0.06253383080773188,-0.09749320811474162,1.541,0.007295476273336253,0.16586631774902344,0.03845120620727539,0,0,1.5,0.014695672301792124,0.06253383080773188,0.09749320811474162,-0.040999999999999925,0.007400196028455871,0.013812011816432154,0.0611570852402974,-0.15453913043478262,0.012256764381831285,1425984602816,1,-0.05493914156195561,-0.09239022523559387,0.4179999999999975,0.09166731315731406,0.2179444184004161,85.12187194824219,0.05561170424572935,0.09198696291069672,-0.4179999999999975,0.03605560891158471,0.12595745548971937,85.5398719482422
-0.05837280748526794,-0.09892107414215395,1.544,0.007417649320975871,0.17874160766601563,0.06134568786621094,0,0,1.5,0.014695672301792124,0.05837280748526794,0.09892107414215395,-0.04400000000000004,0.007278022980816253,0.005311679761283512,0.05765321099885268,-0.052413114754099044,0.006677171926850921,1425984602877,1,-0.05064787687589934,-0.09331667151919304,0.4249999999999983,0.1025915284003312,0.22500703837967806,85.3191909790039,0.05133866751825268,0.09293841957397134,-0.4249999999999983,0.05125286088207852,0.13206861880570672,85.74419097900392
-0.05261190921127687,-0.09912701620326836,1.543,0.007888888219014333,0.19503131103515625,0.07888897705078125,0,0,1.5,0.014695672301792124,0.05261190921127687,0.09912701620326836,-0.04299999999999993,0.006806784082777791,-0.00471426686969811,0.05067242689225021,-0.029015384615383957,0.004631835322600275,1425984602942,1,-0.045410088805326466,-0.09356550965078728,0.4519999999999979,0.09510062889074375,0.2150017219781847,85.05894470214842,0.04614679596490452,0.09320436676300459,-0.4519999999999979,0.04895383292583923,0.12179735521518012,85.51094470214842
-0.047476034271419686,-0.09408029698034738,1.556,0.0084124869946126,0.17289639282226563,0.1500314483642578,0,0,1.5,0.014695672301792124,0.047476034271419686,0.09408029698034738,-0.05600000000000005,0.006283185307179525,-0.003916694078905759,0.01986550652059919,-0.11480000000000068,0.0038665755736490654,1425984603007,1,-0.04116474629554212,-0.08903430113746873,0.48199999999999604,0.08148441583905305,0.18816690990626847,84.99313354492188,0.04191228075685117,0.0886848568718059,-0.48199999999999604,0.039572135082201886,0.09948205303446257,85.47513354492185
-0.041765092198522494,-0.08673947226329137,1.562,0.009040805525330696,0.17424078369140625,0.18682708740234374,0,0,1.5,0.014695672301792124,0.041765092198522494,0.08673947226329137,-0.062000000000000055,0.005654866776461428,-0.009402752772163254,0.00444112020786383,-0.08141818181818189,0.0027988734550155317,1425984603073,1,-0.03596517051688886,-0.0815278798064535,0.518000000000004,0.07918246743287043,0.17831556183937497,85.22618103027344,0.036700768364632284,0.08119939825817693,-0.518000000000004,0.04248169906823814,0.09711616358119804,85.74418103027344
-0.036189968924559335,-0.08013948710713233,1.547,0.010053096491487322,0.1627593078613281,0.16584344482421876,0,0,1.5,0.014695672301792124,0.036189968924559335,0.08013948710713233,-0.04699999999999993,0.004642575810304802,-0.011470063202676475,0.005069822270904557,0.04194545454545525,0.00004125323686559289,1425984603139,1,-0.03101487097593849,-0.07558559743853986,0.5759999999999991,0.07169156792328302,0.14663205990131228,85.29483032226562,0.03177316023920931,0.07526998771229236,-0.5759999999999991,0.03991840768407371,0.07136207218901992,85.87083032226562
-0.028358313216876197,-0.07243601239836372,1.534,0.012112585008840703,0.18416984558105468,0.16976943969726563,0,0,1.5,0.014695672301792124,0.028358313216876197,0.07243601239836372,-0.03400000000000003,0.0025830872929514213,-0.02865021054295406,-0.0059103711143964205,0.043893749999999426,-0.00707076513214255,1425984603203,1,-0.024026378303952378,-0.0686986666432191,0.6940000000000032,0.055391813357333654,0.1080498511978474,85.07089233398439,0.024856713906393862,0.06840261271864156,-0.6940000000000032,0.030535099450939792,0.03964723847920583,85.76489233398438
-0.016382824885859206,-0.06213785162618522,1.52,0.01427679328131369,0.24080735778808593,0.2008071746826172,0,0,1.5,0.014695672301792124,0.016382824885859206,0.06213785162618522,-0.020000000000000018,0.00041887902047843366,-0.0562919862625465,-0.02438270911402239,0.059384615384615425,-0.00956977454478151,1425984603268,1,-0.012467815982613274,-0.05885540090179457,0.8180000000000043,0.04828250695582229,0.0732597396236932,85.06964111328125,0.013306783214163042,0.05867140846424719,-0.8180000000000043,0.03497572374165925,0.014588331159446008,85.88764111328126
-0.0034421227480574182,-0.05222225388990279,1.504,0.017680185322702532,0.2460516357421875,0.1891622314453125,0,0,1.5,0.014695672301792124,0.0034421227480574182,0.05222225388990279,-0.0040000000000000036,-0.0029845130209104082,-0.06795964244490399,-0.02728055317349249,0.08295384615384621,-0.01869247628885891,1425984603333,1,-0.00016109009428207,-0.04929414078548074,1.0129999999999986,0.03217052034760696,0.04146935978257505,85.24736022949219,0.0010325490574816555,0.049283588629899566,-1.0129999999999986,0.031137971290125303,-0.007814228847324516,86.26036022949216
0.011448079805673039,-0.04118792321129263,1.484,0.020193459445574366,0.2599964599609375,0.2009752197265625,0,0,1.5,0.014695672301792124,-0.011448079805673039,0.04118792321129263,0.016000000000000014,-0.005497787143782242,-0.08590205365369281,-0.038821665125331445,0.12049230769230779,-0.017097513864729165,1425984603398,1,0.013651392651623953,-0.03851956353369868,1.1569999999999985,0.0014643850209007968,0.011560288481149728,84.96908569335938,-0.012870819011513941,0.03878736023665844,-1.1569999999999985,0.014335204032414738,-0.027227071755508717,86.12608569335939
0.02472215930403996,-0.031199656387756673,1.475,0.022270401255447533,0.223828125,0.18434523010253906,0,0,1.5,0.014695672301792124,-0.02472215930403996,0.031199656387756673,0.02499999999999991,-0.007574728953655409,-0.08170328598677254,-0.03657768506339905,0.06701492537313371,-0.016874468400848695,1425984603465,1,0.02611875819008575,-0.02859944303750288,1.2759999999999936,-0.021944675946559977,-0.010117897055419522,85.4747314453125,-0.02547541296305803,0.02917397823076583,-1.2759999999999936,0.003530737016498052,-0.03929187528618535,86.7507314453125
0.035446456406542454,-0.022443475473126227,1.467,0.024120450262561585,0.16875241088867188,0.1604369354248047,0,0,1.5,0.014695672301792124,-0.035446456406542454,0.022443475473126227,0.03299999999999992,-0.009424777960769461,-0.0773026565505073,-0.03742371178916159,0.07084444444444442,-0.01823453513750304,1425984603528,1,0.03573135029745672,-0.020255988100650477,1.3819999999999972,-0.05378099886230657,-0.03513118805915325,84.88543701171875,-0.03523242044201365,0.021111868648000656,-1.3819999999999972,-0.01854857842029292,-0.056243056707153904,86.26743701171876
0.043547869177299275,-0.016078466927315436,1.464,0.025987952562195535,0.1169196548461914,0.11600537872314454,0,0,1.5,0.014695672301792124,-0.043547869177299275,0.016078466927315436,0.03600000000000003,-0.01129228026040341,-0.06473597200932975,-0.02571459973382375,0.04470909090909154,-0.019780927076921362,1425984603594,1,0.0430523106825135,-0.014524041080609815,1.488999999999998,-0.0771900598297674,-0.06181203179646926,84.84064483642577,-0.0426603656966011,0.01563785225173737,-1.488999999999998,-0.0345296941331663,-0.07744988404820663,86.32964483642577
0.04960338319234389,-0.012131389058968461,1.461,0.02848377339254736,0.07991218566894531,0.0804761962890625,0,0,1.5,0.014695672301792124,-0.04960338319234389,0.012131389058968461,0.038999999999999924,-0.013788101090755235,-0.05740830552333526,-0.015187801684691783,0.04735384615384551,-0.0253072741539175,1425984603659,1,0.04873413755922206,-0.010576764100636734,1.6319999999999943,-0.0889512470850288,-0.06660156313330637,85.6046142578125,-0.048413143859249635,0.011960418226186554,-1.6319999999999943,-0.040538103225779165,-0.07856198135949292,87.23661425781249
0.053032095015863194,-0.009389954565734476,1.458,0.029722957161463438,0.033397098541259766,0.05577165985107422,0,0,1.5,0.014695672301792124,-0.053032095015863194,0.009389954565734476,0.04200000000000004,-0.015027284859671313,-0.0449783419422663,-0.01006659306531576,0.0497538461538468,-0.020746594562360905,1425984603724,1,0.051723061791110386,-0.00835137681498295,1.7030000000000003,-0.10206354644614528,-0.08102640735402636,85.32522583007812,-0.051452024928181024,0.009884824052187088,-1.7030000000000003,-0.050611521517964254,-0.09091123140621345,87.02822583007813
0.05608109561711545,-0.007904120309885397,1.458,0.031956978604016015,0.0246867618560791,0.03368378448486328,0,0,1.5,0.014695672301792124,-0.05608109561711545,0.007904120309885397,0.04200000000000004,-0.01726130630222389,-0.04420949039095607,-0.0039273639291054424,0.03360000000000003,-0.027415949222917412,1425984603790,1,0.05461041658745925,-0.007096450427808065,1.830999999999991,-0.10809002030681547,-0.0868253228002031,85.86306762695312,-0.054355791041553185,0.008837714001776041,-1.830999999999991,-0.053734229265262286,-0.09566303680197913,87.69406762695311
0.0565925955479626,-0.007973244062999665,1.457,0.03466223894460739,-0.013709885597229004,0.014028932571411133,0,0,1.5,0.014695672301792124,-0.0565925955479626,0.007973244062999665,0.04299999999999993,-0.019966566642815264,-0.031093563020801643,0.004364642556343485,0.03986874999999934,-0.03264747448933734,1425984603854,1,0.05513768684465514,-0.006998539128807826,1.9860000000000002,-0.10718677480180382,-0.07588023644418854,85.49278259277344,-0.05486203053830709,0.0089051482711166,-1.9860000000000002,-0.052324744263496724,-0.08478538471530514,87.47878259277343
0.053134127926377284,-0.00865383262955442,1.458,0.036075955638722776,-0.07558930206298828,-0.000668782114982605,0,0,1.5,0.014695672301792124,-0.053134127926377284,0.00865383262955442,0.04200000000000004,-0.02138028333693065,-0.007944546000806164,0.007991623980841269,0.028215384615385242,-0.0279051296174632,1425984603919,1,0.05155788084159055,-0.008192440743948107,2.0669999999999993,-0.10809002030681547,-0.08182266459945632,85.86904907226562,-0.051228847820146355,0.010046706586689796,-2.0669999999999993,-0.056861172486669116,-0.09186937118614612,87.9360490722656
0.0452042942778938,-0.010911091907425122,1.456,0.037070793312359504,-0.14539381408691407,-0.030713752746582033,0,0,1.5,0.014695672301792124,-0.0452042942778938,0.010911091907425122,0.04400000000000004,-0.022375121010567378,0.020096957122118023,0.017610018988400963,0.045969230769230804,-0.026966679504275354,1425984603984,1,0.0435213663584135,-0.011049689392061041,2.123999999999997,-0.10599263457363842,-0.08328966931314297,84.95057678222656,-0.043081938362520195,0.0126550998531139,-2.123999999999997,-0.06291069621111822,-0.09594476916625687,87.07457678222657
0.04127340737918583,-0.012186990016962884,1.45,0.0377863783056772,-0.07943779754638672,-0.01697797393798828,0,0,1.5,0.014695672301792124,-0.04127340737918583,0.012186990016962884,0.050000000000000044,-0.023090706003885075,-0.00010221989037217244,0.012758634386663779,0.0713432835820896,-0.026294817914262823,1425984604051,1,0.039954029109060915,-0.012238455712317759,2.1649999999999983,-0.0921718588489422,-0.0718173481979629,85.33688354492188,-0.039463172236353414,0.0137390784739718,-2.1649999999999983,-0.05270868661258879,-0.0855564266719347,87.50188354492187
0.039316391617743605,-0.01448775412737666,1.456,0.03719296635999912,-0.043010406494140625,-0.032373985290527346,0,0,1.5,0.014695672301792124,-0.039316391617743605,0.01448775412737666,0.04400000000000004,-0.022497294058206996,-0.009280081922435783,0.01944489886133714,0.0033818181818181872,-0.019799967032397545,1425984604117,1,0.03848962736422876,-0.0144520364739363,2.130999999999998,-0.0771900598297674,-0.06181203179646926,85.44361114501953,-0.0379256185702828,0.01587325514639617,-2.130999999999998,-0.0392644412594846,-0.07768528694286543,87.57461114501952
0.03789638151036709,-0.01662077896669357,1.459,0.0370184334347997,-0.026972755432128907,-0.025332767486572264,0,0,1.5,0.014695672301792124,-0.03789638151036709,0.01662077896669357,0.040999999999999925,-0.022322761133007574,-0.011059245714202897,0.020160527479551854,0.016133333333332646,-0.021491651965391278,1425984604180,1,0.0375822504115082,-0.016242301687187214,2.120999999999998,-0.06127189837189402,-0.04513650446064678,85.12652587890624,-0.0369553754147621,0.01762209232880449,-2.120999999999998,-0.024316522957131922,-0.06275859678945127,87.24752587890625
0.03700463876443357,-0.018089008130029106,1.466,0.03759439208795777,-0.01090308380126953,-0.012958444595336915,0,0,1.5,0.014695672301792124,-0.03700463876443357,0.018089008130029106,0.03400000000000003,-0.022898719786165644,-0.013700627673344,0.01695035340605204,-0.010492307692307096,-0.025556990493049048,1425984604245,1,0.03720198002436127,-0.017510984941261822,2.153999999999995,-0.045353736914020754,-0.03513118805915325,85.39137268066406,-0.03651753385421294,0.01889686832659013,-2.153999999999995,-0.008836203059807812,-0.05402805638574339,87.54537268066404
0.03526385858456743,-0.018780455341797363,1.473,0.037856191475757014,-0.017191617965698243,0.0036294801235198975,0,0,1.5,0.014695672301792124,-0.03526385858456743,0.018780455341797363,0.026999999999999913,-0.02316051917396489,-0.008258497554542962,0.01311340496503545,-0.016092307692308384,-0.02436882404073063,1425984604310,1,0.03585024632642119,-0.017890290837441463,2.1690000000000005,-0.03098369830628911,-0.021739783909794738,85.2197265625,-0.03514746453228874,0.01923430281722795,-2.1690000000000005,0.004163766225999628,-0.040974086727022685,87.3887265625
0.033666167214872145,-0.01797476492525868,1.479,0.03741985916275846,-0.013376691818237304,0.027873537063598634,0,0,1.5,0.014695672301792124,-0.033666167214872145,0.01797476492525868,0.020999999999999908,-0.022724186860966333,-0.008360477859051979,0.0047147817688635955,-0.015018181818181917,-0.020740858165518357,1425984604376,1,0.03430238912472741,-0.016957302200256565,2.144000000000002,-0.025690125701353653,-0.015120555256166287,84.65858459472655,-0.03364398425258711,0.01822872242332725,-2.144000000000002,0.00795385855123346,-0.03334927767949354,86.80258459472655
0.03231132583176511,-0.015813855876343257,1.486,0.035011304795006234,-0.011252077102661132,0.05021204376220703,0,0,1.5,0.014695672301792124,-0.03231132583176511,0.015813855876343257,0.014000000000000012,-0.02031563249321411,-0.00874637410201596,-0.003910543423084591,-0.02708124999999942,-0.009025533894375555,1425984604440,1,0.03279132125968589,-0.014657702233519875,2.005999999999999,-0.025690125701353653,-0.010117897055419522,84.93701171875,-0.032258145207830956,0.015796551917205023,-2.005999999999999,0.006568019506477302,-0.025914448972624543,86.94301171875
0.03007414349529714,-0.013632376241356233,1.492,0.032847096522533134,-0.02964272880554199,0.053264877319335935,0,0,1.5,0.014695672301792124,-0.03007414349529714,0.013632376241356233,0.008000000000000007,-0.018151424220741008,-0.0031732260239547977,-0.004752264489101549,-0.025418181818181836,-0.008314113891317825,1425984604506,1,0.030212055521997253,-0.012334214793733712,1.8819999999999915,-0.03037193789484585,-0.0034476861210904685,84.6840591430664,-0.0297906883202241,0.01331976136608565,-1.8819999999999915,-0.0005812495746217484,-0.01676744748717612,86.5660591430664
0.028020405918024058,-0.011385889007940481,1.499,0.031206487025658522,-0.029557815551757814,0.05318833160400391,0,0,1.5,0.014695672301792124,-0.028020405918024058,0.011385889007940481,0.0009999999999998899,-0.016510814723866396,-0.0029516160044646567,-0.006403525214422268,-0.036892307692308404,-0.008938770892137418,1425984604571,1,0.02798823418410983,-0.010153114437948196,1.7879999999999947,-0.03037193789484585,-0.0034476861210904685,84.31501770019531,-0.027657815580939837,0.011021443772272654,-1.7879999999999947,-0.0027141223139060117,-0.014469129893363124,86.10301770019531
0.023388167317918394,-0.00922597533229066,1.515,0.029304078140984888,-0.07205624389648438,0.051024177551269534,0,0,1.5,0.014695672301792124,-0.023388167317918394,0.00922597533229066,-0.014999999999999902,-0.014608405839192764,0.011802778805344888,-0.00634309619584652,-0.09315942028985394,-0.006337062862350884,1425984604640,1,0.023112860061298913,-0.00813581717715507,1.6790000000000056,-0.03037193789484585,-0.0034476861210904685,84.29343414306639,-0.022864558428088894,0.008809528321186491,-1.6790000000000056,-0.007507379466756954,-0.01225721444227696,85.97243414306641
0.020159667033073723,-0.005046364875762636,1.518,0.02640683158267408,-0.051774471282958985,0.08031215667724609,0,0,1.5,0.014695672301792124,-0.020159667033073723,0.005046364875762636,-0.018000000000000016,-0.011711159280881957,0.008145571317263699,-0.021071392719938166,-0.0313354838709684,0.002307775678686461,1425984604702,1,0.01978114200788037,-0.003975262669698778,1.512999999999993,-0.025690125701353653,-0.0034476861210904685,84.63419342041016,-0.019669283616079242,0.0044961733128591535,-1.512999999999993,-0.006020842085274411,-0.007943859433949622,86.14719342041015
0.018331561540233743,0.000007797632013048809,1.521,0.023719024534602937,-0.02866065216064453,0.09584226989746093,0,0,1.5,0.014695672301792124,-0.018331561540233743,-0.000007797632013048809,-0.020999999999999908,-0.009023352232810812,0.0008316711438517716,-0.0276438500304048,-0.033206249999999334,0.0035757433050226783,1425984604766,1,0.018080916602605038,0.0012904422161873113,1.359,-0.014453776436972526,0.0015549720796562967,83.785400390625,-0.018106435911098694,-0.0008612577436241766,-1.359,0.003652659474126168,0.002416229823280473,85.144400390625
0.014529924194757637,0.005303900001135019,1.525,0.021170843826691196,-0.05919104766845703,0.09460286712646485,0,0,1.5,0.014695672301792124,-0.014529924194757637,-0.005303900001135019,-0.02499999999999991,-0.006475171524899072,0.013205392839800214,-0.031169424295839646,-0.04153846153846148,0.005285662511616652,1425984604831,1,0.01423702316864604,0.006219293277792627,1.2129999999999987,-0.006962876927385123,-0.010117897055419522,84.19183349609375,-0.014365490589212774,-0.0059165122928123695,-1.2129999999999987,0.007402613661827651,-0.004201384762607153,85.40483349609373
0.008387705059426289,0.014895277791622117,1.534,0.017627825445142728,-0.09296420288085938,0.15371543884277344,0,0,1.5,0.014695672301792124,-0.008387705059426289,-0.014895277791622117,-0.03400000000000003,-0.002932153143350604,0.028879635122071035,-0.05909351930612619,-0.07566153846153913,0.013420239386873095,1425984604896,1,0.008116763353205301,0.0154181005705183,1.01,0.007846021241753915,-0.024375683351276094,82.71577453613281,-0.008387275793287904,-0.015272631642971032,-1.01,0.016233297035041817,-0.009103051708305061,83.72577453613282
0.002226123149809833,0.025588287031084563,1.535,0.013264502315156844,-0.09516093444824218,0.15916082763671874,0,0,1.5,0.014695672301792124,-0.002226123149809833,-0.025588287031084563,-0.03499999999999992,0.00143116998663528,0.03156199400639447,-0.06949949554299464,-0.033303030303029654,0.021264456941116568,1425984604962,1,0.0018575941494186003,0.025392524856605418,0.7599999999999966,0.019521780812563356,-0.05036714774621728,83.06740570068358,-0.0021942400605146736,-0.02536565168045384,-0.7599999999999966,0.02171602087307803,-0.025001496065763445,83.82740570068357
-0.002918027548717278,0.03832445566136188,1.534,0.011676252695841927,-0.08310433959960938,0.18207627868652343,0,0,1.5,0.014695672301792124,0.002918027548717278,-0.03832445566136188,-0.03400000000000003,0.003019419605950197,0.02873860081200241,-0.08670251602154551,-0.02189696969697031,0.010238736057381636,1425984605028,1,-0.0034746841251214293,0.03765215074122508,0.6689999999999922,0.028618895743155248,-0.0718173481979629,83.046875,0.0030348212304520386,-0.03769015448772404,-0.6689999999999922,0.025584074512703208,-0.03412719371023886,83.715875
-0.008097594183823146,0.0509077189726018,1.534,0.011030480872604156,-0.08128076934814453,0.17007440185546874,0,0,1.5,0.014695672301792124,0.008097594183823146,-0.0509077189726018,-0.03400000000000003,0.003665191429187968,0.03237455212764678,-0.09426858071964421,-0.027200000000000026,0.00669224685061502,1425984605092,1,-0.008468761900696831,0.04959870734225286,0.6319999999999997,0.04828250695582229,-0.09849819193527891,83.0136032104492,0.00792116020405652,-0.04968910261993884,-0.6319999999999997,0.040361346751765774,-0.048809089315340067,83.64560321044921
-0.01158183996918906,0.06517951932373002,1.53,0.009354964790689637,-0.05488096618652344,0.18549905395507812,0,0,1.5,0.014695672301792124,0.01158183996918906,-0.06517951932373002,-0.030000000000000027,0.005340707511102487,0.023724537997507324,-0.10604755558678966,-0.003411764705882357,0.012732690225431244,1425984605160,1,-0.011892509501776484,0.06323321350078236,0.5360000000000018,0.06326430597499715,-0.1285141411397594,82.92121124267578,0.011300453259175043,-0.06334169896697252,-0.5360000000000018,0.0519638527158221,-0.06517244217278688,83.45721124267577
-0.014159281691742884,0.07803256418024537,1.525,0.008168140899333367,-0.04272277069091797,0.15335194396972657,0,0,1.5,0.014695672301792124,0.014159281691742884,-0.07803256418024537,-0.02499999999999991,0.006527531402458757,0.02162971508609464,-0.1115737933769029,0.00822580645161362,0.012270227650956839,1425984605222,1,-0.014525538793632282,0.075375890624186,0.4679999999999946,0.07169156792328302,-0.1601976430778222,82.77151489257812,0.013909380186225695,-0.07549202148220432,-0.4679999999999946,0.057782187737057324,-0.08470562159561787,83.23951489257813
-0.01631217481746345,0.08933256212824012,1.529,0.007243116395776563,-0.03687676620483398,0.11878311157226562,0,0,1.5,0.014695672301792124,0.01631217481746345,-0.08933256212824012,-0.028999999999999915,0.007452555906015561,0.019748588854919383,-0.10551242386101484,-0.04473846153846149,0.011721899768585425,1425984605287,1,-0.016682332520606625,0.08593109336720545,0.4150000000000055,0.07918246743287043,-0.19188114501588507,82.60459899902344,0.016059491453046654,-0.08604967030663738,-0.4150000000000055,0.06312297597982378,-0.1058314747092477,83.01959899902344
-0.014806880597338083,0.10104497526659859,1.536,0.0066846110351383905,0.019358758926391603,0.12090128326416015,0,0,1.5,0.014695672301792124,0.014806880597338083,-0.10104497526659859,-0.03600000000000003,0.008011061266653734,-0.00046003697064257373,-0.11170673537099278,-0.06536716417910511,0.01051183153816794,0,1,-0.015080004370013859,0.0974017840209185,0.3830000000000062,0.08667336694245788,-0.2118917778188721,82.76570129394531,0.014428579262214972,-0.09750041109006295,-0.3830000000000062,0.07224478768024291,-0.11439136672880916,83.14870129394532
-0.01092131005722104,0.11098108349601041,1.548,0.006352998477259333,0.05813328170776367,0.08118056488037109,0,0,1.5,0.014695672301792124,0.01092131005722104,-0.11098108349601041,-0.04800000000000004,0.008342673824532791,-0.015788558862654553,-0.1098286336276011,-0.10402500000000009,0.009897107689590873,0,1,-0.01096759216802934,0.1064827983754211,0.3639999999999985,0.09249527813012254,-0.25136780573376305,82.09376525878906,0.010290890334143684,-0.10655032615602558,-0.3639999999999985,0.08220438779597886,-0.14481747957773747,82.45776525878905
-0.006617821825617895,0.11795182750960928,1.537,0.004904375198104041,0.05974712371826172,0.043360420227050785,0,0,1.5,0.014695672301792124,0.006617821825617895,-0.11795182750960928,-0.03699999999999992,0.009791297103688083,-0.019863718026592602,-0.09651068921264472,0.029630769230769932,0.01647725069978943,0,1,-0.006956613312082445,0.11389702456511952,0.2809999999999986,0.08148441583905305,-0.2476698894675422,82.63560485839844,0.006397938145783423,-0.11392977249623563,-0.2809999999999986,0.07508647769326963,-0.13374011697130656,82.91660485839841
-0.004018473670563826,0.12346442040556803,1.529,0.004590215932745103,0.033393199920654294,0.020479835510253907,0,0,1.5,0.014695672301792124,0.004018473670563826,-0.12346442040556803,-0.028999999999999915,0.010105456369047021,-0.011987253230393843,-0.09141540271948496,0.019876923076923177,0.011555422209165195,0,1,-0.004398331297272167,0.11932805159867675,0.26300000000000096,0.0778854361864021,-0.25728393651255266,82.66232299804689,0.003850545360571761,-0.11934698369444953,-0.26300000000000096,0.07403489082583034,-0.13793695281810314,82.92532299804688
-0.003132870047557455,0.1268996793021441,1.521,0.004310963252425961,0.009719200134277343,-0.012680549621582032,0,0,1.5,0.014695672301792124,0.003132870047557455,-0.1268996793021441,-0.020999999999999908,0.010384709049366163,-0.0032021998693324977,-0.08194738755571244,0.026276923076923184,0.01167356757391605,0,1,-0.003366653403977799,0.12262203354149724,0.24699999999999814,0.07918246743287043,-0.26525346529350413,81.90985107421875,0.0028380046772109257,-0.12263540758870056,-0.24699999999999814,0.0763444627556595,-0.14261805770480357,82.15685107421875
-0.0012687065029498036,0.12892061426867332,1.511,0.0041189770347066414,0.025427837371826172,-0.036617210388183594,0,0,1.5,0.014695672301792124,0.0012687065029498036,-0.12892061426867332,-0.010999999999999899,0.010576695267085483,-0.008960606169299773,-0.07486217828559,0.04267058823529424,0.011423693286435423,0,1,-0.0014271729774882936,0.12446586250206242,0.23600000000000138,0.0769275987023766,-0.27389374154271223,81.96665954589845,0.0009144902912281769,-0.12447068513749424,-0.23600000000000138,0.07601310841114843,-0.149423056405218,82.20265954589844
0.0014607042581509472,0.1270764151964323,1.493,0.004450589592585588,0.03160581970214844,-0.08008633422851562,0,0,1.5,0.014695672301792124,-0.0014607042581509472,-0.1270764151964323,0.006999999999999895,0.010245082709206536,-0.016138316103031323,-0.05312740638395239,0.10721290322580519,0.008640505816243893,0,1,0.0008603217923511817,0.12359024949661795,0.2550000000000027,0.055773406465409694,-0.2435752797569349,82.28311157226562,-0.0014103609341296877,-0.12358519654982204,-0.2550000000000027,0.057183767399539384,-0.11999008320711287,82.53811157226562
0.0028684340347221444,0.12299033472005907,1.475,0.004485496177625383,0.009983111381530761,-0.10019145965576172,0,0,1.5,0.014695672301792124,-0.0028684340347221444,-0.12299033472005907,0.02499999999999991,0.01021017612416674,-0.008899450680996207,-0.039826558773201765,0.11545454545454545,0.010051509828531306,0,1,0.0021559657318674223,0.12040001274384006,0.2569999999999975,0.044775956171321234,-0.211967445003795,82.0956573486328,-0.0026959960292369653,-0.12038913099762857,-0.2569999999999975,0.0474719522005582,-0.09157831400616642,82.35265734863279
0.005127835183927627,0.1177795952472294,1.464,0.004380776422505775,0.022830785751342772,-0.11702030944824218,0,0,1.5,0.014695672301792124,-0.005127835183927627,-0.1177795952472294,0.03600000000000003,0.01031489587928635,-0.014920017626681296,-0.030393566131577447,0.08895625000000068,0.010805769731409516,0,1,0.004425463932611607,0.11519588637432288,0.25100000000000044,0.0364971701809162,-0.2076113601133316,82.73794555664062,-0.0049300672765613006,-0.11517539409627968,-0.25100000000000044,0.0414272374574775,-0.09243596601705191,82.98894555664062
0.007243470430901309,0.11010051707168951,1.454,0.004188790204786344,0.023994369506835936,-0.1496793975830078,0,0,1.5,0.014695672301792124,-0.007243470430901309,-0.11010051707168951,0.04600000000000004,0.01050688209700578,-0.014841013040311084,-0.014327874271618052,0.0898303030303031,0.011379546723003195,0,1,0.006771158460284896,0.10780807206792777,0.2399999999999973,0.03236434549794897,-0.19188114501588507,81.78610229492188,-0.007222683132815285,-0.10777876339177742,-0.2399999999999973,0.03958702863076426,-0.08410238162410766,82.02610229492187
0.008295619909705978,0.10203241641232978,1.447,0.0023911010752322073,0.008523480415344238,-0.14151889038085938,0,0,1.5,0.014695672301792124,-0.008295619909705978,-0.10203241641232978,0.052999999999999936,0.012304571226559917,-0.009563285213406433,-0.009489219518283944,0.07842941176470529,0.02023555268047522,0,1,0.007851216887395743,0.10066838734681127,0.13699999999999862,0.024873445988361522,-0.1551949848770755,82.03643035888672,-0.00809190250313008,-0.10064932653277119,-0.13699999999999862,0.0329653484914916,-0.05454565834430432,82.17343035888672
0.007169925440781474,0.09454123299778995,1.446,0.001308996938995657,-0.019491212844848633,-0.12579603576660156,0,0,1.5,0.014695672301792124,-0.007169925440781474,-0.09454123299778995,0.05400000000000005,0.013386675362796467,0.002769764120312104,-0.004981677868428187,0.04884516129032326,0.018622663118779775,1425984606069,1,0.007016262151310453,0.09364293097423187,0.07499999999999483,0.02827860049067046,-0.1318070695170333,81.75056457519533,-0.007138834415221564,-0.09363366648387061,-0.07499999999999483,0.035417434905892026,-0.03817340303316269,81.82556457519532
