0,0,0.722,0,-0.003368053913116455,-0.02684410285949707,0,0,1,0,0,0,0.278,0,0,0,0.22240000000000004,0,0,0,0,0,0,0,0,0
-0.0014177318572998047,-0.000015786929925282795,0.72,-0.000541052068118275,-0.02126597785949707,-0.00023680394887924195,0,0,1,0,0.0014177318572998047,0.000015786929925282795,0.28,0.000541052068118275,0.008228076632508017,0.00009162245212198266,0.23516046060606066,0.0030003796504740705,0,0,0,0,0,0,0,0
-0.001137544541054454,-0.0019850807106534616,0.716,-0.0018500490071139408,0.004218791484832764,-0.029537128448486327,0,0,1,0,0.001137544541054454,0.0019850807106534616,0.28400000000000003,0.0018500490071139408,-0.0009861715747491507,0.011934322379593632,0.2505133822222223,0.008083367764236158,0,0,0,0,0,0,0,0
0.0006551012261993721,-0.004244227880369382,0.715,-0.0031241393610697003,0.026952333450317383,-0.03383740234375,0,0,1,0,-0.0006551012261993721,0.004244227880369382,0.28500000000000003,0.0031241393610697003,-0.009690904615712752,0.013927733658766182,0.23488789059701495,0.00882902154296116,0,0,0,0,0,0,0,0
0.005222072684638398,-0.007912166820848665,0.715,-0.0032986722862692335,0.0686761245727539,-0.0548047981262207,0,0,1,0,-0.005222072684638398,0.007912166820848665,0.28500000000000003,0.0032986722862692335,-0.02758879019391066,0.024024292930837063,0.23021121000000003,0.0041167953731420445,0,0,0,0,0,0,0,0
0.012848002754283614,-0.013004183927828178,0.717,-0.00333357887130914,0.11464028167724609,-0.07600251007080078,0,0,1,0,-0.012848002754283614,0.013004183927828178,0.28300000000000003,0.00333357887130914,-0.04749718164219783,0.033938266776100436,0.21839382923076928,0.00349468618687794,0,0,0,0,0,0,0,0
0.024481241452493755,-0.01975192093848089,0.719,-0.0036477381366681887,0.17483502197265624,-0.1006337890625,0,0,1,0,-0.024481241452493755,0.01975192093848089,0.281,0.0036477381366681887,-0.07490752949051971,0.04624038889596941,0.21734177923076925,0.005097703976786875,0,0,0,0,0,0,0,0
0.040167105844973384,-0.02950478671224693,0.727,-0.0018500490071139413,0.23582003784179686,-0.14543374633789063,0,0,1,0,-0.040167105844973384,0.02950478671224693,0.273,0.0018500490071139413,-0.10459840096700983,0.06731746246482562,0.17916643692307693,-0.0064469777446748925,0,0,0,0,0,0,0,0
0.05833907567293882,-0.03879143065361659,0.735,-0.0021816615649929987,0.2728367919921875,-0.13879513549804687,0,0,1,0,-0.05833907567293882,0.03879143065361659,0.265,0.0021816615649929987,-0.12418932692680623,0.06798366270124612,0.17458496522388062,0.0036664939137051955,0,0,0,0,0,0,0,0
0.07619787274391994,-0.04910724706112435,0.739,-0.0012566370614358617,0.2682189025878906,-0.15415245056152344,0,0,1,0,-0.07619787274391994,0.04910724706112435,0.261,0.0012566370614358617,-0.13745406881150463,0.08197028052676217,0.19144707777777775,-0.0031482415269314568,0,0,0,0,0,0,0,0
0.09549431139205464,-0.058403534671655905,0.745,-0.0018500490071139413,0.28962158203125,-0.13908047485351563,0,0,1,0,-0.09549431139205464,0.058403534671655905,0.255,0.0018500490071139413,-0.14727158979066576,0.07719658675463742,0.1785071470588235,0.004468042885105468,0,0,0,0,0,0,0,0
0.11444699083456894,-0.06724509205018718,0.755,-0.0008726646259971109,0.28453506469726564,-0.13209718322753905,0,0,1,0,-0.11444699083456894,0.06724509205018718,0.245,0.0008726646259971109,-0.1611487364807315,0.0821641300448045,0.14717239999999998,-0.0037088246604880313,0,0,0,0,0,0,0,0
0.13360493413111674,-0.07387154101730517,0.763,-0.00015707963267952473,0.2874557800292969,-0.0991459197998047,0,0,1,0,-0.13360493413111674,0.07387154101730517,0.237,0.00015707963267952473,-0.17032524184712097,0.07285398316989408,0.1528451269230769,-0.0031456203364785655,0,0,0,0,0,0,0,0
0.15347266397485126,-0.079253740573715,0.775,0.00003490658503990619,0.29802862548828124,-0.0806861801147461,0,0,1,0,-0.15347266397485126,0.079253740573715,0.22499999999999998,-0.00003490658503990619,-0.1825614159287749,0.06845847870776295,0.12313118636363632,-0.0009075712110373195,0,0,0,0,0,0,0,0
0.17158166618727086,-0.08273692726955016,0.786,0.0017278759594744335,0.27163320922851564,-0.05225728225708008,0,0,1,0,-0.17158166618727086,0.08273692726955016,0.21399999999999997,-0.0017278759594744335,-0.1838782836172913,0.06046750438368984,0.1191540807692307,-0.009541580764556867,0,0,0,0,0,0,0,0
0.1883742043680731,-0.08546103634981832,0.795,0.002949606435870388,0.2518170928955078,-0.041296806335449215,0,0,1,0,-0.1883742043680731,0.08546103634981832,0.20499999999999996,-0.002949606435870388,-0.18671929346172159,0.05802610484992261,0.12235969999999996,-0.008676468043976425,0,0,0,0,0,0,0,0
0.20341474730087175,-0.08695539459504895,0.81,0.002216568150032793,0.22554104614257814,-0.023080730438232423,0,0,1,0,-0.20341474730087175,0.08695539459504895,0.18999999999999995,-0.002216568150032793,-0.18230008043173687,0.051857830058295404,0.08040919545454538,0.0011154240583199117,0,0,0,0,0,0,0,0
0.2173448705774651,-0.08761246809319963,0.819,0.0026005405854715434,0.2089294891357422,-0.010319233894348145,0,0,1,0,-0.2173448705774651,0.08761246809319963,0.18100000000000005,-0.0026005405854715434,-0.18465431739398275,0.04785677592055532,0.10464606153846215,-0.004372721056727314,0,0,0,0,0,0,0,0
0.22565538529232032,-0.08705828201623378,0.831,0.002897246558310694,0.12467891693115235,0.007988585948944091,0,0,1,0,-0.22565538529232032,0.08705828201623378,0.16900000000000004,-0.002897246558310694,-0.1567293723998423,0.041248366109554,0.08208765411764704,-0.0042062434973069475,0,0,0,0,0,0,0,0
0.23202732675067028,-0.08675581483993279,0.841,0.003089232776029903,0.09559186553955078,0.004260072708129883,0,0,1,0,-0.23202732675067028,0.08675581483993279,0.15900000000000003,-0.003089232776029903,-0.15268648702231452,0.04232384382040473,0.08059731444444444,-0.004003452860407088,0,0,0,0,0,0,0,0
0.23491712816330138,-0.08590948139344808,0.85,0.0030368728984700986,0.04338603210449219,0.012561032295227051,0,0,1,0,-0.23491712816330138,0.08590948139344808,0.15000000000000002,-0.0030368728984700986,-0.13444487823826198,0.03907971136528411,0.08078383153846153,-0.0027952119251171553,0,0,0,0,0,0,0,0
0.23497263716283026,-0.08488274367799181,0.858,0.0020594885173532682,0.0008794021606445313,0.015398466110229492,0,0,1,0,-0.23497263716283026,0.08488274367799181,0.14200000000000002,-0.0020594885173532682,-0.11936161144020982,0.03773472399651094,0.08070228757575756,0.0023831677604505062,0,0,0,0,0,0,0,0
0.23293616199168615,-0.08375889024317984,0.862,-0.0003490658503988455,-0.03051234436035156,0.016920677185058595,0,0,1,0,-0.23293616199168615,0.08375889024317984,0.138,0.0003490658503988455,-0.10706111349952552,0.03652515071556129,0.09831648999999999,0.011639164449236879,0,0,0,0,0,0,0,0
0.22847837200445484,-0.08260953023215145,0.867,0.0015707963267949086,-0.06687286376953125,0.017217058181762696,0,0,1,0,-0.22847837200445484,0.08260953023215145,0.133,-0.0015707963267949086,-0.09248019243679441,0.0360559755040535,0.08993967848484848,-0.010297442586766518,0,0,0,0,0,0,0,0
0.22410530160237196,-0.08095857904626957,0.872,0.001082104136236549,-0.06555707550048828,0.02486727523803711,0,0,1,0,-0.22410530160237196,0.08095857904626957,0.128,-0.001082104136236549,-0.09053181890356563,0.032488476800318855,0.08578135307692307,0.0011733982817251107,0,0,0,0,0,0,0,0
0.216511649554101,-0.08057048176381174,0.877,0.0005410520681181627,-0.1138984146118164,0.005944712638854981,0,0,1,0,-0.216511649554101,0.08057048176381174,0.123,-0.0005410520681181627,-0.06953413197216589,0.03914678152913508,0.08202120307692307,0.0019561113231974657,0,0,0,0,0,0,0,0
0.2098279527137125,-0.07906095588429295,0.882,0.00045378560551856265,-0.1002431869506836,0.022697128295898438,0,0,1,0,-0.2098279527137125,0.07906095588429295,0.118,-0.00045378560551856265,-0.07122843053291045,0.03240494653421844,0.07825130307692306,-0.00005101731659733178,0,0,0,0,0,0,0,0
0.20199181574115052,-0.07783968410890536,0.889,-0.00020943951023944118,-0.11753372955322265,0.018372413635253906,0,0,1,0,-0.20199181574115052,0.07783968410890536,0.11099999999999999,0.00020943951023944118,-0.06187754165368751,0.0334974598792525,0.06267294787878784,0.0032240991273212766,0,0,0,0,0,0,0,0
0.19359881148306496,-0.07623067323585969,0.892,-0.0013962634015954893,-0.12590011596679687,0.024108795166015624,0,0,1,0,-0.19359881148306496,0.07623067323585969,0.10799999999999998,0.0013962634015954893,-0.05346097255178072,0.030418905094748067,0.08119526999999999,0.006959500392326965,0,0,0,0,0,0,0,0
0.1834038850585815,-0.0748768040665635,0.896,-0.0019373154697136534,-0.15295210266113282,0.02009449577331543,0,0,1,0,-0.1834038850585815,0.0748768040665635,0.10399999999999998,0.0019373154697136534,-0.041128553642079714,0.03151896529640997,0.07371503761194029,0.004359936670242746,0,0,0,0,0,0,0,0
0.17213044893886617,-0.07416996035176553,0.901,-0.004590215932745114,-0.16912176513671875,0.010275032997131348,0,0,1,0,-0.17213044893886617,0.07416996035176553,0.09899999999999998,0.004590215932745114,-0.026227155436822386,0.03435781187176032,0.0630198922222222,0.01722307528051397,0,0,0,0,0,0,0,0
0.16223617524418738,-0.07339039854648496,0.906,-0.00383972435438751,-0.14846621704101562,0.011012053489685059,0,0,1,0,-0.16223617524418738,0.07339039854648496,0.09399999999999997,0.00383972435438751,-0.032332413116793954,0.03387177427402251,0.060867207014925345,0.00047931430204003036,0,0,0,0,0,0,0,0
0.1517628210579319,-0.07296338616902145,0.911,-0.0030543261909901104,-0.15712374877929688,0.005801918029785157,0,0,1,0,-0.1517628210579319,0.07296338616902145,0.08899999999999997,0.0030543261909901104,-0.023341889236670132,0.03551430213148337,0.05664767848484843,-0.0004623820033266028,0,0,0,0,0,0,0,0
0.14261621624002194,-0.07194606073713852,0.914,-0.0012915436464757696,-0.1372450408935547,0.014840760231018067,0,0,1,0,-0.14261621624002194,0.07194606073713852,0.08599999999999997,0.0012915436464757696,-0.022763464049922674,0.031571739402930704,0.06398730612903221,-0.007377878703594758,0,0,0,0,0,0,0,0
0.13429315875648504,-0.07097736356283671,0.916,0.0000872664625997093,-0.1248645248413086,0.01436920166015625,0,0,1,0,-0.13429315875648504,0.07097736356283671,0.08399999999999996,-0.0000872664625997093,-0.026187202199817537,0.03174017155367515,0.06888304939393936,-0.006354585140215523,0,0,0,0,0,0,0,0
0.1269094074814551,-0.0699127922296534,0.922,0.0002443460952792336,-0.11075487518310546,0.015978235244750977,0,0,1,0,-0.1269094074814551,0.0699127922296534,0.07799999999999996,-0.0002443460952792336,-0.026956583014525165,0.03065805249313573,0.042533517692307635,-0.0009693290153385765,0,0,0,0,0,0,0,0
0.12253636996842904,-0.06805115700387511,0.925,0.0019373154697136501,-0.06558873748779297,0.027940555572509764,0,0,1,0,-0.12253636996842904,0.06805115700387511,0.07499999999999996,-0.0019373154697136501,-0.04106124854005093,0.025479585633710798,0.0564336138461538,-0.009751020274795573,0,0,0,0,0,0,0,0
0.1182139489436063,-0.06666583309654707,0.929,0.0026179938779915517,-0.06479593658447266,0.020905427932739258,0,0,1,0,-0.1182139489436063,0.06666583309654707,0.07099999999999995,-0.0026179938779915517,-0.039946555119871274,0.02761901278541731,0.048634647611940245,-0.005665807646400066,0,0,0,0,0,0,0,0
0.1146943667214421,-0.06468979911406879,0.932,0.0053058009260628074,-0.0527159538269043,0.029778621673583985,0,0,1,0,-0.1146943667214421,0.06468979911406879,0.06799999999999995,-0.0053058009260628074,-0.0415922644497313,0.02310272810400492,0.05085447999999995,-0.01790489646389682,0,0,0,0,0,0,0,0
0.11251498728811675,-0.0627718726026858,0.936,0.005497787143782127,-0.03253759002685547,0.02894194221496582,0,0,1,0,-0.11251498728811675,0.0627718726026858,0.06399999999999995,-0.005497787143782127,-0.04808830472666827,0.0226637058074287,0.04264706846153841,-0.0063838773794097576,0,0,0,0,0,0,0,0
0.1115115744309034,-0.06090039322107053,0.939,0.004398229715025679,-0.014896631240844727,0.02815451431274414,0,0,1,0,-0.1115115744309034,0.06090039322107053,0.061000000000000054,-0.004398229715025679,-0.05399120853896787,0.022017651301733263,0.04575063384615448,0.0006766507253886962,0,0,0,0,0,0,0,0
0.11079321736116758,-0.059406471254358016,0.943,0.004223696789826369,-0.010676692962646485,0.022456005096435548,0,0,1,0,-0.11079321736116758,0.059406471254358016,0.05700000000000005,-0.004223696789826369,-0.0552389613741099,0.023342305989553346,0.03727716846153849,-0.003418160211983399,0,0,0,0,0,0,0,0
0.11027203063425821,-0.05751282439275012,0.944,0.002024581932313362,-0.007697758674621582,0.028437469482421877,0,0,1,0,-0.11027203063425821,0.05751282439275012,0.05600000000000005,-0.002024581932313362,-0.056197709570403286,0.020586026258515917,0.05290430940298511,0.007822201011774728,0,0,0,0,0,0,0,0
0.10919368927516425,-0.05690453600828368,0.948,0.0018325957145941532,-0.016156614303588866,0.009157054901123047,0,0,1,0,-0.10919368927516425,0.05690453600828368,0.052000000000000046,-0.0018325957145941532,-0.05255386077457091,0.026883908964728823,0.03315303000000002,-0.0009326603190353616,0,0,0,0,0,0,0,0
0.10888985318858384,-0.05631619749331351,0.953,0.0009773843811168293,-0.0045413608551025395,0.008833415031433105,0,0,1,0,-0.10888985318858384,0.05631619749331351,0.04700000000000004,-0.0009773843811168293,-0.056707207946379866,0.026734882922447235,0.023774520000000014,0.0030314187445581262,0,0,0,0,0,0,0,0
0.10834018371038646,-0.05645747106107225,0.956,-0.0001745329251995342,-0.008247109413146972,-0.002111043930053711,0,0,1,0,-0.10834018371038646,0.05645747106107225,0.04400000000000004,0.0001745329251995342,-0.05525056742748513,0.030809435901811764,0.03289629909090911,0.005410520681183004,0,0,0,0,0,0,0,0
0.10955925068926942,-0.05688900981102359,0.96,-0.0017104226669545375,0.018287134170532227,-0.006469889640808106,0,0,1,0,-0.10955925068926942,0.05688900981102359,0.040000000000000036,0.0017104226669545375,-0.0654104351387759,0.03263667531436854,0.024144928461538477,0.008799144551977629,0,0,0,0,0,0,0,0
0.1105912600109003,-0.05733605370857983,0.966,-0.0032288591161894207,0.015491586685180664,-0.006679171085357666,0,0,1,0,-0.1105912600109003,0.05733605370857983,0.03400000000000003,0.0032288591161894207,-0.06482742260563504,0.03291024616954367,0.009608446417910449,0.010027828291868001,0,0,0,0,0,0,0,0
0.11063218783451577,-0.058149866171903514,0.971,-0.00500909495322377,0.0006533293724060059,-0.012205141067504883,0,0,1,0,-0.11063218783451577,0.058149866171903514,0.029000000000000026,0.00500909495322377,-0.059749084557027723,0.03540171298196372,0.010085203076923083,0.01322556804722846,0,0,0,0,0,0,0,0
0.1110695640787418,-0.05954024547011778,0.974,-0.004171336912266344,0.006665029048919678,-0.020822565078735353,0,0,1,0,-0.1110695640787418,0.05954024547011778,0.026000000000000023,0.004171336912266344,-0.06214011747969028,0.03912735563401293,0.018750669090909104,0.00036334581700531816,0,0,0,0,0,0,0,0
0.1106916781492634,-0.0612082040109586,0.976,-0.0033161255787892427,-0.005563875675201416,-0.025042804718017578,0,0,1,0,-0.1106916781492634,0.0612082040109586,0.02400000000000002,0.0033161255787892427,-0.05763603403517535,0.04174893287408735,0.02216834000000001,-0.0006926775468846713,0,0,0,0,0,0,0,0
0.10915784439921222,-0.06288664533689602,0.98,-0.00038397243543875174,-0.022923891067504882,-0.025252777099609373,0,0,1,0,-0.10915784439921222,0.06288664533689602,0.020000000000000018,0.00038397243543875174,-0.05074752862787644,0.042545142572118666,0.00840637846153846,-0.013149042072332744,0,0,0,0,0,0,0,0
0.10765319205129556,-0.06407971150409288,0.986,0.0013788101090754783,-0.022562911987304687,-0.017904657363891602,0,0,1,0,-0.10765319205129556,0.06407971150409288,0.014000000000000012,-0.0013788101090754783,-0.05034614137211205,0.0404730733176581,-0.006645621818181832,-0.009391458038685614,0,0,0,0,0,0,0,0
0.10611378743357182,-0.06496605565166508,0.989,-0.00040142572795864927,-0.023109378814697264,-0.013263311386108399,0,0,1,0,-0.10611378743357182,0.06496605565166508,0.01100000000000001,0.00040142572795864927,-0.049204949880558714,0.039478152185931585,0.006387429999999996,0.008746281214056122,0,0,0,0,0,0,0,0
0.10461531525035442,-0.06537968730384545,0.989,-0.002111848394913186,-0.02247459030151367,-0.006213497161865234,0,0,1,0,-0.10461531525035442,0.06537968730384545,0.01100000000000001,0.002111848394913186,-0.04887363637586884,0.037107517609628125,0.02281513000000001,0.010006106857780278,0,0,0,0,0,0,0,0
0.10291351211289822,-0.0665497454354763,0.993,-0.0013439035240355732,-0.025489925384521484,-0.0176047420501709,0,0,1,0,-0.10291351211289822,0.0665497454354763,0.007000000000000006,0.0013439035240355732,-0.047134640488583596,0.04171407587788202,-0.0015831312121212214,-0.002146754979953575,0,0,0,0,0,0,0,0
0.10109686222091153,-0.0680804819656087,0.995,-0.0009599310885969334,-0.0272188663482666,-0.02299764823913574,0,0,1,0,-0.10109686222091153,0.0680804819656087,0.0050000000000000044,0.0009599310885969334,-0.04538092704533174,0.04468937732222238,0.007101089999999997,-0.0008399397025216906,0,0,0,0,0,0,0,0
0.10054279962551696,-0.06938334018972796,0.998,0.0008901179185170074,-0.00829217529296875,-0.01955084228515625,0,0,1,0,-0.10054279962551696,0.06938334018972796,0.0020000000000000018,-0.0008901179185170074,-0.05225527617776872,0.04372265962471033,0.00020149352941175626,-0.009052098832254982,0,0,0,0,0,0,0,0
0.0998208241411569,-0.07187463755728425,1.001,0.00040142572795864775,-0.010862891197204589,-0.03735980606079101,0,0,1,0,-0.0998208241411569,0.07187463755728425,-0.0009999999999998899,-0.00040142572795864775,-0.050797993412099396,0.052148242342757,-0.003425886666665972,0.0019256799413668742,1425651576503,0,0,0,0,0,0,0
0.09923135270497921,-0.07431334967370273,1.004,0.0023387411976722996,-0.008856755256652832,-0.03657712936401367,0,0,1,0,-0.09923135270497921,0.07431334967370273,-0.0040000000000000036,-0.0023387411976722996,-0.05140465602234657,0.05270688792810074,-0.005320866153846764,-0.011280197211735309,1425651576503,0,0,0,0,0,0,0
0.09864535131322792,-0.07558305314370843,1.009,0.00342084533390885,-0.008834539413452148,-0.01902494239807129,0,0,1,0,-0.09864535131322792,0.07558305314370843,-0.008999999999999897,-0.00342084533390885,-0.05119445965942821,0.047096206705424325,-0.02010764692307626,-0.008415172116539082,1425651576503,0,0,0,0,0,0,0
0.09936787749790237,-0.07760835696944018,1.011,0.003385938748868943,0.010733905792236329,-0.030416454315185547,0,0,1,0,-0.09936787749790237,0.07760835696944018,-0.010999999999999899,-0.003385938748868943,-0.05866622959135454,0.052227921350383705,-0.005575250769230692,-0.003224831433300143,1425651576503,0,0,0,0,0,0,0
0.0984050966917694,-0.07888973307637752,1.013,0.003403392041388841,-0.014506709098815919,-0.019171632766723633,0,0,1,0,-0.0984050966917694,0.07888973307637752,-0.0129999999999999,-0.003403392041388841,-0.04933079302094971,0.04870973916896642,-0.006879911194029776,-0.003481541112373458,1425651576503,0,0,0,0,0,0,0
0.09947901731384969,-0.07936372393224772,1.015,0.002199114857512895,0.016084518432617188,-0.007164646148681641,0,0,1,0,-0.09947901731384969,0.07936372393224772,-0.014999999999999902,-0.002199114857512895,-0.04973950865692484,0.03968186196612386,-0.011999999999999922,-0.002199114857512895,1425651576503,0,0,0,0,0,0,0
0.09941586686004966,-0.08022640348526178,1.018,0.0036128315516282808,-0.000975711464881897,-0.012938078880310058,0,0,1,0,-0.09941586686004966,0.08022640348526178,-0.018000000000000016,-0.0036128315516282808,-0.049432512838406814,0.044810546498048914,-0.030588946153846778,-0.01013767783216083,1425651576894,0,0,0,0,0,0,0
0.10039889792722069,-0.08120518130228353,1.02,0.003909537524467431,0.01469232749938965,-0.014734844207763671,0,0,1,0,-0.10039889792722069,0.08120518130228353,-0.020000000000000018,-0.003909537524467431,-0.05562257276856607,0.04597786327290928,-0.026843330769230792,-0.005278949706801968,0,0,0,0,0,0,0,0
0.10123447311911037,-0.08240193022885639,1.017,0.0031241393610698096,0.012463351249694825,-0.018000097274780275,0,0,1,0,-0.10123447311911037,0.08240193022885639,-0.016999999999999904,-0.0031241393610698096,-0.05531216959744643,0.04780348958073501,0.0024465961538468403,0.0005007752392269024,0,0,0,0,0,0,0,0
0.1034865769504249,-0.08453406262656941,1.015,0.0025132741228718323,0.03368147659301758,-0.03208736801147461,0,0,1,0,-0.1034865769504249,0.08453406262656941,-0.014999999999999902,-0.0025132741228718323,-0.06377302799327536,0.05362016598268514,-0.0016896388059700635,0.00022194336159672267,0,0,0,0,0,0,0,0
0.10405958141451717,-0.08672717467446074,1.015,0.00253072741539173,0.008512361526489258,-0.03291817855834961,0,0,1,0,-0.10405958141451717,0.08672717467446074,-0.014999999999999902,-0.00253072741539173,-0.05549502501356439,0.05562780384764818,-0.012166199999999922,-0.002612539724078751,0,0,0,0,0,0,0,0
0.10594634664061116,-0.08932082728615166,1.013,0.0015533430342748998,0.028202930450439454,-0.038976287841796874,0,0,1,0,-0.10594634664061116,0.08932082728615166,-0.0129999999999999,-0.0015533430342748998,-0.06353315965250622,0.058954928934582755,0.00017768076923085734,0.002957661801648932,0,0,0,0,0,0,0,0
0.10932936210794424,-0.09242856789568142,1.013,0.0015009831567150953,0.05067276000976562,-0.046694877624511716,0,0,1,0,-0.10932936210794424,0.09242856789568142,-0.0129999999999999,-0.0015009831567150953,-0.07307755324046852,0.06308442296519415,-0.01061728999999992,-0.001262983713261439,0,0,0,0,0,0,0,0
0.11110161797597187,-0.09498295944553864,1.01,0.0021991148575128947,0.026526296615600586,-0.03835573196411133,0,0,1,0,-0.11110161797597187,0.09498295944553864,-0.010000000000000009,-0.0021991148575128947,-0.06578657694937556,0.06191129399615539,0.008169759999999401,-0.005471607205002579,0,0,0,0,0,0,0,0
0.1125563701703086,-0.09747942019732626,1.011,0.0012217304763960644,0.021738880157470702,-0.03749480819702149,0,0,1,0,-0.1125563701703086,0.09747942019732626,-0.010999999999999899,-0.0012217304763960644,-0.06449679329774242,0.062296719677772415,-0.014282480597014268,0.0031546174987539216,0,0,0,0,0,0,0,0
0.11254074423448523,-0.0996249308998046,1.01,0.0005934119456780782,-0.00027370738983154296,-0.032182350158691406,0,0,1,0,-0.11254074423448523,0.0996249308998046,-0.010000000000000009,-0.0005934119456780782,-0.05687610030814623,0.06212528375649323,-0.0028090500000006076,0.002351831167062482,0,0,0,0,0,0,0,0
0.11260197477564392,-0.1008699439428123,1.01,0.0004886921905583584,0.0009073758721351624,-0.018675737380981446,0,0,1,0,-0.11260197477564392,0.1008699439428123,-0.010000000000000009,-0.0004886921905583584,-0.05738747427426287,0.05758591096465875,-0.008297900000000006,-0.00001979776464916495,0,0,0,0,0,0,0,0
0.1117672513888569,-0.101721300046684,1.01,0.0011519173063162514,-0.012527090072631836,-0.01276422119140625,0,0,1,0,-0.1117672513888569,0.101721300046684,-0.010000000000000009,-0.0011519173063162514,-0.05208331276452403,0.05630163008984615,-0.008316800000000006,-0.004310132143258599,0,0,0,0,0,0,0,0
0.1110289739088476,-0.10243412363571089,1.008,-0.000017453292520009907,-0.011086471557617187,-0.010679590225219726,0,0,1,0,-0.1110289739088476,0.10243412363571089,-0.008000000000000007,0.000017453292520009907,-0.05244835472940369,0.055833148796093156,0.004036830769230772,0.005414548364071984,0,0,0,0,0,0,0,0
0.10919056134889642,-0.10231508726797868,1.003,-0.0013264502315156756,-0.02757621955871582,0.0017850642204284668,0,0,1,0,-0.10919056134889642,0.10231508726797868,-0.0029999999999998916,0.0013264502315156756,-0.04597399870126753,0.05138206908497026,0.023380972985075313,0.007187630555376865,0,0,0,0,0,0,0,0
0.10587922304826675,-0.10189052400883548,1.005,-0.0034033920413889538,-0.0496784782409668,0.006302558422088623,0,0,1,0,-0.10587922304826675,0.10189052400883548,-0.004999999999999893,0.0034033920413889538,-0.03588085862337259,0.04953499883906039,-0.015285529999999922,0.013139056775169945,0,0,0,0,0,0,0,0
0.10230490203907586,-0.10032175477380569,1.003,-0.005777039824101161,-0.0536945915222168,0.02334893035888672,0,0,1,0,-0.10230490203907586,0.10032175477380569,-0.0029999999999998916,0.005777039824101161,-0.03302273374102781,0.04269043472773506,0.008015350769230866,0.016732337282772885,0,0,0,0,0,0,0,0
0.09974878994334689,-0.09827937311623736,1.001,-0.006597344572538578,-0.03851802444458008,0.030413713455200195,0,0,1,0,-0.09974878994334689,0.09827937311623736,-0.0009999999999998899,0.006597344572538578,-0.03729217778680609,0.03918290475473051,0.009613400769230868,0.01038336648840358,1425651577937,0,0,0,0,0,0,0
0.09610290611339337,-0.09569204768658364,0.998,-0.0071034900556169464,-0.054943107604980466,0.0384482421875,0,0,1,0,-0.09610290611339337,0.09569204768658364,0.0020000000000000018,0.0071034900556169464,-0.02966370111497848,0.03501712925197861,0.01740191615384557,0.009439546131363262,1425651577937,0,0,0,0,0,0,0
0.09232516504386615,-0.09375724909075309,1.001,-0.008307767239493113,-0.05687084197998047,0.028618722915649413,0,0,1,0,-0.09232516504386615,0.09375724909075309,-0.0009999999999998899,0.008307767239493113,-0.028025038348813404,0.038086715012543106,-0.016595146470587584,0.013620754815417378,1425651577937,0,0,0,0,0,0,0
0.09022538163629745,-0.09036312693102908,0.998,-0.011205013797803476,-0.031918622970581054,0.05064841079711914,0,0,1,0,-0.09022538163629745,0.09036312693102908,0.0020000000000000018,0.011205013797803476,-0.034810780764997794,0.02754887066638066,0.017916476666666067,0.02500142598023377,1425651577937,0,0,0,0,0,0,0
0.08600151086427892,-0.08704255703561119,0.999,-0.012339477811600053,-0.06391217803955078,0.049095508575439456,0,0,1,0,-0.08600151086427892,0.08704255703561119,0.0010000000000000009,0.012339477811600053,-0.022356933196403143,0.02745687780486914,-0.004772060597014926,0.017419167425614574,1425651577937,0,0,0,0,0,0,0
0.08435450917811997,-0.083638633797229,0.997,-0.013316862192716659,-0.025333168029785157,0.0507501220703125,0,0,1,0,-0.08435450917811997,0.083638633797229,0.0030000000000000027,0.013316862192716659,-0.034501562896802285,0.02424318451499684,0.013168601111111126,0.017971073531367166,1425651578263,0,0,0,0,0,0,0
0.08059602239338552,-0.0803413871650725,0.998,-0.013823007675795028,-0.05703091812133789,0.04870356750488281,0,0,1,0,-0.08059602239338552,0.0803413871650725,0.0020000000000000018,0.013823007675795028,-0.02189415293377867,0.024072872365235868,-0.0040415803030303035,0.016123668962514884,1425651578329,0,0,0,0,0,0,0
0.07689577096786275,-0.07785135840151182,0.999,-0.013927727430914636,-0.05601474761962891,0.036579658508300784,0,0,1,0,-0.07689577096786275,0.07785135840151182,0.0010000000000000009,0.013927727430914636,-0.020403602304463454,0.027159940698311687,-0.004839600303030304,0.01440372631782195,1425651578395,0,0,0,0,0,0,0
0.07364738418508661,-0.07490032384865528,0.998,-0.01408480706359416,-0.049337574005126957,0.04358260726928711,0,0,1,0,-0.07364738418508661,0.07490032384865528,0.0020000000000000018,0.01408480706359416,-0.020958511705456335,0.023047620567121473,0.006651945384615393,0.014809789983653504,1425651578460,0,0,0,0,0,0,0
0.07090935865451935,-0.07366994973059063,0.994,-0.01389282084587484,-0.041326244354248046,0.01787533187866211,0,0,1,0,-0.07090935865451935,0.07366994973059063,0.006000000000000005,0.01389282084587484,-0.02215261725513957,0.031641159871593605,0.026353850000000026,0.012992885450315529,1425651578524,0,0,0,0,0,0,0
0.06718119568774063,-0.07259704829005155,0.994,-0.014974924982111278,-0.056140625,0.015315073013305664,0,0,1,0,-0.06718119568774063,0.07259704829005155,0.006000000000000005,0.014974924982111278,-0.015535891293730925,0.03219160281001795,0.004490730000000007,0.019893580146822357,1425651578590,0,0,0,0,0,0,0
0.06294488366268891,-0.07230221898408688,0.993,-0.014835298641951652,-0.06360377883911132,0.003470402479171753,0,0,1,0,-0.06294488366268891,0.07230221898408688,0.007000000000000006,0.014835298641951652,-0.010061249807210515,0.03616774266153475,0.010772920000000012,0.014180800172453403,1425651578654,0,0,0,0,0,0,0
0.05898940829250253,-0.07294485249668212,0.995,-0.015707963267948984,-0.059182601928710936,-0.010518619537353516,0,0,1,0,-0.05898940829250253,0.07294485249668212,0.0050000000000000044,0.015707963267948984,-0.011514759243991753,0.04136563614455049,-0.006285330000000001,0.019447954522223265,1425651578724,0,0,0,0,0,0,0
0.05477638680237807,-0.0738632860806008,0.994,-0.016074482410867837,-0.06297113418579102,-0.014767433166503906,0,0,1,0,-0.05477638680237807,0.0738632860806008,0.006000000000000005,0.016074482410867837,-0.0050459648221459485,0.04392644286937956,0.010263354918032798,0.017877035572763836,1425651578785,0,0,0,0,0,0,0
0.050481346716540566,-0.07506172409581638,0.998,-0.01525417766243031,-0.06412832641601562,-0.019009811401367187,0,0,1,0,-0.050481346716540566,0.07506172409581638,0.0020000000000000018,0.01525417766243031,-0.003977192854517468,0.045757878880550606,-0.020208911538461553,0.011468155746564795,1425651578850,0,0,0,0,0,0,0
0.045950811310141663,-0.0760187084542794,0.999,-0.015568336927789358,-0.06773116302490234,-0.01538969898223877,0,0,1,0,-0.045950811310141663,0.0760187084542794,0.0010000000000000009,0.015568336927789358,-0.0004737414525697696,0.04498564814545593,-0.004853115384615386,0.017018302767908045,1425651578915,0,0,0,0,0,0,0
0.04260430568669585,-0.07748373014829738,0.999,-0.016790067404185312,-0.04984939575195312,-0.02275412368774414,0,0,1,0,-0.04260430568669585,0.07748373014829738,0.0010000000000000009,0.016790067404185312,-0.005203726424675224,0.048504109070049574,0.000533450000000003,0.022428823449089717,1425651578980,0,0,0,0,0,0,0
0.03722193647216908,-0.07881324100664691,0.998,-0.0174009326423834,-0.08038933563232421,-0.02129534339904785,0,0,1,0,-0.03722193647216908,0.07881324100664691,0.0020000000000000018,0.0174009326423834,0.007559727926180423,0.048278296994747096,0.006561350597014933,0.020136150126852454,1425651579047,0,0,0,0,0,0,0
0.03536283590110916,-0.08066355602557447,0.996,-0.01692969374434494,-0.02739935302734375,-0.02823575019836426,0,0,1,0,-0.03536283590110916,0.08066355602557447,0.0040000000000000036,0.01692969374434494,-0.00948325186101926,0.052428783463374526,0.013882650000000015,0.014720761409789649,1425651579111,0,0,0,0,0,0,0
0.032128601206303405,-0.08213307849974202,0.995,-0.016563174601426197,-0.04813340759277344,-0.022860958099365235,0,0,1,0,-0.032128601206303405,0.08213307849974202,0.0050000000000000044,0.016563174601426197,-0.0009030510447295692,0.05089176448400264,0.009058080303030312,0.014897178497250098,1425651579177,0,0,0,0,0,0,0
0.02969542716297335,-0.08303983191045466,0.994,-0.0165457213089063,-0.036267333984375,-0.014203924179077149,0,0,1,0,-0.02969542716297335,0.08303983191045466,0.006000000000000005,0.0165457213089063,-0.0037553042572255387,0.04848871323398192,0.009951365384615395,0.016465167651122155,1425651579242,0,0,0,0,0,0,0
0.026681739096348408,-0.08306876987309746,0.991,-0.015446163880149738,-0.04519195175170899,-0.0011819305419921875,0,0,1,0,-0.026681739096348408,0.08306876987309746,0.009000000000000008,0.015446163880149738,0.001113863690258593,0.04383208234584911,0.023390280000000024,0.01029198843285336,1425651579306,0,0,0,0,0,0,0
0.024785247280026436,-0.08284276409578846,0.989,-0.016388641676226882,-0.02849634552001953,0.002950296878814697,0,0,1,0,-0.024785247280026436,0.08284276409578846,0.01100000000000001,0.016388641676226882,-0.0045285563299312485,0.04243570243103828,0.019053901194029867,0.020608691509408125,1425651579373,0,0,0,0,0,0,0
0.022492021430219566,-0.08280732040821583,0.989,-0.015952309363228105,-0.034402481079101564,-0.00003213369846343994,0,0,1,0,-0.022492021430219566,0.08280732040821583,0.01100000000000001,0.015952309363228105,-0.0007623062342937744,0.04345777180079812,0.00862726000000001,0.013907001646046337,1425651579437,0,0,0,0,0,0,0
0.02020223181948056,-0.08137600295964979,0.996,-0.014730578886832262,-0.03468495178222656,0.02091914176940918,0,0,1,0,-0.02020223181948056,0.08137600295964979,0.0040000000000000036,0.014730578886832262,0.00015801461977946185,0.035281746191034614,-0.03465724769230771,0.009091822841928368,1425651579502,0,0,0,0,0,0,0
0.018591841635086495,-0.07977146734561198,0.992,-0.013473941825396178,-0.024507755279541014,0.023709606170654297,0,0,1,0,-0.018591841635086495,0.07977146734561198,0.008000000000000007,0.013473941825396178,-0.0027071795884821385,0.03359861663909617,0.027789121538461563,0.007674078464921948,1425651579567,0,0,0,0,0,0,0
0.016854737517419546,-0.07728764382649922,0.994,-0.012653637076958872,-0.026556184768676758,0.036902896881103514,0,0,1,0,-0.016854737517419546,0.07728764382649922,0.006000000000000005,0.012653637076958872,-0.0011672773144886933,0.027672314666854193,-0.006106870769230771,0.008867615161094383,1425651579632,0,0,0,0,0,0,0
0.01565927069845016,-0.07455964522856907,0.999,-0.01169370598836205,-0.018448339462280274,0.040689804077148437,0,0,1,0,-0.01565927069845016,0.07455964522856907,0.0010000000000000009,0.01169370598836205,-0.003780691726934124,0.025692281006276442,-0.025070894117647076,0.0074587158916113675,1425651579700,0,0,0,0,0,0,0
0.01478603552604217,-0.07089028125176555,0.997,-0.012042771838760895,-0.013741244316101074,0.05488352966308594,0,0,1,0,-0.01478603552604217,0.07089028125176555,0.0030000000000000027,0.012042771838760895,-0.004655220868546806,0.017558073722429273,0.013381181111111124,0.013704990173993487,1425651579763,0,0,0,0,0,0,0
0.013290913155752813,-0.06833645087480625,0.996,-0.010140362954087037,-0.022886526107788085,0.03803460311889648,0,0,1,0,-0.013290913155752813,0.06833645087480625,0.0040000000000000036,0.010140362954087037,-0.000716946373388417,0.022959538316231307,0.008462485384615394,0.0013600142555923091,1425651579828,0,0,0,0,0,0,0
0.011609223257148414,-0.06375829197408661,0.997,-0.009337511498169629,-0.025920402526855468,0.06841306304931641,0,0,1,0,-0.011609223257148414,0.06375829197408661,0.0030000000000000027,0.009337511498169629,0.000983630064220465,0.010185818293443429,-0.003019220303030302,0.005688186698545046,1425651579894,0,0,0,0,0,0,0
0.010472155364195346,-0.060229725864559144,0.993,-0.0071383966406568435,-0.017549488067626955,0.052766925811767576,0,0,1,0,-0.010472155364195346,0.060229725864559144,0.007000000000000006,0.0071383966406568435,-0.0011542506217480835,0.01344135173435881,0.02737225000000003,-0.0031699542539343362,1425651579958,0,0,0,0,0,0,0
0.009921064454576908,-0.05581626334646067,0.993,-0.007627088831215203,-0.00873872470855713,0.06614124298095703,0,0,1,0,-0.009921064454576908,0.05581626334646067,0.007000000000000006,0.007627088831215203,-0.004224859209763454,0.00751346206928279,0.005511320000000008,0.009815262818789947,1425651580025,0,0,0,0,0,0,0
0.008160084678546727,-0.051484273200982304,0.995,-0.005969026041820582,-0.026909530639648436,0.06477649688720703,0,0,1,0,-0.008160084678546727,0.051484273200982304,0.0050000000000000044,0.005969026041820582,0.0032536923072721755,0.00511023220472644,-0.006848160769230772,-0.0016835714476930528,1425651580090,0,0,0,0,0,0,0
0.008307644192409838,-0.047245629670989366,0.996,-0.0037699111843076862,0.001833846926689148,0.06359173202514648,0,0,1,0,-0.008307644192409838,0.047245629670989366,0.0040000000000000036,0.0037699111843076862,-0.007102237440886778,0.0035242557208607223,-0.002255745384615383,-0.006379849696521065,1425651580155,0,0,0,0,0,0,0
0.006536448246720819,-0.043189692402132926,0.997,-0.004136430327226428,-0.026797107696533203,0.06073846817016602,0,0,1,0,-0.006536448246720819,0.043189692402132926,0.0030000000000000027,0.004136430327226428,0.004259956261560317,0.0021664867120116567,-0.0031341200000000002,0.005854488809658031,1425651580219,0,0,0,0,0,0,0
0.0031470223104668894,-0.039142247646759575,1,-0.0013439035240355637,-0.05109208297729492,0.06050085067749023,0,0,1,0,-0.0031470223104668894,0.039142247646759575,0,0.0013439035240355637,0.014240592816807002,0.0008857829692445404,-0.01597446090909092,-0.011349400126832,1425651580285,0,0,0,0,0,0,0
0.0006672696693992449,-0.035733437421961306,1.001,-0.0008203047484372974,-0.03726497268676758,0.051082118988037106,0,0,1,0,-0.0006672696693992449,0.035733437421961306,-0.0009999999999998899,0.0008203047484372974,0.010656003689128717,0.0025916601937450955,-0.006170380303029627,-0.0015596896861002764,1425651580351,0,0,0,0,0,0,0
-0.0010342327700664728,-0.03235777931555114,1.003,0.00015707963267953297,-0.025564064025878908,0.05061391830444336,0,0,1,0,0.0010342327700664728,0.03235777931555114,-0.0029999999999998916,-0.00015707963267953297,0.00766230488406142,0.0005409337692561141,-0.01341060999999992,-0.004738568919164675,1425651580415,0,0,0,0,0,0,0
-0.0015258665290568945,-0.028287872309268623,1.005,-0.002094395102393167,-0.007364916801452637,0.06104976272583008,0,0,1,0,0.0015258665290568945,0.028287872309268623,-0.004999999999999893,0.002094395102393167,0.0012512808132284915,-0.004929886227436273,-0.01485209076923069,0.01248581695657486,1425651580480,0,0,0,0,0,0,0
-0.0035804014062346865,-0.025013767913919984,1.005,-0.002757620218151171,-0.030920814514160157,0.049046913146972654,0,0,1,0,0.0035804014062346865,0.025013767913919984,-0.004999999999999893,0.002757620218151171,0.010528913326795857,-0.001998220282123181,-0.0040927599999999115,0.005772279835233006,1425651580546,0,0,0,0,0,0,0
-0.003817913092909204,-0.021514069337099092,1.005,-0.0020943951023931666,-0.0037074241638183594,0.05248545455932617,0,0,1,0,0.003817913092909204,0.021514069337099092,-0.004999999999999893,0.0020943951023931666,0.001053743958707373,-0.005510602334328596,-0.004102359999999912,-0.0010144726277224784,1425651580610,0,0,0,0,0,0,0
-0.004281509160179997,-0.018228249767551052,1.005,-0.0004712388980384523,-0.00705715274810791,0.04927262115478516,0,0,1,0,0.004281509160179997,0.018228249767551052,-0.004999999999999893,0.0004712388980384523,0.0023757176106700964,-0.004914446925239279,-0.004112559999999911,-0.00668974435646764,1425651580678,0,0,0,0,0,0,0
-0.0017006739139195654,-0.014920079654681801,1.005,-0.0008901179185169987,0.03868914031982422,0.04964078903198242,0,0,1,0,0.0017006739139195654,0.014920079654681801,-0.004999999999999893,0.0008901179185169987,-0.01563775840682975,-0.008025548572797223,-0.004122009999999911,0.002884779920795791,1425651580741,0,0,0,0,0,0,0
-0.00021648720863816291,-0.012293920162099462,1.003,-0.0006981317007977899,0.022227727890014648,0.039412193298339844,0,0,1,0,0.00021648720863816291,0.012293920162099462,-0.0029999999999998916,0.0006981317007977899,-0.009912422361039005,-0.004878394852262614,0.008078110606060705,-0.00017453292519861404,1425651580807,0,0,0,0,0,0,0
0.0020443396918547515,-0.009984427702626373,1.003,0.0024783675378319365,0.03388821029663086,0.034666053771972655,0,0,1,0,-0.0020443396918547515,0.009984427702626373,-0.0029999999999998916,-0.0024783675378319365,-0.01553735422729689,-0.004730184566258112,-0.002533709999999909,-0.01736820771890878,1425651580871,0,0,0,0,0,0,0
0.004818826949350077,-0.0075171231973701425,1.005,-0.000052359877559905905,0.04170890426635742,0.03690631103515625,0,0,1,0,-0.004818826949350077,0.0075171231973701425,-0.004999999999999893,0.000052359877559905905,-0.019277071171629648,-0.006413029188009482,-0.014749670606060524,0.011555666311159188,1425651580937,0,0,0,0,0,0,0
0.008281916984517775,-0.004942444138730887,1.005,0.0003141592653590581,0.05194432830810547,0.038622905731201175,0,0,1,0,-0.008281916984517775,0.004942444138730887,-0.004999999999999893,-0.0003141592653590581,-0.024665763651170708,-0.008266517214562076,-0.004153509999999911,-0.001980155369536167,1425651581003,0,0,0,0,0,0,0
0.012922982150980969,-0.002648232645155825,1.006,0.0012042771838761772,0.06962678527832031,0.034391300201416015,0,0,1,0,-0.012922982150980969,0.002648232645155825,-0.006000000000000005,-0.0012042771838761772,-0.034010520673457945,-0.00830479612940382,-0.010433780000000612,-0.005376704926925173,1425651581067,0,0,0,0,0,0,0
0.016887549921973874,-0.00015098330327113253,1.007,0.001780235837034248,0.059513584136962894,0.037387096405029296,0,0,1,0,-0.016887549921973874,0.00015098330327113253,-0.006999999999999895,-0.001780235837034248,-0.03197062895034681,-0.010453580781243378,-0.011163295384614703,-0.004438506543917651,1425651581132,0,0,0,0,0,0,0
0.021404460315484337,0.0019772185996045563,1.009,0.0016406094968747325,0.06781037902832031,0.03180236053466797,0,0,1,0,-0.021404460315484337,-0.0019772185996045563,-0.008999999999999897,-0.0016406094968747325,-0.03684885117073006,-0.009358178653340536,-0.01800256060606053,-0.0010059443143314805,1425651581198,0,0,0,0,0,0,0
0.026246043624242543,0.004480870272515795,1.009,0.0024958208303518343,0.07268526458740235,0.03743557739257813,0,0,1,0,-0.026246043624242543,-0.004480870272515795,-0.008999999999999897,-0.0024958208303518343,-0.0414034540308429,-0.01280819918923266,-0.0074140499999999126,-0.0064429500617846115,1425651581262,0,0,0,0,0,0,0
0.03272968836562108,0.006967624540794023,1.007,0.0026005405854715538,0.09734746551513672,0.03705846786499024,0,0,1,0,-0.03272968836562108,-0.006967624540794023,-0.006999999999999895,-0.0026005405854715538,-0.05246692728492583,-0.013565550687740884,0.0046196411940299465,-0.003069435011380745,1425651581330,0,0,0,0,0,0,0
0.038148511240134866,0.009387549110561593,1.005,0.00333357887130926,0.08137646484375,0.03608736801147461,0,0,1,0,-0.038148511240134866,-0.009387549110561593,-0.004999999999999893,-0.00333357887130926,-0.051435157846915394,-0.015234945144559257,0.006873541111111211,-0.006824237375298336,1425651581393,0,0,0,0,0,0,0
0.043861403750124796,0.011086905705975496,1.007,0.004729842272904636,0.08577788543701172,0.02520454216003418,0,0,1,0,-0.043861403750124796,-0.011086905705975496,-0.006999999999999895,-0.004729842272904636,-0.05497727138921714,-0.011798186210990803,-0.016620450769230688,-0.011174134895652527,1425651581458,0,0,0,0,0,0,0
0.04989680545401775,0.01200000960850182,1.004,0.0053407075111027245,0.09059479522705079,0.013268209457397461,0,0,1,0,-0.04989680545401775,-0.01200000960850182,-0.0040000000000000036,-0.0053407075111027245,-0.058794892057029244,-0.007882342260544212,0.012212381791044212,-0.008075924995571776,1425651581525,0,0,0,0,0,0,0
0.056091564320365044,0.012016788798048574,1,0.003944444109507126,0.09292140197753906,-0.00024457931518554686,0,0,1,0,-0.056091564320365044,-0.012016788798048574,0,-0.003944444109507126,-0.06481471835483024,-0.0032215743924986686,0.021962962222222247,0.0027044292314242968,1425651581588,0,0,0,0,0,0,0
0.06187931201457081,0.011321313100840608,1.003,0.0025830872929516555,0.0867743911743164,-0.010774495124816895,0,0,1,0,-0.06187931201457081,-0.011321313100840608,-0.0029999999999998916,-0.0025830872929516555,-0.06312522093666409,0.0007913370067654563,-0.018106556470587582,0.003422898662440124,1425651581656,0,0,0,0,0,0,0
0.06345390146020984,0.0099533067934729,1,0.0009075712110370258,0.023565757751464845,-0.02058103561401367,0,0,1,0,-0.06345390146020984,-0.0099533067934729,0,-0.0009075712110370258,-0.042910332922018776,0.0054894502942365985,0.01640128666666607,0.007071076798080259,1425651581719,0,0,0,0,0,0,0
0.06719879170654391,0.008708442248028744,0.997,-0.00169296937443463,0.056156383514404294,-0.018723941802978514,0,0,1,0,-0.06719879170654391,-0.008708442248028744,0.0030000000000000027,0.00169296937443463,-0.05655793466407846,0.005314127105885964,0.018546630000000022,0.013883003368833016,1425651581783,0,0,0,0,0,0,0
0.06944784739614038,0.006843817074239806,0.995,-0.0030019663134301846,0.033783138275146486,-0.02791222381591797,0,0,1,0,-0.06944784739614038,-0.006843817074239806,0.0050000000000000044,0.0030019663134301846,-0.04917524002865141,0.009322233591009584,0.014356340606060624,0.008951952399773614,1425651581849,0,0,0,0,0,0,0
0.07070224951793383,0.00473754214520552,0.993,-0.006178465552060022,0.018910791397094725,-0.03153749656677246,0,0,1,0,-0.07070224951793383,-0.00473754214520552,0.007000000000000006,0.006178465552060022,-0.04467606004010524,0.011825608239844151,0.01613316076923079,0.020839231268813117,1425651581914,0,0,0,0,0,0,0
0.07075970053347469,0.0021882854838656406,0.991,-0.0063180918922194265,0.001098004698753357,-0.03823279571533203,0,0,1,0,-0.07075970053347469,-0.0021882854838656406,0.009000000000000008,0.0063180918922194265,-0.0382978388290926,0.015074302442116655,0.01742978119402987,0.006943284460097357,1425651581981,0,0,0,0,0,0,0
0.07067386086537544,-0.0003273066752778721,0.996,-0.0076096355386953045,-0.0010491647720336913,-0.03774126434326172,0,0,1,0,-0.07067386086537544,0.0003273066752778721,0.0040000000000000036,0.0076096355386953045,-0.037530597335716356,0.016772440208292227,-0.024354050000000012,0.013663746381550983,1425651582045,0,0,0,0,0,0,0
0.06908987786932663,-0.0031818016641691283,0.995,-0.00891863247769097,-0.02343323516845703,-0.042996986389160156,0,0,1,0,-0.06908987786932663,0.0031818016641691283,0.0050000000000000044,0.00891863247769097,-0.028723810733731175,0.019814968885994863,0.009184065384615398,0.014960156811517114,1425651582110,0,0,0,0,0,0,0
0.06803717947783929,-0.006465636359607375,0.996,-0.010227629416686857,-0.015350543975830078,-0.04939638900756836,0,0,1,0,-0.06803717947783929,0.006465636359607375,0.0040000000000000036,0.010227629416686857,-0.031102448959979056,0.02377291808644691,-0.0023773653846153792,0.01626915375051403,1425651582175,0,0,0,0,0,0,0
0.06595765855297073,-0.00822091717962607,0.995,-0.011728612573401954,-0.03092190170288086,-0.026646858215332032,0,0,1,0,-0.06595765855297073,0.00822091717962607,0.0050000000000000044,0.011728612573401954,-0.02474683402598881,0.01628210485909127,0.009120180303030316,0.018551263285743302,1425651582241,0,0,0,0,0,0,0
0.06326147634822245,-0.010161377896941656,0.998,-0.013927727430914628,-0.04009857559204102,-0.029579235076904298,0,0,1,0,-0.06326147634822245,0.010161377896941656,0.0020000000000000018,0.013927727430914628,-0.020384356687730087,0.018087571052507544,-0.01425047179104478,0.023774510375001227,1425651582308,0,0,0,0,0,0,0
0.060401595453875544,-0.01217711808380344,0.997,-0.01652826801638628,-0.04247294616699219,-0.030830625534057618,0,0,1,0,-0.060401595453875544,0.01217711808380344,0.0030000000000000027,0.01652826801638628,-0.017188775960277902,0.02016493423355327,0.007782395555555569,0.02891179461387034,1425651582371,0,0,0,0,0,0,0
0.0566575786578031,-0.014172664168988082,0.994,-0.018832102629018896,-0.05565785980224609,-0.03085729217529297,0,0,1,0,-0.0566575786578031,0.014172664168988082,0.006000000000000005,0.018832102629018896,-0.01138775423034535,0.02055594600164818,0.020547810909090934,0.029304078140985332,1425651582437,0,0,0,0,0,0,0
0.0538005274159002,-0.014563993377734773,0.99,-0.020909044438892174,-0.042737632751464846,-0.006675913810729981,0,0,1,0,-0.0538005274159002,0.014563993377734773,0.010000000000000009,0.020909044438892174,-0.014464711405056003,0.01228579311875621,0.029396681538461568,0.03049492971523038,1425651582502,0,0,0,0,0,0,0
0.04915342354930054,-0.014964832614204102,0.989,-0.0219736952826086,-0.06956561279296875,-0.007468665599822998,0,0,1,0,-0.04915342354930054,0.014964832614204102,0.01100000000000001,0.0219736952826086,-0.0025343642948498953,0.012547147719773537,0.014064285384615403,0.02688746840745365,1425651582567,0,0,0,0,0,0,0
0.04714625202335974,-0.014345196761064051,0.988,-0.024172810140121497,-0.03030452346801758,0.008630772590637208,0,0,1,0,-0.04714625202335974,0.014345196761064051,0.01200000000000001,0.024172810140121497,-0.015940670606769444,0.006802484797569864,0.014806460303030324,0.03416878676518011,1425651582633,0,0,0,0,0,0,0
0.044243109661620254,-0.014327827793187317,0.987,-0.026022859147235438,-0.04354071044921875,-0.0007920957207679749,0,0,1,0,-0.044243109661620254,0.014327827793187317,0.013000000000000012,0.026022859147235438,-0.009529643847872329,0.009995535896098839,0.015713395384615407,0.034561546872376704,1425651582698,0,0,0,0,0,0,0
0.04171651636185745,-0.0142564046062773,0.985,-0.027366762671271118,-0.03791394424438477,0.00008485865592956543,0,0,1,0,-0.04171651636185745,0.0142564046062773,0.015000000000000013,0.027366762671271118,-0.010108043685135735,0.009671878059821637,0.022895080000000026,0.03366631044018837,1425651582762,0,0,0,0,0,0,0
0.040595177670164295,-0.014639176312618065,0.982,-0.029461157773664183,-0.016656673431396485,-0.006199679374694824,0,0,1,0,-0.040595177670164295,0.014639176312618065,0.018000000000000016,0.029461157773664183,-0.017353090742197163,0.012324453349767353,0.030546526153846183,0.039127596707786025,1425651582827,0,0,0,0,0,0,0
0.03758464466888939,-0.015332329579609574,0.982,-0.029338984726024676,-0.04483212661743164,-0.01172300148010254,0,0,1,0,-0.03758464466888939,0.015332329579609574,0.018000000000000016,0.029338984726024676,-0.005699669516692745,0.014352281324070779,0.01442778000000002,0.028775109121534647,1425651582892,0,0,0,0,0,0,0
0.03686466865450202,-0.01655692821493826,0.984,-0.0287281194878267,-0.010256142616271972,-0.018677879333496093,0,0,1,0,-0.03686466865450202,0.01655692821493826,0.016000000000000014,0.0287281194878267,-0.01781387442018044,0.017640467088524712,0.0024121788059701613,0.025992902003358145,1425651582959,0,0,0,0,0,0,0
0.035606629025088876,-0.017292257011975662,0.987,-0.0272969495011913,-0.018545982360839843,-0.01156742286682129,0,0,1,0,-0.035606629025088876,0.017292257011975662,0.013000000000000012,0.0272969495011913,-0.014088807356571129,0.015643370840104892,-0.005921349999999999,0.020588340188837873,1425651583023,0,0,0,0,0,0,0
0.03471068171903462,-0.0172337251186853,0.987,-0.02780309498426967,-0.013458166122436523,0.0005108474493026733,0,0,1,0,-0.03471068171903462,0.0172337251186853,0.013000000000000012,0.02780309498426967,-0.01571896822203002,0.011288805722886612,0.010510250000000016,0.030139151060015985,1425651583088,0,0,0,0,0,0,0
0.035059914245849116,-0.017186284667106838,0.986,-0.027488935718910625,0.005216681003570557,0.0008569591641426086,0,0,1,0,-0.035059914245849116,0.017186284667106838,0.014000000000000012,0.027488935718910625,-0.022488620707466333,0.011355085371574002,0.01633965000000002,0.026142538867371858,1425651583158,0,0,0,0,0,0,0
0.035009335142645016,-0.016388420585907903,0.988,-0.027070056698431967,-0.001087345004081726,0.01194258689880371,0,0,1,0,-0.035009335142645016,0.016388420585907903,0.01200000000000001,0.027070056698431967,-0.020472052165994493,0.006973074546156158,-0.0008426506060605979,0.025166061150801708,1425651583224,0,0,0,0,0,0,0
0.03466400893787854,-0.015914141982501302,0.991,-0.02628465853503468,-0.005370553016662598,0.006971369743347168,0,0,1,0,-0.03466400893787854,0.015914141982501302,0.009000000000000008,0.02628465853503468,-0.01875921449819463,0.008462422172514597,-0.008527860909090908,0.02271466688322882,1425651583290,0,0,0,0,0,0,0
0.03394561810305218,-0.015234585493868417,0.994,-0.02509783464367841,-0.011040038108825683,0.00990661907196045,0,0,1,0,-0.03394561810305218,0.015234585493868417,0.006000000000000005,0.02509783464367841,-0.01632431972671781,0.006931183321647232,-0.011413500000000004,0.019534597652945893,1425651583354,0,0,0,0,0,0,0
0.03453721372576452,-0.014587946342678822,0.995,-0.024486969405480542,0.008627726554870605,0.009919225692749023,0,0,1,0,-0.03453721372576452,0.014587946342678822,0.0050000000000000044,0.024486969405480542,-0.023756781496480372,0.006851767336596143,-0.0011821153846153787,0.02166759138302885,1425651583419,0,0,0,0,0,0,0
0.03460296738950528,-0.014725012919187605,0.996,-0.02361430477948321,0.0010363494157791138,-0.002031233072280884,0,0,1,0,-0.03460296738950528,0.014725012919187605,0.0040000000000000036,0.02361430477948321,-0.020980693554999257,0.011149825801623887,-0.001974315384615379,0.019586621890264753,1425651583484,0,0,0,0,0,0,0
0.03522038992526146,-0.01602734861688813,0.995,-0.02284635990860582,0.009720019340515137,-0.019310909271240233,0,0,1,0,-0.03522038992526146,0.01602734861688813,0.0050000000000000044,0.02284635990860582,-0.024282822771796428,0.01808593746426143,0.009604665384615399,0.019301998966094785,1425651583549,0,0,0,0,0,0,0
0.03592392162536679,-0.018000642194653207,0.998,-0.021816615649929184,0.011226401329040528,-0.029350603103637695,0,0,1,0,-0.03592392162536679,0.018000642194653207,0.0020000000000000018,0.021816615649929184,-0.024955553048373144,0.022228905976913932,-0.01361704647058824,0.017273626273414618,1425651583617,0,0,0,0,0,0,0
0.03675525112124565,-0.020351600708714303,0.995,-0.021729349187329362,0.013236263275146484,-0.034983955383300784,0,0,1,0,-0.03675525112124565,0.020351600708714303,0.0050000000000000044,0.021729349187329362,-0.026391751759186163,0.026321429255214066,0.02090024666666669,0.021313794603520685,1425651583680,0,0,0,0,0,0,0
0.036687030481284036,-0.02462844894555112,0.993,-0.019739673840055906,0.00037081921100616457,-0.0641598129272461,0,0,1,0,-0.036687030481284036,0.02462844894555112,0.007000000000000006,0.019739673840055906,-0.0213956489022056,0.038444164045511035,0.01661646076923079,0.010556556852639955,1425651583745,0,0,0,0,0,0,0
0.03767056796290866,-0.02850250151983651,0.996,-0.02007128639793474,0.015897201538085937,-0.05780826568603516,0,0,1,0,-0.03767056796290866,0.02850250151983651,0.0040000000000000036,0.02007128639793474,-0.027575216474581218,0.03823081723721086,-0.012698816153846154,0.02160180589583706,1425651583810,0,0,0,0,0,0,0
0.03606113311551241,-0.033954768109906885,0.994,-0.019041542139258107,-0.022495260238647462,-0.08225204467773438,0,0,1,0,-0.03606113311551241,0.033954768109906885,0.006000000000000005,0.019041542139258107,-0.012963446577342256,0.049032612534235534,0.015672970606060627,0.014360886418000676,1425651583876,0,0,0,0,0,0,0
0.03567889063609184,-0.03896631188933193,0.991,-0.016632987771505882,-0.004301271438598633,-0.0752686996459961,0,0,1,0,-0.03567889063609184,0.03896631188933193,0.009000000000000008,0.016632987771505882,-0.019334322889253422,0.04883066321600035,0.0231566417910448,0.0058484159756004,1425651583943,0,0,0,0,0,0,0
0.03403051395649828,-0.042737874253343126,0.988,-0.01617920216598743,-0.023781288146972657,-0.056976852416992185,0,0,1,0,-0.03403051395649828,0.042737874253343126,0.01200000000000001,0.01617920216598743,-0.011370714624885038,0.04551678719286287,0.026574346666666696,0.014018318330185272,1425651584006,0,0,0,0,0,0,0
0.033136950659732774,-0.04689596614680312,0.985,-0.017697638615222534,-0.012392620086669921,-0.06258006286621094,0,0,1,0,-0.033136950659732774,0.04689596614680312,0.015000000000000013,0.017697638615222534,-0.01529162553950411,0.04906291685325085,0.02849077615384618,0.024705806842461483,1425651584071,0,0,0,0,0,0,0
0.03221224607159482,-0.050112992202010764,0.983,-0.018483036778619934,-0.013014434814453125,-0.0484932975769043,0,0,1,0,-0.03221224607159482,0.050112992202010764,0.017000000000000015,0.018483036778619934,-0.01475829155048686,0.045374765531942945,0.024576650606060634,0.022053028430426294,1425651584137,0,0,0,0,0,0,0
0.029578941395679837,-0.05282512255047458,0.982,-0.01883210262901889,-0.03874094009399414,-0.04140503692626953,0,0,1,0,-0.029578941395679837,0.05282512255047458,0.018000000000000016,0.01883210262901889,-0.003963421240859263,0.04453661497136448,0.020273900000000025,0.02046834880276399,1425651584201,0,0,0,0,0,0,0
0.026296213024494218,-0.05489420614135605,0.983,-0.019565140914856373,-0.04864775085449219,-0.03195800590515137,0,0,1,0,-0.026296213024494218,0.05489420614135605,0.017000000000000015,0.019565140914856373,0.00040802057910403755,0.041584618665766154,0.008815439402985091,0.022847401896218242,1425651584268,0,0,0,0,0,0,0
0.02465647906106054,-0.05590332387926672,0.979,-0.020228366030614266,-0.024295167922973634,-0.015615062713623047,0,0,1,0,-0.02465647906106054,0.05590332387926672,0.02100000000000002,0.020228366030614266,-0.006969178516757242,0.036834922667195465,0.039154640000000046,0.023337233760729388,1425651584332,0,0,0,0,0,0,0
0.022272423597775568,-0.05671842450797605,0.979,-0.018552849948699636,-0.03550621032714844,-0.012947341918945313,0,0,1,0,-0.022272423597775568,0.05671842450797605,0.02100000000000002,0.018552849948699636,-0.001921701247600615,0.03614973071363928,0.017320590000000025,0.010819698801401345,1425651584397,0,0,0,0,0,0,0
0.020520568481045182,-0.05663098070237064,0.979,-0.02036799237077367,-0.026297637939453125,0.0008239307403564453,0,0,1,0,-0.020520568481045182,0.05663098070237064,0.02100000000000002,0.02036799237077367,-0.004606398219273607,0.031290664721804445,0.017362170000000024,0.02861863974383746,1425651584463,0,0,0,0,0,0,0
0.01976156272641255,-0.05625037433086002,0.978,-0.022130774915288122,-0.01149899959564209,0.005476036071777344,0,0,1,0,-0.01976156272641255,0.05625037433086002,0.02200000000000002,0.022130774915288122,-0.009442927064862912,0.029551222506783246,0.023589685384615408,0.030266694351508666,1425651584528,0,0,0,0,0,0,0
0.018744850040909172,-0.05478320142355178,0.982,-0.022008601867648393,-0.01573396110534668,0.021664722442626953,0,0,1,0,-0.018744850040909172,0.05478320142355178,0.018000000000000016,0.022008601867648393,-0.007559102169949167,0.023002502248990336,-0.006498291538461534,0.021444726263157337,1425651584593,0,0,0,0,0,0,0
0.01942366189129872,-0.05299419662685894,0.983,-0.022095868330248212,0.009589157104492187,0.027052650451660155,0,0,1,0,-0.01942366189129872,0.05299419662685894,0.017000000000000015,0.022095868330248212,-0.017040880976335205,0.020409505135611208,0.008888704615384631,0.02249863661917045,1425651584658,0,0,0,0,0,0,0
0.018585078190880382,-0.04956824157707214,0.987,-0.02268928027592629,-0.013711084365844726,0.051098865509033205,0,0,1,0,-0.018585078190880382,0.04956824157707214,0.013000000000000012,0.02268928027592629,-0.008463077999523025,0.009914399451083116,-0.010439791538461538,0.025428104640594352,1425651584723,0,0,0,0,0,0,0
0.01878159342718261,-0.04533177877773168,0.988,-0.022881266493645722,0.0015052591562271119,0.06359746170043945,0,0,1,0,-0.01878159342718261,0.04533177877773168,0.01200000000000001,0.022881266493645722,-0.0141471533126664,0.0034613612100218016,0.004937454615384628,0.023767356729273863,1425651584788,0,0,0,0,0,0,0
0.018872646996492822,-0.04105024004027298,0.991,-0.02249729405820686,-0.00010393118858337402,0.06423751831054687,0,0,1,0,-0.018872646996492822,0.04105024004027298,0.009000000000000008,0.02249729405820686,-0.01362281878011341,0.0017935711318205413,-0.007731481791044775,0.020778014496540317,1425651584855,0,0,0,0,0,0,0
0.017321885608247184,-0.0364078244746644,0.992,-0.0219387886975688,-0.02482202911376953,0.0690953369140625,0,0,1,0,-0.017321885608247184,0.0364078244746644,0.008000000000000007,0.0219387886975688,-0.0039021447768029724,-0.00352629863176359,0.0016867700000000084,0.019320794819577883,1425651584919,0,0,0,0,0,0,0
0.01659222063983375,-0.031756161139228536,0.994,-0.021485003092050124,-0.01247299575805664,0.06951805877685546,0,0,1,0,-0.01659222063983375,0.031756161139228536,0.006000000000000005,0.021485003092050124,-0.008099858363446604,-0.005490696630358401,-0.005202010769230766,0.01939060798965624,1425651584984,0,0,0,0,0,0,0
0.014298054686609404,-0.02665491872664937,0.998,-0.021362830044410617,-0.036048423767089846,0.07576168060302735,0,0,1,0,-0.014298054686609404,0.02665491872664937,0.0020000000000000018,0.021362830044410617,0.0012748542526676374,-0.010028350727259844,-0.01884094121212122,0.020807498009685586,1425651585050,0,0,0,0,0,0,0
0.013204868484201484,-0.021269620379497874,1.001,-0.021589722847169732,-0.018119598388671877,0.0804107666015625,0,0,1,0,-0.013204868484201484,0.021269620379497874,-0.0009999999999998899,0.021589722847169732,-0.004374673287669088,-0.015106194582766715,-0.01643698999999931,0.022653282860103086,1425651585114,0,0,0,0,0,0,0
0.0107868619509603,-0.015759074857885212,1.006,-0.020472712125893387,-0.038046073913574216,0.08185591888427735,0,0,1,0,-0.0107868619509603,0.015759074857885212,-0.006000000000000005,0.020472712125893387,0.003480118149479995,-0.017186490256753395,-0.030162202985075222,0.015471171582864974,1425651585181,0,0,0,0,0,0,0
0.009304413524550897,-0.009710538226433196,1.004,-0.02061233846605301,-0.024089385986328125,0.09025382232666015,0,0,1,0,-0.009304413524550897,0.009710538226433196,-0.0040000000000000036,0.02061233846605301,-0.0003088500424985371,-0.024496046701947827,0.008487020000000014,0.02126683693555124,1425651585245,0,0,0,0,0,0,0
0.007668442846309633,-0.003561394232833205,1,-0.02050761871093329,-0.026435436248779295,0.09171178436279297,0,0,1,0,-0.007668442846309633,0.003561394232833205,0,0.02050761871093329,0.0012060838596831443,-0.02760114443939707,0.022287981538461562,0.02002429676422689,1425651585310,0,0,0,0,0,0,0
0.00662046254260502,0.0033930065340910605,0.997,-0.021153390534171285,-0.017855522155761718,0.10397172546386718,0,0,1,0,-0.00662046254260502,-0.0033930065340910605,0.0030000000000000027,0.021153390534171285,-0.001525897069055782,-0.034849206863434457,0.01906455090909093,0.024088717003434897,1425651585376,0,0,0,0,0,0,0
0.006437760479732151,0.010809729251372087,0.993,-0.02178170906488927,-0.005093074798583984,0.11116798400878906,0,0,1,0,-0.006437760479732151,-0.010809729251372087,0.007000000000000006,0.02178170906488927,-0.00599698560551484,-0.04224529080250991,0.02824390000000003,0.02472695217762983,1425651585440,0,0,0,0,0,0,0
0.004636684007107024,0.01767317133240464,0.994,-0.023247785636564464,-0.029252023696899415,0.10233879852294922,0,0,1,0,-0.004636684007107024,-0.01767317133240464,0.006000000000000005,0.023247785636564464,0.003171494329613284,-0.04045536736236328,0.00043408117647059617,0.029715770511602083,1425651585508,0,0,0,0,0,0,0
0.0033324468901627675,0.024097500176647156,0.993,-0.024853488548399277,-0.02179833984375,0.09588412475585938,0,0,1,0,-0.0033324468901627675,-0.024097500176647156,0.007000000000000006,0.024853488548399277,0.0016837803050882161,-0.04348946242858717,0.011863330000000017,0.032380220947624966,1425651585572,0,0,0,0,0,0,0
0.00011228691496542996,0.02999519790073759,0.994,-0.02689552377323265,-0.05048593139648438,0.08723778533935547,0,0,1,0,-0.00011228691496542996,-0.02999519790073759,0.006000000000000005,0.02689552377323265,0.013771491560132847,-0.04357749427895717,0.00013735000000000743,0.03646756388963908,1425651585636,0,0,0,0,0,0,0
-0.0019097508244356103,0.036101209186502815,0.992,-0.030106929596902064,-0.03278266525268555,0.09074138641357422,0,0,1,0,0.0019097508244356103,-0.036101209186502815,0.008000000000000007,0.030106929596902064,0.008061397423360567,-0.047279453587158043,0.017990930769230792,0.044928802629222435,1425651585701,0,0,0,0,0,0,0
-0.005108444430960268,0.04215341658859672,0.992,-0.033196162372932186,-0.050691448211669925,0.08929764556884766,0,0,1,0,0.005108444430960268,-0.04215341658859672,0.008000000000000007,0.033196162372932186,0.015999904000014803,-0.050043243789218934,0.007237300000000014,0.04745415980076352,1425651585766,0,0,0,0,0,0,0
-0.008186440248278654,0.04847341238344399,0.99,-0.03471459882216729,-0.04929091644287109,0.09321532440185547,0,0,1,0,0.008186440248278654,-0.04847341238344399,0.010000000000000009,0.03471459882216729,0.01639973464705942,-0.05366181319066012,0.019305161194029873,0.04151356799784687,1425651585833,0,0,0,0,0,0,0
-0.011511653467122922,0.05415569831843626,0.99,-0.036425021489121495,-0.05280642700195313,0.0834517822265625,0,0,1,0,0.011511653467122922,-0.05415569831843626,0.010000000000000009,0.036425021489121495,0.020175385877472484,-0.054597713606150414,0.008876600000000014,0.04444262774046932,1425651585897,0,0,0,0,0,0,0
-0.012940591452977455,0.06045627452475146,0.991,-0.039287361462392284,-0.024861570358276366,0.09366539001464844,0,0,1,0,0.012940591452977455,-0.06045627452475146,0.009000000000000008,0.039287361462392284,0.010407787926583239,-0.060638476653226636,0.0027095346153846248,0.05249816133902669,1425651585962,0,0,0,0,0,0,0
-0.015028798022183003,0.06641874694219752,0.99,-0.039968039870670075,-0.034811771392822266,0.08813778686523438,0,0,1,0,0.015028798022183003,-0.06641874694219752,0.010000000000000009,0.039968039870670075,0.015011567686405894,-0.061842326184320506,0.014298265384615403,0.04310963252425988,1425651586027,0,0,0,0,0,0,0
-0.016891926659058015,0.07221809648826291,0.99,-0.040840704496667185,-0.031400514602661134,0.08580408477783204,0,0,1,0,0.016891926659058015,-0.07221809648826291,0.010000000000000009,0.040840704496667185,0.014590319077431,-0.0634381705723604,0.008933450000000015,0.04480736188756314,1425651586093,0,0,0,0,0,0,0
-0.017960881905955114,0.07855294843811628,0.991,-0.04075343803406769,-0.01990067672729492,0.09428887176513671,0,0,1,0,0.017960881905955114,-0.07855294843811628,0.009000000000000008,0.04075343803406769,0.011012156522234157,-0.07001327085156323,0.0027663846153846254,0.040350669745146936,1425651586158,0,0,0,0,0,0,0
-0.019125904203717254,0.08465927487472222,0.991,-0.043127085816779785,-0.021192598342895507,0.0908068618774414,0,0,1,0,0.019125904203717254,-0.08465927487472222,0.009000000000000008,0.043127085816779785,0.012124383628890163,-0.07189094060412554,0.008168550000000014,0.05408238327545099,1425651586223,0,0,0,0,0,0,0
-0.019708826230024973,0.08995937028975182,0.991,-0.042830379843940856,-0.012163302421569825,0.07905052947998047,0,0,1,0,0.019708826230024973,-0.08995937028975182,0.009000000000000008,0.042830379843940856,0.009294269302031278,-0.07025821793999454,0.008186100000000014,0.04146096766160734,1425651586288,0,0,0,0,0,0,0
-0.020551301250107637,0.09393052691478923,0.99,-0.04279547325890106,-0.015176048278808594,0.05897163391113281,0,0,1,0,0.020551301250107637,-0.09393052691478923,0.010000000000000009,0.04279547325890106,0.011126458201288724,-0.06514902684120379,0.014390215384615403,0.04263436594333277,1425651586353,0,0,0,0,0,0,0
-0.01979455693345715,0.09870399761836164,0.99,-0.043057272646700194,0.008277462959289552,0.07202213287353515,0,0,1,0,0.01979455693345715,-0.09870399761836164,0.010000000000000009,0.043057272646700194,0.0021497714610224927,-0.07192007252201499,0.009025100000000015,0.04426557751346542,1425651586418,0,0,0,0,0,0,0
-0.021117689887055372,0.10166979338143213,0.993,-0.04309217923173999,-0.021743494033813475,0.043591411590576175,0,0,1,0,0.021117689887055372,-0.10166979338143213,0.007000000000000006,0.04309217923173999,0.013812152443275204,-0.06326074831806196,-0.009032471791044775,0.043248477373709224,0,0,0,0,0,0,0,0
-0.020228401230412828,0.10399979853712503,0.998,-0.04185299546282414,0.011821337699890137,0.03549227523803711,0,0,1,0,0.020228401230412828,-0.10399979853712503,0.0020000000000000018,0.04185299546282414,0.0016052683871546798,-0.061741563520754716,-0.024700740000000013,0.03604432154603108,0,0,0,0,0,0,0,0
-0.018117648207253482,0.10577100676889784,0.996,-0.043720497762457865,0.03052193832397461,0.027869590759277342,0,0,1,0,0.018117648207253482,-0.10577100676889784,0.0040000000000000036,0.043720497762457865,-0.00594062751370361,-0.05949097819000662,0.015020040769230789,0.05233973914538276,0,0,0,0,0,0,0,0
-0.014521819473771024,0.10652085877022298,0.997,-0.04269075350378123,0.053394287109375,0.013594451904296876,0,0,1,0,0.014521819473771024,-0.10652085877022298,0.0030000000000000027,0.04269075350378123,-0.015725664214911336,-0.05443553227722858,-0.001927955384615379,0.037938087694504456,0,0,0,0,0,0,0,0
-0.011839011467356955,0.10612270101117086,1.002,-0.042638393626221543,0.04046034240722656,-0.004249480247497559,0,0,1,0,0.011839011467356955,-0.10612270101117086,-0.0020000000000000018,0.042638393626221543,-0.012143107407219418,-0.048123842135943735,-0.027470316923076936,0.04239673265286915,0,0,0,0,0,0,0,0
-0.006736207372755561,0.10526841798612491,1.005,-0.04394739056521721,0.07701870727539062,-0.00953995704650879,0,0,1,0,0.006736207372755561,-0.10526841798612491,-0.004999999999999893,0.04394739056521721,-0.02690054623043038,-0.04544848433947076,-0.018628931791044117,0.0498085708890784,0,0,0,0,0,0,0,0
0.0007036757052009755,0.10159178464271233,0.987,-0.046338491640449425,0.11391339111328125,-0.05019337844848633,0,0,1,0,-0.0007036757052009755,-0.10159178464271233,0.013000000000000012,0.046338491640449425,-0.04465135940427825,-0.02803127033204504,0.10990516999999948,0.05754677793060044,0,0,0,0,0,0,0,0
0.007959627988527342,0.09765698084572799,0.967,-0.04523893421169297,0.11145646667480469,-0.053917057037353514,0,0,1,0,-0.007959627988527342,-0.09765698084572799,0.03300000000000003,0.04523893421169297,-0.04666816101639344,-0.0250465290072052,0.1352243276923078,0.04016405377127856,1425651586940,0,0,0,0,0,0,0
0.01425590686016235,0.09430618898014127,0.931,-0.04640830481052923,0.09662057495117188,-0.04593935775756836,0,0,1,0,-0.01425590686016235,-0.09430618898014127,0.06899999999999995,0.04640830481052923,-0.04465809457487044,-0.02657711172785151,0.2503127238461534,0.05180539988208121,1425651586940,0,0,0,0,0,0,0
0.019573694663357517,0.09088399152475365,0.903,-0.04806636759992374,0.0820623550415039,-0.047577178955078125,0,0,1,0,-0.019573694663357517,-0.09088399152475365,0.09699999999999998,0.04806636759992374,-0.04206091331716929,-0.024540595957259333,0.22982495076923087,0.05571896508943686,1425651586940,0,0,0,0,0,0,0
0.024363394134840153,0.08632903870637677,0.869,-0.05133013330115329,0.07504534912109374,-0.06479335784912109,0,0,1,0,-0.024363394134840153,-0.08632903870637677,0.131,0.05133013330115329,-0.040858662644386985,-0.016953647423238516,0.28413097029850765,0.06594400957531545,0,0,0,0,0,0,0,0
0.028284023047374155,0.08153698652209478,0.825,-0.05492551156026156,0.062420005798339846,-0.06876873779296876,0,0,1,0,-0.028284023047374155,-0.08153698652209478,0.17500000000000004,0.05492551156026156,-0.038927622340822476,-0.01260179210520972,0.37898335692307716,0.0715195650638382,0,0,0,0,0,0,0,0
0.031783985489980134,0.07693444754374812,0.783,-0.05913175505756781,0.05621031188964844,-0.06605186462402343,0,0,1,0,-0.031783985489980134,-0.07693444754374812,0.21699999999999997,0.05913175505756781,-0.03872728616104202,-0.010982983539995706,0.40576441999999957,0.07884852145119087,0,0,0,0,0,0,0,0
0.03443803431894206,0.07302652434733552,0.736,-0.062168627956038024,0.04320536804199219,-0.05616368865966797,0,0,1,0,-0.03443803431894206,-0.07302652434733552,0.264,0.062168627956038024,-0.03522730784577768,-0.01320396085514983,0.46726864307692334,0.07618496441051592,0,0,0,0,0,0,0,0
0.036134230306659916,0.06869013759002429,0.693,-0.06586872597026613,0.029434991836547852,-0.06333940887451171,0,0,1,0,-0.036134230306659916,-0.06869013759002429,0.30700000000000005,0.06586872597026613,-0.03080320099843638,-0.009127775952921517,0.4772298830303032,0.08268735330766663,0,0,0,0,0,0,0,0
0.03733941205106943,0.06617781434424538,0.645,-0.06843435997069777,0.02051898193359375,-0.036413230895996095,0,0,1,0,-0.03733941205106943,-0.06617781434424538,0.355,0.06843435997069777,-0.028826572471111204,-0.017588355763807007,0.5428479345454541,0.0800963326999325,0,0,0,0,0,0,0,0
0.03893184713970984,0.064788062128897,0.598,-0.07375761418928035,0.025256103515625,-0.019164104461669922,0,0,1,0,-0.03893184713970984,-0.064788062128897,0.402,0.07375761418928035,-0.0319652204773405,-0.02265766289158182,0.5837055700000002,0.0987103683388862,0,0,0,0,0,0,0,0
0.03914259195604731,0.06586412897099261,0.55,-0.07656759428499123,0.001963134765625,0.016330066680908202,0,0,1,0,-0.03914259195604731,-0.06586412897099261,0.44999999999999996,0.07656759428499123,-0.0245221859595571,-0.036632921496969804,0.6244133584615381,0.08953673318827218,0,0,0,0,0,0,0,0
0.03891360341351354,0.06892274689291475,0.504,-0.07906341511534327,-0.006934198379516601,0.045482109069824216,0,0,1,0,-0.03891360341351354,-0.06892274689291475,0.496,0.07906341511534327,-0.022065190521202344,-0.04888230528863099,0.6514113276923079,0.09058258817850656,0,0,0,0,0,0,0,0
0.04087935092351845,0.07131415247095664,0.456,-0.0816814089933346,0.026560964584350585,0.0380878791809082,0,0,1,0,-0.04087935092351845,-0.07131415247095664,0.544,0.0816814089933346,-0.03489244536797488,-0.0465316804250952,0.7016413584615386,0.0937644576609869,0,0,0,0,0,0,0,0
0.0424973991251942,0.07218001894145343,0.41,-0.08374089751068788,0.023130104064941405,0.014924957275390624,0,0,1,0,-0.0424973991251942,-0.07218001894145343,0.5900000000000001,0.08374089751068788,-0.03359763904735366,-0.03865935806148892,0.7214642274626868,0.09296248788689654,0,0,0,0,0,0,0,0
0.05109816891296984,0.059646814795188324,0.362,-0.08611454529340018,0.14428419494628905,-0.17654835510253905,0,0,1,0,-0.05109816891296984,-0.059646814795188324,0.638,0.08611454529340018,-0.07651369594047495,0.04063321327989594,0.7832906799999997,0.0972410192748641,0,0,0,0,0,0,0,0
0.05994707179632364,0.04748536903176316,0.318,-0.08738863564735605,0.14793144226074217,-0.17032954406738282,0,0,1,0,-0.05994707179632364,-0.04748536903176316,0.6819999999999999,0.08738863564735605,-0.08158959180459574,0.04362681845375534,0.7942436569230764,0.09326905266561392,0,0,0,0,0,0,0,0
0.07448207190862557,0.041148756771735684,0.28,-0.08983209660014796,0.22548867797851563,-0.0756578140258789,0,0,1,0,-0.07448207190862557,-0.041148756771735684,0.72,0.08983209660014796,-0.11952295182490039,0.015403889796649133,0.7937399646153848,0.10110960868995678,0,0,0,0,0,0,0,0
0.08838952295876344,0.03386846374094504,0.239,-0.09014625586550701,0.21756747436523438,-0.09004922485351563,0,0,1,0,-0.08838952295876344,-0.03386846374094504,0.761,0.09014625586550701,-0.12202126357182647,0.02350907782151211,0.8408556024242426,0.09157425252622996,0,0,0,0,0,0,0,0
0.10139256238977,0.026018464830843944,0.214,-0.08979719001510816,0.20485397338867187,-0.09971304321289062,0,0,1,0,-0.10139256238977,-0.026018464830843944,0.786,0.08979719001510816,-0.12379358015584094,0.030438072631572187,0.7775633975757578,0.08821052705874978,0,0,0,0,0,0,0,0
0.11344157042494676,0.018346534413866848,0.203,-0.08920377806943008,0.19032681274414062,-0.0984075927734375,0,0,1,0,-0.11344157042494676,-0.018346534413866848,0.7969999999999999,0.08920377806943008,-0.12682818733674855,0.03458938342685837,0.7154741299999994,0.08642215957406409,0,0,0,0,0,0,0,0
0.12494699834432203,0.010609475325993472,0.179,-0.08655087760639874,0.182234130859375,-0.10021994018554688,0,0,1,0,-0.12494699834432203,-0.010609475325993472,0.821,0.08655087760639874,-0.1287214083342385,0.03815623474023093,0.8053495992307693,0.07430672162317713,0,0,0,0,0,0,0,0
0.13115315412309017,0.007579819184933902,0,-0.08066911802717786,0.09667225646972656,-0.03722756576538086,0,0,1,0,-0.13115315412309017,-0.007579819184933902,1,0.08066911802717786,-0.10337519347822571,0.014318581599293091,1.785114983846154,0.05352253535385072,0,0,0,0,0,0,0,0
