0,0,0.715,0,-0.020890893936157225,0.0012210863828659058,0,0,0.5,0,0,0,-0.21499999999999997,0,0,0,-0.172,0,0,0,0,0,0,0,0,0
-0.0013384429931640625,0.0012304527282714845,0.714,0,-0.020076644897460937,0.018456790924072267,0,0,0.5,0,0.0013384429931640625,-0.0012304527282714845,-0.21399999999999997,0,0.007877092216949462,-0.0071411665674063944,-0.1673093696969697,0,0,0,0,0,0,0,0,0
-0.0016536062240600587,0.0018085814793904623,0.709,-0.0002967059728389288,-0.004727448463439941,0.008671931266784668,0,0,0.5,0,0.0016536062240600587,-0.0018085814793904623,-0.20899999999999996,0.0002967059728389288,0.0025000846439258693,-0.00401927938402122,-0.14304782307692304,0.0016661181551724461,0,0,0,0,0,0,0,0
-0.001588240206372775,0.001913421441629458,0.707,-0.0006981317007976884,0.0009800236225128173,0.0015728902816772462,0,0,0.5,0,0.001588240206372775,-0.001913421441629458,-0.20699999999999996,0.0006981317007976884,0.00045049173719195035,-0.0015159307524504144,-0.15913103939393936,0.002522794100610232,0,0,0,0,0,0,0,0
-0.0013919587028565245,0.0014105924476388444,0.702,-0.0008552113334774348,0.0029494874477386476,-0.007540377616882324,0,0,0.5,0,0.0013919587028565245,-0.0014105924476388444,-0.20199999999999996,0.0008552113334774348,-0.0003735346607667626,0.0020403965229865186,-0.13968614999999993,0.0015915221116637463,0,0,0,0,0,0,0,0
0.00015275265946557522,0.0011295816604994975,0.696,-0.0008552113334774349,0.023174266815185546,-0.0041953444480895994,0,0,0.5,0,-0.00015275265946557522,-0.0011295816604994975,-0.19599999999999995,0.0008552113334774349,-0.008390251725151737,0.0009434566352641056,-0.13119620769230766,0.0008552113334774355,0,0,0,0,0,0,0,0
0.003933675745428753,-0.0010777618264854825,0.687,-0.0010122909661569592,0.05674214172363281,-0.03306163787841797,0,0,0.5,0,-0.003933675745428753,0.0010777618264854825,-0.18700000000000006,0.0010122909661569592,-0.022324410207742885,0.012420389615420293,-0.10905786153846214,0.0017372738862163023,0,0,0,0,0,0,0,0
0.00898720132385832,-0.003991735921035985,0.68,-0.000575958653158182,0.07584709167480469,-0.04363285446166992,0,0,0.5,0,-0.00898720132385832,0.003991735921035985,-0.18000000000000005,0.000575958653158182,-0.03129728721265735,0.017447208434900142,-0.11598618787878788,-0.0014073700422908054,0,0,0,0,0,0,0,0
0.014976768478167021,-0.00864367174633837,0.67,-0.0009075712110371283,0.08988368225097657,-0.06972727966308594,0,0,0.5,0,-0.014976768478167021,0.00864367174633837,-0.17000000000000004,0.0009075712110371283,-0.03975432185604939,0.02937478702170654,-0.09236624615384617,0.002438090708939958,0,0,0,0,0,0,0,0
0.02095172841712097,-0.013608260920562493,0.663,-0.0010646508437166526,0.08969194793701171,-0.07438746643066406,0,0,0.5,0,-0.02095172841712097,0.013608260920562493,-0.16300000000000003,0.0010646508437166526,-0.042676766212471906,0.03354944501107248,-0.10397959230769233,0.0017896337637759957,0,0,0,0,0,0,0,0
0.026238166080274555,-0.01910204735404679,0.654,-0.0007330382858377062,0.0793842544555664,-0.08232232666015625,0,0,0.5,0,-0.026238166080274555,0.01910204735404679,-0.15400000000000003,0.0007330382858377062,-0.041629612213075845,0.03915827826230338,-0.08701136153846153,-0.0007974812120651233,0,0,0,0,0,0,0,0
0.033387216677826514,-0.025585048412239797,0.645,-0.000663225115757893,0.10730701446533203,-0.0971663818359375,0,0,0.5,0,-0.033387216677826514,0.025585048412239797,-0.14500000000000002,0.000663225115757893,-0.05525529346483751,0.0477429493597609,-0.08075386153846151,0.0003410104846202934,0,0,0,0,0,0,0,0
0.040804797549622095,-0.03391725248518827,0.636,-0.0009599310885968217,0.11134658050537109,-0.12490924072265625,0,0,0.5,0,-0.040804797549622095,0.03391725248518827,-0.136,0.0009599310885968217,-0.05924509207508343,0.06054974790602061,-0.07591167462686566,0.0022884652953382937,0,0,0,0,0,0,0,0
0.04745801541718414,-0.04138105476480405,0.629,-0.0014137166941152748,0.09990569305419922,-0.11186118316650391,0,0,0.5,0,-0.04745801541718414,0.04138105476480405,-0.129,0.0014137166941152748,-0.06081536425207111,0.06224684814337367,-0.0792504111111111,0.003574600529917432,0,0,0,0,0,0,0,0
0.05473049918282186,-0.04921324374246048,0.62,-0.0017104226669544256,0.10925323486328126,-0.11732849884033203,0,0,0.5,0,-0.05473049918282186,0.04921324374246048,-0.12,0.0017104226669544256,-0.06668438744172146,0.06690268828485071,-0.06325776153846151,0.0030798348492889678,0,0,0,0,0,0,0,0
0.06043193065626523,-0.05870615360564821,0.614,-0.0024958208303518248,0.08576490020751953,-0.14224716186523437,0,0,0.5,0,-0.06043193065626523,0.05870615360564821,-0.11399999999999999,0.0024958208303518248,-0.06065032415817874,0.07985575268194023,-0.07585351818181817,0.006065812482158184,0,0,0,0,0,0,0,0
0.06569108144572779,-0.06631898937831063,0.61,-0.0022689280275924872,0.0791720199584961,-0.11399529266357422,0,0,0.5,0,-0.06569108144572779,0.06631898937831063,-0.10999999999999999,0.0022689280275924872,-0.06184805885058771,0.07499612168480138,-0.08330069999999998,0.0012053680146580925,0,0,0,0,0,0,0,0
0.06911386160496859,-0.07563836387435909,0.608,-0.0022514747350728115,0.05165874481201172,-0.13967376708984375,0,0,0.5,0,-0.06911386160496859,0.07563836387435909,-0.10799999999999998,0.0022514747350728115,-0.05272496919931576,0.08675709061109711,-0.09385153880597012,0.002173325664089189,0,0,0,0,0,0,0,0
0.07230583144860833,-0.08433590763527087,0.602,-0.0020071286397933537,0.04817316055297852,-0.1303550262451172,0,0,0.5,0,-0.07230583144860833,0.08433590763527087,-0.10199999999999998,0.0020071286397933537,-0.053943120073961924,0.09004123030870259,-0.06733959999999997,0.0008617563181708952,0,0,0,0,0,0,0,0
0.07462244293424757,-0.0915478737355353,0.597,-0.003089232776029904,0.03496623229980469,-0.10810952758789062,0,0,0.5,0,-0.07462244293424757,0.0915478737355353,-0.09699999999999998,0.003089232776029904,-0.05016790716803367,0.08497569065108511,-0.06985952307692306,0.008083559558660136,1425655245019,0,0,0,0,0,0,0
0.07594870639921338,-0.09808356383970152,0.594,-0.002984513020910517,0.02019671058654785,-0.09797342681884766,0,0,0.5,0,-0.07594870639921338,0.09808356383970152,-0.09399999999999997,0.002984513020910517,-0.04533610466921901,0.08361725279738866,-0.07934075820895521,0.002515618595002815,1425655245019,0,0,0,0,0,0,0
0.07648648591732163,-0.1047178252454087,0.593,-0.003961897402027015,0.008363656997680664,-0.09948940277099609,0,0,0.5,0,-0.07648648591732163,0.1047178252454087,-0.09299999999999997,0.003961897402027015,-0.04162220452969146,0.08858373139412638,-0.08943228461538459,0.00847290223794931,0,0,0,0,0,0,0,0
0.07571603080924771,-0.11138189153786976,0.591,-0.00432841654494598,-0.011160701751708984,-0.10000599670410157,0,0,0.5,0,-0.07571603080924771,0.11138189153786976,-0.09099999999999997,0.00432841654494598,-0.0343054669040114,0.09160607604836478,-0.08321143939393935,0.005994412649123093,0,0,0,0,0,0,0,0
0.07443673884262932,-0.11571336585072517,0.591,-0.004642575810305028,-0.018907974243164063,-0.0650545654296875,0,0,0.5,0,-0.07443673884262932,0.11571336585072517,-0.09099999999999997,0.004642575810305028,-0.030691285259089082,0.08256871331748467,-0.09439079999999997,0.006138572312014783,0,0,0,0,0,0,0,0
0.07336071457632928,-0.11981524540054915,0.589,-0.004450589592585486,-0.015854541778564452,-0.06160246276855469,0,0,0.5,0,-0.07336071457632928,0.11981524540054915,-0.08899999999999997,0.004450589592585486,-0.03151415836419948,0.08272083054919839,-0.0826000692307692,0.0035644993569568313,0,0,0,0,0,0,0,0
0.07123758156961021,-0.1226507851057736,0.586,-0.0046251225177849084,-0.03165738296508789,-0.04267441177368164,0,0,0.5,0,-0.07123758156961021,0.1226507851057736,-0.08599999999999997,0.0046251225177849084,-0.024860618455834614,0.07739957040274727,-0.0753744538461538,0.005430659095628395,0,0,0,0,0,0,0,0
0.06839694822845944,-0.12496458736445644,0.584,-0.004921828490623837,-0.04244852066040039,-0.034903736114501954,0,0,0.5,0,-0.06839694822845944,0.12496458736445644,-0.08399999999999996,0.004921828490623837,-0.01985373373473348,0.07564082093232496,-0.07987663939393935,0.006270492003528059,0,0,0,0,0,0,0,0
0.06656309257954551,-0.12726380236962084,0.582,-0.0053581608036226145,-0.027337757110595703,-0.03462319564819336,0,0,0.5,0,-0.06656309257954551,0.12726380236962084,-0.08199999999999996,0.0053581608036226145,-0.024607070602329646,0.07644099920702611,-0.07914618235294114,0.007283156302146631,0,0,0,0,0,0,0,0
0.06311359233299187,-0.12775847024854606,0.575,-0.0057246799465413565,-0.05170200347900391,-0.007697154998779297,0,0,0.5,0,-0.06311359233299187,0.12775847024854606,-0.07499999999999996,0.0057246799465413565,-0.012887428542318138,0.06772582848019475,-0.04478917096774187,0.00749815967034172,0,0,0,0,0,0,0,0
0.059481105180588176,-0.12815653950581313,0.572,-0.005375614096142734,-0.05445223236083984,-0.0062828617095947266,0,0,0.5,0,-0.059481105180588176,0.12815653950581313,-0.07199999999999995,0.005375614096142734,-0.01102328674203588,0.06735913474465514,-0.0662194538461538,0.003764540940456786,0,0,0,0,0,0,0,0
0.05611965933013723,-0.12797510693736236,0.568,-0.004869468613064144,-0.050435588836669924,0.0024504029750823976,0,0,0.5,0,-0.05611965933013723,0.12797510693736236,-0.06799999999999995,0.004869468613064144,-0.010838494759735945,0.06423120783376608,-0.0580768384615384,0.002533412537316803,0,0,0,0,0,0,0,0
0.052516582390476595,-0.1273599362223478,0.564,-0.005288347633542579,-0.05409044647216797,0.008964276313781739,0,0,0.5,0,-0.052516582390476595,0.1273599362223478,-0.06399999999999995,0.005288347633542579,-0.008350191726351815,0.06177231987086178,-0.05594857761194024,0.007163925337177364,0,0,0,0,0,0,0,0
0.04994270982335941,-0.1270930502200436,0.565,-0.004380776422505895,-0.038628719329833985,0.0037990620136260987,0,0,0.5,0,-0.04994270982335941,0.1270930502200436,-0.06499999999999995,0.004380776422505895,-0.01267138669289743,0.06356520055283922,-0.08323315882352937,0.00043481463538987825,0,0,0,0,0,0,0,0
0.047651281394183405,-0.12697083589574026,0.563,-0.003839724354387509,-0.0343791275024414,0.0016826242208480835,0,0,0.5,0,-0.047651281394183405,0.12697083589574026,-0.06299999999999994,0.003839724354387509,-0.012073408352941866,0.06427879450198631,-0.06577188888888882,0.001221730476395318,0,0,0,0,0,0,0,0
0.04541713489535125,-0.126162718117501,0.56,-0.0034033920413889538,-0.03355849456787109,0.011993000030517578,0,0,0.5,0,-0.04541713489535125,0.126162718117501,-0.06000000000000005,0.0034033920413889538,-0.01168599457197824,0.060284306426706555,-0.05871915384615447,0.0013895505967802375,0,0,0,0,0,0,0,0
0.043631084266716594,-0.12530699604894238,0.56,-0.0027750735106710786,-0.02683428955078125,0.012744577407836914,0,0,0.5,0,-0.043631084266716594,0.12530699604894238,-0.06000000000000005,0.0027750735106710786,-0.012927972957430414,0.05953278072923425,-0.07525100000000004,-0.00021691949274737403,0,0,0,0,0,0,0,0
0.042173508684492184,-0.12431445127190405,0.56,-0.0017976891295539152,-0.02190486526489258,0.014827441215515137,0,0,0.5,0,-0.042173508684492184,0.12431445127190405,-0.06000000000000005,0.0017976891295539152,-0.014648139383189249,0.05876636730716904,-0.07565900000000003,-0.0025143007871394523,0,0,0,0,0,0,0,0
0.040844638100480696,-0.12357681694273599,0.561,-0.0011344640137962445,-0.019952917098999025,0.011028663635253906,0,0,0.5,0,-0.040844638100480696,0.12357681694273599,-0.061000000000000054,0.0011344640137962445,-0.014244810914704156,0.05955138792019375,-0.08231815000000005,-0.001974403716317837,0,0,0,0,0,0,0,0
0.039479605216136304,-0.12165696649828923,0.562,-0.0003839724354386407,-0.020508150100708007,0.02877450942993164,0,0,0.5,0,-0.039479605216136304,0.12165696649828923,-0.062000000000000055,0.0003839724354386407,-0.013270911605995441,0.0520362085220201,-0.08359555555555562,-0.0031897969853118538,0,0,0,0,0,0,0,0
0.038795350670697504,-0.1204711827409399,0.562,0.000017453292520118924,-0.010270647048950195,0.017782814025878908,0,0,0.5,0,-0.038795350670697504,0.1204711827409399,-0.062000000000000055,-0.000017453292520118924,-0.016909282699406027,0.05590041622837181,-0.07844920000000005,-0.0018421156923326626,0,0,0,0,0,0,0,0
0.03910764798509293,-0.11905607808254777,0.561,0.000052359877559914525,0.0046848301887512205,0.02122648811340332,0,0,0.5,0,-0.03910764798509293,0.11905607808254777,-0.061000000000000054,-0.000052359877559914525,-0.022401074840909932,0.053938703233574865,-0.07266108461538466,-0.00021346719312820192,0,0,0,0,0,0,0,0
0.03803332505061957,-0.11705904380083205,0.562,-0.00020943951023921865,-0.0161132755279541,0.029956357955932617,0,0,0.5,0,-0.03803332505061957,0.11705904380083205,-0.062000000000000055,0.00020943951023921865,-0.014510247367786283,0.050046906063915944,-0.08455793030303035,0.0013994367275080054,0,0,0,0,0,0,0,0
0.03832489986781047,-0.11586414558287828,0.563,-0.00005235987755969435,0.004369868278503418,0.017924388885498046,0,0,0.5,0,-0.03832489986781047,0.11586414558287828,-0.06299999999999994,0.00005235987755969435,-0.021924726378211037,0.05387541362843191,-0.0857008805970143,-0.0006509817613038472,0,0,0,0,0,0,0,0
0.03852829697404609,-0.11430946504305403,0.562,-0.0002967059728389298,0.0030497355461120606,0.02332036781311035,0,0,0.5,0,-0.03852829697404609,0.11430946504305403,-0.062000000000000055,0.0002967059728389298,-0.021617180874954407,0.05077497982753868,-0.0745120444444451,0.0014602588075019558,0,0,0,0,0,0,0,0
0.038938369846418026,-0.11317757156318507,0.558,0.0006108652381979762,0.006146055221557617,0.016980226516723634,0,0,0.5,0,-0.038938369846418026,0.11317757156318507,-0.05800000000000005,-0.0006108652381979762,-0.022943284024201857,0.052824901573806725,-0.05570613846153848,-0.0047996554429836965,0,0,0,0,0,0,0,0
0.03930204360540232,-0.11235436487640596,0.555,0.0008901179185172292,0.005462648391723633,0.012344765663146972,0,0,0.5,0,-0.03930204360540232,0.11235436487640596,-0.05500000000000005,-0.0008901179185172292,-0.022871548519396868,0.054216773151037026,-0.05929850909090912,-0.0021594482836047426,0,0,0,0,0,0,0,0
0.03934166890576323,-0.11160643851862248,0.553,0.0006632251157578917,0.0006043654084205627,0.011218361854553223,0,0,0.5,0,-0.03934166890576323,0.11160643851862248,-0.05300000000000005,-0.0006632251157578917,-0.021204667734715094,0.05418950582931561,-0.06300930000000002,0.00040033489717650303,0,0,0,0,0,0,0,0
0.038589648025024695,-0.11057370385305826,0.551,0.0008377580409573138,-0.011270036697387695,0.01549849796295166,0,0,0.5,0,-0.038589648025024695,0.11057370385305826,-0.051000000000000045,-0.0008377580409573138,-0.016823984619721497,0.05260114744816866,-0.06255377246376814,-0.0015965968461721923,0,0,0,0,0,0,0,0
0.03961239960729219,-0.10962990834402209,0.55,0.0007853981633973983,0.01535312843322754,0.014144075393676759,0,0,0.5,0,-0.03961239960729219,0.10962990834402209,-0.050000000000000044,-0.0007853981633973983,-0.02704236942853057,0.05201941297707818,-0.06646599508196724,-0.0005278905688404371,0,0,0,0,0,0,0,0
0.039107726579275685,-0.10847345684782358,0.549,0.0007155849933175851,-0.007556468963623047,0.017352712631225585,0,0,0.5,0,-0.039107726579275685,0.10847345684782358,-0.049000000000000044,-0.0007155849933175851,-0.018350797623244566,0.05097784543595726,-0.06658984117647063,-0.0004075857135537031,0,0,0,0,0,0,0,0
0.039315103884659496,-0.10798938145937158,0.548,0.00040142572795875855,0.0031158547401428224,0.00725890302658081,0,0,0.5,0,-0.039315103884659496,0.10798938145937158,-0.04800000000000004,-0.00040142572795875855,-0.022228932694254622,0.05406685721592069,-0.06568374444444447,0.0010945707737499393,0,0,0,0,0,0,0,0
0.039971902591596886,-0.10749532421254564,0.545,-0.00006981317007981433,0.009854954719543457,0.007406903266906738,0,0,0.5,0,-0.039971902591596886,0.10749532421254564,-0.04500000000000004,0.00006981317007981433,-0.024967826065357253,0.053918700014728455,-0.05297795384615387,0.0022447619302578426,0,0,0,0,0,0,0,0
0.039510494083020924,-0.10678526379509615,0.544,-0.00034906585039862323,-0.0069218711853027345,0.010650423049926758,0,0,0.5,0,-0.039510494083020924,0.10678526379509615,-0.04400000000000004,0.00034906585039862323,-0.0187416878563821,0.05246998623180525,-0.06323318461538464,0.001637924374946972,0,0,0,0,0,0,0,0
0.03877132023806499,-0.10570183119397761,0.542,-0.0006806784082777917,-0.011093279838562013,0.016247617721557618,0,0,0.5,0,-0.03877132023806499,0.10570183119397761,-0.04200000000000004,0.0006806784082777917,-0.016962336060123085,0.0500759594726164,-0.05668893939393942,0.0021880082168194664,0,0,0,0,0,0,0,0
0.03788346309173454,-0.10478321770454985,0.538,-0.0016057029118348176,-0.01332723331451416,0.013770133972167968,0,0,0.5,0,-0.03788346309173454,0.10478321770454985,-0.038000000000000034,0.0016057029118348176,-0.01575493851985478,0.050559850395402256,-0.04313367878787881,0.005810359746184935,0,0,0,0,0,0,0,0
0.0355576056424338,-0.10435128630557321,0.535,-0.0017104226669544264,-0.03489822006225586,0.006422943115234375,0,0,0.5,0,-0.0355576056424338,0.10435128630557321,-0.03500000000000003,0.0017104226669544264,-0.006603567088704496,0.05291997985220383,-0.045763550000000014,0.0022012965190775927,0,0,0,0,0,0,0,0
0.033812731622093445,-0.10316438159088759,0.531,-0.0015882496193146977,-0.026203523635864256,0.017758777618408203,0,0,0.5,0,-0.033812731622093445,0.10316438159088759,-0.031000000000000028,0.0015882496193146977,-0.009077165785811744,0.04836468379427988,-0.037632838461538476,0.0010243740148236423,0,0,0,0,0,0,0,0
0.032542100362454154,-0.10195876307895642,0.53,-0.0009424777960769248,-0.019088167190551758,0.01805398368835449,0,0,0.5,0,-0.032542100362454154,0.10195876307895642,-0.030000000000000027,0.0009424777960769248,-0.011221502874184993,0.047923205144466664,-0.0533484194029851,-0.0019490378303608643,0,0,0,0,0,0,0,0
0.03057986994058451,-0.10065857787705945,0.532,-0.0009075712110371292,-0.02945182418823242,0.019475028991699218,0,0,0.5,0,-0.03057986994058451,0.10065857787705945,-0.03200000000000003,0.0009075712110371292,-0.007743873246837585,0.047579082686619374,-0.06974563333333338,0.0007679448708779468,0,0,0,0,0,0,0,0
0.029136704957755694,-0.09839187435662962,0.529,-0.001483529864195089,-0.021678323745727538,0.03398089218139649,0,0,0.5,0,-0.029136704957755694,0.09839187435662962,-0.029000000000000026,0.001483529864195089,-0.007011614081752193,0.038142900451296605,-0.039080890909090935,0.00462512251778396,1425655247628,0,0,0,0,0,0,0
0.02734836273534234,-0.09641003922668663,0.525,-0.001745329251994222,-0.026869205474853514,0.029687698364257813,0,0,0.5,0,-0.02734836273534234,0.09641003922668663,-0.025000000000000022,0.001745329251994222,-0.005538726557329204,0.04080000139274432,-0.03325680000000001,0.0029725138823026584,1425655247628,0,0,0,0,0,0,0
0.02462882929267945,-0.09478089578611305,0.521,-0.0028099800957108742,-0.04083559036254883,0.024365917205810547,0,0,0.5,0,-0.02462882929267945,0.09478089578611305,-0.02100000000000002,0.0028099800957108742,0.0006686765104776012,0.042112887287736496,-0.03052983846153847,0.0077237532205569615,1425655247628,0,0,0,0,0,0,0
0.02337719695363978,-0.09271122981068772,0.518,-0.002914699850830483,-0.01886164665222168,0.030992111206054686,0,0,0.5,0,-0.02337719695363978,0.09271122981068772,-0.018000000000000016,0.002914699850830483,-0.00662478536368591,0.03876627218096823,-0.033631453846153854,0.00339802179753637,1425655247628,0,0,0,0,0,0,0
0.02166054411271274,-0.09052002237172953,0.515,-0.0032288591161895317,-0.025845483779907228,0.03279291915893555,0,0,0.5,0,-0.02166054411271274,0.09052002237172953,-0.015000000000000013,0.0032288591161895317,-0.003416851615792766,0.03725472747952405,-0.0315752090909091,0.00465685577691248,1425655247628,0,0,0,0,0,0,0
0.019813720671226175,-0.08793073149218426,0.512,-0.0035953782591082737,-0.027827613830566405,0.038749713897705075,0,0,0.5,0,-0.019813720671226175,0.08793073149218426,-0.01200000000000001,0.0035953782591082737,-0.009906860335613088,0.04396536574609213,-0.00960000000000001,0.0035953782591082737,1425655247628,0,0,0,0,0,0,0
0.018623078173522274,-0.08473739984935724,0.512,-0.004380776422505895,-0.018031740188598634,0.047835453033447266,0,0,0.5,0,-0.018623078173522274,0.08473739984935724,-0.01200000000000001,0.004380776422505895,-0.0027085910832110064,0.024681353137544708,-0.00967560000000001,0.008120767676780282,1425655248018,0,0,0,0,0,0,0
0.018390568675525843,-0.08270338802841587,0.51,-0.005096361415823481,-0.0036212668418884276,0.030494606018066406,0,0,0.5,0,-0.018390568675525843,0.08270338802841587,-0.010000000000000009,0.005096361415823481,-0.00796699652667055,0.030506464434801032,0.002628630769230771,0.008399061384981572,1425655248083,0,0,0,0,0,0,0
0.016698303438772946,-0.08126627299721485,0.509,-0.006003932626860387,-0.02549350929260254,0.021427080154418944,0,0,0.5,0,-0.016698303438772946,0.08126627299721485,-0.009000000000000008,0.006003932626860387,0.0007285054031593557,0.03305478963371217,-0.002014484615384618,0.010192722831646107,1425655248148,0,0,0,0,0,0,0
0.016621249707474032,-0.08100245727869909,0.509,-0.006614797865058588,-0.0011795439720153809,0.003950225114822388,0,0,0.5,0,-0.016621249707474032,0.08100245727869909,-0.009000000000000008,0.006614797865058588,-0.007947516912627864,0.03931563235302044,-0.007458500000000007,0.009391458038686771,1425655248214,0,0,0,0,0,0,0
0.017200981998428153,-0.08102905245160487,0.508,-0.007609635538695426,0.008698432922363282,-0.00034139710664749147,0,0,0.5,0,-0.017200981998428153,0.08102905245160487,-0.008000000000000007,0.007609635538695426,-0.011641614201343884,0.0409199393642132,-0.0015658411764705909,0.011998625275328537,1425655248282,0,0,0,0,0,0,0
0.017893791359997017,-0.08106343736864387,0.51,-0.009128071987930308,0.010395764350891113,-0.0004366791844367981,0,0,0.5,0,-0.017893791359997017,0.08106343736864387,-0.010000000000000009,0.009128071987930308,-0.012864316664849586,0.041042342185790295,-0.019487011111111126,0.016358721746191653,1425655248345,0,0,0,0,0,0,0
0.018765924020418715,-0.08202099585323037,0.511,-0.010192722831646961,0.013212553024291992,-0.014243367195129395,0,0,0.5,0,-0.018765924020418715,0.08202099585323037,-0.01100000000000001,0.010192722831646961,-0.01423292777550986,0.04661923551112875,-0.014715050000000012,0.015183273661568769,1425655248409,0,0,0,0,0,0,0
0.019295261441205164,-0.08344373800347993,0.512,-0.011554079648202542,0.008157169342041016,-0.02125909423828125,0,0,0.5,0,-0.019295261441205164,0.08344373800347993,-0.01200000000000001,0.011554079648202542,-0.012590941338778047,0.04980911632394784,-0.015508915384615398,0.017837264955382147,1425655248474,0,0,0,0,0,0,0
0.020460460610648237,-0.0849195265168043,0.514,-0.013369222070276578,0.017732585906982422,-0.02193341255187988,0,0,0.5,0,-0.020460460610648237,0.0849195265168043,-0.014000000000000012,0.013369222070276578,-0.016610711177201407,0.05088784253555653,-0.02258453076923079,0.021746802479849052,1425655248539,0,0,0,0,0,0,0
0.021230850082514525,-0.08624293303060794,0.513,-0.014765485471871955,0.011820195198059082,-0.019694835662841796,0,0,0.5,0,-0.021230850082514525,0.08624293303060794,-0.013000000000000012,0.014765485471871955,-0.014760403822992478,0.050574092633725753,-0.0058785194029850815,0.021017411150657223,1425655248606,0,0,0,0,0,0,0
0.02166175343543223,-0.08733825352667762,0.513,-0.015114551322270799,0.006705430984497071,-0.016332582473754884,0,0,0.5,0,-0.02166175343543223,0.08733825352667762,-0.013000000000000012,0.015114551322270799,-0.013321799118691826,0.05025436571747675,-0.01118560000000001,0.01675079749601538,1425655248670,0,0,0,0,0,0,0
0.022736872097966845,-0.0888078722561852,0.513,-0.015568336927789252,0.016458114624023436,-0.02179802322387695,0,0,0.5,0,-0.022736872097966845,0.0888078722561852,-0.013000000000000012,0.015568336927789252,-0.017219248921049556,0.052851186971518097,-0.011271400000000011,0.017630998771054947,1425655248736,0,0,0,0,0,0,0
0.02385142041143882,-0.09013290166965493,0.51,-0.01637118838370677,0.01702561378479004,-0.019612768173217773,0,0,0.5,0,-0.02385142041143882,0.09013290166965493,-0.010000000000000009,0.01637118838370677,-0.018185587229374255,0.05302420868375461,0.007470850000000006,0.020134554583320134,1425655248800,0,0,0,0,0,0,0
0.024263245336097902,-0.0910051524941232,0.509,-0.017191493132144183,0.006390733242034912,-0.01298088264465332,0,0,0.5,0,-0.024263245336097902,0.0910051524941232,-0.009000000000000008,0.017191493132144183,-0.014529603536959777,0.050969968048872646,-0.0028092846153846187,0.020977515048009168,1425655248865,0,0,0,0,0,0,0
0.024472306841976012,-0.09144317060940059,0.51,-0.018133970928221107,0.003248406410217285,-0.006515392303466797,0,0,0.5,0,-0.024472306841976012,0.09144317060940059,-0.010000000000000009,0.018133970928221107,-0.013525124254534964,0.04884166315568287,-0.014284780597014936,0.02235402076140136,1425655248932,0,0,0,0,0,0,0
0.02411133377100814,-0.09133484753129942,0.509,-0.019111355309337826,-0.005443169116973877,0.0015263962745666504,0,0,0.5,0,-0.02411133377100814,0.09133484753129942,-0.009000000000000008,0.019111355309337826,-0.010324496590497343,0.0459754368211366,-0.0029347846153846193,0.023622360145261145,1425655248997,0,0,0,0,0,0,0
0.023677456733509395,-0.09074007379534371,0.508,-0.018971728969178422,-0.006677460670471191,0.008795604705810547,0,0,0.5,0,-0.023677456733509395,0.09074007379534371,-0.008000000000000007,0.018971728969178422,-0.009693647746601607,0.04306673284473246,-0.0021018500000000023,0.018317230499681213,1425655249061,0,0,0,0,0,0,0
0.023262539722019495,-0.08991042940766815,0.508,-0.019669860669975888,-0.006458717823028565,0.012324357986450195,0,0,0.5,0,-0.023262539722019495,0.08991042940766815,-0.008000000000000007,0.019669860669975888,-0.009639906417090083,0.04149570536487979,-0.007622600000000007,0.02289200698134881,1425655249126,0,0,0,0,0,0,0
0.022520222229458306,-0.0890408444134986,0.508,-0.02007128639793487,-0.011389161109924316,0.012822246551513672,0,0,0.5,0,-0.022520222229458306,0.0890408444134986,-0.008000000000000007,0.02007128639793487,-0.0075204601479516965,0.040903724612465414,-0.007674600000000007,0.021924020526976323,1425655249191,0,0,0,0,0,0,0
0.021758642059394828,-0.08812270896701072,0.507,-0.021083577364091385,-0.011697805404663086,0.013539984703063964,0,0,0.5,0,-0.021758642059394828,0.08812270896701072,-0.007000000000000006,0.021083577364091385,-0.0071729386703479146,0.04038984989772567,-0.0016976194029850776,0.025616223481210107,1425655249258,0,0,0,0,0,0,0
0.02088745730786901,-0.08735805993321621,0.507,-0.022148228207808256,-0.013306672096252442,0.011191691398620605,0,0,0.5,0,-0.02088745730786901,0.08735805993321621,-0.007000000000000006,0.022148228207808256,-0.005888993979900351,0.04061074071517883,-0.006965600000000007,0.027217994130269547,1425655249321,0,0,0,0,0,0,0
0.020266327048162093,-0.08636737911966118,0.503,-0.02237512101056715,-0.009643769264221192,0.014650230407714843,0,0,0.5,0,-0.020266327048162093,0.08636737911966118,-0.0030000000000000027,0.02237512101056715,-0.00708696969661473,0.039085154142664585,0.017753361538461552,0.02342231856176204,1425655249386,0,0,0,0,0,0,0
0.019266673823765852,-0.08493032374648041,0.503,-0.022846359908605722,-0.015473319053649901,0.021214952468872072,0,0,0.5,0,-0.019266673823765852,0.08493032374648041,-0.0030000000000000027,0.022846359908605722,-0.00464321529991309,0.03613636742854847,-0.003804900000000004,0.024988354899690143,1425655249452,0,0,0,0,0,0,0
0.018309878390154525,-0.08392567186399282,0.502,-0.023457225146803696,-0.014692445755004883,0.014737984657287598,0,0,0.5,0,-0.018309878390154525,0.08392567186399282,-0.0020000000000000018,0.023457225146803696,-0.004325934933802944,0.03789967738250091,0.0023667153846153857,0.026276603169255883,1425655249517,0,0,0,0,0,0,0
0.017054102904194398,-0.08324391500487294,0.504,-0.02371902453460283,-0.01907131004333496,0.00978172492980957,0,0,0.5,0,-0.017054102904194398,0.08324391500487294,-0.0040000000000000036,0.02371902453460283,-0.0022018628546437895,0.03940802663625822,-0.01525036060606062,0.024909021751871617,1425655249583,0,0,0,0,0,0,0
0.015499139038901887,-0.08219506785913647,0.505,-0.023980823922401962,-0.02369102668762207,0.015175100326538085,0,0,0.5,0,-0.015499139038901887,0.08219506785913647,-0.0050000000000000044,0.023980823922401962,0.00040999281148682704,0.036815702361784976,-0.01094505000000001,0.0252080085527104,1425655249647,0,0,0,0,0,0,0
0.013784946778616173,-0.08097699601564716,0.507,-0.024137903555081486,-0.026143604278564454,0.017649267196655275,0,0,0.5,0,-0.013784946778616173,0.08097699601564716,-0.007000000000000006,0.024137903555081486,0.0017088800770292973,0.03563374198664314,-0.017570961194029865,0.024841245193945028,1425655249714,0,0,0,0,0,0,0
0.012642085952806354,-0.07947842217182963,0.506,-0.02363175807200312,-0.017680452346801757,0.022058305740356447,0,0,0.5,0,-0.012642085952806354,0.07947842217182963,-0.006000000000000005,0.02363175807200312,-0.00043249599198784665,0.033103057415521206,-0.0008928500000000015,0.021259201120073287,1425655249778,0,0,0,0,0,0,0
0.01267241680143139,-0.07801309608579254,0.505,-0.023474678439323816,-0.00006453943252563476,0.02198450469970703,0,0,0.5,0,-0.01267241680143139,0.07801309608579254,-0.0050000000000000044,0.023474678439323816,-0.0068692385825035555,0.032726211206982034,-0.0002094846153846159,0.02274969551926548,1425655249843,0,0,0,0,0,0,0
0.01167827332646128,-0.07650571229707177,0.506,-0.023701571242082928,-0.015438775062561035,0.022254501342773438,0,0,0.5,0,-0.01167827332646128,0.07650571229707177,-0.006000000000000005,0.023701571242082928,-0.001023384524467058,0.03203960260006093,-0.011658180597014935,0.02471750916488492,1425655249910,0,0,0,0,0,0,0
0.010919933962388294,-0.0749026445583471,0.506,-0.022968532956245444,-0.011941770553588867,0.02376968002319336,0,0,0.5,0,-0.010919933962388294,0.0749026445583471,-0.006000000000000005,0.022968532956245444,-0.0016973220124377108,0.030393622653218627,-0.006472700000000007,0.019532415991382238,1425655249974,0,0,0,0,0,0,0
0.010666028539622492,-0.07348344070003923,0.507,-0.02319542575900456,-0.0042964892387390135,0.02119497299194336,0,0,0.5,0,-0.010666028539622492,0.07348344070003923,-0.007000000000000006,0.02319542575900456,-0.004357287571217693,0.030856694727320277,-0.012702815384615394,0.024242623310200478,1425655250039,0,0,0,0,0,0,0
0.009560810534401698,-0.07161813235334281,0.51,-0.022671826983406515,-0.017222751617431642,0.02758759307861328,0,0,0.5,0,-0.009560810534401698,0.07161813235334281,-0.010000000000000009,0.022671826983406515,0.0007730977331491459,0.02756849124867875,-0.025937046153846174,0.02025521724987708,1425655250104,0,0,0,0,0,0,0
0.008298113572429372,-0.06981667264640236,0.51,-0.02190388211252857,-0.019548170089721678,0.02658557319641113,0,0,0.5,0,-0.008298113572429372,0.06981667264640236,-0.010000000000000009,0.02190388211252857,0.002143915837795234,0.027204613004234844,-0.00984920000000001,0.018413223608537907,1425655250170,0,0,0,0,0,0,0
0.008552987222420967,-0.06801065887356211,0.51,-0.020804324683772565,0.0032288544178009034,0.027167442321777344,0,0,0.5,0,-0.008552987222420967,0.06801065887356211,-0.010000000000000009,0.020804324683772565,-0.006036888901000268,0.026322342803202697,-0.00991520000000001,0.015806336371245275,1425655250236,0,0,0,0,0,0,0
0.007571785332687801,-0.06618629700968426,0.511,-0.020420352248333704,-0.0152841215133667,0.02705332946777344,0,0,0.5,0,-0.007571785332687801,0.06618629700968426,-0.01100000000000001,0.020420352248333704,0.0012516661180847835,0.024893861315231473,-0.01634005555555557,0.01859191207957722,1425655250299,0,0,0,0,0,0,0
0.0070913779251804195,-0.06371856395053437,0.511,-0.018814649336498887,-0.00796043586730957,0.03686113739013672,0,0,0.5,0,-0.0070913779251804195,0.06371856395053437,-0.01100000000000001,0.018814649336498887,-0.001377052066094152,0.020548962145012173,-0.01085600000000001,0.011403712820338197,1425655250364,0,0,0,0,0,0,0
0.0063654260127100565,-0.06196905835182217,0.515,-0.018727382873899398,-0.011381067276000977,0.026033073425292968,0,0,0.5,0,-0.0063654260127100565,0.06196905835182217,-0.015000000000000013,0.018727382873899398,0.00018713604728488138,0.02386431365869268,-0.035052022388059725,0.018336637518976313,1425655250431,0,0,0,0,0,0,0
0.004961390617044175,-0.06041927021727759,0.516,-0.01780235837034215,-0.021492164611816408,0.022848360061645506,0,0,0.5,0,-0.004961390617044175,0.06041927021727759,-0.016000000000000014,0.01780235837034215,0.004772010915250897,0.023791892415050392,-0.02052765000000002,0.01346630600991755,1425655250495,0,0,0,0,0,0,0
0.00301931823620694,-0.058516513131677564,0.516,-0.016667894356545684,-0.029634546279907227,0.028018259048461915,0,0,0.5,0,-0.00301931823620694,0.058516513131677564,-0.016000000000000014,0.016667894356545684,0.008361604471843892,0.0212641601474654,-0.015164500000000015,0.01151123974837993,1425655250561,0,0,0,0,0,0,0
0.0011894708840984823,-0.05637372811067029,0.517,-0.016458454846306467,-0.0279796085357666,0.03167983627319336,0,0,0.5,0,-0.0011894708840984823,0.05637372811067029,-0.017000000000000015,0.016458454846306467,0.00898387590711736,0.018600869723561626,-0.02154205000000002,0.015476707142060134,1425655250625,0,0,0,0,0,0,0
-0.0005873205815366093,-0.053718097566314335,0.518,-0.015498523757709643,-0.02730384635925293,0.03939043426513672,0,0,0.5,0,0.0005873205815366093,0.053718097566314335,-0.018000000000000016,0.015498523757709643,0.009433014352581811,0.014726777713441674,-0.022374915384615404,0.01106807257957046,1425655250690,0,0,0,0,0,0,0
-0.0024377572393349846,-0.05141737847982242,0.517,-0.01399754060099466,-0.028288061141967774,0.03407647323608398,0,0,0.5,0,0.0024377572393349846,0.05141737847982242,-0.017000000000000015,0.01399754060099466,0.010605424610289826,0.01570911969055917,-0.010999469696969709,0.007174889888653824,1425655250756,0,0,0,0,0,0,0
-0.0039283067565017565,-0.04870023963400278,0.518,-0.013316862192716867,-0.022926532745361328,0.04044013977050781,0,0,0.5,0,0.0039283067565017565,0.04870023963400278,-0.018000000000000016,0.013316862192716867,0.009444799638892182,0.01217440582331231,-0.02252433030303032,0.010222869427817811,1425655250822,0,0,0,0,0,0,0
-0.005405258375324758,-0.046298933204488274,0.515,-0.013107422682477428,-0.022631963729858397,0.03572138595581055,0,0,0.5,0,0.005405258375324758,0.046298933204488274,-0.015000000000000013,0.013107422682477428,0.0103593847213996,0.012280309026320789,0.001488950000000001,0.012125674978230054,1425655250886,0,0,0,0,0,0,0
-0.006404836992218489,-0.043718769424609304,0.514,-0.012566370614359041,-0.015499666213989257,0.038502609252929684,0,0,1,0,0.006404836992218489,0.043718769424609304,0.486,0.012566370614359041,0.0032024184961092447,0.021859384712304652,0.38880000000000003,0.012566370614359041,0,0,0,0,0,0,0,0
-0.00704601998715307,-0.04129672685959766,0.512,-0.012304571226559908,-0.010073517799377442,0.03620691299438476,0,0,1,0,0.00704601998715307,0.04129672685959766,0.488,0.012304571226559908,0.006980113725446695,0.007633438644502584,0.4043412307692308,0.011096266359794679,0,0,0,0,0,0,0,0
-0.008927045804142771,-0.03925897967640421,0.513,-0.012130038301360708,-0.028589345932006835,0.030216724395751952,0,0,1,0,0.008927045804142771,0.03925897967640421,0.487,0.012130038301360708,0.013252918578701416,0.010176290090515365,0.39175783333333336,0.011431906600563908,0,0,0,0,0,0,0,0
-0.010127449118515678,-0.03780898934296452,0.515,-0.011955505376161286,-0.018268545150756835,0.02152984619140625,0,0,1,0,0.010127449118515678,0.03780898934296452,0.485,0.011955505376161286,0.012324686781065772,0.010232769325208743,0.38556853448275863,0.011052748866509103,0,0,0,0,0,0,0,0
-0.010810088884666468,-0.03735013753347199,0.52,-0.011623892818282118,-0.010321149826049805,0.006759868621826172,0,0,1,0,0.010810088884666468,0.03735013753347199,0.48,0.011623892818282118,0.00922144706144623,0.016227638955014088,0.3688837222222222,0.010044785399809887,0,0,0,0,0,0,0,0
-0.011648464133922511,-0.03711441149381857,0.528,-0.011571532940722202,-0.012615879058837891,0.003389477252960205,0,0,1,0,0.011648464133922511,0.03711441149381857,0.472,0.011571532940722202,0.010370091307703989,0.017413782962389063,0.3502525769230769,0.011329871967368746,0,0,0,0,0,0,0,0
-0.012640252703685727,-0.03659193462290348,0.54,-0.011135200627723869,-0.014966518402099609,0.00766448450088501,0,0,1,0,0.012640252703685727,0.03659193462290348,0.45999999999999996,0.011135200627723869,0.011700273482650847,0.015632286346873553,0.32210411538461536,0.009121359183116177,0,0,0,0,0,0,0,0
-0.012994640632489124,-0.03644141661600126,0.556,-0.00926769832808992,-0.005340629577636718,0.0021984386444091797,0,0,1,0,0.012994640632489124,0.03644141661600126,0.44399999999999995,0.00926769832808992,0.008453756665987711,0.01758356968583063,0.29065165384615377,0.0006484569451639995,0,0,0,0,0,0,0,0
-0.012640345867893022,-0.03665301235015885,0.571,-0.009232791743049902,0.0053436079025268556,-0.0031245479583740235,0,0,1,0,0.012640345867893022,0.03665301235015885,0.42900000000000005,0.009232791743049902,0.004526042075466853,0.01962975749688832,0.2893215910447767,0.009076493601079674,0,0,0,0,0,0,0,0
-0.01197636534481355,-0.03648433058917805,0.586,-0.008953539062731093,0.009935922622680664,0.0026220731735229494,0,0,1,0,0.01197636534481355,0.03648433058917805,0.41400000000000003,0.008953539062731093,0.002421366748554481,0.01754093735753426,0.27629815,0.007644542123736676,0,0,0,0,0,0,0,0
-0.011564470238807795,-0.03619134546540486,0.604,-0.008220500776893387,0.0061388306617736815,0.004449918746948243,0,0,1,0,0.011564470238807795,0.03619134546540486,0.396,0.008220500776893387,0.00366990300268168,0.016787100474312294,0.25108845454545453,0.004888508568540178,0,0,0,0,0,0,0,0
-0.010119411410310334,-0.03547197098619862,0.621,-0.00797615468161393,0.02158644676208496,0.010968437194824219,0,0,1,0,0.010119411410310334,0.03547197098619862,0.379,0.00797615468161393,-0.0027645232277915405,0.014069745102687523,0.24239984999999994,0.006830782359991473,0,0,0,0,0,0,0,0
-0.006862936052376377,-0.03428064342697163,0.638,-0.007382742735936072,0.04870304489135742,0.018258953094482423,0,0,1,0,0.006862936052376377,0.03428064342697163,0.362,0.007382742735936072,-0.014020501841931064,0.011015602220930731,0.23258313846153839,0.004643918371269038,0,0,0,0,0,0,0,0
-0.00273172865838059,-0.03328602057238762,0.655,-0.006614797865058571,0.061856277465820314,0.015376426696777344,0,0,1,0,0.00273172865838059,0.03328602057238762,0.345,0.006614797865058571,-0.02013034211651495,0.011759642099543176,0.2240271298507462,0.0031762387417264785,0,0,0,0,0,0,0,0
0.0005618248287916671,-0.03163313601793502,0.672,-0.006911503837897501,0.04923822021484375,0.025119516372680666,0,0,1,0,-0.0005618248287916671,0.03163313601793502,0.32799999999999996,0.006911503837897501,-0.0182081649132256,0.007110023653614685,0.20836354999999993,0.008302313085579983,0,0,0,0,0,0,0,0
0.005979745629751255,-0.02942211962029517,0.686,-0.006527531402458639,0.08103765106201172,0.033726139068603514,0,0,1,0,-0.005979745629751255,0.02942211962029517,0.31399999999999995,0.006527531402458639,-0.03208281121286616,0.0031573793293421908,0.21678868461538453,0.004755350931202353,0,0,0,0,0,0,0,0
0.011188603909670386,-0.02711832282020397,0.702,-0.0066671577426182654,0.0779056396484375,0.035066226959228515,0,0,1,0,-0.011188603909670386,0.02711832282020397,0.29800000000000004,0.0066671577426182654,-0.03356879167822608,0.0015235210566993933,0.19515645384615443,0.007311587004893465,0,0,0,0,0,0,0,0
0.015509906227872478,-0.02472092656339153,0.716,-0.005707226654021444,0.06457833862304688,0.03639230346679687,0,0,1,0,-0.015509906227872478,0.02472092656339153,0.28400000000000003,0.005707226654021444,-0.03060797808708454,0.000032733434375971024,0.19774227575757572,0.0013439035240358915,0,0,0,0,0,0,0,0
0.020396284278710854,-0.02250257408298175,0.73,-0.005026548245743653,0.07310456848144531,0.03369305801391602,0,0,1,0,-0.020396284278710854,0.02250257408298175,0.27,0.005026548245743653,-0.036061242393804926,-0.00011211653510183675,0.18832427575757574,0.0019325554808446053,0,0,0,0,0,0,0,0
0.024537072973251493,-0.019650073788000787,0.743,-0.0043633231299857606,0.061895973205566404,0.043099170684814454,0,0,1,0,-0.024537072973251493,0.019650073788000787,0.257,0.0043633231299857606,-0.034879667765389206,-0.005361411197129658,0.18271774999999996,0.0012544553998706381,0,0,0,0,0,0,0,0
0.027480396720297912,-0.017073449702695555,0.757,-0.0037175513067477656,0.04398079681396484,0.03884163284301758,0,0,1,0,-0.027480396720297912,0.017073449702695555,0.243,0.0037175513067477656,-0.029572920053761435,-0.0049131441994034655,0.16880638461538458,0.0007370659687262501,0,0,0,0,0,0,0,0
0.029692296141758376,-0.014641010634238151,0.767,-0.0029670597283903834,0.033042621612548825,0.03660967636108398,0,0,1,0,-0.029692296141758376,0.014641010634238151,0.23299999999999998,0.0029670597283903834,-0.02675973108075174,-0.005343466216770078,0.18385934615384614,-0.0004967475563359956,0,0,0,0,0,0,0,0
0.0302269055382522,-0.012665883622073604,0.776,-0.0021118483949129486,0.007931200981140137,0.02965056800842285,0,0,1,0,-0.0302269055382522,0.012665883622073604,0.22399999999999998,0.0021118483949129486,-0.01797180771252752,-0.0036990798073488233,0.18425662727272726,-0.0017754758481662997,0,0,0,0,0,0,0,0
0.03182371056139011,-0.010578686066090894,0.784,-0.0014660765716753977,0.02388590431213379,0.031358476638793945,0,0,1,0,-0.03182371056139011,0.010578686066090894,0.21599999999999997,0.0014660765716753977,-0.02442406946890684,-0.005330010142481362,0.18458525757575756,-0.001469249897586197,0,0,0,0,0,0,0,0
0.031686060324264825,-0.008446829264415454,0.794,-0.0010995574287564337,-0.00211163330078125,0.03197479057312012,0,0,1,0,-0.031686060324264825,0.008446829264415454,0.20599999999999996,0.0010995574287564337,-0.015142577603032207,-0.007165794051292284,0.1647517444444444,-0.0006457718232386329,0,0,0,0,0,0,0,0
0.02997296566763644,-0.005857390647727593,0.803,-0.0006981317007976741,-0.025739112854003907,0.038813301086425785,0,0,1,0,-0.02997296566763644,0.005857390647727593,0.19699999999999995,0.0006981317007976741,-0.005985943095583965,-0.010344870035744424,0.16668022727272722,-0.0011265306990148696,0,0,0,0,0,0,0,0
0.028304526624818152,-0.004383223636817759,0.811,-0.0002967059728389145,-0.025042016983032225,0.022095027923583983,0,0,1,0,-0.028304526624818152,0.004383223636817759,0.18899999999999995,0.0002967059728389145,-0.005270811854288255,-0.00528505536014039,0.16615907692307685,-0.0015560281562015143,0,0,0,0,0,0,0,0
0.025627499313648487,-0.0024026282088344974,0.821,-0.0003490658503986079,-0.040164222717285154,0.029697015762329103,0,0,1,0,-0.025627499313648487,0.0024026282088344974,0.17900000000000005,0.0003490658503986079,0.0014819038332501214,-0.009000713611576266,0.14855334615384677,0.0005907268237510389,0,0,0,0,0,0,0,0
0.022451923388253855,-0.0017373641681809092,0.829,-0.0007504915783575896,-0.04763711929321289,0.009962332725524903,0,0,1,0,-0.022451923388253855,0.0017373641681809092,0.17100000000000004,0.0007504915783575896,0.0052287160235343095,-0.002142696899554846,0.15535415522388063,0.0025479202110097465,0,0,0,0,0,0,0,0
0.018214266985740066,-0.00008517647060511126,0.836,-0.0015184364492350911,-0.06358342742919922,0.024735103607177733,0,0,1,0,-0.018214266985740066,0.00008517647060511126,0.16400000000000003,0.0015184364492350911,0.014289775345094504,-0.008672297715392003,0.15368951111111112,0.005175316786747004,0,0,0,0,0,0,0,0
0.013865803535198744,0.0010472926168237355,0.84,-0.002251474735072797,-0.06525267028808594,0.01688797378540039,0,0,1,0,-0.013865803535198744,-0.0010472926168237355,0.16000000000000003,0.002251474735072797,0.015972353520351222,-0.006065920818026011,0.16922227878787882,0.005583466943426006,0,0,0,0,0,0,0,0
0.007998404718342853,0.002303291098021824,0.845,-0.0014660765716753977,-0.08805317687988282,0.018641775131225585,0,0,1,0,-0.007998404718342853,-0.002303291098021824,0.15500000000000003,0.0014660765716753977,0.02743450645278824,-0.007452968054871305,0.1605188230769231,-0.0021588380286202916,0,0,0,0,0,0,0,0
0.003407733042149253,0.003960553395766806,0.851,-0.0020420352248333574,-0.06889644622802735,0.02475795364379883,0,0,1,0,-0.003407733042149253,-0.003960553395766806,0.14900000000000002,0.0020420352248333574,0.021762296252378868,-0.010051250167651068,0.15277274705882357,0.004583029282883179,0,0,0,0,0,0,0,0
-0.002046675984864973,0.005170789669110708,0.856,-0.0019198621771936287,-0.08185303497314453,0.017986434936523438,0,0,1,0,0.002046675984864973,-0.005170789669110708,0.14400000000000002,0.0019198621771936287,0.03165333124900453,-0.008961526623832188,0.1523220935483871,0.0013287022692594576,0,0,0,0,0,0,0,0
-0.006954143586650865,0.006032305782551888,0.863,-0.0017976891295539,-0.07363668823242188,0.012781393051147462,0,0,1,0,0.006954143586650865,-0.006032305782551888,0.137,0.0017976891295539,0.029745392090419924,-0.007203159635415611,0.13814609230769234,0.0012338135250628446,0,0,0,0,0,0,0,0
-0.011510316162083407,0.0060627769592912295,0.864,-0.0016929693744342912,-0.06834329986572266,0.00033420825004577636,0,0,1,0,0.011510316162083407,-0.0060627769592912295,0.136,0.0016929693744342912,0.029407266255340483,-0.0027427021547554386,0.17072571940298512,0.001224074948525595,0,0,0,0,0,0,0,0
-0.015013763905939994,0.005894482773608415,0.869,-0.0021293016874330685,-0.05254736709594727,-0.002613377571105957,0,0,1,0,0.015013763905939994,-0.005894482773608415,0.131,0.0021293016874330685,0.026527177271930713,-0.0015827909139993867,0.14544425000000002,0.004174609404614837,0,0,0,0,0,0,0,0
-0.018690828523863556,0.005289468734120865,0.873,-0.0025132741228719303,-0.05513652038574219,-0.009192633628845214,0,0,1,0,0.018690828523863556,-0.005289468734120865,0.127,0.0025132741228719303,0.029017957482113395,0.0010536870280472743,0.1488750384615385,0.0042854545941282155,0,0,0,0,0,0,0,0
-0.022139996190302963,0.004654584614475307,0.877,-0.0019547687622334243,-0.05171341705322265,-0.0096532621383667,0,0,1,0,0.022139996190302963,-0.004654584614475307,0.123,0.0019547687622334243,0.028975836449448567,0.0014268014452147276,0.14714207761194031,-0.0005460015092822734,0,0,0,0,0,0,0,0
-0.023943876740675774,0.0034752517779060767,0.882,-0.002076941809873153,-0.027023576736450197,-0.017742851257324218,0,0,1,0,0.023943876740675774,-0.0034752517779060767,0.118,0.002076941809873153,0.021896379931599815,0.0052495687129612105,0.13700322222222225,0.0026587182272051943,0,0,0,0,0,0,0,0
-0.023637452892335622,0.002872756042491334,0.892,-0.0008552113334774205,0.004615118026733398,-0.009027870178222656,0,0,1,0,0.023637452892335622,-0.002872756042491334,0.10799999999999998,0.0008552113334774205,0.010086999170642045,0.0022413080032690665,0.10363684615384616,-0.0047835447114259605,0,0,0,0,0,0,0,0
-0.022932538045965813,0.0016224535866296568,0.896,-0.00006981317007979904,0.010589757919311523,-0.018745487213134765,0,0,1,0,0.022932538045965813,-0.0016224535866296568,0.10399999999999998,0.00006981317007979904,0.00760372713856579,0.006353594669544396,0.13342053846153848,-0.0035551014302169152,0,0,0,0,0,0,0,0
-0.022245452070795195,0.000614250429551693,0.902,0.0008203047484374313,0.010307345390319824,-0.01512232780456543,0,0,1,0,0.022245452070795195,-0.000614250429551693,0.09799999999999998,-0.0008203047484374313,0.007481528836299702,0.005391619771149159,0.11947231641791045,-0.004805907368663835,1425655253690,0,0,0,0,0,0,0
-0.020904308443919245,-0.0006136102559010285,0.903,0.0017104226669544397,0.020102039337158203,-0.01843440628051758,0,0,1,0,0.020904308443919245,0.0006136102559010285,0.09699999999999998,-0.0017104226669544397,0.003301883666570459,0.00725060460939099,0.14535276969696972,-0.005756413205668115,1425655253690,0,0,0,0,0,0,0
-0.019343839158062877,-0.0030556680237687896,0.908,0.003036872898470003,0.023344350814819337,-0.036670848846435546,0,0,1,0,0.019343839158062877,0.0030556680237687896,0.09199999999999997,-0.003036872898470003,0.000976687126037823,0.015529163740589845,0.11945762222222223,-0.00935330257235364,1425655253690,0,0,0,0,0,0,0
-0.016969680508476907,-0.0048076012781712515,0.912,0.003944444109507131,0.03553240966796875,-0.026387027740478516,0,0,1,0,0.016969680508476907,0.0048076012781712515,0.08799999999999997,-0.003944444109507131,-0.004314019286189791,0.012274754463831342,0.12306893846153844,-0.008133234314293874,1425655253690,0,0,0,0,0,0,0
-0.014462679405543735,-0.007081839767156336,0.919,0.005166174585903308,0.037470165252685546,-0.03426164245605469,0,0,1,0,0.014462679405543735,0.007081839767156336,0.08099999999999996,-0.005166174585903308,-0.006273424614066174,0.01622888970577127,0.10184159230769227,-0.01080493063080874,1425655253690,0,0,0,0,0,0,0
-0.011089165683431709,-0.008234913648543814,0.922,0.005166174585903308,0.05051267623901367,-0.01755729866027832,0,0,1,0,0.011089165683431709,0.008234913648543814,0.07799999999999996,-0.005166174585903308,0.005544582841715854,0.004117456824271907,0.06239999999999997,-0.005166174585903308,1425655253690,0,0,0,0,0,0,0
-0.00605168155606044,-0.0118051003165267,0.927,0.0035953782591085087,0.07528459167480468,-0.05394245147705078,0,0,1,0,0.00605168155606044,0.0118051003165267,0.07299999999999995,-0.0035953782591085087,-0.02368409609062678,0.024843149612260286,0.03236664848484843,0.003544605044504212,1425655254081,0,0,0,0,0,0,0
-0.003085414787540434,-0.013686409826592465,0.936,0.0017802358370344745,0.044392253875732424,-0.028379432678222655,0,0,1,0,0.003085414787540434,0.013686409826592465,0.06399999999999995,-0.0017802358370344745,-0.014673095221282535,0.01714816696496631,0.002872649999999928,0.006728244266437561,1425655254145,0,0,0,0,0,0,0
0.000024674963079130007,-0.014503409437125208,0.944,-0.0008901179185172164,0.04662945556640625,-0.012338025093078613,0,0,1,0,-0.000024674963079130007,0.014503409437125208,0.05600000000000005,0.0008901179185172164,-0.01649928518440368,0.011610401329508123,0.0036367575757581677,0.013028089534661266,1425655254211,0,0,0,0,0,0,0
0.003761297855445768,-0.014241629627742586,0.951,-0.0011868238913561452,0.05604582595825195,0.003976586103439331,0,0,1,0,-0.003761297855445768,0.014241629627742586,0.049000000000000044,0.0011868238913561452,-0.022311760111165025,0.005724444042998264,0.0024933500000000122,0.0025776331390386237,1425655254275,0,0,0,0,0,0,0
0.007717706331025058,-0.013541962079034863,0.956,-0.0021642082724728645,0.0593336296081543,0.010565439224243163,0,0,1,0,-0.007717706331025058,0.013541962079034863,0.04400000000000004,0.0021642082724728645,-0.024841355629665995,0.0031047980833337962,0.010549848484848495,0.006606864550276134,1425655254341,0,0,0,0,0,0,0
0.010532304241610923,-0.012274583354807956,0.961,-0.003141592653589806,0.04217772674560547,0.019102006912231444,0,0,1,0,-0.010532304241610923,0.012274583354807956,0.039000000000000035,0.003141592653589806,-0.020200549879278114,-0.0005313796209126748,0.0068072484848484965,0.007584248931394084,1425655254407,0,0,0,0,0,0,0
0.013547429798957296,-0.010273842210027494,0.967,-0.004066617157146832,0.04513237762451172,0.030153053283691406,0,0,1,0,-0.013547429798957296,0.010273842210027494,0.03300000000000003,0.004066617157146832,-0.023279852894077982,-0.005745780289815468,-0.004078900000000003,0.00840266951757039,1425655254471,0,0,0,0,0,0,0
0.014982009690195027,-0.007911945166294067,0.972,-0.005619960191421733,0.021374446868896484,0.035515670776367185,0,0,1,0,-0.014982009690195027,0.007911945166294067,0.028000000000000025,0.005619960191421733,-0.015242574207076056,-0.00869794007037054,-0.002007476923076918,0.012789235734228969,1425655254536,0,0,0,0,0,0,0
0.01484344411811598,-0.005285725946977883,0.976,-0.00809832772925366,-0.002299838304519653,0.039380985260009764,0,0,1,0,-0.01484344411811598,0.005285725946977883,0.02400000000000002,0.00809832772925366,-0.006734725572379109,-0.01100865670837305,0.0009808776119403055,0.019195495809098108,1425655254603,0,0,0,0,0,0,0
0.014158131450516337,-0.0014988296640306735,0.98,-0.010821041362364822,-0.010739360809326172,0.056718334197998044,0,0,1,0,-0.014158131450516337,0.0014988296640306735,0.020000000000000018,0.010821041362364822,-0.0033771767951700825,-0.01989167902293573,-0.003070600000000003,0.023583761517573396,1425655254667,0,0,0,0,0,0,0
0.013606352423728926,0.003411578414269851,0.983,-0.012356931104119602,-0.009073221206665039,0.07356224822998046,0,0,1,0,-0.013606352423728926,-0.003411578414269851,0.017000000000000015,0.012356931104119602,-0.003931970225681371,-0.02767958849594433,0.0006075090909090919,0.01933824811209587,1425655254733,0,0,0,0,0,0,0
0.01361869835569871,0.009368629110504331,0.983,-0.01368338133563561,-0.0009189600348472595,0.08935122680664062,0,0,1,0,-0.01361869835569871,-0.009368629110504331,0.017000000000000015,0.01368338133563561,-0.006939574340449598,-0.03670058743938889,0.016627100000000016,0.019805459327247952,1425655254798,0,0,0,0,0,0,0
0.011958636050644234,0.01544776146513589,0.984,-0.015707963267949085,-0.026146310806274414,0.09083773040771484,0,0,1,0,-0.011958636050644234,-0.01544776146513589,0.016000000000000014,0.015707963267949085,0.0028879588210830517,-0.04040755743764128,0.010546484615384625,0.02505218757093436,1425655254863,0,0,0,0,0,0,0
0.009400916308843855,0.02281731030603663,0.983,-0.016074482410867827,-0.0400974006652832,0.10992697143554687,0,0,1,0,-0.009400916308843855,-0.02281731030603663,0.017000000000000015,0.016074482410867827,0.009209534916299986,-0.0516753655585012,0.02230865000000002,0.01779254089329943,1425655254927,0,0,0,0,0,0,0
0.006866741065502531,0.03013937234041221,0.984,-0.01722639971718397,-0.039773117065429686,0.10920573425292969,0,0,1,0,-0.006866741065502531,-0.03013937234041221,0.016000000000000014,0.01722639971718397,0.010130188320914382,-0.054480254821441296,0.010759284615384628,0.022542941130950775,1425655254992,0,0,0,0,0,0,0
0.0042918209724701305,0.038227313644876,0.982,-0.0180990643431813,-0.04070785903930664,0.12063580322265625,0,0,1,0,-0.0042918209724701305,-0.038227313644876,0.018000000000000016,0.0180990643431813,0.011022436111287767,-0.06075284182487306,0.028160417647058848,0.021949055340228354,1425655255060,0,0,0,0,0,0,0
0.00037266268883621155,0.04636485886974943,0.981,-0.018535396656179638,-0.060986854553222655,0.120979248046875,0,0,1,0,-0.00037266268883621155,-0.04636485886974943,0.019000000000000017,0.018535396656179638,0.021501616866629162,-0.06843029922569956,0.024341555555555578,0.020613169575219335,1425655255123,0,0,0,0,0,0,0
-0.004112152685550929,0.052408928714204585,0.981,-0.018762289458938975,-0.0689410171508789,0.08939862823486328,0,0,1,0,0.004112152685550929,-0.052408928714204585,0.019000000000000017,0.018762289458938975,0.02612260173940895,-0.058822806839104375,0.018909500000000017,0.019809487010135917,1425655255188,0,0,0,0,0,0,0
-0.008777543052329738,0.05812192946857388,0.979,-0.019826940302655405,-0.07157627868652344,0.08436700439453125,0,0,1,0,0.008777543052329738,-0.05812192946857388,0.02100000000000002,0.019826940302655405,0.02943332920789135,-0.05993440675459662,0.03141523076923079,0.02474071342750047,1425655255253,0,0,0,0,0,0,0
-0.013083253753466254,0.06338122856227324,0.982,-0.019722220547535797,-0.06613700103759766,0.0775935287475586,0,0,1,0,0.013083253753466254,-0.06338122856227324,0.018000000000000016,0.019722220547535797,0.02965795201224855,-0.060162245157942926,0.0022091538461538537,0.01923889860082991,1425655255318,0,0,0,0,0,0,0
-0.016833984607507263,0.06672998589596998,0.982,-0.01966986066997588,-0.05724063110351563,0.049112071990966795,0,0,1,0,0.016833984607507263,-0.06672998589596998,0.018000000000000016,0.01966986066997588,0.027953370258963356,-0.05105553856272413,0.018483600000000017,0.019435413457021034,1425655255385,0,0,0,0,0,0,0
-0.02071993495639607,0.06986462766888749,0.98,-0.01989675347273544,-0.05920278930664063,0.04586406326293945,0,0,1,0,0.02071993495639607,-0.06986462766888749,0.020000000000000018,0.01989675347273544,0.03156752702921546,-0.05231663654692369,0.031149100000000027,0.020960313485670876,1425655255449,0,0,0,0,0,0,0
-0.023693521892358228,0.07197292914371337,0.977,-0.020001473227854828,-0.04522415924072266,0.030730850219726564,0,0,1,0,0.023693521892358228,-0.07197292914371337,0.02300000000000002,0.020001473227854828,0.027830052278814077,-0.04762739004939219,0.038914946153846185,0.02048479517455969,1425655255514,0,0,0,0,0,0,0
-0.02648102851294966,0.07207056438050478,0.974,-0.019861846887695423,-0.04183352661132812,0.0006279777884483337,0,0,1,0,0.02648102851294966,-0.07207056438050478,0.026000000000000023,0.019861846887695423,0.02823904732872391,-0.03689638917598813,0.041483946153846186,0.01921741762542125,1425655255579,0,0,0,0,0,0,0
-0.02873876991245624,0.07118485442241511,0.975,-0.019634954084936086,-0.0335955810546875,-0.013955628395080567,0,0,1,0,0.02873876991245624,-0.07118485442241511,0.025000000000000022,0.019634954084936086,0.026350105640655007,-0.031277841255309205,0.019392069696969716,0.018603623163302732,1425655255645,0,0,0,0,0,0,0
-0.03011972040707444,0.06883331351251858,0.976,-0.019582594207376392,-0.020017723083496093,-0.03567301177978516,0,0,1,0,0.03011972040707444,-0.06883331351251858,0.02400000000000002,0.019582594207376392,0.02230181053692158,-0.02256096693556426,0.018832019402985095,0.01934814699442254,1425655255712,0,0,0,0,0,0,0
-0.030379712797415765,0.06458428961328899,0.981,-0.019216075064457428,-0.002651114225387573,-0.06379950332641601,0,0,1,0,0.030379712797415765,-0.06458428961328899,0.019000000000000017,0.019216075064457428,0.01668142762544336,-0.009155623691647907,-0.007602177777777781,0.01747074581246236,1425655255775,0,0,0,0,0,0,0
-0.030004549462446767,0.060175924189977366,0.978,-0.01932079481957726,0.0068970050811767575,-0.06600514221191406,0,0,1,0,0.030004549462446767,-0.060175924189977366,0.02200000000000002,0.01932079481957726,0.013048836481328846,-0.006858891380398531,0.038872446153846184,0.01980411676628417,1425655255840,0,0,0,0,0,0,0
-0.02900493642076088,0.054312945272171696,0.979,-0.01911135530933782,0.016690452575683593,-0.08763858795166016,0,0,1,0,0.02900493642076088,-0.054312945272171696,0.02100000000000002,0.01911135530933782,0.009205461671453072,0.003869828865199168,0.01667048461538463,0.01814471141592502,1425655255905,0,0,0,0,0,0,0
-0.027831258536506066,0.0485767167631442,0.977,-0.018291050560900624,0.019246259689331056,-0.08569127655029297,0,0,1,0,0.027831258536506066,-0.0485767167631442,0.02300000000000002,0.018291050560900624,0.007699440818157102,0.006023866052703629,0.034573830769230804,0.014505028645036647,1425655255970,0,0,0,0,0,0,0
-0.0255353013945374,0.04194955032878602,0.972,-0.018064157758141287,0.03625176239013672,-0.09876097106933594,0,0,1,0,0.0255353013945374,-0.04194955032878602,0.028000000000000025,0.018064157758141287,0.0007125892399157761,0.013566442711913592,0.05450455151515156,0.017032826836507933,1425655256036,0,0,0,0,0,0,0
-0.024026649384440126,0.03547297296013771,0.97,-0.019774580425095712,0.02438090133666992,-0.09672404479980469,0,0,1,0,0.024026649384440126,-0.03547297296013771,0.030000000000000027,0.019774580425095712,0.0038987299085724084,0.01705674675371201,0.04071890000000004,0.02779218667644458,1425655256100,0,0,0,0,0,0,0
-0.022859678754444595,0.028527368091337373,0.969,-0.02076941809873255,0.01956119918823242,-0.10381758117675781,0,0,1,0,0.022859678754444595,-0.028527368091337373,0.031000000000000028,0.02076941809873255,0.005296856057316247,0.022491634746059183,0.03616751538461542,0.02536097659244104,1425655256165,0,0,0,0,0,0,0
-0.021807295138163384,0.02127673239007638,0.967,-0.02080432468377257,0.018041059494018553,-0.10840824127197266,0,0,1,0,0.021807295138163384,-0.02127673239007638,0.03300000000000003,0.02080432468377257,0.005487922864083201,0.027153839961330813,0.04320676060606064,0.020962990979409013,1425655256231,0,0,0,0,0,0,0
-0.01985668890644452,0.013577034630982329,0.968,-0.02157226955465007,0.03165539360046387,-0.11486180114746093,0,0,1,0,0.01985668890644452,-0.013577034630982329,0.03200000000000003,0.02157226955465007,-0.00039691552107519977,0.034004433938853725,0.02662408461538464,0.025116630497161615,1425655256296,0,0,0,0,0,0,0
-0.01924915714993449,0.006113421055771878,0.972,-0.02350958502436339,0.011525774955749512,-0.11173158264160156,0,0,1,0,0.01924915714993449,-0.006113421055771878,0.028000000000000025,0.02350958502436339,0.006641806505697134,0.03526125986300421,0.008100777611940311,0.032184131903676756,1425655256363,0,0,0,0,0,0,0
-0.02042001272166375,-0.000937711102373757,0.973,-0.02467895562319987,-0.015071671485900879,-0.1061506118774414,0,0,1,0,0.02042001272166375,0.000937711102373757,0.027000000000000024,0.02467895562319987,0.016817092862501153,0.03835927892788243,0.022900350000000024,0.030160380305245867,1425655256427,0,0,0,0,0,0,0
-0.021456102094313603,-0.008245260734350827,0.975,-0.024818581963359274,-0.01283174228668213,-0.10996337127685547,0,0,1,0,0.021456102094313603,0.008245260734350827,0.025000000000000022,0.024818581963359274,0.01620235165467312,0.040525144725831394,0.016796672463768134,0.025425653007530597,1425655256496,0,0,0,0,0,0,0
-0.02190582832999508,-0.015316155628500083,0.974,-0.026424284875193868,-0.004111742496490479,-0.10619816589355469,0,0,1,0,0.02190582832999508,0.015316155628500083,0.026000000000000023,0.026424284875193868,0.013765447958736778,0.047573362694979845,0.03363790491803282,0.034321184441593516,1425655256557,0,0,0,0,0,0,0
-0.02301979200996302,-0.022400380146018476,0.973,-0.0279078147393894,-0.013896015167236328,-0.10666775512695313,0,0,1,0,0.02301979200996302,0.022400380146018476,0.027000000000000024,0.0279078147393894,0.017755262198347402,0.04870515111687988,0.034260315384615415,0.034754875651061085,1425655256622,0,0,0,0,0,0,0
-0.02476375128868706,-0.028351736350992463,0.972,-0.02967059728390374,-0.023658185958862304,-0.08996553802490234,0,0,1,0,0.02476375128868706,0.028351736350992463,0.028000000000000025,0.02967059728390374,0.02189358884682626,0.04511393933936397,0.035163530303030335,0.03768324521351438,1425655256688,0,0,0,0,0,0,0
-0.02673016280518219,-0.0334240095867283,0.974,-0.030473448739820816,-0.02722606086730957,-0.07692565155029298,0,0,1,0,0.02673016280518219,0.0334240095867283,0.026000000000000023,0.030473448739820816,0.02439944598777742,0.04385023928219329,0.017489400000000016,0.034236814939432106,1425655256752,0,0,0,0,0,0,0
-0.027525509264034888,-0.03888795110394483,0.975,-0.030578168494940425,-0.009427467346191406,-0.08228456878662109,0,0,1,0,0.027525509264034888,0.03888795110394483,0.025000000000000022,0.030578168494940425,0.018216543261883076,0.047412248785122534,0.022570519402985094,0.03104706292084912,1425655256819,0,0,0,0,0,0,0
-0.029246012565937698,-0.04348169909693144,0.975,-0.032166418114255343,-0.023688787460327147,-0.06966303253173828,0,0,1,0,0.029246012565937698,0.04348169909693144,0.025000000000000022,0.032166418114255343,0.02406518349327716,0.04555562743930074,0.027959400000000023,0.039385734565686795,1425655256885,0,0,0,0,0,0,0
-0.03120863752766302,-0.049331646305955684,0.979,-0.033161255787892405,-0.026602054595947267,-0.0886506118774414,0,0,1,0,0.03120863752766302,0.049331646305955684,0.02100000000000002,0.033161255787892405,0.026845748278913062,0.05665060188649433,0.002669477777777783,0.03789857804330698,1425655256948,0,0,0,0,0,0,0
-0.03471048555932849,-0.054647773713908034,0.982,-0.035377823937924976,-0.049854984283447264,-0.08143963623046875,0,0,1,0,0.03471048555932849,0.054647773713908034,0.018000000000000016,0.035377823937924976,0.036571866886665264,0.05546978135401892,0.006454853846153859,0.045608138476536844,1425655257013,0,0,0,0,0,0,0
-0.038155128401477945,-0.05928808811793313,0.979,-0.035604716740684314,-0.04917536163330078,-0.07138874053955079,0,0,1,0,0.038155128401477945,0.05928808811793313,0.02100000000000002,0.035604716740684314,0.03801096119765314,0.05418948271523831,0.04129904615384619,0.036651914291881256,1425655257078,0,0,0,0,0,0,0
-0.04187305093744602,-0.06449184341774936,0.98,-0.03659955441432093,-0.052954906463623046,-0.07999207305908203,0,0,1,0,0.04187305093744602,0.06449184341774936,0.020000000000000018,0.03659955441432093,0.04048668529188476,0.05863294112071163,0.019334141176470608,0.040988544150953064,1425655257146,0,0,0,0,0,0,0
-0.043780491547060124,-0.06968948554380769,0.984,-0.03761184538047789,-0.025739614486694335,-0.07895935821533204,0,0,1,0,0.043780491547060124,0.06968948554380769,0.016000000000000014,0.03761184538047789,0.03292851358804706,0.0633674215174393,-0.0008402222222222214,0.042432278552653885,1425655257209,0,0,0,0,0,0,0
-0.044824162188467416,-0.07505627704781655,0.984,-0.03961897402027102,-0.012616877555847167,-0.08103361511230468,0,0,1,0,0.044824162188467416,0.07505627704781655,0.016000000000000014,0.03961897402027102,0.0285023573307324,0.0661219223588211,0.02148600000000002,0.04888264466547009,1425655257274,0,0,0,0,0,0,0
-0.04652302583502466,-0.08036847852711847,0.985,-0.041852995462823936,-0.02230682373046875,-0.08062983703613281,0,0,1,0,0.04652302583502466,0.08036847852711847,0.015000000000000013,0.041852995462823936,0.032909991456226625,0.06853631632263116,0.015398884615384629,0.052163863659222,1425655257339,0,0,0,0,0,0,0
-0.047595373614782624,-0.08566435568928878,0.984,-0.043109632524259686,-0.012747376441955567,-0.08004161071777344,0,0,1,0,0.047595373614782624,0.08566435568928878,0.016000000000000014,0.043109632524259686,0.030103555363882133,0.07115203656574415,0.02707211538461541,0.04890949588473238,1425655257404,0,0,0,0,0,0,0
-0.04736588725569216,-0.09060584273858507,0.981,-0.044296456415615845,0.0066334929466247555,-0.07390509033203126,0,0,1,0,0.04736588725569216,0.09060584273858507,0.019000000000000017,0.044296456415615845,0.02304755763772306,0.07098096267979111,0.03988644179104481,0.04961059324258372,1425655257471,0,0,0,0,0,0,0
-0.045665723278823636,-0.0942899889496348,0.983,-0.04525638750421311,0.027924562454223634,-0.05407868576049805,0,0,1,0,0.045665723278823636,0.0942899889496348,0.017000000000000015,0.04525638750421311,0.014127739302219812,0.0672173176527025,0.011786100000000011,0.04975606448201279,1425655257535,0,0,0,0,0,0,0
-0.04540870530881766,-0.09777010763563349,0.987,-0.046879543708567596,0.006212979793548584,-0.051973915100097655,0,0,1,0,0.04540870530881766,0.09777010763563349,0.013000000000000012,0.046879543708567596,0.021942574808750483,0.06761235359090273,-0.0019303615384615377,0.054371033882511376,1425655257600,0,0,0,0,0,0,0
-0.04474107811839992,-0.09992123904590186,0.991,-0.0468620904160477,0.011515512466430664,-0.03176222229003906,0,0,1,0,0.04474107811839992,0.09992123904590186,0.009000000000000008,0.0468620904160477,0.019426870189024455,0.061596782770561284,-0.00507186153846154,0.046781536758263555,1425655257665,0,0,0,0,0,0,0
-0.04404141686433516,-0.10199561791280652,0.997,-0.04703662334124712,0.011941009521484375,-0.030589889526367188,0,0,1,0,0.04404141686433516,0.10199561791280652,0.0030000000000000027,0.04703662334124712,0.018933175371008408,0.06228698642985232,-0.020621592307692317,0.047842159919090604,0,0,0,0,0,0,0,0
-0.043591913591823496,-0.10345731210346835,1.002,-0.04712388980384683,0.007766008853912354,-0.02158413314819336,0,0,1,0,0.043591913591823496,0.10345731210346835,-0.0020000000000000018,0.04712388980384683,0.020156885645947108,0.059553133485404475,-0.01844670298507464,0.04751463515877091,0,0,0,0,0,0,0,0
-0.0428421473209865,-0.10457770064062362,1.006,-0.04754276882432549,0.01202567195892334,-0.016257389068603516,0,0,1,0,0.0428421473209865,0.10457770064062362,-0.006000000000000005,0.04754276882432549,0.0180572886147426,0.058671666373592175,-0.017440700000000014,0.049506264232819196,0,0,0,0,0,0,0,0
-0.04284318955402992,-0.10523595563027775,1.015,-0.04654793115068866,0.0004536363184452057,-0.009863410949707031,0,0,1,0,0.04284318955402992,0.10523595563027775,-0.014999999999999902,0.04654793115068866,0.02219155412219424,0.05648652237130256,-0.05132473846153781,0.0419563726569802,0,0,0,0,0,0,0,0
-0.042934366921261645,-0.10688406150985356,1.017,-0.045308747381772804,-0.00021585583686828613,-0.02475844955444336,0,0,1,0,0.042934366921261645,0.10688406150985356,-0.016999999999999904,0.045308747381772804,0.022750393174553598,0.06271001628141937,-0.01534293076923069,0.03958943767908425,0,0,0,0,0,0,0,0
-0.04304171797060159,-0.10830191999752778,1.017,-0.04525638750421311,-0.0006453219652175903,-0.021318984985351563,0,0,1,0,0.04304171797060159,0.10830191999752778,-0.016999999999999904,0.04525638750421311,0.022919134873410293,0.06224954812455396,-0.004684199999999913,0.04501472653086068,0,0,0,0,0,0,0,0
-0.04372037406207191,-0.1099277195327715,1.017,-0.04387757739513741,-0.009066127777099609,-0.024822568893432616,0,0,1,0,0.04372037406207191,0.1099277195327715,-0.016999999999999904,0.04387757739513741,0.026203231485421453,0.06387066195868624,-0.004799799999999911,0.03779459161980343,0,0,0,0,0,0,0,0
-0.04514970180321777,-0.1119375084717702,1.016,-0.04359832471481838,-0.020096935272216798,-0.031058248519897462,0,0,1,0,0.04514970180321777,0.1119375084717702,-0.016000000000000014,0.04359832471481838,0.03152159098286893,0.06792245456042581,0.0015461612903219582,0.04224710206811339,0,0,0,0,0,0,0,0
-0.0465473488106409,-0.11320377139881053,1.017,-0.04295255289158039,-0.020116941452026367,-0.019889631271362306,0,0,1,0,0.0465473488106409,0.11320377139881053,-0.016999999999999904,0.04295255289158039,0.03159411453459914,0.06399974846661402,-0.01031423030302963,0.04001722642231681,0,0,0,0,0,0,0,0
-0.04843691932137666,-0.1141212917851183,1.017,-0.043231805571899644,-0.027726449966430665,-0.014967165946960449,0,0,1,0,0.04843691932137666,0.1141212917851183,-0.016999999999999904,0.043231805571899644,0.03533322979664482,0.06275815121354053,-0.005121699999999911,0.044520664096450044,0,0,0,0,0,0,0,0
-0.049655981971976945,-0.11412937718409168,1.016,-0.0429525528915804,-0.018263612747192383,-0.0009114556312561035,0,0,1,0,0.049655981971976945,0.11412937718409168,-0.016000000000000014,0.0429525528915804,0.03236461057103568,0.05793942038408859,0.0009589153846147917,0.04166369436703003,0,0,0,0,0,0,0,0
-0.050145565985872824,-0.1131925965245085,1.017,-0.0429176463065406,-0.007940358161926269,0.013723413467407226,0,0,1,0,0.050145565985872824,0.1131925965245085,-0.016999999999999904,0.0429176463065406,0.028674594009871057,0.05253442417923809,-0.010640930303029629,0.04275898001090517,0,0,0,0,0,0,0,0
-0.049651645562874165,-0.11158449736959064,1.019,-0.04258603374866166,0.006367064476013183,0.024417146682739258,0,0,1,0,0.049651645562874165,0.11158449736959064,-0.018999999999999906,0.04258603374866166,0.023162004676689,0.04797527265170098,-0.017996999999999923,0.041031599883604136,0,0,0,0,0,0,0,0
-0.048658771276840755,-0.10969250734509806,1.018,-0.0421846080207029,0.013671391487121582,0.02898816680908203,0,0,1,0,0.048658771276840755,0.10969250734509806,-0.018000000000000016,0.0421846080207029,0.02005207689271164,0.045707231429264424,-0.000991884615385209,0.04033187389166248,0,0,0,0,0,0,0,0
-0.04757015998683566,-0.10741167945986231,1.02,-0.04312708581677983,0.014871832847595214,0.034870616912841795,0,0,1,0,0.04757015998683566,0.10741167945986231,-0.020000000000000018,0.04312708581677983,0.01902318490723763,0.04254289275121691,-0.018875730769230777,0.04747698333713486,0,0,0,0,0,0,0,0
-0.044337791522146196,-0.10433659205376561,1.018,-0.042568580456141765,0.046451766967773436,0.04817381286621094,0,0,1,0,0.044337791522146196,0.10433659205376561,-0.018000000000000016,0.042568580456141765,0.006156668798517163,0.03704831042042654,0.003980760606060614,0.040029919725968754,0,0,0,0,0,0,0,0
-0.039824747917634386,-0.10034066975556336,1.017,-0.041870448755343855,0.06508358764648438,0.06276537322998046,0,0,1,0,0.039824747917634386,0.10034066975556336,-0.016999999999999904,0.041870448755343855,-0.0028650277449285624,0.030233358776440712,-0.000634469696969015,0.03869712284262608,0,0,0,0,0,0,0,0
-0.03587962917170159,-0.0967835965405505,1.018,-0.041085050591946455,0.05689152526855469,0.05578636932373047,0,0,1,0,0.03587962917170159,0.0967835965405505,-0.018000000000000016,0.041085050591946455,-0.002456685303421833,0.03025451656203976,-0.012321450000000612,0.037403496701021145,1425655258838,0,0,0,0,0,0,0
-0.029851488888899654,-0.09433582683162563,1.016,-0.04057890510886809,0.08883772277832032,0.040399513244628905,0,0,1,0,0.029851488888899654,0.09433582683162563,-0.016000000000000014,0.04057890510886809,-0.01633570074262004,0.035364395706946966,0.0054125307692307785,0.03824284903312177,1425655258838,0,0,0,0,0,0,0
-0.022551942591137054,-0.09102932732756006,1.015,-0.04070107815650759,0.10739099884033203,0.05399855804443359,0,0,1,0,0.022551942591137054,0.09102932732756006,-0.014999999999999902,0.04070107815650759,-0.02622108791740389,0.029417056676608405,0.000647330303030989,0.04125641019123262,1425655258838,0,0,0,0,0,0,0
-0.01479325190328933,-0.08858096850821981,1.015,-0.040770891326587407,0.11478962707519531,0.041430465698242186,0,0,1,0,0.01479325190328933,0.08858096850821981,-0.014999999999999902,0.040770891326587407,-0.03315866767443986,0.032601451397804765,-0.004753199999999906,0.04109310595772501,1425655258838,0,0,0,0,0,0,0
-0.008303861302304061,-0.08719730160875858,1.013,-0.04045673206122858,0.09641400146484375,0.024705329895019532,0,0,1,0,0.008303861302304061,0.08719730160875858,-0.0129999999999999,0.04045673206122858,-0.028520035792540963,0.03792340003700293,0.007207461194029953,0.03905004878350249,1425655258838,0,0,0,0,0,0,0
0.0008447384026975484,-0.08624253010557288,1.014,-0.04031710572106895,0.13653746032714845,0.01986017608642578,0,0,1,0,-0.0008447384026975484,0.08624253010557288,-0.014000000000000012,0.04031710572106895,-0.05002062009997309,0.03942417161939452,-0.009684055555556171,0.039652218386975496,1425655259164,0,0,0,0,0,0,0
0.007773150752955635,-0.08458873196650599,1.019,-0.03993313328563009,0.10284185791015625,0.028975681304931642,0,0,1,0,-0.007773150752955635,0.08458873196650599,-0.018999999999999906,0.03993313328563009,-0.03940598328323151,0.03518724559520151,-0.034769051515150855,0.03818780403363527,1425655259230,0,0,0,0,0,0,0
0.01823296746216114,-0.08351289086993206,1.021,-0.03935717463247213,0.15612791442871093,0.022388484954833983,0,0,1,0,-0.01823296746216114,0.08351289086993206,-0.020999999999999908,0.03935717463247213,-0.0651081027201696,0.03758940894674953,-0.020925799999999918,0.036657368445794196,1425655259294,0,0,0,0,0,0,0
0.027376934843851827,-0.08346589568698823,1.02,-0.04043927876870868,0.1370255584716797,0.006101199150085449,0,0,1,0,-0.027376934843851827,0.08346589568698823,-0.020000000000000018,0.04043927876870868,-0.06098676867457068,0.04325528796407206,-0.004017269696970279,0.045357933933420275,1425655259360,0,0,0,0,0,0,0
0.0344394312395489,-0.08420427486245224,1.02,-0.04173082241518445,0.1062986068725586,-0.006783766269683838,0,0,1,0,-0.0344394312395489,0.08420427486245224,-0.020000000000000018,0.04173082241518445,-0.05294399306429312,0.04778731594315587,-0.009454299999999997,0.047513853668061025,1425655259427,0,0,0,0,0,0,0
0.04154602196287204,-0.08474162009974123,1.023,-0.042394047530942336,0.10684231567382813,-0.00360599422454834,0,0,1,0,-0.04154602196287204,0.08474162009974123,-0.02299999999999991,0.042394047530942336,-0.059110884105838965,0.04723742245278901,-0.02866586666666597,0.04555226236788465,1425655259490,0,0,0,0,0,0,0
0.04664990406768589,-0.08434220306788351,1.023,-0.04293509959906028,0.07623552703857422,0.009230513572692872,0,0,1,0,-0.04664990406768589,0.08434220306788351,-0.02299999999999991,0.04293509959906028,-0.04927859598583505,0.041990007849124864,-0.012150999999999908,0.04539442718141456,1425655259556,0,0,0,0,0,0,0
0.05009223571366416,-0.08405756144831886,1.021,-0.04506440128649358,0.05140412902832031,0.0064819612503051755,0,0,1,0,-0.05009223571366416,0.08405756144831886,-0.020999999999999908,0.04506440128649358,-0.04250191223699913,0.042487759433962206,0.00008173076923087205,0.05489194753618576,1425655259621,0,0,0,0,0,0,0
0.0529454166420519,-0.0840043217406588,1.018,-0.04647811798060886,0.04271828842163086,0.002725785493850708,0,0,1,0,-0.0529454166420519,0.0840043217406588,-0.018000000000000016,0.04647811798060886,-0.04079056720421516,0.043761752684134535,0.007749346153845572,0.05300296426114089,1425655259686,0,0,0,0,0,0,0
0.05351015158841462,-0.08362832428120823,1.016,-0.048921578933400996,0.008199835777282715,0.006027446746826172,0,0,1,0,-0.05351015158841462,0.08362832428120823,-0.016000000000000014,0.048921578933400996,-0.02869561248563342,0.041952294447665614,0.0035360611940298643,0.059862448871276244,1425655259753,0,0,0,0,0,0,0
0.05267942604050309,-0.08343752521432567,1.014,-0.05133013330115311,-0.012585931777954102,0.002249198913574219,0,0,1,0,-0.05267942604050309,0.08343752521432567,-0.014000000000000012,0.05133013330115311,-0.02074818788848084,0.042813631572045915,0.005711211111111129,0.06279943981425841,1425655259816,0,0,0,0,0,0,0
0.051195324201382765,-0.0825189643362257,1.013,-0.054017940349224476,-0.022939144134521486,0.012618080139160156,0,0,1,0,-0.051195324201382765,0.0825189643362257,-0.0129999999999999,0.054017940349224476,-0.016663238267230145,0.03852188623990581,0.0007002153846160852,0.0664232036480154,1425655259881,0,0,0,0,0,0,0
0.04830497476661937,-0.08131175063191753,1.009,-0.05724679946541401,-0.04426969528198242,0.015740970611572265,0,0,1,0,-0.04830497476661937,0.08131175063191753,-0.008999999999999897,0.05724679946541401,-0.007677359345368688,0.03641684757684909,0.019995561538461656,0.07214922615551952,1425655259946,0,0,0,0,0,0,0
0.043581197303024156,-0.07917782803130238,1.005,-0.05986479334340557,-0.07257199096679688,0.02790230178833008,0,0,1,0,-0.043581197303024156,0.07917782803130238,-0.004999999999999893,0.05986479334340557,0.004142680797084634,0.030586268912395076,0.02283622121212133,0.07176476551609448,1425655260012,0,0,0,0,0,0,0
0.03763328828883062,-0.07653149778015018,0.999,-0.06243042734383698,-0.09143372344970703,0.03428598022460937,0,0,1,0,-0.03763328828883062,0.07653149778015018,0.0010000000000000009,0.06243042734383698,0.01311225245886662,0.02680652285342745,0.037774083582089016,0.07391834077860451,1425655260079,0,0,0,0,0,0,0
0.031791969465631585,-0.07305930446743637,0.994,-0.06511823439190835,-0.09069853210449219,0.04651484680175781,0,0,1,0,-0.031791969465631585,0.07305930446743637,0.006000000000000005,0.06511823439190835,0.017393487677641636,0.01965060396276257,0.038246377777777826,0.07791731557320057,1425655260142,0,0,0,0,0,0,0
0.024936076960188708,-0.06793531903135365,0.99,-0.06794566778013912,-0.10762186431884765,0.07000495910644532,0,0,1,0,-0.024936076960188708,0.06793531903135365,0.010000000000000009,0.06794566778013912,0.025269798500421353,0.008832041240825452,0.03527206153846158,0.08099536034120422,1425655260207,0,0,0,0,0,0,0
0.018465219098131654,-0.060983232805728115,0.987,-0.0699527964199327,-0.10391891479492188,0.09745074462890625,0,0,1,0,-0.018465219098131654,0.060983232805728115,0.013000000000000012,0.0699527964199327,0.025891851455858515,-0.003880186052431109,0.03212849090909095,0.0790761084189944,1425655260273,0,0,0,0,0,0,0
0.014344179005367694,-0.05266163606036687,0.984,-0.07206464481484588,-0.07038908386230469,0.12019802093505859,0,0,1,0,-0.014344179005367694,0.05266163606036687,0.016000000000000014,0.07206464481484588,0.016164973905889522,-0.01664888925545564,0.03512805000000005,0.08196393416600144,1425655260337,0,0,0,0,0,0,0
0.011236850134356683,-0.0452707983994497,0.983,-0.07515387759087579,-0.0544713134765625,0.10721879577636718,0,0,1,0,-0.011236850134356683,0.0452707983994497,0.017000000000000015,0.07515387759087579,0.011167663759145675,-0.012845867937705448,0.02478445882352945,0.08878284572041947,1425655260405,0,0,0,0,0,0,0
0.008336079985031785,-0.03707822305762813,0.976,-0.07572983624403397,-0.05261559677124023,0.11927476501464844,0,0,1,0,-0.008336079985031785,0.03707822305762813,0.02400000000000002,0.07572983624403397,0.012734582338744301,-0.024392027586757046,0.06427748888888896,0.07847249649716817,1425655260468,0,0,0,0,0,0,0
0.007299556588520787,-0.02673117942742309,0.97,-0.07632324818971205,-0.02724575614929199,0.15358450317382813,0,0,1,0,-0.007299556588520787,0.02673117942742309,0.030000000000000027,0.07632324818971205,0.002713989434112517,-0.03974871699715614,0.06269129230769237,0.07906207255438011,1425655260533,0,0,0,0,0,0,0
0.006669595632742697,-0.016475940466193342,0.967,-0.0774228056184685,-0.021151206970214845,0.15266024780273438,0,0,1,0,-0.006669595632742697,0.016475940466193342,0.03300000000000003,0.0774228056184685,0.000783990189734185,-0.043534455016793004,0.04891049090909096,0.0824207939309978,1425655260599,0,0,0,0,0,0,0
0.007926665852652287,-0.006163286413269516,0.967,-0.07878416243502386,0.006835009574890137,0.15568484497070312,0,0,1,0,-0.007926665852652287,0.006163286413269516,0.03300000000000003,0.07878416243502386,-0.010064922789714019,-0.05070032141565923,0.033212600000000043,0.0851655225126271,1425655260663,0,0,0,0,0,0,0
0.00921862802237164,0.0037576661153629204,0.966,-0.08040731863937879,0.007607235908508301,0.14987789916992186,0,0,1,0,-0.00921862802237164,-0.0037576661153629204,0.03400000000000003,0.08040731863937879,-0.010591533700692352,-0.051091859882574725,0.03946428059701498,0.08767518224096806,1425655260730,0,0,0,0,0,0,0
0.010714774822444158,0.014573723200032071,0.967,-0.08080874436733733,0.009338393211364746,0.16351924133300783,0,0,1,0,-0.010714774822444158,-0.014573723200032071,0.03300000000000003,0.08080874436733733,-0.012779461259037317,-0.06383365637131258,0.02818285000000004,0.08269042746714297,1425655260794,0,0,0,0,0,0,0
0.013948177309451614,0.02452614744331836,0.969,-0.08105309046261679,0.0362922477722168,0.15271424865722658,0,0,1,0,-0.013948177309451614,-0.02452614744331836,0.031000000000000028,0.08105309046261679,-0.023633804781089607,-0.06326547500162795,0.02148386923076927,0.08218084167159889,1425655260859,0,0,0,0,0,0,0
0.016266581168796767,0.03333801794623982,0.967,-0.08180358204097417,0.023960174560546874,0.13455973815917968,0,0,1,0,-0.016266581168796767,-0.03333801794623982,0.03300000000000003,0.08180358204097417,-0.01968767979890934,-0.0608330529536861,0.044676960606060655,0.08521490739714409,1425655260925,0,0,0,0,0,0,0
0.020143371696066316,0.04190580768507392,0.971,-0.08232718081657243,0.047455978393554685,0.13283880615234375,0,0,1,0,-0.020143371696066316,-0.04190580768507392,0.029000000000000026,0.08232718081657243,-0.030545599095665198,-0.06526925137089919,0.009181500000000023,0.08478155007718931,1425655260989,0,0,0,0,0,0,0
0.025338917178327286,0.048285346085178815,0.963,-0.08532914713000263,0.06979998016357422,0.10177774047851562,0,0,1,0,-0.025338917178327286,-0.048285346085178815,0.03700000000000003,0.08532914713000263,-0.039100059950991445,-0.05496221848479935,0.07949544477611949,0.09877078733939156,1425655261056,0,0,0,0,0,0,0
0.028754401070232402,0.051575226900173014,0.947,-0.08773770149775496,0.04684012603759766,0.05353496932983398,0,0,1,0,-0.028754401070232402,-0.051575226900173014,0.05300000000000005,0.08773770149775496,-0.0326599184445106,-0.041590820057880604,0.13972718888888902,0.09920700801086133,1425655261119,0,0,0,0,0,0,0
0.03178006865718889,0.054441951699418234,0.915,-0.08758062186507544,0.0414424819946289,0.046812339782714846,0,0,1,0,-0.03178006865718889,-0.054441951699418234,0.08499999999999996,0.08758062186507544,-0.03126402347324543,-0.039985326987614034,0.24669626969696923,0.08686662353471397,1425655261185,0,0,0,0,0,0,0
0.03417493997376502,0.05657806643796215,0.887,-0.08770279491271517,0.03298273849487305,0.035061058044433595,0,0,1,0,-0.03417493997376502,-0.05657806643796215,0.11299999999999999,0.08770279491271517,-0.029333926877399566,-0.03738998790369204,0.25090303076923093,0.08826667051720623,0,0,0,0,0,0,0,0
0.03444123044495028,0.05840762549252968,0.845,-0.08861036612375207,0.001575227737426758,0.02768777656555176,0,0,1,0,-0.03444123044495028,-0.05840762549252968,0.15500000000000003,0.08861036612375207,-0.018027869745292097,-0.03669204793536543,0.36089514615384644,0.09279915632853779,0,0,0,0,0,0,0,0
0.03373770270220912,0.06159095076045766,0.809,-0.09002408281786758,-0.014737112998962403,0.04662866592407226,0,0,1,0,-0.03373770270220912,-0.06159095076045766,0.19099999999999995,0.09002408281786758,-0.01274821178418662,-0.04439197874221491,0.3448782999999995,0.0960828686497912,0,0,0,0,0,0,0,0
0.031592862195375146,0.06662847864852853,0.763,-0.09166469231474197,-0.03883562469482422,0.07236453247070312,0,0,1,0,-0.031592862195375146,-0.06662847864852853,0.237,0.09166469231474197,-0.0029062399659574058,-0.05993860825669759,0.46705842622950844,0.09973326361084553,0,0,0,0,0,0,0,0
0.028986078434925375,0.07310183127850846,0.712,-0.09335766168917674,-0.0478258056640625,0.0931134033203125,0,0,1,0,-0.028986078434925375,-0.07310183127850846,0.28800000000000003,0.09335766168917674,0.00010837697971093595,-0.06917546638533745,0.5204113846153848,0.10117136649426026,0,0,0,0,0,0,0,0
0.02638032228733921,0.08034644089462625,0.662,-0.09384635387973497,-0.049046501159667966,0.10455221557617188,0,0,1,0,-0.02638032228733921,-0.08034644089462625,0.33799999999999997,0.09384635387973497,0.0009692112766158563,-0.07584006475395083,0.5492546298507459,0.09603452786730916,0,0,0,0,0,0,0,0
0.0242496281152936,0.08772852803794082,0.609,-0.09510299094117095,-0.04219625854492187,0.10724908447265626,0,0,1,0,-0.0242496281152936,-0.08772852803794082,0.391,0.09510299094117095,-0.00012039425685688582,-0.08149285626471033,0.6183867153846156,0.10090285430164467,0,0,0,0,0,0,0,0
0.02230807832313224,0.09478128134665051,0.557,-0.09520771069629055,-0.03903755187988281,0.1025477066040039,0,0,1,0,-0.02230807832313224,-0.09478128134665051,0.44299999999999995,0.09520771069629055,-0.0006444864836772524,-0.08163492033568834,0.6452615588235291,0.09566970961593589,0,0,0,0,0,0,0,0
0.02043519457084693,0.10255839312839427,0.502,-0.09536479032897008,-0.039055870056152346,0.11345770263671875,0,0,1,0,-0.02043519457084693,-0.10255839312839427,0.498,0.09536479032897008,0.001032273251102514,-0.09390787321679994,0.7402260704918036,0.09613731311263987,0,0,0,0,0,0,0,0
0.01852010519291804,0.10843429198512429,0.451,-0.09581857593448853,-0.036988388061523436,0.08500267028808593,0,0,1,0,-0.01852010519291804,-0.10843429198512429,0.5489999999999999,0.09581857593448853,0.0015437452826098184,-0.08393298779914585,0.7436361846153843,0.09791297103688139,0,0,0,0,0,0,0,0
0.018486413395984096,0.09706753955758347,0.398,-0.09683086690064548,0.015809144020080566,-0.16976753234863282,0,0,1,0,-0.018486413395984096,-0.09706753955758347,0.602,0.09683086690064548,-0.008582027346834139,0.01453233989075512,0.8007184153846156,0.10150297905213906,0,0,0,0,0,0,0,0
0.018824953046811158,0.08477269241433762,0.35,-0.09761626506404286,0.022884223937988283,-0.18306784057617187,0,0,1,0,-0.018824953046811158,-0.08477269241433762,0.65,0.09761626506404286,-0.010767856571979668,0.025622094296874336,0.8164203384615387,0.10124117966433849,0,0,0,0,0,0,0,0
0.01731251704542188,0.07364424444181464,0.3,-0.09827949017980053,-0.006309639930725097,-0.1683430938720703,0,0,1,0,-0.01731251704542188,-0.07364424444181464,0.7,0.09827949017980053,-0.00029954706367546664,0.023067636998896524,0.8638428298507459,0.10124915487722294,0,0,0,0,0,0,0,0
0.014753748182588776,0.06320498560361879,0.261,-0.10063568466999318,-0.022831607818603515,-0.15959930419921875,0,0,1,0,-0.014753748182588776,-0.06320498560361879,0.739,0.10063568466999318,0.00706287710563849,0.027202828560038826,0.8518596500000003,0.11168034634277119,0,0,0,0,0,0,0,0
0.011858427785928468,0.05218836307193174,0.232,-0.10077531101015258,-0.026608148574829103,-0.16877647399902343,0,0,1,0,-0.011858427785928468,-0.05218836307193174,0.768,0.10077531101015258,0.010099748858537063,0.03490779578912458,0.8229242461538464,0.10141974027242676,0,0,0,0,0,0,0,0
0.009478766408768664,0.041014874150581505,0.198,-0.10049605832983334,-0.018652217864990234,-0.17034307861328124,0,0,1,0,-0.009478766408768664,-0.041014874150581505,0.802,0.10049605832983334,0.00850679285933316,0.04131254575671129,0.8822603230769234,0.099207199805283,0,0,0,0,0,0,0,0
0.007634141326884793,0.03021851591878541,0.191,-0.09829694347232067,-0.011282279968261718,-0.16390426635742186,0,0,1,0,-0.007634141326884793,-0.03021851591878541,0.8089999999999999,0.09829694347232067,0.006543178541542217,0.04466037912427831,0.7477342076923071,0.08814718259149294,0,0,0,0,0,0,0,0
0.006398879169540361,0.020080779482387113,0.141,-0.09908234163571807,-0.003515920639038086,-0.153150390625,0,0,1,0,-0.006398879169540361,-0.020080779482387113,0.859,0.09908234163571807,0.0036767877923899153,0.044539881255228356,1.0169912298507464,0.10259904983003477,0,0,0,0,0,0,0,0
0.005105210439204049,0.016555673767401607,0,-0.11313224211427243,-0.014079288482666015,-0.05453679656982422,0,0,1,0,-0.005105210439204049,-0.016555673767401607,1,0.11313224211427243,0.004942243675925306,0.012611435692584654,1.64609095,0.17899115060749604,0,0,0,0,0,0,0,0
