0,0,0.729,0,0.00699955940246582,0.07849998474121093,0,0,0.5,0,0,0,-0.22899999999999998,0,0,0,-0.1832,0,0,0,0,0,0,0,0,0
-0.0003268811225891113,0.005223878479003906,0.73,0.0017802358370341276,-0.00490321683883667,0.0783581771850586,0,0,0.5,0,0.0003268811225891113,-0.005223878479003906,-0.22999999999999998,-0.0017802358370341276,0.0019237821556579145,-0.030743911185918953,-0.18953411538461537,-0.009996708931037792,0,0,0,0,0,0,0,0
-0.0012360911494765394,0.009058162503049139,0.728,0.002583087292951536,-0.013535739898681641,0.057538448333740236,0,0,0.5,0,0.0012360911494765394,-0.009058162503049139,-0.22799999999999998,-0.002583087292951536,0.005440642192029634,-0.02487177952972477,-0.1720939193939394,-0.006232412092576118,0,0,0,0,0,0,0,0
-0.0030157429670797774,0.010720777123787257,0.723,0.0023038346126323934,-0.02663026809692383,0.02500809097290039,0,0,0.5,0,0.0030157429670797774,-0.010720777123787257,-0.22299999999999998,-0.0023038346126323934,0.011243300729444865,-0.014469047474677805,-0.1510626922222222,-0.000974059944446001,0,0,0,0,0,0,0,0
-0.004918532187838579,0.01145173839885112,0.716,0.0022165681500329044,-0.028516502380371095,0.011030145645141601,0,0,0.5,0,0.004918532187838579,-0.01145173839885112,-0.21599999999999997,-0.0022165681500329044,0.01255601959151387,-0.009625972344396723,-0.13626181787878783,-0.001819902410944318,0,0,0,0,0,0,0,0
-0.00786783988978326,0.008221121115085916,0.709,0.0017802358370341271,-0.044346920013427736,-0.04836108016967773,0,0,0.5,0,0.00786783988978326,-0.008221121115085916,-0.20899999999999996,-0.0017802358370341271,0.01982612626630721,0.013255933888732887,-0.13022657230769227,0.00023360560757561396,0,0,0,0,0,0,0,0
-0.01036778247266366,0.004189025233154407,0.698,0.0020943951023931753,-0.03760675048828125,-0.06041458511352539,0,0,0.5,0,0.01036778247266366,-0.004189025233154407,-0.19799999999999995,-0.0020943951023931753,0.01887340631280112,0.01992419367989588,-0.09908934999999994,-0.0035670166587637134,0,0,0,0,0,0,0,0
-0.013912509583179316,-0.002602970296615088,0.688,0.0017453292519944421,-0.0533841667175293,-0.10176834869384765,0,0,0.5,0,0.013912509583179316,0.002602970296615088,-0.18799999999999994,-0.0017453292519944421,0.026070244132706664,0.03784364264299623,-0.09752164615384609,-0.00013425609630798147,0,0,0,0,0,0,0,0
-0.017630224452107882,-0.013494641941318549,0.676,0.0018675022996339488,-0.05605078125,-0.16327749633789063,0,0,0.5,0,0.017630224452107882,0.013494641941318549,-0.17600000000000005,-0.0018675022996339488,0.028872033758365112,0.06537342906302347,-0.07726681538461597,-0.0024313779041239794,0,0,0,0,0,0,0,0
-0.021467994999720602,-0.024438268088559555,0.666,0.002583087292951535,-0.057873016357421876,-0.16404660034179688,0,0,0.5,0,0.021467994999720602,0.024438268088559555,-0.16600000000000004,-0.002583087292951535,0.030834893009444586,0.0693823493655714,-0.08175461402985074,-0.005787199203328786,0,0,0,0,0,0,0,0
-0.02503949189675183,-0.036175929331808465,0.655,0.002670353755551357,-0.054027065277099606,-0.1759259490966797,0,0,0.5,0,0.02503949189675183,0.036175929331808465,-0.15500000000000003,-0.002670353755551357,0.031246436160762035,0.07942336239123274,-0.0678345834328358,-0.0030610991104759334,0,0,0,0,0,0,0,0
-0.028712469463316525,-0.04951952426186606,0.643,0.0028972465583104725,-0.05562894821166992,-0.20000608825683594,0,0,0.5,0,0.028712469463316525,0.04951952426186606,-0.14300000000000002,-0.0028972465583104725,0.035178204111405445,0.10013646671126761,-0.04804399451612899,-0.003995114958757805,0,0,0,0,0,0,0,0
-0.034130736299733073,-0.06326526757546933,0.631,0.002879793265790575,-0.08187103271484375,-0.20594981384277344,0,0,0.5,0,0.034130736299733073,0.06326526757546933,-0.131,-0.002879793265790575,0.04590854625999838,0.10461844120147756,-0.04263602636363632,-0.00280046011797286,0,0,0,0,0,0,0,0
-0.03915371565321665,-0.07555509086888132,0.627,0.0032986722862692326,-0.07587525939941406,-0.18412960815429688,0,0,0.5,0,0.03915371565321665,0.07555509086888132,-0.127,-0.0032986722862692326,0.04718127943070047,0.1051275859124722,-0.08127866999999998,-0.00526216769476294,0,0,0,0,0,0,0,0
-0.04231353205467475,-0.08452795198611601,0.62,0.00401425727958693,-0.04784096527099609,-0.1344358367919922,0,0,0.5,0,0.04231353205467475,0.08452795198611601,-0.12,-0.00401425727958693,0.03734901983947862,0.08797688253562243,-0.06212922362318839,-0.007125496380968224,0,0,0,0,0,0,0,0
-0.04583613706935835,-0.09231133610909892,0.614,0.0042760566673861735,-0.05330731582641601,-0.11653771209716797,0,0,0.5,0,0.04583613706935835,0.09231133610909892,-0.11399999999999999,-0.0042760566673861735,0.04299636001149679,0.09034975347076668,-0.0590361822580645,-0.005542827898672834,0,0,0,0,0,0,0,0
-0.049340757571786166,-0.10065716105547089,0.614,0.004974188368183751,-0.05310413360595703,-0.12496144104003906,0,0,0.5,0,0.049340757571786166,0.10065716105547089,-0.11399999999999999,-0.004974188368183751,0.043766101759755593,0.09558869174340562,-0.09298125,-0.008196334679557184,0,0,0,0,0,0,0,0
-0.05281595295476566,-0.10782624798733333,0.613,0.006283185307179639,-0.052662189483642576,-0.10727568054199219,0,0,0.5,0,0.05281595295476566,0.10782624798733333,-0.11299999999999999,-0.006283185307179639,0.04537958686979038,0.09290704065393884,-0.0868700846153846,-0.012324709641006813,0,0,0,0,0,0,0,0
-0.05609398003963658,-0.11380121334276411,0.611,0.006702064327658296,-0.049732559204101565,-0.08931376647949218,0,0,0.5,0,0.05609398003963658,0.11380121334276411,-0.11099999999999999,-0.006702064327658296,0.04572650888054082,0.08905227868491451,-0.08012189939393938,-0.008606059875288556,0,0,0,0,0,0,0,0
-0.06054339922288432,-0.11943907578358556,0.608,0.006003932626860497,-0.06730656433105468,-0.08411873626708985,0,0,0.5,0,0.06054339922288432,0.11943907578358556,-0.10799999999999998,-0.006003932626860497,0.05420310491007433,0.09016237272392932,-0.07249014909090906,-0.0028306067141432266,0,0,0,0,0,0,0,0
-0.06354999094697168,-0.12421716037191662,0.607,0.004223696789826148,-0.04552836990356445,-0.07139920806884766,0,0,0.5,0,0.06354999094697168,0.12421716037191662,-0.10699999999999998,-0.004223696789826148,0.048593966497779736,0.08886330872517574,-0.08219896999999998,0.004121158696272361,0,0,0,0,0,0,0,0
-0.06676407855474926,-0.1295902887985969,0.606,0.002024581932313474,-0.04855130004882813,-0.080392578125,0,0,0.5,0,0.06676407855474926,0.1295902887985969,-0.10599999999999998,-0.002024581932313474,0.05084718008305059,0.09399911530544666,-0.08163464969696968,0.007971394692744134,0,0,0,0,0,0,0,0
-0.06972139944375717,-0.13528279852139016,0.605,-0.00017453292519931107,-0.044532596588134764,-0.08529766082763672,0,0,0.5,0,0.06972139944375717,0.13528279852139016,-0.10499999999999998,0.00017453292519931107,0.05125079101275072,0.09909141654754827,-0.0808213146153846,0.01032429380602755,0,0,0,0,0,0,0,0
-0.07258957691404264,-0.14256184922900614,0.605,-0.0030892327760300153,-0.04300360488891602,-0.10919326782226563,0,0,0.5,0,0.07258957691404264,0.14256184922900614,-0.10499999999999998,0.0030892327760300153,0.05225205994899749,0.11136652009855438,-0.08627417999999999,0.01654169362601788,0,0,0,0,0,0,0,0
-0.07580635010204512,-0.14949501442447088,0.605,-0.0033684854563489353,-0.04793009567260742,-0.10414604187011718,0,0,0.5,0,0.07580635010204512,0.14949501442447088,-0.10499999999999998,0.0033684854563489353,0.055525091895712295,0.11250366610764699,-0.08634347999999999,0.004637815821434935,0,0,0,0,0,0,0,0
-0.0791369709556504,-0.1570645709695137,0.601,-0.002373647782712429,-0.049576560974121095,-0.11371099090576171,0,0,0.5,0,0.0791369709556504,0.1570645709695137,-0.10099999999999998,0.002373647782712429,0.05839673708312784,0.12101819293382726,-0.06133311999999996,-0.002289653812458693,0,0,0,0,0,0,0,0
-0.08175859343270439,-0.16480278067185877,0.598,-0.0007504915783574929,-0.039048709869384766,-0.11616616058349609,0,0,0.5,0,0.08175859343270439,0.16480278067185877,-0.09799999999999998,0.0007504915783574929,0.0554497196390893,0.12463601580727927,-0.06496370909090907,-0.006627491168710399,0,0,0,0,0,0,0,0
-0.08407098751947545,-0.1728161826893294,0.595,0.0011344640137963546,-0.0345956916809082,-0.12022702789306641,0,0,0.5,0,0.08407098751947545,0.1728161826893294,-0.09499999999999997,-0.0011344640137963546,0.0554030838375938,0.13154065091323933,-0.06212734999999997,-0.009970193352017515,0,0,0,0,0,0,0,0
-0.08645700183772334,-0.1816081387647537,0.592,0.002757620218150958,-0.03593980407714844,-0.13183865356445312,0,0,0.5,0,0.08645700183772334,0.1816081387647537,-0.09199999999999997,-0.002757620218150958,0.05666035368903418,0.13885720753038006,-0.06028522909090906,-0.010135602965217335,0,0,0,0,0,0,0,0
-0.08877087254903905,-0.1891291019627788,0.589,0.002879793265790576,-0.03501902770996094,-0.11271830749511719,0,0,0.5,0,0.08877087254903905,0.1891291019627788,-0.08899999999999997,-0.002879793265790576,0.057493298086843135,0.13600240059290436,-0.05794396909090905,-0.0034351253005161127,0,0,0,0,0,0,0,0
-0.09150889431196822,-0.19682581580079214,0.59,-0.00005235987755980399,-0.04140262985229492,-0.1153319549560547,0,0,0.5,0,0.09150889431196822,0.19682581580079214,-0.08999999999999997,0.00005235987755980399,0.06162390467728479,0.1421842340885563,-0.08017940999999999,0.01379682773701471,0,0,0,0,0,0,0,0
-0.09461074238331199,-0.20317343782093628,0.588,-0.0016580627893946203,-0.04652273559570313,-0.09521676635742188,0,0,0.5,0,0.09461074238331199,0.20317343782093628,-0.08799999999999997,0.0016580627893946203,0.06471290960464285,0.13706236769096147,-0.06256267939393936,0.008956712388643784,0,0,0,0,0,0,0,0
-0.09820271131753074,-0.20906201637172805,0.586,-0.0038920842319473117,-0.05373300552368164,-0.08841789245605469,0,0,0.5,0,0.09820271131753074,0.20906201637172805,-0.08599999999999997,0.0038920842319473117,0.06976612959827211,0.13868198868147102,-0.06068627999999996,0.014364059743913055,0,0,0,0,0,0,0,0
-0.10149169134113653,-0.2138629501033191,0.585,-0.005358160803622724,-0.04905404281616211,-0.07220547485351562,0,0,0.5,0,0.10149169134113653,0.2138629501033191,-0.08499999999999996,0.005358160803622724,0.0690162778635488,0.13410208434220616,-0.06565684940298505,0.011922682766348449,0,0,0,0,0,0,0,0
-0.10450133557824995,-0.21942778718586572,0.583,-0.006213372137099825,-0.04469675827026367,-0.08371324920654297,0,0,0.5,0,0.10450133557824995,0.21942778718586572,-0.08299999999999996,0.006213372137099825,0.06961356358232731,0.14191213374469613,-0.05856544923076919,0.010160501368532603,0,0,0,0,0,0,0,0
-0.10628952565014788,-0.22500014187718065,0.584,-0.006230825429619835,-0.026302989959716798,-0.0837503662109375,0,0,0.5,0,0.10628952565014788,0.22500014187718065,-0.08399999999999996,0.006230825429619835,0.06430323364637774,0.14583307987503813,-0.07574315555555552,0.006313936346381786,0,0,0,0,0,0,0,0
-0.10864589638560335,-0.23049346645504018,0.585,-0.007103490055616946,-0.03483145904541016,-0.08261849975585937,0,0,0.5,0,0.10864589638560335,0.23049346645504018,-0.08499999999999996,0.007103490055616946,0.06830579967242531,0.14735147688893124,-0.07642746538461537,0.011131172944834379,0,0,0,0,0,0,0,0
-0.1092387223843422,-0.23549051261563705,0.587,-0.009285151620609944,-0.008359723091125489,-0.0750169677734375,0,0,0.5,0,0.1092387223843422,0.23549051261563705,-0.08699999999999997,0.009285151620609944,0.05917720772056273,0.14733080040178476,-0.08346863076923076,0.01935435884365455,0,0,0,0,0,0,0,0
-0.10934608241911675,-0.24172464626412607,0.587,-0.010995574287564258,-0.0007420704364776611,-0.0935229263305664,0,0,0.5,0,0.10934608241911675,0.24172464626412607,-0.08699999999999997,0.010995574287564258,0.056680249676881324,0.15676003350965856,-0.07275681999999999,0.01877022277372023,0,0,0,0,0,0,0,0
-0.11024827482197218,-0.2470903411261574,0.587,-0.012583823906879175,-0.012647102355957032,-0.08062935638427735,0,0,0.5,0,0.11024827482197218,0.2470903411261574,-0.08699999999999997,0.012583823906879175,0.06121442194554593,0.153770866403393,-0.07281684999999999,0.019489257034335336,0,0,0,0,0,0,0,0
-0.11122184409655608,-0.25025817858431443,0.585,-0.016580627893946095,-0.014004446029663086,-0.047697563171386716,0,0,0.5,0,0.11122184409655608,0.25025817858431443,-0.08499999999999996,0.016580627893946095,0.06277876684720886,0.1464662664061841,-0.05979329016393439,0.03623704094509488,0,0,0,0,0,0,0,0
-0.11065818301040795,-0.25104042905638035,0.589,-0.01870992958137929,0.008648298263549804,-0.011591962814331055,0,0,0.5,0,0.11065818301040795,0.25104042905638035,-0.08899999999999997,0.01870992958137929,0.0539477127520836,0.13305656928441653,-0.09606501153846153,0.028537475831070955,0,0,0,0,0,0,0,0
-0.11013591836952119,-0.24961936174899524,0.592,-0.020455258833373617,0.00743380069732666,0.02145884323120117,0,0,0.5,0,0.11013591836952119,0.24961936174899524,-0.09199999999999997,0.020455258833373617,0.054024783077122676,0.12076270348926053,-0.0928963609090909,0.02838857361516602,0,0,0,0,0,0,0,0
-0.10869541636007515,-0.24590710527160606,0.591,-0.021362830044410634,0.020464061737060547,0.056114154815673827,0,0,0.5,0,0.10869541636007515,0.24590710527160606,-0.09099999999999997,0.021362830044410634,0.04826593699153579,0.10629851618092664,-0.07077675999999997,0.025617070096146652,0,0,0,0,0,0,0,0
-0.10584959897545719,-0.24127546279594195,0.591,-0.022689280275926198,0.04119345855712891,0.07037063598632813,0,0,0.5,0,0.10584959897545719,0.24127546279594195,-0.09099999999999997,0.022689280275926198,0.04014516191103687,0.10060882859671733,-0.07630738999999997,0.028541266591436035,0,0,0,0,0,0,0,0
-0.10257761503491913,-0.2346147488646764,0.595,-0.0233525053916842,0.04680041885375977,0.10099848175048828,0,0,0.5,0,0.10257761503491913,0.2346147488646764,-0.09499999999999997,0.0233525053916842,0.03504369475934636,0.08426164890986126,-0.10178946222222222,0.026510720228627077,0,0,0,0,0,0,0,0
-0.09936709781269251,-0.22517996954384537,0.593,-0.025097834643678422,0.044840042114257815,0.14260760498046876,0,0,0.5,0,0.09936709781269251,0.22517996954384537,-0.09299999999999997,0.025097834643678422,0.03515897333653577,0.06813998376220798,-0.06773636235294116,0.03279781663777057,0,0,0,0,0,0,0,0
-0.09760922858927513,-0.21851629194970904,0.592,-0.026668630970473332,0.02385133934020996,0.10058539581298828,0,0,0.5,0,0.09760922858927513,0.21851629194970904,-0.09199999999999997,0.026668630970473332,0.0409418221498219,0.0758874544118765,-0.0716423587096774,0.03426925835819064,0,0,0,0,0,0,0,0
-0.09478572202539592,-0.21252152490179924,0.594,-0.02890265241302613,0.03993973922729492,0.09101888275146484,0,0,0.5,0,0.09478572202539592,0.21252152490179924,-0.09399999999999997,0.02890265241302613,0.03476736944053161,0.07933404785001369,-0.08939826119402985,0.03890573349908344,0,0,0,0,0,0,0,0
-0.09300519488745569,-0.20644390480038233,0.594,-0.03077015471265997,0.02406222915649414,0.09189804840087891,0,0,0.5,0,0.09300519488745569,0.20644390480038233,-0.09399999999999997,0.03077015471265997,0.03924596108691524,0.07551763447355396,-0.07901253999999999,0.03925880152917742,0,0,0,0,0,0,0,0
-0.09133615588311096,-0.20151533035090363,0.588,-0.032358404331974885,0.022749298095703124,0.07466384887695313,0,0,0.5,0,0.09133615588311096,0.20151533035090363,-0.08799999999999997,0.032358404331974885,0.03863873381778783,0.07802913631128512,-0.04093464666666662,0.03992149775728401,0,0,0,0,0,0,0,0
-0.09002015017534223,-0.1971436701148478,0.584,-0.03349286834577124,0.017608222961425782,0.0661792221069336,0,0,0.5,0,0.09002015017534223,0.1971436701148478,-0.08399999999999996,0.03349286834577124,0.04022549839425056,0.07981270977922478,-0.04958411846153841,0.038728856101754416,0,0,0,0,0,0,0,0
-0.09025065498249452,-0.1931061514123976,0.578,-0.03518583772020566,-0.005483675003051758,0.060413032531738284,0,0,0.5,0,0.09025065498249452,0.1931061514123976,-0.07799999999999996,0.03518583772020566,0.04872677803467845,0.07971869306890966,-0.034065587692307636,0.04299954252528758,0,0,0,0,0,0,0,0
-0.09033446357506222,-0.1892823854680866,0.572,-0.03635520831904181,-0.0032740705013275147,0.057276763916015626,0,0,0.5,0,0.09033446357506222,0.1892823854680866,-0.07199999999999995,0.03635520831904181,0.048031562852142745,0.07939467511767229,-0.02980261818181812,0.04167052922284249,0,0,0,0,0,0,0,0
-0.09142015045205529,-0.18506404845448288,0.566,-0.03850196329899501,-0.018574413299560548,0.06264131927490234,0,0,0.5,0,0.09142015045205529,0.18506404845448288,-0.06599999999999995,0.03850196329899501,0.053862716896559075,0.07565095732067709,-0.025521736417910383,0.04811429903012875,0,0,0,0,0,0,0,0
-0.09212481552686919,-0.18098956452496096,0.559,-0.039322268047432204,-0.012914695739746095,0.06066510009765625,0,0,0.5,0,0.09212481552686919,0.18098956452496096,-0.05900000000000005,0.039322268047432204,0.05251639542777848,0.07312780582792384,-0.01241330111111174,0.04322848113522837,0,0,0,0,0,0,0,0
-0.0923323956736051,-0.1779800522186445,0.553,-0.04070107815650768,-0.004885950565338135,0.04498538208007812,0,0,0.5,0,0.0923323956736051,0.1779800522186445,-0.05300000000000005,0.04070107815650768,0.04988313483880087,0.07816969227460413,-0.01422894769230771,0.04706481712147143,0,0,0,0,0,0,0,0
-0.09296188000664315,-0.17556941910452978,0.546,-0.04263839362622134,-0.010905769348144531,0.03574534606933594,0,0,0.5,0,0.09296188000664315,0.17556941910452978,-0.04600000000000004,0.04263839362622134,0.05247966708785299,0.08050165734529809,-0.003845787878787879,0.0514443730340107,0,0,0,0,0,0,0,0
-0.09327831065060134,-0.1742422543666863,0.54,-0.04553564018453215,-0.0055907111167907714,0.019687057495117188,0,0,0.5,0,0.09327831065060134,0.1742422543666863,-0.040000000000000036,0.04553564018453215,0.05108988611941116,0.08547531831272817,-0.003380099999999997,0.059116483426614054,0,0,0,0,0,0,0,0
-0.09445667599932313,-0.17481185739207808,0.533,-0.049864056729477906,-0.017268234252929688,-0.009339775085449219,0,0,0.5,0,0.09445667599932313,0.17481185739207808,-0.03300000000000003,0.049864056729477906,0.05616751456392775,0.09611071412230332,0.005952454179104484,0.06924502633371264,0,0,0,0,0,0,0,0
-0.09446417024936152,-0.17688450658488594,0.526,-0.05373868766890533,0.0014373440742492677,-0.031056697845458985,0,0,0.5,0,0.09446417024936152,0.17688450658488594,-0.026000000000000023,0.05373868766890533,0.05011737717227943,0.10544689418614621,0.0126606976923077,0.07162159969703188,0,0,0,0,0,0,0,0
-0.0935400465981456,-0.17970933200832284,0.518,-0.05626941508429729,0.016117784500122072,-0.04156665420532227,0,0,0.5,0,0.0935400465981456,0.17970933200832284,-0.018000000000000016,0.05626941508429729,0.04462102610485439,0.11126216617426665,0.025106870000000024,0.0681321998439471,0,0,0,0,0,0,0,0
-0.08973622324972375,-0.1842339209766869,0.511,-0.060685098091842866,0.06078396987915039,-0.06455252838134766,0,0,0.5,0,0.08973622324972375,0.1842339209766869,-0.01100000000000001,0.060685098091842866,0.027349118471071264,0.12255912004077711,0.02464202769230771,0.081065173511284,0,0,0,0,0,0,0,0
-0.08532583662228285,-0.18851162970113633,0.504,-0.06377433086787287,0.06992552947998047,-0.06003530883789063,0,0,0.5,0,0.08532583662228285,0.18851162970113633,-0.0040000000000000036,0.06377433086787287,0.022293951998394405,0.12314403970378293,0.02966829212121215,0.07781629803164564,0,0,0,0,0,0,0,0
-0.07871088788562389,-0.19247421229815953,0.497,-0.06684611035138288,0.10281061553955079,-0.05299423599243164,0,0,0.5,0,0.07871088788562389,0.19247421229815953,0.0030000000000000027,0.06684611035138288,0.008380884705010555,0.12296704019333715,0.03417853176470591,0.08039807866098585,0,0,0,0,0,0,0,0
-0.07142263028757499,-0.19629052061566776,0.493,-0.07059856824317068,0.11290343475341796,-0.0498143424987793,0,0,0.5,0,0.07142263028757499,0.19629052061566776,0.007000000000000006,0.07059856824317068,-0.0023148214674253847,0.12614492474083422,0.023934105161290343,0.08875562255827292,0,0,0,0,0,0,0,0
-0.06216094348541171,-0.1990365194136418,0.492,-0.07429866625739845,0.14148477172851562,-0.03128759384155273,0,0,0.5,0,0.06216094348541171,0.1990365194136418,0.008000000000000007,0.07429866625739845,-0.01563249183125414,0.12088976926521294,0.0075432753846153945,0.09137604170768046,0,0,0,0,0,0,0,0
-0.052878099218386605,-0.20033944998588388,0.491,-0.07511897100583598,0.14030926513671876,-0.009154010772705078,0,0,0.5,0,0.052878099218386605,0.20033944998588388,0.009000000000000008,0.07511897100583598,-0.020353468011069138,0.11390108782449875,0.008349125384615394,0.07890499292170149,0,0,0,0,0,0,0,0
-0.045562273187585496,-0.20024200379540927,0.491,-0.07632324818971203,0.10931822204589844,0.009693180084228516,0,0,0.5,0,0.045562273187585496,0.20024200379540927,0.009000000000000008,0.07632324818971203,-0.013390128892307035,0.10644203177094635,0.002970360000000007,0.0818814505768323,0,0,0,0,0,0,0,0
-0.03761079472475534,-0.19895585434765076,0.492,-0.0774751654960284,0.11745393371582032,0.028330482482910157,0,0,0.5,0,0.03761079472475534,0.19895585434765076,0.008000000000000007,0.0774751654960284,-0.02011506684486354,0.09963448867164922,-0.0031273903030303012,0.08271115325201187,0,0,0,0,0,0,0,0
-0.03073550488575193,-0.1959596482047762,0.495,-0.07726572598578896,0.09934149932861328,0.05279024887084961,0,0,0.5,0,0.03073550488575193,0.1959596482047762,0.0050000000000000044,0.07726572598578896,-0.01838659388469599,0.08895083117483271,-0.01637495615384616,0.07629908209237615,0,0,0,0,0,0,0,0
-0.02620596116724423,-0.19041228309236063,0.498,-0.07637560806727173,0.06131752395629883,0.08820667266845703,0,0,0.5,0,0.02620596116724423,0.19041228309236063,0.0020000000000000018,0.07637560806727173,-0.008384744698604198,0.07209527721368278,-0.019026080000000015,0.07220318032422221,0,0,0,0,0,0,0,0
-0.02044520082453401,-0.18330720311118975,0.504,-0.0745430123526778,0.078027587890625,0.11285881805419921,0,0,0.5,0,0.02044520082453401,0.18330720311118975,-0.0040000000000000036,0.0745430123526778,-0.01703017549271364,0.06132241849007024,-0.03924065181818184,0.06621303183179629,0,0,0,0,0,0,0,0
-0.016669150893846966,-0.1742538919895456,0.513,-0.07199483164476606,0.04636991119384765,0.13964080810546875,0,0,0.5,0,0.016669150893846966,0.1742538919895456,-0.013000000000000012,0.07199483164476606,-0.008690455393941962,0.04583888405732988,-0.0630924584615385,0.06023399760825033,0,0,0,0,0,0,0,0
-0.01350096171828771,-0.16305460337414937,0.518,-0.06909758508645558,0.03531581115722656,0.17097259521484376,0,0,0.5,0,0.01350096171828771,0.16305460337414937,-0.018000000000000016,0.06909758508645558,-0.0064831697493937315,0.03059333818286855,-0.044762382985074664,0.05612483930297585,0,0,0,0,0,0,0,0
-0.010637172850758856,-0.14913027797551273,0.525,-0.0662177918206649,0.028433748245239258,0.2113323211669922,0,0,0.5,0,0.010637172850758856,0.14913027797551273,-0.025000000000000022,0.0662177918206649,-0.007019359799955376,0.0060817108359989824,-0.06254023000000004,0.05271876088727105,0,0,0,0,0,0,0,0
-0.008267423539472556,-0.1322464049114141,0.531,-0.06316346562967479,0.018710397720336915,0.25505513000488284,0,0,0.5,0,0.008267423539472556,0.1322464049114141,-0.031000000000000028,0.06316346562967479,-0.005297703860233374,-0.017038773661902623,-0.06138682230769235,0.049066575517412746,0,0,0,0,0,0,0,0
-0.006296673286995995,-0.11391346252570242,0.54,-0.060423298704043726,0.012144268989562989,0.27631170654296877,0,0,0.5,0,0.006296673286995995,0.11391346252570242,-0.040000000000000036,0.060423298704043726,-0.0041305296783211345,-0.03393388206664849,-0.08476666846153852,0.04777637443190037,0,0,0,0,0,0,0,0
-0.005164837828541621,-0.09555926265326706,0.55,-0.05707226654021458,0.00032135018706321716,0.27583578491210936,0,0,0.5,0,0.005164837828541621,0.09555926265326706,-0.050000000000000044,0.05707226654021458,-0.0000834642200892759,-0.04166494738554409,-0.0973684330303031,0.041840302159173,1425654691153,0,0,0,0,0,0,0
-0.005092448011591488,-0.07788257449568592,0.556,-0.05429719302954372,-0.014040436744689942,0.2647805480957031,0,0,0.5,0,0.005092448011591488,0.07788257449568592,-0.05600000000000005,0.05429719302954372,0.005501974228433673,-0.04685902381063754,-0.08099327181818189,0.04168322252649438,1425654691153,0,0,0,0,0,0,0
-0.0068086155930402485,-0.05970108862866567,0.562,-0.05035274892003639,-0.04050535583496094,0.27092330932617187,0,0,0.5,0,0.0068086155930402485,0.05970108862866567,-0.062000000000000055,0.05035274892003639,0.015713559714478978,-0.05714766530352497,-0.08535991358208962,0.03269105887746625,1425654691153,0,0,0,0,0,0,0
-0.010100606795624774,-0.04305981806361359,0.568,-0.04513421445657329,-0.06188097763061524,0.24681732177734375,0,0,0.5,0,0.010100606795624774,0.04305981806361359,-0.06799999999999995,0.04513421445657329,0.026984584466940957,-0.06440634866883996,-0.09272975774193484,0.019883241246267978,1425654691153,0,0,0,0,0,0,0
-0.016587916153130933,-0.02620440827753697,0.569,-0.041381756564785606,-0.10861800384521485,0.24818316650390626,0,0,0.5,0,0.016587916153130933,0.02620440827753697,-0.06899999999999995,0.041381756564785606,0.046586865757467934,-0.06963426312898618,-0.06508825538461535,0.024062720141150132,1425654691153,0,0,0,0,0,0,0
-0.025143487204040367,-0.01434065912200362,0.573,-0.03700098014227982,-0.13558573913574218,0.17249473571777343,0,0,0.5,0,0.025143487204040367,0.01434065912200362,-0.07299999999999995,0.03700098014227982,0.012571743602020184,0.00717032956100181,-0.058399999999999966,0.03700098014227982,1425654691153,0,0,0,0,0,0,0
-0.03717606288112756,-0.0038331270348745776,0.571,-0.030298915814621637,-0.18619560241699218,0.150828369140625,0,0,0.5,0,0.03717606288112756,0.0038331270348745776,-0.07099999999999995,0.030298915814621637,0.08242168108116409,-0.053802667686828246,-0.04624079939393935,-0.0001650129474610254,1425654691545,0,0,0,0,0,0,0
-0.05025490697186712,0.00405660854728543,0.57,-0.02366666465704315,-0.19967782592773436,0.11234850311279297,0,0,0.5,0,0.05025490697186712,-0.00405660854728543,-0.06999999999999995,0.02366666465704315,0.09670908144912907,-0.045175362104207493,-0.050622909999999965,-0.007422012644106007,1425654691609,0,0,0,0,0,0,0
-0.06315910551435303,0.009293445711255562,0.567,-0.015690509975429093,-0.19536767578125,0.07394999694824218,0,0,0.5,0,0.06315910551435303,-0.009293445711255562,-0.06699999999999995,0.015690509975429093,0.10116145151572538,-0.03285118392080651,-0.03758136384615379,-0.021122511632020394,1425654691674,0,0,0,0,0,0,0
-0.07753864691916657,0.012405307370887258,0.565,-0.0097389372261284,-0.21639894104003907,0.043287982940673826,0,0,0.5,0,0.07753864691916657,-0.012405307370887258,-0.06499999999999995,0.0097389372261284,0.11634577621270151,-0.022973002407821855,-0.041408229230769186,-0.017729860078336337,1425654691739,0,0,0,0,0,0,0
-0.09085440984885237,0.014098103324231613,0.558,-0.00493928178314396,-0.19997425842285158,0.023445545196533205,0,0,0.5,0,0.09085440984885237,-0.014098103324231613,-0.05800000000000005,0.00493928178314396,0.11733467510095069,-0.016187441117799878,-0.008922852307692922,-0.017212974107553458,1425654691804,0,0,0,0,0,0,0
-0.10400735305294834,0.013487543987098147,0.549,0.000034906585039903154,-0.19724650573730468,-0.010132765769958496,0,0,0.5,0,0.10400735305294834,-0.013487543987098147,-0.049000000000000044,-0.000034906585039903154,0.11998058214802057,-0.0036336930222706175,0.0068750494117647,-0.021979855268204004,0,0,0,0,0,0,0,0
-0.11228578621884558,0.010862840951167844,0.538,0.0024783675378319235,-0.12417787170410156,-0.0393662109375,0,0,0.5,0,0.11228578621884558,-0.010862840951167844,-0.038000000000000034,-0.0024783675378319235,0.10248286176835954,0.009110913615360353,0.030438691111111138,-0.014113895884460591,0,0,0,0,0,0,0,0
-0.11756196746294005,0.005708281024019476,0.529,0.0026005405854715407,-0.07933409881591796,-0.07712201690673828,0,0,0.5,0,0.11756196746294005,-0.005708281024019476,-0.029000000000000026,-0.0026005405854715407,0.08761627900213212,0.02485812234796786,0.024970268461538478,-0.003164416189962082,0,0,0,0,0,0,0,0
-0.12212056216237435,0.0004741434117465368,0.521,0.0016406094968747192,-0.0685828628540039,-0.07833397674560547,0,0,0.5,0,0.12212056216237435,-0.0004741434117465368,-0.02100000000000002,-0.0016406094968747192,0.08611102716908467,0.027903378188480533,0.025972003076923093,0.0027898416812644562,0,0,0,0,0,0,0,0
-0.1246789724147519,-0.0067569984846474595,0.514,-0.0007330382858377099,-0.038554054260253906,-0.10840402221679687,0,0,0.5,0,0.1246789724147519,0.0067569984846474595,-0.014000000000000012,0.0007330382858377099,0.07649356836220864,0.041686555445527865,0.025607052121212143,0.011522346389076022,0,0,0,0,0,0,0,0
-0.1238959054491953,-0.013835322512323717,0.509,-0.0024085543677521176,0.011823831558227539,-0.10616622161865234,0,0,0.5,0,0.1238959054491953,0.013835322512323717,-0.009000000000000008,0.0024085543677521176,0.05846385123343667,0.04442445098356945,0.018995051515151525,0.010024536558272151,0,0,0,0,0,0,0,0
-0.12015143378754749,-0.022252870931854865,0.505,-0.0034382986264288634,0.056471023559570316,-0.12612757873535158,0,0,0.5,0,0.12015143378754749,0.022252870931854865,-0.0050000000000000044,0.0034382986264288634,0.04034356076824888,0.057144368136607684,0.017551700000000017,0.008265224838976109,0,0,0,0,0,0,0,0
-0.11494583539272724,-0.03037120740179703,0.502,-0.003403392041388957,0.07850221252441406,-0.12150585174560546,0,0,0.5,0,0.11494583539272724,0.03037120740179703,-0.0020000000000000018,0.003403392041388957,0.02982379008345336,0.05958665859500117,0.014481670000000012,0.0032397674240143945,0,0,0,0,0,0,0,0
-0.10900662419518531,-0.03909313454823415,0.497,-0.003577924966588379,0.08953291320800781,-0.1305249481201172,0,0,0.5,0,0.10900662419518531,0.03909313454823415,0.0030000000000000027,0.003577924966588379,0.02389842812166274,0.06582891502540399,0.028592551515151537,0.0043712564447675704,0,0,0,0,0,0,0,0
-0.10205842219020582,-0.04727035716177761,0.494,-0.004188790204786467,0.10466122436523438,-0.12228465270996093,0,0,0.5,0,0.10205842219020582,0.04727035716177761,0.006000000000000005,0.004188790204786467,0.014573086638830342,0.06772680679426318,0.02063514615384617,0.00700816822723918,0,0,0,0,0,0,0,0
-0.09438890180500928,-0.05559139122391134,0.495,-0.005253441048503008,0.11556462097167969,-0.12433252716064454,0,0,0.5,0,0.09438890180500928,0.05559139122391134,0.0050000000000000044,0.005253441048503008,0.008150303693230804,0.07136145975341977,-0.0015392305970149253,0.010020534378577074,1425654692523,0,0,0,0,0,0,0
-0.08760127086469494,-0.06308363886919467,0.494,-0.0058643062867008745,0.10240345764160157,-0.1118472900390625,0,0,0.5,0,0.08760127086469494,0.06308363886919467,0.006000000000000005,0.0058643062867008745,0.011888791684651241,0.06810556368744948,0.00935008111111112,0.008409578112525318,1425654692523,0,0,0,0,0,0,0
-0.08272454245959565,-0.06890097109134613,0.492,-0.007312929565856389,0.07366138458251953,-0.08682950592041015,0,0,0.5,0,0.08272454245959565,0.06890097109134613,0.008000000000000007,0.007312929565856389,0.013564918368223669,0.06914383102380335,0.017958096779661033,0.014678810646308157,1425654692523,0,0,0,0,0,0,0
-0.07863342990332874,-0.07415860104284494,0.493,-0.007696902001295029,0.0619417724609375,-0.07841357421875,0,0,0.5,0,0.07863342990332874,0.07415860104284494,0.007000000000000006,0.007696902001295029,0.018126160469156355,0.06606317337346217,-0.00017058000000000004,0.009496772792413653,1425654692523,0,0,0,0,0,0,0
-0.07628399898770818,-0.07874590272589499,0.492,-0.006440264939859056,0.03577003479003906,-0.06853623962402344,0,0,0.5,0,0.07628399898770818,0.07874590272589499,0.008000000000000007,0.006440264939859056,0.026320381747123298,0.06513877968672344,0.011658765555555567,0.0004562789330210936,1425654692523,0,0,0,0,0,0,0
-0.07652323156136086,-0.08319563074841932,0.49,-0.00474729556542464,-0.003158555746078491,-0.06676764678955079,0,0,0.5,0,0.07652323156136086,0.08319563074841932,0.010000000000000009,0.00474729556542464,0.040811554930001916,0.06553058600769114,0.01831587060606062,-0.0029480197729136164,1425654692847,0,0,0,0,0,0,0
-0.0785753923841962,-0.08643255107333277,0.489,-0.002809980095710988,-0.030551567077636718,-0.048699390411376955,0,0,0.5,0,0.0785753923841962,0.08643255107333277,0.01100000000000001,0.002809980095710988,0.051341866371128655,0.060519198715075974,0.013741060597014937,-0.005864566783603871,1425654692914,0,0,0,0,0,0,0
-0.08201670270039914,-0.08999136766709656,0.487,-0.0012566370614359758,-0.051469448089599606,-0.053527088165283204,0,0,0.5,0,0.08201670270039914,0.08999136766709656,0.013000000000000012,0.0012566370614359758,0.0612144349063295,0.06490919445501195,0.02106300000000002,-0.006024658411728143,1425654692978,0,0,0,0,0,0,0
-0.086357512338054,-0.09296762041675993,0.487,0.00008726646259981859,-0.06505599212646485,-0.04472557830810547,0,0,0.5,0,0.086357512338054,0.09296762041675993,0.013000000000000012,-0.00008726646259981859,0.06799489667304492,0.06302144788031003,0.01013395000000001,-0.006289898111995792,1425654693043,0,0,0,0,0,0,0
-0.09094307729620603,-0.09570978745928192,0.487,0.0017104226669543109,-0.06878706359863282,-0.04112650299072266,0,0,0.5,0,0.09094307729620603,0.09570978745928192,0.013000000000000012,-0.0017104226669543109,0.071664705416579,0.0631942812634275,0.01014240000000001,-0.009201912840898122,1425654693108,0,0,0,0,0,0,0
-0.09518505758531083,-0.09810973097345192,0.487,0.0026703537555513544,-0.06369118499755859,-0.03589026641845703,0,0,0.5,0,0.09518505758531083,0.09810973097345192,0.013000000000000012,-0.0026703537555513544,0.07199749455369217,0.06261528226990376,0.01015085000000001,-0.007100804933691555,1425654693173,0,0,0,0,0,0,0
-0.09968379478609467,-0.10112762219762832,0.486,0.004520402762665295,-0.06760169982910157,-0.04508800888061523,0,0,0.5,0,0.09968379478609467,0.10112762219762832,0.014000000000000012,-0.004520402762665295,0.07532816183382038,0.06727216795709133,0.01626312030303032,-0.012929716431365026,0,0,0,0,0,0,0,0
-0.10347743475393863,-0.10425360972246145,0.485,0.005811946409141064,-0.0571159782409668,-0.04663210296630859,0,0,0.5,0,0.10347743475393863,0.10425360972246145,0.015000000000000013,-0.005811946409141064,0.07418073624900512,0.06999315969310482,0.017238440000000015,-0.01186605725199623,0,0,0,0,0,0,0,0
-0.10619575754666974,-0.10681254801382367,0.483,0.006422811647339152,-0.04099723815917969,-0.03814644622802734,0,0,0.5,0,0.10619575754666974,0.10681254801382367,0.017000000000000015,-0.006422811647339152,0.06949957904371998,0.06802571121051416,0.02414997076923079,-0.009242189669791867,0,0,0,0,0,0,0,0
-0.1070621761276539,-0.11041375670870476,0.48,0.006003932626860495,-0.01334295654296875,-0.053933544158935545,0,0,0.5,0,0.1070621761276539,0.11041375670870476,0.020000000000000018,-0.006003932626860495,0.06003058683928835,0.07551030974953235,0.03194758615384618,-0.004070644840035923,0,0,0,0,0,0,0,0
-0.10738460863895198,-0.11472471750424351,0.48,0.007347836150896068,-0.005224638938903808,-0.06463420867919922,0,0,0.5,0,0.10738460863895198,0.11472471750424351,0.020000000000000018,-0.007347836150896068,0.05723609488543651,0.08022101890185082,0.015807540000000016,-0.013190894951050733,0,0,0,0,0,0,0,0
-0.10741776230063475,-0.11941621985831756,0.479,0.007906341511534241,-0.001014372706413269,-0.07036698150634765,0,0,0.5,0,0.10741776230063475,0.11941621985831756,0.02100000000000002,-0.007906341511534241,0.055867200940255796,0.08643265751730103,0.022089730000000023,-0.010524335389525677,0,0,0,0,0,0,0,0
-0.10626062978760714,-0.12347718313869657,0.479,0.008395033702092712,0.016874839782714843,-0.061049774169921876,0,0,0.5,0,0.10626062978760714,0.12347718313869657,0.02100000000000002,-0.008395033702092712,0.04874575583191601,0.0854451833972422,0.016634210000000017,-0.010722139371418762,0,0,0,0,0,0,0,0
-0.10469849408572236,-0.12727493240813914,0.48,0.008168140899333485,0.02295298194885254,-0.057160942077636716,0,0,0.5,0,0.10469849408572236,0.12727493240813914,0.020000000000000018,-0.008168140899333485,0.04604975603016812,0.08531529876796434,0.010462594615384626,-0.007120943348137055,0,0,0,0,0,0,0,0
-0.1028599311187675,-0.13095364193068482,0.477,0.006352998477259229,0.027126806259155273,-0.0554040641784668,0,0,0.5,0,0.1028599311187675,0.13095364193068482,0.02300000000000002,-0.006352998477259229,0.04385990690666386,0.08629997186386498,0.03417148090909094,0.0018976488958055721,0,0,0,0,0,0,0,0
-0.10040469353467298,-0.13358770848054244,0.48,0.005166174585903181,0.03657680892944336,-0.039744171142578125,0,0,0.5,0,0.10040469353467298,0.13358770848054244,0.020000000000000018,-0.005166174585903181,0.039019421708252816,0.08259924464264937,-0.0005310599999999999,0.00039706240482829426,0,0,0,0,0,0,0,0
-0.09781754880568544,-0.1370557007215729,0.476,0.0031764992386297247,0.03853791046142578,-0.05221967315673828,0,0,0.5,0,0.09781754880568544,0.1370557007215729,0.02400000000000002,-0.0031764992386297247,0.03770353248804835,0.08813639401663144,0.03998679238805973,0.0057324948536394815,0,0,0,0,0,0,0,0
-0.09543404024431282,-0.13863608330526855,0.473,0.0014137166941153839,0.03567714691162109,-0.02381918716430664,0,0,0.5,0,0.09543404024431282,0.13863608330526855,0.027000000000000024,-0.0014137166941153839,0.0370529786995393,0.07954165227786306,0.03791480000000004,0.006849326483295589,0,0,0,0,0,0,0,0
-0.09326984873645824,-0.13991164161460667,0.475,-0.00019198621771943265,0.032435791015625,-0.019179248809814455,0,0,0.5,0,0.09326984873645824,0.13991164161460667,0.025000000000000022,0.00019198621771943265,0.037590480343070956,0.07839338022911423,0.009318989393939403,0.007490635816968598,0,0,0,0,0,0,0,0
-0.09095345498825345,-0.1397464943243662,0.475,-0.002600540585471546,0.03474542999267578,0.002483880043029785,0,0,0.5,0,0.09095345498825345,0.1397464943243662,0.025000000000000022,0.002600540585471546,0.03529948851737974,0.07073277072915683,0.01994105000000002,0.013890639184309578,0,0,0,0,0,0,0,0
-0.08844344770231356,-0.13822280108650226,0.479,-0.004537856055185198,0.03759054565429688,0.022953231811523436,0,0,0.5,0,0.08844344770231356,0.13822280108650226,0.02100000000000002,0.004537856055185198,0.03345999116222218,0.0628851089895297,-0.004457211212121212,0.013343835462974527,0,0,0,0,0,0,0,0
-0.08566427624384022,-0.1355488702014687,0.483,-0.005951572749300694,0.04150513458251953,0.04029772186279297,0,0,0.5,0,0.08566427624384022,0.1355488702014687,0.017000000000000015,0.005951572749300694,0.03069955809187149,0.05553786070271911,-0.007645991212121214,0.012377557722552947,0,0,0,0,0,0,0,0
-0.08249481234768656,-0.13257496856757853,0.485,-0.007958701389094158,0.04727562713623047,0.044890682220458986,0,0,0.5,0,0.08249481234768656,0.13257496856757853,0.015000000000000013,0.007958701389094158,0.026572647603207884,0.05205216981686207,0.001038230000000001,0.01736711688812602,0,0,0,0,0,0,0,0
-0.07941997513011677,-0.12961423018448529,0.49,-0.010402162341886179,0.04576764678955078,0.04477674102783203,0,0,0.5,0,0.07941997513011677,0.12961423018448529,0.010000000000000009,0.010402162341886179,0.025863041873433634,0.05097713698784705,-0.018940846923076935,0.021679674431695502,0,0,0,0,0,0,0,0
-0.07514485216909333,-0.12795759620466696,0.495,-0.01059414855960561,0.06386489105224609,0.02551521110534668,0,0,0.5,0,0.07514485216909333,0.12795759620466696,0.0050000000000000044,0.01059414855960561,0.01731124746669684,0.057254093068489685,-0.02293759692307694,0.011480238795233752,0,0,0,0,0,0,0,0
-0.07057625197457845,-0.1258082674373896,0.5,-0.011309733552923307,0.06818360900878906,0.03296411514282226,0,0,1,0,0.07057625197457845,0.1258082674373896,0.5,0.011309733552923307,0.035288125987289226,0.0629041337186948,0.4,0.011309733552923307,0,0,0,0,0,0,0,0
-0.06496468419228753,-0.12511785425811223,0.505,-0.010821041362364725,0.08405101013183594,0.0113074951171875,0,0,1,0,0.06496468419228753,0.12511785425811223,0.495,0.010821041362364725,0.002766904790713353,0.05898022290154707,0.3698115484848485,0.00859971322346208,0,0,0,0,0,0,0,0
-0.05939393116974938,-0.1255891264156935,0.51,-0.010995574287564258,0.08363289642333985,-0.00616446590423584,0,0,1,0,0.05939393116974938,0.1255891264156935,0.49,0.010995574287564258,-0.0006872011996152672,0.06553478764433575,0.36529655,0.01181369737443707,0,0,0,0,0,0,0,0
-0.05378364728277901,-0.12675233031562208,0.52,-0.010768681484805032,0.0843410186767578,-0.016521697998046876,0,0,1,0,0.05378364728277901,0.12675233031562208,0.48,0.010768681484805032,-0.0032015491102015646,0.06988491461223263,0.33110614615384615,0.009721483933608601,0,0,0,0,0,0,0,0
-0.048773885442639386,-0.12758039579195612,0.533,-0.00970403064108849,0.07527582550048828,-0.011611049652099609,0,0,1,0,0.048773885442639386,0.12758039579195612,0.46699999999999997,0.00970403064108849,-0.002441146752568145,0.06857728309600156,0.30485584999999993,0.004790257516242915,0,0,0,0,0,0,0,0
-0.04328175808149087,-0.12779077002987385,0.547,-0.009267698328089935,0.08240865325927735,-0.0023560409545898436,0,0,1,0,0.04328175808149087,0.12779077002987385,0.45299999999999996,0.009267698328089935,-0.007756430095821897,0.0654395044701612,0.28856568461538457,0.007253856883481218,0,0,0,0,0,0,0,0
-0.03901629522261641,-0.12714672104010308,0.561,-0.009389871375729442,0.06388966369628907,0.010253276824951172,0,0,1,0,0.03901629522261641,0.12714672104010308,0.43899999999999995,0.009389871375729442,-0.0025722957901147155,0.060705448899163544,0.279910101641791,0.009936914872622755,0,0,0,0,0,0,0,0
-0.034314107878925894,-0.12636718783723008,0.575,-0.010629055144645516,0.07041990661621093,0.012354766845703125,0,0,1,0,0.034314107878925894,0.12636718783723008,0.42500000000000004,0.010629055144645516,-0.008334246802962863,0.059497920115921796,0.2655539300000006,0.016437729061439615,0,0,0,0,0,0,0,0
-0.028884533024357673,-0.12430731541607623,0.589,-0.01048942880448589,0.08111061096191406,0.031761993408203126,0,0,1,0,0.028884533024357673,0.12430731541607623,0.41100000000000003,0.01048942880448589,-0.014551344541802508,0.05172023513428703,0.2557989646153846,0.00984499954221069,0,0,0,0,0,0,0,0
-0.022641499882772524,-0.12130162692110376,0.606,-0.009634217471008677,0.09316743469238281,0.04606511688232422,0,0,1,0,0.022641499882772524,0.12130162692110376,0.394,0.009634217471008677,-0.022038304144685494,0.045203381162199255,0.2263012184615384,0.005687088239575388,0,0,0,0,0,0,0,0
-0.016425386394025306,-0.117644536361134,0.619,-0.007120943348136843,0.0927088851928711,0.05575210952758789,0,0,1,0,0.016425386394025306,0.117644536361134,0.381,0.007120943348136843,-0.02448342603109786,0.040243295727157305,0.23875174606060603,-0.004303029937644217,0,0,0,0,0,0,0,0
-0.011465248166398068,-0.11362207875316846,0.634,-0.004886921905584263,0.07397053527832032,0.06086514282226563,0,0,1,0,0.011465248166398068,0.11362207875316846,0.366,0.004886921905584263,-0.020295453211546004,0.0363695049679012,0.2163872454545454,-0.005267721015109283,0,0,0,0,0,0,0,0
-0.006049415354432591,-0.10769481149582585,0.646,-0.0030368728984701,0.08080203247070313,0.08930494689941407,0,0,1,0,0.006049415354432591,0.10769481149582585,0.354,0.0030368728984701,-0.02631357035381185,0.022391267792690933,0.22093425999999994,-0.0056352318223775386,0,0,0,0,0,0,0,0
-0.0011001891499570527,-0.09928699200032029,0.659,-0.000733038285837706,0.07385504913330078,0.1263421630859375,0,0,1,0,0.0011001891499570527,0.09928699200032029,0.34099999999999997,0.000733038285837706,-0.026235724450283042,0.004685381667364673,0.20528374999999993,-0.01006618646087664,0,0,0,0,0,0,0,0
0.0020543248752886017,-0.08945376096626326,0.672,-0.00038397243543875087,0.04720957565307617,0.14753311157226562,0,0,1,0,-0.0020543248752886017,0.08945376096626326,0.32799999999999996,0.00038397243543875087,-0.017476739978809764,-0.006337853651682504,0.19725458606060595,-0.001202690520920136,0,0,0,0,0,0,0,0
0.004299391090086622,-0.07699753794440832,0.686,-0.0018675022996338386,0.033604248046875,0.18685626220703125,0,0,1,0,-0.004299391090086622,0.07699753794440832,0.31399999999999995,0.0018675022996338386,-0.013962402302887172,-0.027441964730324092,0.17981346461538456,0.008714563211303473,0,0,0,0,0,0,0,0
0.007714975441793959,-0.062438477753047936,0.7,-0.0040840704496667435,0.05082583999633789,0.218481201171875,0,0,1,0,-0.007714975441793959,0.062438477753047936,0.30000000000000004,0.0040840704496667435,-0.02116683615732385,-0.04254340576368905,0.1721432564705888,0.013863047582164853,0,0,0,0,0,0,0,0
0.010296089230373914,-0.04926521281933226,0.712,-0.006126105674500115,0.037909378051757814,0.19775544738769532,0,0,1,0,-0.010296089230373914,0.04926521281933226,0.28800000000000003,0.006126105674500115,-0.019223187060531145,-0.047347467113542756,0.16811685333333332,0.01585008293561141,0,0,0,0,0,0,0,0
0.011083332144321445,-0.0362947616204934,0.727,-0.007627088831215212,0.010616554260253906,0.19462545776367188,0,0,1,0,-0.011083332144321445,0.0362947616204934,0.273,0.007627088831215212,-0.009523491941603623,-0.05046518700127031,0.1421917392307692,0.014554703400669503,0,0,0,0,0,0,0,0
0.011270147319138146,-0.022386380473465473,0.739,-0.00912807198793042,0.0012109546661376953,0.20864102172851562,0,0,1,0,-0.011270147319138146,0.022386380473465473,0.261,0.00912807198793042,-0.006391152683295715,-0.06245521845618691,0.14891523538461535,0.016055686557385224,0,0,0,0,0,0,0,0
0.010618353842753933,-0.007634839574220511,0.752,-0.010279989294246672,-0.011796263694763184,0.22117465209960938,0,0,1,0,-0.010618353842753933,0.007634839574220511,0.248,0.010279989294246672,-0.0015565728301734014,-0.07436611723356248,0.13329181999999995,0.01559653070801399,0,0,0,0,0,0,0,0
0.010309274659790181,0.00666541899009728,0.765,-0.011135200627723774,-0.006841001510620118,0.21444488525390626,0,0,1,0,-0.010309274659790181,-0.00666541899009728,0.235,0.011135200627723774,-0.0033040048864183915,-0.07679218152002347,0.1251388222388059,0.014964505105979452,0,0,0,0,0,0,0,0
0.008287304635265173,0.018146797625246274,0.776,-0.011850785621041582,-0.032245342254638674,0.17187228393554688,0,0,1,0,-0.008287304635265173,-0.018146797625246274,0.22399999999999998,0.011850785621041582,0.007320333180015037,-0.07162689693560452,0.12327927888888882,0.015258333208269241,0,0,0,0,0,0,0,0
0.005275376586672893,0.027726967134766432,0.786,-0.013700834628155523,-0.04687869644165039,0.14315705871582032,0,0,1,0,-0.005275376586672893,-0.027726967134766432,0.21399999999999997,0.013700834628155523,0.013561994365079048,-0.06345377384388703,0.12350132696969693,0.022110148296855252,0,0,0,0,0,0,0,0
0.0013914962190714408,0.03545218384707425,0.796,-0.016737707526625623,-0.05984031677246094,0.1150692138671875,0,0,1,0,-0.0013914962190714408,-0.03545218384707425,0.20399999999999996,0.016737707526625623,0.019521203334814725,-0.05629870531066543,0.11719976176470584,0.03013567619634665,0,0,0,0,0,0,0,0
-0.0017854188967763042,0.042153369688666606,0.808,-0.020176006153054482,-0.049329410552978514,0.09970613098144532,0,0,1,0,0.0017854188967763042,-0.042153369688666606,0.19199999999999995,0.020176006153054482,0.018226726707836732,-0.05599786145680341,0.0945797653846153,0.0360450767365723,0,0,0,0,0,0,0,0
-0.004659169676025166,0.04874793248499929,0.822,-0.023282692221604395,-0.04509313201904297,0.09802865600585937,0,0,1,0,0.004659169676025166,-0.04874793248499929,0.17800000000000005,0.023282692221604395,0.01852535347288424,-0.05987900565425634,0.07032951222222283,0.03807643540517541,0,0,0,0,0,0,0,0
-0.006330784628403324,0.055429568908837414,0.832,-0.026406831582674206,-0.027400714874267578,0.09961363983154296,0,0,1,0,0.006330784628403324,-0.055429568908837414,0.16800000000000004,0.026406831582674206,0.012400997441872206,-0.06259743538854538,0.08637033615384618,0.04082593632607333,0,0,0,0,0,0,0,0
-0.009104897879697002,0.06005017424065556,0.846,-0.026790804018112957,-0.04342721176147461,0.06818621063232422,0,0,1,0,0.009104897879697002,-0.06005017424065556,0.15400000000000003,0.026790804018112957,0.01996380945544581,-0.054237063292143714,0.052552549999999976,0.0285906748092321,0,0,0,0,0,0,0,0
-0.01193861197820355,0.0639004285336076,0.856,-0.02656391121535362,-0.04403754425048828,0.05659446334838867,0,0,1,0,0.01193861197820355,-0.0639004285336076,0.14400000000000002,0.02656391121535362,0.021020717628388173,-0.051049337011882294,0.06897272402985073,0.025547973292550617,0,0,0,0,0,0,0,0
-0.013348516598508072,0.06693236577042486,0.862,-0.026773350725593063,-0.02234906768798828,0.044901290893554685,0,0,1,0,0.013348516598508072,-0.06693236577042486,0.138,0.026773350725593063,0.014641644784777846,-0.04907578041370283,0.08368735,0.027755098429840454,0,0,0,0,0,0,0,0
-0.014630478616992714,0.06870124098512256,0.866,-0.027104963283471898,-0.01993283462524414,0.02600884437561035,0,0,1,0,0.014630478616992714,-0.06870124098512256,0.134,0.027104963283471898,0.014484592120055846,-0.04294867975837374,0.09184848846153845,0.028635482781374216,0,0,0,0,0,0,0,0
-0.016021507442533948,0.06910101600140646,0.87,-0.026825710603152867,-0.021020286560058592,0.005428935050964355,0,0,1,0,0.016021507442533948,-0.06910101600140646,0.13,0.026825710603152867,0.01577780331989191,-0.03582140493545762,0.08873298846153846,0.025536852078603494,0,0,0,0,0,0,0,0
-0.016717697866924165,0.06704477945226173,0.873,-0.025534166956676988,-0.009611798286437987,-0.0311125545501709,0,0,1,0,0.016717697866924165,-0.06704477945226173,0.127,0.025534166956676988,0.012338695915447239,-0.021780616781943637,0.09204617909090909,0.019663514018150266,0,0,0,0,0,0,0,0
-0.018469865698184547,0.0633190227722511,0.876,-0.022898719786165648,-0.02484709358215332,-0.056539161682128906,0,0,1,0,0.018469865698184547,-0.0633190227722511,0.124,0.022898719786165648,0.01882685013038608,-0.011106013151467056,0.08972801909090908,0.010919414465659557,0,0,0,0,0,0,0,0
-0.01928662991103793,0.058322112935911684,0.882,-0.01925098164949746,-0.010532058715820313,-0.07521451568603515,0,0,1,0,0.01928662991103793,-0.058322112935911684,0.118,0.01925098164949746,0.01428748767857754,-0.0019050871200308739,0.06909680818181815,0.0026703537555511497,0,0,0,0,0,0,0,0
-0.02086654254666871,0.05176184450465442,0.886,-0.016667894356545813,-0.02180004119873047,-0.09884198760986328,0,0,1,0,0.02086654254666871,-0.05176184450465442,0.11399999999999999,0.016667894356545813,0.019536556967176155,0.011289608579148753,0.07556458777777776,0.004367478675823686,0,0,0,0,0,0,0,0
-0.022866880699176154,0.044042411771572545,0.89,-0.013910274138394966,-0.028070993423461914,-0.11627550506591797,0,0,1,0,0.022866880699176154,-0.044042411771572545,0.10999999999999999,0.013910274138394966,0.022545348686138042,0.020240937903887354,0.07311984846153843,0.0011827962084679823,0,0,0,0,0,0,0,0
-0.026954866606397985,0.03612133524731716,0.886,-0.011274826967883402,-0.059661144256591796,-0.11965760040283203,0,0,1,0,0.026954866606397985,-0.03612133524731716,0.11399999999999999,0.011274826967883402,0.035848042520735965,0.02526377155826939,0.11947087153846156,-0.0008887753575545845,0,0,0,0,0,0,0,0
-0.031009277687587333,0.028490629741115586,0.883,-0.009512044423369061,-0.05952180480957031,-0.11513898468017578,0,0,1,0,0.031009277687587333,-0.028490629741115586,0.11699999999999999,0.009512044423369061,0.03706355184861111,0.026269979509603646,0.1160824417910448,0.0016189882539018648,0,0,0,0,0,0,0,0
-0.03619701028251616,0.020803732415771648,0.884,-0.008604473212332044,-0.07671571350097656,-0.11603842163085938,0,0,1,0,0.03619701028251616,-0.020803732415771648,0.11599999999999999,0.008604473212332044,0.046871237481826006,0.032275939096122835,0.09421629,0.004350233160596026,0,0,0,0,0,0,0,0
-0.041831055418411436,0.013546161624779427,0.885,-0.00853466004225223,-0.08357084655761719,-0.10958669281005859,0,0,1,0,0.041831055418411436,-0.013546161624779427,0.11499999999999999,0.00853466004225223,0.05168220372363779,0.03293742707470014,0.09357517461538462,0.00821244541111463,0,0,0,0,0,0,0,0
-0.04651785542609791,0.005729467499973044,0.887,-0.00865683308989196,-0.06929875946044922,-0.11784613800048828,0,0,1,0,0.04651785542609791,-0.005729467499973044,0.11299999999999999,0.00865683308989196,0.0489552896431529,0.03985271408838153,0.08666400923076922,0.009220708694383014,0,0,0,0,0,0,0,0
-0.05150076008385727,-0.0017650388301388266,0.891,-0.00923279174305003,-0.0737676010131836,-0.11306041717529297,0,0,1,0,0.05150076008385727,0.0017650388301388266,0.10899999999999999,0.00923279174305003,0.05307462712032568,0.041866257172629685,0.07276562846153845,0.011891062449933433,0,0,0,0,0,0,0,0
-0.05580211564343982,-0.007396751720038936,0.899,-0.009424777960769348,-0.0637376480102539,-0.08506778717041015,0,0,1,0,0.05580211564343982,0.007396751720038936,0.10099999999999998,0.009424777960769348,0.050901435085920946,0.033751431049522426,0.04618071522388055,0.010284417741602115,0,0,0,0,0,0,0,0
-0.059220365174491904,-0.013250796010200922,0.908,-0.01137954672300312,-0.05044388198852539,-0.08829000091552734,0,0,1,0,0.059220365174491904,0.013250796010200922,0.09199999999999997,0.01137954672300312,0.04887224515953416,0.03928184272236528,0.03161188999999995,0.020542525295973925,1425654697410,0,0,0,0,0,0,0
-0.061655666941981685,-0.018321150403792823,0.914,-0.015446163880149742,-0.035661705017089845,-0.07646607208251953,0,0,1,0,0.061655666941981685,0.018321150403792823,0.08599999999999997,0.015446163880149742,0.04454958346725678,0.037116532228287494,0.04377884769230765,0.03421516614390338,1425654697410,0,0,0,0,0,0,0
-0.06289944061504713,-0.023323781718341353,0.926,-0.019390607989657083,-0.017495353698730468,-0.07531867980957031,0,0,1,0,0.06289944061504713,0.023323781718341353,0.07399999999999995,0.019390607989657083,0.03879643443175052,0.039268345610368224,0.0019192553846153065,0.03759573464892173,1425654697410,0,0,0,0,0,0,0
-0.06345249793793914,-0.02831865272469839,0.936,-0.023003439541285142,-0.006841587543487549,-0.07506983184814453,0,0,1,0,0.06345249793793914,0.02831865272469839,0.06399999999999995,0.023003439541285142,0.035394965331306975,0.04174240196294053,0.004730086153846076,0.039678046702645416,1425654697410,0,0,0,0,0,0,0
-0.06247305367907008,-0.03243109634924221,0.942,-0.025220007691318047,0.016106657028198242,-0.06133240509033203,0,0,1,0,0.06247305367907008,0.03243109634924221,0.05800000000000005,0.025220007691318047,0.026852599318655128,0.03840780780133919,0.02247181641791105,0.03514493970639075,1425654697410,0,0,0,0,0,0,0
-0.05909314717181574,-0.03646723928216759,0.952,-0.026843163895672872,0.05220918655395508,-0.059244407653808596,0,0,1,0,0.05909314717181574,0.03646723928216759,0.04800000000000004,0.026843163895672872,0.02954657358590787,0.018233619641083797,0.03840000000000004,0.026843163895672872,1425654697410,0,0,0,0,0,0,0
-0.05439676755034301,-0.04119009065260868,0.958,-0.028885199120506244,0.07232173156738281,-0.06892649078369141,0,0,1,0,0.05439676755034301,0.04119009065260868,0.04200000000000004,0.028885199120506244,0.0019455437123030023,0.04605255703375747,0.0013196076923077046,0.03830997708127565,1425654697801,0,0,0,0,0,0,0
-0.0515181496007343,-0.04675318691554585,0.969,-0.030072023011862403,0.0455712890625,-0.08216456604003906,0,0,1,0,0.0515181496007343,0.04675318691554585,0.031000000000000028,0.030072023011862403,0.010327668998622292,0.05338889031170005,-0.03438331923076926,0.035549671741198524,1425654697866,0,0,0,0,0,0,0
-0.04917823932229038,-0.052447015438465576,0.975,-0.03296926957017299,0.037650772094726566,-0.08431348419189454,0,0,1,0,0.04917823932229038,0.052447015438465576,0.025000000000000022,0.03296926957017299,0.012090413328924075,0.05697383807156254,-0.012243992307692311,0.04634117676237568,1425654697931,0,0,0,0,0,0,0
-0.04872294685374705,-0.058506759340369176,0.979,-0.03666936758440087,0.00982191276550293,-0.09062164306640624,0,0,1,0,0.04872294685374705,0.058506759340369176,0.02100000000000002,0.03666936758440087,0.02208001136607793,0.06151825336220141,-0.00433456121212121,0.05348799492180033,1425654697997,0,0,0,0,0,0,0
-0.04950550701478113,-0.0644524219567949,0.978,-0.04078834461910752,-0.008460888862609863,-0.08955532836914062,0,0,1,0,0.04950550701478113,0.0644524219567949,0.02200000000000002,0.04078834461910752,0.029131685266072554,0.06441307960042683,0.0230764753846154,0.05979900785621513,1425654698062,0,0,0,0,0,0,0
-0.04993174347306839,-0.07034009694016866,0.977,-0.044942228238854076,-0.0027870001792907714,-0.08850238037109374,0,0,1,0,0.04993174347306839,0.07034009694016866,0.02300000000000002,0.044942228238854076,0.027458593036760008,0.06709039705407574,0.023891425384615403,0.06411399879153049,1425654698127,0,0,0,0,0,0,0
-0.05230948737352569,-0.07750917519882372,0.97,-0.04801400772236397,-0.03079885673522949,-0.10902996826171875,0,0,1,0,0.05230948737352569,0.07750917519882372,0.030000000000000027,0.04801400772236397,0.03918958315008167,0.0776251809372588,0.061818617692307745,0.06219145149240964,1425654698192,0,0,0,0,0,0,0
-0.056283571516713045,-0.08419928219486537,0.97,-0.0511730536684738,-0.054726131439208986,-0.10309703063964844,0,0,1,0,0.056283571516713045,0.08419928219486537,0.030000000000000027,0.0511730536684738,0.049808887773246116,0.07844588793924945,0.02414581000000002,0.06575326572744224,1425654698257,0,0,0,0,0,0,0
-0.0605313925185397,-0.0897666108665776,0.963,-0.054052846934264376,-0.05936231231689453,-0.08665979766845704,0,0,1,0,0.0605313925185397,0.0897666108665776,0.03700000000000003,0.054052846934264376,0.052764549401018955,0.07434910307413964,0.06633776417910453,0.06694744364675949,1425654698324,0,0,0,0,0,0,0
-0.06493726187981638,-0.09571008207681692,0.958,-0.05688028032249514,-0.06117494201660156,-0.09259236907958984,0,0,1,0,0.06493726187981638,0.09571008207681692,0.04200000000000004,0.05688028032249514,0.05691353228770746,0.08080239108742236,0.06114123000000005,0.07013387432982685,1425654698388,0,0,0,0,0,0,0
-0.07039412569404123,-0.10097920865940911,0.957,-0.05970771371072602,-0.07722736358642578,-0.08356238555908203,0,0,1,0,0.07039412569404123,0.10097920865940911,0.04300000000000004,0.05970771371072602,0.06497623515286526,0.07937145274346263,0.040010045384615424,0.07275740627179163,0,0,0,0,0,0,0,0
-0.07765680805872265,-0.10542664202016291,0.95,-0.062133721370998145,-0.1047652816772461,-0.07309333038330078,0,0,1,0,0.07765680805872265,0.10542664202016291,0.050000000000000044,0.062133721370998145,0.07838169160905643,0.07723919477740744,0.07795023769230776,0.07333067980302332,0,0,0,0,0,0,0,0
-0.08363850308409207,-0.10829736867948446,0.944,-0.06483898171158942,-0.08687847137451171,-0.0485491943359375,0,0,1,0,0.08363850308409207,0.10829736867948446,0.05600000000000005,0.06483898171158942,0.07452928001398892,0.07025499223515158,0.07740202230769237,0.07732479866816451,0,0,0,0,0,0,0,0
-0.08817801150638578,-0.10927015387179514,0.946,-0.06668903071870336,-0.06700408935546875,-0.018973079681396485,0,0,1,0,0.08817801150638578,0.10927015387179514,0.05400000000000005,0.06668903071870336,0.06872125537733331,0.06051445355121671,0.03292390939393943,0.0750983443874031,0,0,0,0,0,0,0,0
-0.09245141049688407,-0.10978269035700114,0.943,-0.0684518132632176,-0.0634461669921875,-0.011942622184753417,0,0,1,0,0.09245141049688407,0.10978269035700114,0.05700000000000005,0.0684518132632176,0.07021412378030317,0.05848520726595574,0.06237270000000006,0.07671485644062812,0,0,0,0,0,0,0,0
-0.09523952817835285,-0.11001847734098011,0.947,-0.06923721142661511,-0.04148191070556641,-0.006389062404632568,0,0,1,0,0.09523952817835285,0.11001847734098011,0.05300000000000005,0.06923721142661511,0.06308636253359125,0.05712316457062059,0.021589308787878816,0.07280720307842198,0,0,0,0,0,0,0,0
-0.09544217570842556,-0.10886322221688556,0.946,-0.06845181326321761,-0.004231271266937256,0.017077014923095702,0,0,1,0,0.09544217570842556,0.10886322221688556,0.05400000000000005,0.06845181326321761,0.049571525417922604,0.04904702248979947,0.04910474000000005,0.06477025937229185,0,0,0,0,0,0,0,0
-0.09434960900638771,-0.10898414137314193,0.948,-0.06766641509982022,0.016474180221557617,-0.0006885929107666016,0,0,1,0,0.09434960900638771,0.10898414137314193,0.052000000000000046,0.06766641509982022,0.04218536979977419,0.05613845101097035,0.03146424939393943,0.06409642344801386,0,0,0,0,0,0,0,0
-0.09233726296211436,-0.11000538388500644,0.949,-0.06775368156241993,0.031151878356933595,-0.013242615699768066,0,0,1,0,0.09233726296211436,0.11000538388500644,0.051000000000000045,0.06775368156241993,0.036362521647216386,0.06149611785758265,0.03600093969696973,0.06815034730150953,0,0,0,0,0,0,0,0
-0.0903289078243148,-0.1121617596553317,0.948,-0.06654940437854387,0.03224606704711914,-0.030231882095336914,0,0,1,0,0.0903289078243148,0.1121617596553317,0.052000000000000046,0.06654940437854387,0.0351044944724475,0.06902308927573067,0.04760600000000005,0.06090435507912485,0,0,0,0,0,0,0,0
-0.08862758284679251,-0.11498220690846411,0.949,-0.06496115475922895,0.02827679252624512,-0.040515979766845706,0,0,1,0,0.08862758284679251,0.11498220690846411,0.051000000000000045,0.06496115475922895,0.03613365142418121,0.07390239501353406,0.035985784615384646,0.057630771900852404,0,0,0,0,0,0,0,0
-0.08750587440945595,-0.11909508320359986,0.953,-0.06192428186075886,0.020794977188110353,-0.060470775604248045,0,0,1,0,0.08750587440945595,0.11909508320359986,0.04700000000000004,0.06192428186075886,0.03875068816334072,0.08299547826827919,0.016662488461538484,0.04790794540628151,0,0,0,0,0,0,0,0
-0.08670367950445133,-0.12360314002279285,0.952,-0.05874778262212924,0.016194557189941405,-0.06674658966064453,0,0,1,0,0.08670367950445133,0.12360314002279285,0.04800000000000004,0.05874778262212924,0.040192719757870636,0.08709118969644566,0.04433566030303035,0.04430914971926736,0,0,0,0,0,0,0,0
-0.08603597442692713,-0.12869838665401573,0.948,-0.056950093492575,0.014485732078552246,-0.07570879364013672,0,0,1,0,0.08603597442692713,0.12869838665401573,0.052000000000000046,0.056950093492575,0.04062885459280829,0.09283763931407392,0.06347907121212126,0.04877877926732845,0,0,0,0,0,0,0,0
-0.08690590980434641,-0.13496354941363206,0.943,-0.05555383009097952,-0.007678743839263916,-0.09456782531738281,0,0,1,0,0.08690590980434641,0.13496354941363206,0.05700000000000005,0.05555383009097952,0.049417761418652416,0.10329895892037065,0.07364718000000006,0.04900884539600071,0,0,0,0,0,0,0,0
-0.08993493753392932,-0.14109623012303807,0.946,-0.055902895941378476,-0.04025754165649414,-0.09437110900878906,0,0,1,0,0.08993493753392932,0.14109623012303807,0.05400000000000005,0.055902895941378476,0.062543423210718,0.10521652987980339,0.02778468384615388,0.057513969097065964,0,0,0,0,0,0,0,0
-0.09226812638933662,-0.1469836196996211,0.946,-0.056513761179576454,-0.030008899688720704,-0.09012834930419922,0,0,1,0,0.09226812638933662,0.1469836196996211,0.05400000000000005,0.056513761179576454,0.060023167213475274,0.10693496561339128,0.04397363000000004,0.05933313920202866,0,0,0,0,0,0,0,0
-0.09629017844562797,-0.15206218666750357,0.943,-0.05686282702997529,-0.05593162155151367,-0.07946459197998047,0,0,1,0,0.09629017844562797,0.15206218666750357,0.05700000000000005,0.05686282702997529,0.07119066063160161,0.10521789085643266,0.06256452615384621,0.05847390018566223,0,0,0,0,0,0,0,0
-0.09995684305399907,-0.15768339113547925,0.938,-0.05757841202329299,-0.05011909484863281,-0.08730755615234374,0,0,1,0,0.09995684305399907,0.15768339113547925,0.062000000000000055,0.05757841202329299,0.07058797874403416,0.11015251208753353,0.0765716229850747,0.060782523933670736,0,0,0,0,0,0,0,0
-0.09864788788931701,-0.1538951649163959,0.94,-0.06319837221471473,0.016331796646118165,0.05785911560058594,0,0,1,0,0.09864788788931701,0.1538951649163959,0.06000000000000005,0.06319837221471473,0.04368406914965615,0.05827552879581461,0.037953120000000035,0.08954193561200417,0,0,0,0,0,0,0,0
-0.0970993556119269,-0.14832424512326986,0.936,-0.06330309196983445,0.01790403175354004,0.08486396789550782,0,0,1,0,0.0970993556119269,0.14832424512326986,0.06399999999999995,0.06330309196983445,0.04179301542455554,0.046306081369668864,0.07367068153846092,0.06378641391654086,0,0,0,0,0,0,0,0
-0.09512560862364705,-0.14204073272469014,0.933,-0.05984734005088559,0.023584402084350586,0.09593681335449218,0,0,1,0,0.09512560862364705,0.14204073272469014,0.06699999999999995,0.05984734005088559,0.03857835590199937,0.03941961454036107,0.07072961615384613,0.043897715809583154,0,0,0,0,0,0,0,0
-0.09344848345529816,-0.1360459341623822,0.929,-0.05897467542488837,0.01973345947265625,0.09126566314697265,0,0,1,0,0.09344848345529816,0.1360459341623822,0.07099999999999995,0.05897467542488837,0.039535492125606385,0.03855570467008659,0.0790347512121212,0.05500801803399191,0,0,0,0,0,0,0,0
-0.0914937133934445,-0.1290944427168113,0.926,-0.05981243346584569,0.023124710083007812,0.10581932067871094,0,0,1,0,0.0914937133934445,0.1290944427168113,0.07399999999999995,0.05981243346584569,0.037301768074639155,0.03064328937756993,0.07594385179104476,0.06356358887311725,0,0,0,0,0,0,0,0
-0.08885656838115569,-0.12221819065755855,0.924,-0.05965535383316627,0.03332083511352539,0.10532393646240235,0,0,1,0,0.08885656838115569,0.12221819065755855,0.07599999999999996,0.05965535383316627,0.031829662384047205,0.025992640823758892,0.07285834999999997,0.058919043054981524,0,0,0,0,0,0,0,0
-0.08600496746204574,-0.11671089742175579,0.92,-0.05956808737056656,0.03777275466918945,0.08501263427734375,0,0,1,0,0.08600496746204574,0.11671089742175579,0.07999999999999996,0.05956808737056656,0.029286099363239858,0.03080018274594958,0.08704704999999999,0.05915902582713042,0,0,0,0,0,0,0,0
-0.0827296719879702,-0.1110728459486916,0.919,-0.060231312486324455,0.04400755310058594,0.08734558868408203,0,0,1,0,0.0827296719879702,0.1110728459486916,0.08099999999999996,0.060231312486324455,0.025660712040508515,0.02781262554146562,0.07140931538461535,0.06329235148213011,0,0,0,0,0,0,0,0
-0.07893312227366714,-0.10455942755184075,0.918,-0.060824724432002535,0.05096385955810547,0.10095210266113282,0,0,1,0,0.07893312227366714,0.10455942755184075,0.08199999999999996,0.060824724432002535,0.021317521261015753,0.020442809131524166,0.07218185030303029,0.06352205145781199,0,0,0,0,0,0,0,0
-0.07565958320487029,-0.09755037432229317,0.917,-0.061557762717840026,0.042621368408203124,0.10792621612548828,0,0,1,0,0.07565958320487029,0.09755037432229317,0.08299999999999996,0.061557762717840026,0.022504228353459405,0.014374299226774995,0.07303663030303029,0.06488975492619226,1425654700279,0,0,0,0,0,0,0
-0.07264934951685512,-0.08891718121531837,0.918,-0.06174974893555957,0.03710141372680664,0.13203041076660157,0,0,1,0,0.07264934951685512,0.08891718121531837,0.08199999999999996,0.06174974893555957,0.02194306849179291,0.00007105653734016532,0.06151732999999997,0.06264968433111992,1425654700279,0,0,0,0,0,0,0
-0.07036127469051329,-0.07784546260418854,0.919,-0.05963790054064638,0.024007087707519532,0.16787722778320313,0,0,1,0,0.07036127469051329,0.07784546260418854,0.08099999999999996,0.05963790054064638,0.024986578477432422,-0.017818374781385773,0.06085411461538458,0.04989090794873938,1425654700279,0,0,0,0,0,0,0
-0.0689007283938775,-0.06429532103462918,0.92,-0.05763077190085281,0.009754899978637696,0.20419656372070313,0,0,1,0,0.0689007283938775,0.06429532103462918,0.07999999999999996,0.05763077190085281,0.028757013654833824,-0.037897007999036524,0.06010611461538458,0.048367101255651725,1425654700279,0,0,0,0,0,0,0
-0.06531509740628208,-0.04852859915948985,0.919,-0.05447172595474309,0.04007299041748047,0.23920611572265624,0,0,1,0,0.06531509740628208,0.04852859915948985,0.08099999999999996,0.05447172595474309,0.01585707640142942,-0.05639744318530976,0.07164722030303028,0.04011242619969889,1425654700279,0,0,0,0,0,0,0
-0.06305626107809383,-0.03480705602509761,0.919,-0.049654617219238646,0.022626291275024413,0.2073625946044922,0,0,1,0,0.06305626107809383,0.03480705602509761,0.08099999999999996,0.049654617219238646,0.021805307654381774,-0.05238959725823418,0.06639764999999997,0.027758668421491182,1425654700605,0,0,0,0,0,0,0
-0.0593641451332397,-0.019835894840159685,0.918,-0.04303981935418028,0.044167251586914064,0.22703945922851562,0,0,1,0,0.0593641451332397,0.019835894840159685,0.08199999999999996,0.04303981935418028,0.011784661159386988,-0.06897026156211523,0.07271887999999999,0.012032954361719202,1425654700669,0,0,0,0,0,0,0
-0.05628955165176677,-0.005962047614946774,0.918,-0.035622170033204295,0.037122039794921874,0.20989932250976562,0,0,1,0,0.05628955165176677,0.005962047614946774,0.08199999999999996,0.035622170033204295,0.013919708338867898,-0.06873510332632761,0.06730342999999998,0.001386865474853588,1425654700734,0,0,0,0,0,0,0
-0.05123555918695049,0.005944952450765923,0.918,-0.029181905093345242,0.06940084075927734,0.18119163513183595,0,0,1,0,0.05123555918695049,-0.005944952450765923,0.08199999999999996,0.029181905093345242,0.0007677130019285786,-0.06410175210404503,0.06735672999999998,-0.0005423946290811499,1425654700799,0,0,0,0,0,0,0
-0.04596077820011146,0.01585803326790753,0.923,-0.021729349187329453,0.07474940490722656,0.1509414978027344,0,0,1,0,0.04596077820011146,-0.01585803326790753,0.07699999999999996,0.021729349187329453,-0.0017742266030298624,-0.0559776703250139,0.037673795882352895,-0.011149573927446088,1425654700867,0,0,0,0,0,0,0
-0.04028763757591438,0.02442355186016669,0.925,-0.01576032314550886,0.08228539276123047,0.13030140686035158,0,0,1,0,0.04028763757591438,-0.02442355186016669,0.07499999999999996,0.01576032314550886,-0.008953255595166607,-0.0568388207720263,0.05074522888888885,-0.012663610386970139,1425654700930,0,0,0,0,0,0,0
-0.03238381224067661,0.0330992660289085,0.933,-0.012007865253721065,0.11649176025390626,0.13198797607421875,0,0,1,0,0.03238381224067661,-0.0330992660289085,0.06699999999999995,0.012007865253721065,-0.024591039512827,-0.06105695884552272,0.011749219999999921,-0.005581781114034234,1425654700994,0,0,0,0,0,0,0
-0.02548308767408918,0.03971742030231311,0.943,-0.008290313946973174,0.10231138610839843,0.10050807189941406,0,0,1,0,0.02548308767408918,-0.03971742030231311,0.05700000000000005,0.008290313946973174,-0.021395289645653053,-0.05204321028131188,-0.005493463030302438,-0.008607646538244508,1425654701060,0,0,0,0,0,0,0
-0.017532729225957285,0.04629169165883126,0.949,-0.004904375198104119,0.11843374633789062,0.09959933471679687,0,0,1,0,0.017532729225957285,-0.04629169165883126,0.051000000000000045,0.004904375198104119,-0.03157394351926122,-0.055664085586098984,0.010462297692307707,-0.01072303441206075,1425654701125,0,0,0,0,0,0,0
-0.009498091171954645,0.05160504147093557,0.957,-0.00165806278939469,0.12012724304199218,0.08029035949707031,0,0,1,0,0.009498091171954645,-0.05160504147093557,0.04300000000000004,0.00165806278939469,-0.036038902049381705,-0.05156472622226346,-0.0066789830769230715,-0.013324917558494978,1425654701190,0,0,0,0,0,0,0
-0.0005352401969713166,0.05688431821734906,0.967,0.001815142422073965,0.134311279296875,0.07941195678710937,0,0,1,0,0.0005352401969713166,-0.05688431821734906,0.03300000000000003,-0.001815142422073965,-0.04407739655269429,-0.0532104433084372,-0.02381875597014927,-0.017366807548053018,1425654701257,0,0,0,0,0,0,0
0.008625081133483732,0.0621571172072215,0.975,0.004014257279586861,0.13754815673828125,0.07884244537353516,0,0,1,0,-0.008625081133483732,-0.0621571172072215,0.025000000000000022,-0.004014257279586861,-0.05193772124362158,-0.057143931472389484,-0.02171395000000002,-0.014322608174178561,1425654701321,0,0,0,0,0,0,0
0.018116199487396865,0.06769874767009595,0.982,0.006003932626860428,0.14269931030273436,0.08255229187011719,0,0,1,0,-0.018116199487396865,-0.06769874767009595,0.018000000000000016,-0.006003932626860428,-0.057705570580005,-0.060962680060194396,-0.021244557692307705,-0.015187049614276893,1425654701386,0,0,0,0,0,0,0
0.027263521470954115,0.07257545466454547,0.987,0.008848819307611097,0.13764654541015625,0.07232549285888672,0,0,1,0,-0.027263521470954115,-0.07257545466454547,0.013000000000000012,-0.008848819307611097,-0.06044574163574652,-0.05986785046527838,-0.014466876923076931,-0.02197906552646034,1425654701451,0,0,0,0,0,0,0
0.03528898896790458,0.07720190793914267,0.997,0.011903145498601208,0.12099137115478516,0.068328857421875,0,0,1,0,-0.03528898896790458,-0.07720190793914267,0.0030000000000000027,-0.011903145498601208,-0.05844065829916824,-0.06088373831276338,-0.04938800384615388,-0.026000035610863254,1425654701516,0,0,0,0,0,0,0
0.0420496983485156,0.08185310058127471,1.003,0.01354375499547582,0.10223389434814453,0.06855587005615234,0,0,1,0,-0.0420496983485156,-0.08185310058127471,-0.0029999999999998916,-0.01354375499547582,-0.05395226908998773,-0.06264977972883072,-0.031687143582088906,-0.02088976766804871,1425654701583,0,0,0,0,0,0,0
0.04767285275111029,0.08590734528762548,1.009,0.01424188669627373,0.08516320037841797,0.059665748596191406,0,0,1,0,-0.04767285275111029,-0.08590734528762548,-0.008999999999999897,-0.01424188669627373,-0.05222884400080477,-0.06260625852463379,-0.037962119999999946,-0.017514379043763934,1425654701647,0,0,0,0,0,0,0
0.04950246985547433,0.08914321285147686,1.007,0.01551597705022949,0.028132722854614257,0.04814224624633789,0,0,1,0,-0.04950246985547433,-0.08914321285147686,-0.006999999999999895,-0.01551597705022949,-0.032429427033995484,-0.059805743964740934,0.007383400000000094,-0.021488275584397108,1425654701711,0,0,0,0,0,0,0
0.04949796284855982,0.09226705155436525,1.01,0.015097098029750943,0.0006594150066375732,0.04685298919677734,0,0,1,0,-0.04949796284855982,-0.09226705155436525,-0.010000000000000009,-0.015097098029750943,-0.02243022285228379,-0.06029822013359476,-0.021869790909091517,-0.013193102482121187,1425654701777,0,0,0,0,0,0,0
0.047893150119489886,0.09392456610815612,1.005,0.014590952546672463,-0.023694107055664063,0.025223291397094727,0,0,1,0,-0.047893150119489886,-0.09392456610815612,-0.004999999999999893,-0.014590952546672463,-0.01304154851919355,-0.053547295441830726,0.024959126923077633,-0.012254896470925635,1425654701842,0,0,0,0,0,0,0
0.043719837210947056,0.09479074399971694,1.001,0.013910274138394673,-0.062403461456298825,0.01390464210510254,0,0,1,0,-0.043719837210947056,-0.09479074399971694,-0.0009999999999998899,-0.013910274138394673,0.0025061583501722294,-0.04971123551884664,0.022447511212121317,-0.010816281373495624,1425654701908,0,0,0,0,0,0,0
0.03858099794331015,0.09516077861577088,0.995,0.013142329267517282,-0.0769979248046875,0.006622187614440918,0,0,1,0,-0.03858099794331015,-0.09516077861577088,0.0050000000000000044,-0.013142329267517282,0.01102270857216613,-0.04738741492497073,0.03885108999999942,-0.009542587685279514,1425654701972,0,0,0,0,0,0,0
0.03274326956403742,0.09460988069799679,0.989,0.012304571226559856,-0.08766696166992187,-0.007111968040466309,0,0,1,0,-0.03274326956403742,-0.09460988069799679,0.01100000000000001,-0.012304571226559856,0.01725118443393434,-0.04218346217859349,0.043153432307692335,-0.008437995652910198,1425654702037,0,0,0,0,0,0,0
0.02542925209469172,0.093399186440978,0.988,0.01061160185212544,-0.10992540740966797,-0.016809135437011718,0,0,1,0,-0.02542925209469172,-0.093399186440978,0.01200000000000001,-0.01061160185212544,0.028243944096820163,-0.03818578358385866,0.016956690303030316,-0.0029162865137871835,1425654702103,0,0,0,0,0,0,0
0.016708610624107282,0.09289481897582003,0.985,0.008831366015091312,-0.13088253784179688,-0.0061770124435424805,0,0,1,0,-0.016708610624107282,-0.09289481897582003,0.015000000000000013,-0.008831366015091312,0.04076424818459735,-0.04169850500390029,0.030217256153846177,-0.0006148929210876477,1425654702168,0,0,0,0,0,0,0
0.010359260973981602,0.09087324716233633,0.982,0.006335545184739265,-0.09550432586669921,-0.02948130416870117,0,0,1,0,-0.010359260973981602,-0.09087324716233633,0.018000000000000016,-0.006335545184739265,0.03064557927034479,-0.0327430636660187,0.03238438090909093,0.005009094953224583,1425654702234,0,0,0,0,0,0,0
0.0066988278907970196,0.08923993903776097,0.982,0.00492182849062388,-0.05506061172485351,-0.024151269912719726,0,0,1,0,-0.0066988278907970196,-0.08923993903776097,0.018000000000000016,-0.00492182849062388,0.01881870838660133,-0.03377182594509963,0.016486810000000015,0.0017049685130419902,1425654702298,0,0,0,0,0,0,0
0.0035209097998377104,0.08680516774490221,0.982,0.005253441048502937,-0.047847946166992186,-0.036286510467529294,0,0,1,0,-0.0035209097998377104,-0.08680516774490221,0.018000000000000016,-0.005253441048502937,0.017499252060672457,-0.028432710502428828,0.016498510000000015,-0.006783960546406279,1425654702363,0,0,0,0,0,0,0
0.0015882816829899623,0.08468715417031024,0.988,0.006649704450098314,-0.02915592384338379,-0.03161747169494629,0,0,1,0,-0.0015882816829899623,-0.08468715417031024,0.01200000000000001,-0.006649704450098314,0.011759126183093981,-0.029134368848318513,-0.020601382307692317,-0.013093997072846208,1425654702428,0,0,0,0,0,0,0
0.0010986796375842553,0.08276261671829195,0.993,0.008970992355250717,-0.007535830974578857,-0.028818588256835937,0,0,1,0,-0.0010986796375842553,-0.08276261671829195,0.007000000000000006,-0.008970992355250717,0.004233072679344493,-0.029267690329342257,-0.019212216923076935,-0.0196846288405695,1425654702493,0,0,0,0,0,0,0
0.0023780283541196654,0.07888449357006347,1.001,0.012339477811599763,0.018667606353759764,-0.058341659545898435,0,0,1,0,-0.0023780283541196654,-0.07888449357006347,-0.0009999999999998899,-0.012339477811599763,-0.0057276786010764785,-0.017485523071460916,-0.04048085477611876,-0.02742224851167012,1425654702560,0,0,0,0,0,0,0
0.006393387083313567,0.07463488961951789,1.011,0.015358897417550076,0.059439247131347656,-0.0644823989868164,0,0,1,0,-0.006393387083313567,-0.07463488961951789,-0.010999999999999899,-0.015358897417550076,-0.02301527784656062,-0.012427318087863702,-0.06138434999999996,-0.029512426820442167,1425654702624,0,0,0,0,0,0,0
0.010903601622724685,0.06935632096384009,1.017,0.014870205226991494,0.06642919158935547,-0.0802082290649414,0,0,1,0,-0.010903601622724685,-0.06935632096384009,-0.016999999999999904,-0.014870205226991494,-0.027604250003870894,-0.004650074981086185,-0.043815592307692254,-0.01261470280902881,1425654702689,0,0,0,0,0,0,0
0.013952674397119015,0.06236871443665312,1.02,0.014416419621473043,0.0441724853515625,-0.10548258972167969,0,0,1,0,-0.013952674397119015,-0.06236871443665312,-0.020000000000000018,-0.014416419621473043,-0.021270169202412717,0.008005700233942065,-0.030074746153846775,-0.012322024519080191,1425654702754,0,0,0,0,0,0,0
0.017320480237275393,0.056925784956544434,1.023,0.013456488532876221,0.04933486557006836,-0.08236370849609374,0,0,1,0,-0.017320480237275393,-0.056925784956544434,-0.02299999999999991,-0.013456488532876221,-0.02440699589470359,0.0019280403182686014,-0.03224517090909026,-0.009093165402890669,1425654702820,0,0,0,0,0,0,0
0.02160009312404057,0.049856107159232096,1.023,0.010245082709206477,0.06276142883300781,-0.1068993682861328,0,0,1,0,-0.02160009312404057,-0.049856107159232096,-0.02299999999999991,-0.010245082709206477,-0.031057884697315224,0.013496608327381879,-0.016351489999999927,0.004134346352001331,1425654702887,0,0,0,0,0,0,0
0.027224348116858185,0.04283392285178978,1.029,0.006352998477259165,0.0832802734375,-0.10619153594970702,0,0,1,0,-0.027224348116858185,-0.04283392285178978,-0.028999999999999915,-0.006352998477259165,-0.04228889354658251,0.018451704529275918,-0.05398254999999996,0.011891146359993863,1425654702951,0,0,0,0,0,0,0
0.032491961887988,0.03498045661982592,1.027,0.0016580627893945548,0.07826422119140625,-0.11830158996582031,0,0,1,0,-0.032491961887988,-0.03498045661982592,-0.026999999999999913,-0.0016580627893945548,-0.04299311360665058,0.026902123177748365,-0.008649829999999921,0.020349448247470803,1425654703015,0,0,0,0,0,0,0
0.03753337218003119,0.027299713032640654,1.028,-0.0024958208303520017,0.07543002319335937,-0.11533638000488282,0,0,1,0,-0.03753337218003119,-0.027299713032640654,-0.028000000000000025,0.0024958208303520017,-0.04387700805241708,0.029133956786661155,-0.025790145384616006,0.021667591383028414,1425654703080,0,0,0,0,0,0,0
0.043435668226262984,0.01975659188352437,1.025,-0.006126105674500181,0.08881655883789062,-0.11292549896240234,0,0,1,0,-0.043435668226262984,-0.01975659188352437,-0.02499999999999991,0.006126105674500181,-0.050544092348298694,0.03093879457161508,-0.0023506382089545606,0.022381112439342776,1425654703147,0,0,0,0,0,0,0
0.04961878025310113,0.010925370722305407,1.023,-0.010192722831647027,0.09355644989013671,-0.1318976593017578,0,0,1,0,-0.04961878025310113,-0.010925370722305407,-0.02299999999999991,0.010192722831647027,-0.054661340653149794,0.04139742648872362,-0.006143802352941093,0.028133680877883108,1425654703215,0,0,0,0,0,0,0
0.05558724483802309,0.002978176378113047,1.022,-0.01232202451908011,0.09073735046386719,-0.11828921508789063,0,0,1,0,-0.05558724483802309,-0.002978176378113047,-0.02200000000000002,0.01232202451908011,-0.05954814096026491,0.04477755626957892,-0.010006398709678054,0.02262509720020793,1425654703277,0,0,0,0,0,0,0
0.06247313617031345,-0.004908915278598597,1.02,-0.014905111812031534,0.10473826599121094,-0.11702470397949219,0,0,1,0,-0.06247313617031345,0.004908915278598597,-0.020000000000000018,0.014905111812031534,-0.06699534241955932,0.046993582422849595,-0.003126860000000002,0.027013333497741338,1425654703341,0,0,0,0,0,0,0
0.069151788468001,-0.013104877390651347,1.018,-0.017051866791984848,0.10200101470947266,-0.12143264007568359,0,0,1,0,-0.069151788468001,0.013104877390651347,-0.018000000000000016,0.017051866791984848,-0.06814018604336915,0.051431115643015966,-0.001870179393939398,0.02680984397359082,1425654703407,0,0,0,0,0,0,0
0.07301226055816876,-0.023021648750246128,1.02,-0.020176006153054548,0.06043503189086914,-0.14774256896972657,0,0,1,0,-0.07301226055816876,0.023021648750246128,-0.020000000000000018,0.020176006153054548,-0.05581201116027508,0.0671731431080935,-0.02502654000000002,0.03482040940806877,1425654703471,0,0,0,0,0,0,0
0.07390032368166591,-0.031372089953239056,1.014,-0.02331759880664415,0.015845242500305175,-0.1249623794555664,0,0,1,0,-0.07390032368166591,0.031372089953239056,-0.014000000000000012,0.02331759880664415,-0.039832734915546716,0.0607587474139034,0.02204486358208957,0.03738443158391102,1425654703538,0,0,0,0,0,0,0
0.07372521544989295,-0.0374153592680467,1.013,-0.028832839242946395,-0.0005123830437660218,-0.09068563842773437,0,0,1,0,-0.07372521544989295,0.0374153592680467,-0.0129999999999999,0.028832839242946395,-0.03419560607527858,0.05323174918976433,-0.003037989999999307,0.05468552878811317,1425654703602,0,0,0,0,0,0,0
0.0722158548136974,-0.042636395150341816,1.014,-0.03296926957017306,-0.020373252868652342,-0.07893568420410156,0,0,1,0,-0.0722158548136974,0.042636395150341816,-0.014000000000000012,0.03296926957017306,-0.026318162702726605,0.050934121857840575,-0.014700455384615995,0.05206048646506534,1425654703667,0,0,0,0,0,0,0
0.06922759750020965,-0.04704015783967067,1.009,-0.03541273052296508,-0.04262206268310547,-0.06749808502197266,0,0,1,0,-0.06922759750020965,0.04704015783967067,-0.008999999999999897,0.03541273052296508,-0.016905742183553785,0.04876587749682092,0.02160138692307763,0.0466902426127744,1425654703732,0,0,0,0,0,0,0
0.06491044054935506,-0.051476706062067494,1.011,-0.03736749928519863,-0.062360591888427734,-0.06879925537109376,0,0,1,0,-0.06491044054935506,0.051476706062067494,-0.010999999999999899,0.03736749928519863,-0.007633742062508227,0.05119414895271025,-0.017698070769230696,0.04638950895704578,1425654703797,0,0,0,0,0,0,0
0.05914916743801051,-0.0558995080077448,1.007,-0.03904301536711326,-0.08388031005859375,-0.06952423095703125,0,0,1,0,-0.05914916743801051,0.0558995080077448,-0.006999999999999895,0.03904301536711326,0.002057237636066297,0.05265808605147167,0.0171619923880598,0.046545326181656375,1425654703864,0,0,0,0,0,0,0
0.05206502512465646,-0.058424250262625266,1.007,-0.03923500158483258,-0.10470292663574218,-0.041990013122558595,0,0,1,0,-0.05206502512465646,0.058424250262625266,-0.006999999999999895,0.03923500158483258,0.014211187632361923,0.044660843636994005,-0.003738009999999914,0.04013493698039189,1425654703928,0,0,0,0,0,0,0
0.04425503798958718,-0.05905204780014883,1.007,-0.03968878719035125,-0.11669026947021484,-0.014004909515380859,0,0,1,0,-0.04425503798958718,0.05905204780014883,-0.006999999999999895,0.03968878719035125,0.021399789030190627,0.034586390309421386,-0.003742559999999914,0.041783182292745136,1425654703993,0,0,0,0,0,0,0
0.03506877793371015,-0.05871426473365004,1.004,-0.04146902302738538,-0.1378864288330078,-0.0004046812057495117,0,0,1,0,-0.03506877793371015,0.05871426473365004,-0.0040000000000000036,0.04146902302738538,0.033380824695283175,0.02925638287274384,0.014808686153845566,0.04968549612138905,1425654704058,0,0,0,0,0,0,0
0.025182864819146687,-0.05686887862898047,1.003,-0.046111598837690296,-0.14930877685546876,0.021509368896484374,0,0,1,0,-0.025182864819146687,0.05686887862898047,-0.0029999999999998916,0.046111598837690296,0.04207477501412867,0.020252792078290643,0.004837505384616076,0.06753887180832838,1425654704123,0,0,0,0,0,0,0
0.014866969447326753,-0.05378969500323593,0.999,-0.050125856117277226,-0.15670298767089844,0.03900595092773437,0,0,1,0,-0.014866969447326753,0.05378969500323593,0.0010000000000000009,0.050125856117277226,0.047879927656545716,0.012600646173656797,0.02354908238805914,0.06810014244378587,1425654704190,0,0,0,0,0,0,0
0.004875737578013911,-0.052173639662661454,0.998,-0.05255186377754935,-0.15089482116699218,0.016701242446899415,0,0,1,0,-0.004875737578013911,0.052173639662661454,0.0020000000000000018,0.05255186377754935,0.05449030992124645,0.01893269026811624,0.009010375555555564,0.0641042812074166,1425654704253,0,0,0,0,0,0,0
-0.0060391245103019325,-0.050768658878414856,1,-0.05511749777798099,-0.16460391235351562,0.012445631980895997,0,0,1,0,0.0060391245103019325,0.050768658878414856,0,0.05511749777798099,0.062326727476912015,0.019791136742231458,-0.008751240606060612,0.06677947050721571,1425654704319,0,0,0,0,0,0,0
-0.014813541096276167,-0.04918744213515107,1,-0.05653121447209637,-0.13272300720214844,0.01643154716491699,0,0,1,0,0.014813541096276167,0.04918744213515107,0,0.05653121447209637,0.05608857870373746,0.01796891187983278,0.0018548200000000022,0.06305606075262891,1425654704384,0,0,0,0,0,0,0
-0.024217771169024526,-0.0487793464785565,0.998,-0.0590095820099283,-0.14118397521972656,-0.0018585853576660156,0,0,1,0,0.024217771169024526,0.0487793464785565,0.0020000000000000018,0.0590095820099283,0.0641977386816937,0.024113376478042358,0.014225350769230781,0.07044820141530642,1425654704449,0,0,0,0,0,0,0
-0.03321905091647364,-0.04852636710113228,1.004,-0.0619766417383187,-0.13500798034667968,-0.004174717426300049,0,0,1,0,0.03321905091647364,0.04852636710113228,-0.0040000000000000036,0.0619766417383187,0.06581620046561526,0.024874795037988416,-0.033164701818181846,0.07546327686736595,1425654704515,0,0,0,0,0,0,0
-0.04207540401958994,-0.04798851560042087,1.004,-0.06630505828326456,-0.13308993530273439,-0.0001757526397705078,0,0,1,0,0.04207540401958994,0.04798851560042087,-0.0040000000000000036,0.06630505828326456,0.07022572193363676,0.023082495661926265,-0.001349120000000001,0.08628236541378395,1425654704580,0,0,0,0,0,0,0
-0.04965744657139841,-0.04726257665698139,1.009,-0.07049384848805103,-0.11420220184326171,0.0033297643661499023,0,0,1,0,0.04965744657139841,0.04726257665698139,-0.008999999999999897,0.07049384848805103,0.06718734835046258,0.021737468327267015,-0.03227804692307626,0.08982672635629624,1425654704645,0,0,0,0,0,0,0
-0.05511039180322442,-0.044961944814457956,1.014,-0.07417649320975911,-0.08402172088623047,0.028662555694580077,0,0,1,0,0.05511039180322442,0.044961944814457956,-0.014000000000000012,0.07417649320975911,0.05848527253652673,0.012137262059682666,-0.03628714692307755,0.09117331500225795,1425654704710,0,0,0,0,0,0,0
-0.06020411264996428,-0.0429139338955287,1.008,-0.07733553915586883,-0.07847233581542969,0.02497336959838867,0,0,1,0,0.06020411264996428,0.0429139338955287,-0.008000000000000007,0.07733553915586883,0.05913698048265526,0.012501417168911079,0.027738422307692325,0.09191575121483675,1425654704775,0,0,0,0,0,0,0
-0.06474059443400444,-0.04128748804041469,0.993,-0.08030259888425911,-0.06972869110107421,0.019066543579101564,0,0,1,0,0.06474059443400444,0.04128748804041469,0.007000000000000006,0.08030259888425911,0.05771890910701362,0.014247249015642473,0.08579362895522395,0.0935879409516783,1425654704842,0,0,0,0,0,0,0
-0.06760974465831303,-0.03649412916105154,0.972,-0.07998843961890006,-0.0486661491394043,0.06821639251708984,0,0,1,0,0.06760974465831303,0.03649412916105154,0.028000000000000025,0.07998843961890006,0.05118938057457777,-0.005843396608267815,0.13909709000000012,0.07851581806252952,1425654704906,0,0,0,0,0,0,0
-0.06987785583748705,-0.03147824500099244,0.937,-0.07836528341454546,-0.039924663543701173,0.07227925872802735,0,0,1,0,0.06987785583748705,0.03147824500099244,0.06299999999999994,0.07836528341454546,0.048891097830670166,-0.009125803473232361,0.24075582846153798,0.07087379324060114,1425654704971,0,0,0,0,0,0,0
-0.07146742684611596,-0.023376933376132156,0.905,-0.07688175355035039,-0.0332835693359375,0.11928013610839844,0,0,1,0,0.07146742684611596,0.023376933376132156,0.09499999999999997,0.07688175355035039,0.04607865932103776,-0.029775104474051284,0.25026373230769244,0.07003469263868081,1425654705036,0,0,0,0,0,0,0
-0.07342562137501392,-0.014116189002990148,0.862,-0.07649778111491153,-0.039955368041992186,0.13624481201171876,0,0,1,0,0.07342562137501392,0.014116189002990148,0.138,0.07649778111491153,0.04909037911775238,-0.040639400551595026,0.34398420153846176,0.07472560064365524,0,0,0,0,0,0,0,0
-0.07491006264731469,-0.003467215674274547,0.821,-0.07883652231258405,-0.034408927917480465,0.15756576538085937,0,0,1,0,0.07491006264731469,0.003467215674274547,0.17900000000000005,0.07883652231258405,0.04655844457520836,-0.04786168676620182,0.3446801755555558,0.08858127730288623,0,0,0,0,0,0,0,0
-0.07514108676517857,0.004404374109382204,0.774,-0.08223991435397289,-0.012753490447998048,0.11743419647216796,0,0,1,0,0.07514108676517857,-0.004404374109382204,0.22599999999999998,0.08223991435397289,0.04089561555796607,-0.04753516645727978,0.46672638965517194,0.09984366629219103,0,0,0,0,0,0,0,0
-0.07536022155585172,0.00827183837239319,0.724,-0.08496262798708394,-0.00804143524169922,0.05754587554931641,0,0,1,0,0.07536022155585172,-0.00827183837239319,0.276,0.08496262798708394,0.0408062972267983,-0.022176639411275064,0.48448464985074646,0.09715388306071551,0,0,0,0,0,0,0,0
-0.07393670631036207,0.006688735944087917,0.676,-0.08625417163355982,0.02329084777832031,-0.021848876953125,0,0,1,0,0.07393670631036207,-0.006688735944087917,0.32399999999999995,0.08625417163355982,0.03133278239092875,0.007338133338580169,0.520362758461538,0.09221514230960234,0,0,0,0,0,0,0,0
-0.07282899800263769,-0.0014495920127468656,0.624,-0.08754571528003559,0.027070274353027345,-0.12018970489501953,0,0,1,0,0.07282899800263769,0.0014495920127468656,0.376,0.08754571528003559,0.03243284107901859,0.04739030837895138,0.5881168600000002,0.09359982612289075,0,0,0,0,0,0,0,0
-0.07105923603094126,-0.01474389573925919,0.571,-0.08885471221903136,0.04388036346435547,-0.19632980346679688,0,0,1,0,0.07105923603094126,0.01474389573925919,0.42900000000000005,0.08885471221903136,0.02826753763176173,0.08004080571883879,0.6274856060606063,0.0948046983053758,0,0,0,0,0,0,0,0
-0.06863569261327836,-0.031104594823513174,0.52,-0.08967501696746867,0.05798693466186523,-0.24121644592285157,0,0,1,0,0.06863569261327836,0.031104594823513174,0.48,0.08967501696746867,0.024013419026875635,0.10195169144678126,0.6500513999999996,0.09329400850469208,0,0,0,0,0,0,0,0
-0.06923963466428673,-0.05140626535361073,0.465,-0.09037314866826647,0.01824897384643555,-0.3041127319335937,0,0,1,0,0.06923963466428673,0.05140626535361073,0.5349999999999999,0.09037314866826647,0.040136632042105484,0.13895070685240832,0.7326750499999996,0.09364564101575615,0,0,0,0,0,0,0,0
-0.07206152564200974,-0.07385554930103296,0.413,-0.09171705219230204,-0.011764848709106445,-0.33918521118164063,0,0,1,0,0.07206152564200974,0.07385554930103296,0.587,0.09171705219230204,0.05421947729836545,0.16592620729066312,0.7674061270967745,0.09821981117957095,0,0,0,0,0,0,0,0
-0.07570119040229674,-0.0979239365019404,0.358,-0.09300859583877792,-0.021299686431884766,-0.3645086669921875,0,0,1,0,0.07570119040229674,0.0979239365019404,0.642,0.09300859583877792,0.05946049526789549,0.17893058862523892,0.809948126666667,0.09887924877730464,0,0,0,0,0,0,0,0
-0.07812180572739459,-0.12420121945481545,0.305,-0.09187413182498157,0.00045507049560546874,-0.3958278198242188,0,0,1,0,0.07812180572739459,0.12420121945481545,0.6950000000000001,0.09187413182498157,0.0544544121072514,0.20600763627678584,0.8465178253846156,0.08663814406899839,0,0,0,0,0,0,0,0
-0.0798619342689646,-0.15187184545448543,0.259,-0.08922123136195022,0.012087753295898437,-0.41570361328125,0,0,1,0,0.0798619342689646,0.15187184545448543,0.741,0.08922123136195022,0.05171222703169975,0.22744428238198502,0.8461071676923073,0.07697707537872861,0,0,0,0,0,0,0,0
-0.0800797169417597,-0.18370851647302677,0.209,-0.08548622676268243,0.039297351837158205,-0.475941650390625,0,0,1,0,0.0800797169417597,0.18370851647302677,0.791,0.08548622676268243,0.0436759231983984,0.26591457852857825,0.9081597792307694,0.0682477439968311,0,0,0,0,0,0,0,0
-0.07738420135972054,-0.22241785072121212,0.16,-0.07883652231258405,0.08986137390136718,-0.5750674438476563,0,0,1,0,0.07738420135972054,0.22241785072121212,0.84,0.07883652231258405,0.02691216223599714,0.31926458540102604,0.9385318948484845,0.048610592993955044,0,0,0,0,0,0,0,0
-0.08999414360218769,-0.2682022362565895,0.125,-0.0725358837128844,-0.13447547912597657,-0.6995291137695312,0,0,1,0,0.08999414360218769,0.2682022362565895,0.875,0.0725358837128844,0.11546971936231609,0.3835856438229811,0.8957136984615386,0.043456013252732184,0,0,0,0,0,0,0,0
-0.10128489425028069,-0.2944769848080109,0,-0.07665486074759104,-0.14035304260253906,-0.4053588562011719,0,0,1,0,0.10128489425028069,0.2944769848080109,1,0.07665486074759104,0.11407759051330295,0.2918625366867461,1.4809790830769232,0.09566552398469859,0,0,0,0,0,0,0,0
