0,0,0.693,0,-0.007170158863067627,-0.0018418720960617066,0,0,0.5,0,0,0,-0.19299999999999995,0,0,0,-0.15440000004737084,0,0,0,0,0,0,0,0,0
0.000015442033608754474,0.00006152265071868897,0.689,0.0005934119456780795,0.00023163050413131713,0.0009228397607803345,0,0,0.5,0,-0.000015442033608754474,-0.00006152265071868897,-0.18899999999999995,-0.0005934119456780795,-0.00009087042854382441,-0.00036203713692151585,0.9095692307218597,-0.003332236310346139,0,0,0,0,0,0,0,0
-0.0009799761011487639,0.00008945779793540646,0.689,0.000541052068118164,-0.014931020736694335,0.00042788752913475034,0,0,0.5,0,0.0009799761011487639,-0.00008945779793540646,-0.18899999999999995,-0.000541052068118164,0.005767460743807594,-0.0001978891616557834,0.8880307691833982,-0.0002993910947647078,0,0,0,0,0,0,0,0
-0.000733334624056738,0.000459529576175315,0.689,0.00006981317007981314,0.003702625036239624,0.005549074172973633,0,0,0.5,0,0.000733334624056738,-0.000459529576175315,-0.18899999999999995,-0.00006981317007981314,-0.001148373497040613,-0.0022539847516838134,0.8880307691833982,0.002135343211766309,0,0,0,0,0,0,0,0
0.0012350856514123285,0.000705592965332925,0.696,0.0005759586531581816,0.029526561737060548,0.003688889503479004,0,0,0.5,0,-0.0012350856514123285,-0.000705592965332925,-0.19599999999999995,-0.0005759586531581816,-0.011403700241420747,-0.0017092789665887034,0.8447384614910904,-0.0028818071072353795,0,0,0,0,0,0,0,0
0.00466066049832643,0.0009505830648327435,0.708,0.000907571211037128,0.0513857307434082,0.0036452560424804687,0,0,0.5,0,-0.00466066049832643,-0.0009505830648327435,-0.20799999999999996,-0.000907571211037128,-0.02096270458804337,-0.0018259947643351198,0.8082153845680135,-0.0024078830872708394,0,0,0,0,0,0,0,0
0.007461475145894182,0.0018389172112220624,0.726,0.0007504915783576038,0.042024295806884764,0.013286877632141113,0,0,0.5,0,-0.007461475145894182,-0.0018389172112220624,-0.22599999999999998,-0.0007504915783576038,-0.0190499896425663,-0.005681834813458948,0.7619972027498316,-0.00002947531568917635,0,0,0,0,0,0,0,0
0.01061823972179522,0.002200517306083766,0.733,0.0013439035240356834,0.047355525970458986,0.005388463020324707,0,0,0.5,0,-0.01061823972179522,-0.002200517306083766,-0.23299999999999998,-0.0013439035240356834,-0.02254502539077298,-0.0030263745834334093,0.8156279719806009,-0.004086694546094657,0,0,0,0,0,0,0,0
0.014730162462499028,0.0032538880890651102,0.746,0.0001396263401596265,0.061700019836425785,0.015717657089233398,0,0,0.5,0,-0.014730162462499028,-0.0032538880890651102,-0.246,-0.0001396263401596265,-0.029666219453260777,-0.0072215408967706615,0.7734097901624191,0.005288896863027474,0,0,0,0,0,0,0,0
0.01931766798866737,0.005298293141448083,0.761,0.002199114857512896,0.06881686401367187,0.03065646743774414,0,0,0.5,0,-0.01931766798866737,-0.005298293141448083,-0.261,-0.002199114857512896,-0.034560815574354115,-0.013663462083752303,0.750472290162419,-0.012069493378838263,0,0,0,0,0,0,0,0
0.024669701563837524,0.007108408360783203,0.782,0.0027227136331111623,0.08034001922607421,0.026975116729736327,0,0,0.5,0,-0.024669701563837524,-0.007108408360783203,-0.28200000000000003,-0.0027227136331111623,-0.04135352185656433,-0.013306959053931422,0.7013645978547267,-0.005504370269413438,0,0,0,0,0,0,0,0
0.02975224119309547,0.008667239146413394,0.798,0.002844886680750891,0.07630147552490234,0.023174800872802735,0,0,0.5,0,-0.02975224119309547,-0.008667239146413394,-0.29800000000000004,-0.002844886680750891,-0.04244367042397372,-0.012733304419104594,0.7154876747778036,-0.003773809188013763,0,0,0,0,0,0,0,0
0.03639238247780588,0.010626353944279304,0.808,0.0015707963267947989,0.09968531799316406,0.029103246688842774,0,0,0.5,0,-0.03639238247780588,-0.010626353944279304,-0.30800000000000005,-0.0015707963267947989,-0.05402374984524351,-0.01583558006474212,0.7393058565959855,0.003846932991377878,0,0,0,0,0,0,0,0
0.03937366188910386,0.011124654406920778,0.824,0.00036651914291896404,0.044730876922607424,0.007404253005981445,0,0,0.5,0,-0.03937366188910386,-0.011124654406920778,-0.32399999999999995,-0.00036651914291896404,-0.03550498868066826,-0.008095901900304221,0.6936933565959861,0.004723960940502507,0,0,0,0,0,0,0,0
0.04337671698094947,0.012371485176743337,0.838,0.0007853981633973994,0.06005267715454102,0.018680452346801758,0,0,0.5,0,-0.04337671698094947,-0.012371485176743337,-0.33799999999999997,-0.0007853981633973994,-0.04284415037870557,-0.012629550233176391,0.6929411177900153,-0.0029627816815622123,0,0,0,0,0,0,0,0
0.04453799443146473,0.01407020291610356,0.85,0.0005585053606382839,0.017439168930053713,0.025467077255249024,0,0,0.5,0,-0.04453799443146473,-0.01407020291610356,-0.35,-0.0005585053606382839,-0.027883817627937832,-0.0159501659675156,0.6942786177900153,0.00029116654262292254,0,0,0,0,0,0,0,0
0.046328120829293516,0.015493013973390968,0.865,-0.0012217304763959547,0.02686381149291992,0.021327165603637694,0,0,0.5,0,-0.046328120829293516,-0.015493013973390968,-0.365,0.0012217304763959547,-0.03221789850747308,-0.015152706828573602,0.6658723677900154,0.009352697852821801,0,0,0,0,0,0,0,0
0.04599896894477174,0.018355182261992713,0.879,-0.001553343034274901,-0.004989726543426514,0.042926460266113284,0,0,0.5,0,-0.04599896894477174,-0.018355182261992713,-0.379,0.001553343034274901,-0.020814725613353152,-0.0242167459874202,0.6599753980930456,0.0030996591418130564,0,0,0,0,0,0,0,0
0.04491323767929049,0.019941808356424,0.892,-0.002827433388230771,-0.01632291793823242,0.023774065017700196,0,0,0.5,0,-0.04491323767929049,-0.019941808356424,-0.392,0.002827433388230771,-0.016319579632316738,-0.01834677891583494,0.6547992786900605,0.008593799328949181,0,0,0,0,0,0,0,0
0.043148638952455826,0.021835798659746514,0.907,-0.003944444109507117,-0.02654920196533203,0.02833490180969238,0,0,0.5,0,-0.043148638952455826,-0.021835798659746514,-0.40700000000000003,0.003944444109507117,-0.011665794372491593,-0.0210013530057808,0.6316881675789494,0.008962811799370649,0,0,0,0,0,0,0,0
0.04134836538651793,0.024004467239546762,0.925,-0.004258603374866166,-0.027132205963134766,0.03242325973510742,0,0,0.5,0,-0.04134836538651793,-0.024004467239546762,-0.42500000000000004,0.004258603374866166,-0.010573562302043671,-0.023564724169022565,0.6011343214251033,0.005571502806649864,0,0,0,0,0,0,0,0
0.037692265037555135,0.026636512967100484,0.941,-0.006230825429619725,-0.05500914001464844,0.039246780395507816,0,0,0.5,0,-0.037692265037555135,-0.026636512967100484,-0.44099999999999995,0.006230825429619725,0.0010959935399939731,-0.027338050089067846,0.5989403820311645,0.015080373904105744,0,0,0,0,0,0,0,0
0.033491094511327396,0.02802362969702431,0.957,-0.005113814708343379,-0.06314597702026367,0.02041369819641113,0,0,0.5,0,-0.033491094511327396,-0.02802362969702431,-0.45699999999999996,0.005113814708343379,0.006131572065303713,-0.02132814462063802,0.5861403820311639,-0.00029463424500093295,0,0,0,0,0,0,0,0
0.028270406437724233,0.02872849493435938,0.977,-0.0035081117965085626,-0.07836336517333985,0.010172377586364746,0,0,0.5,0,-0.028270406437724233,-0.02872849493435938,-0.477,0.0035081117965085626,0.014231625972588365,-0.01800691535613531,0.5486019204927024,-0.004155839574797922,0,0,0,0,0,0,0,0
0.02219033620282631,0.03041469307845551,0.998,-0.0026703537555512477,-0.09128922271728515,0.02497287368774414,0,0,0.5,0,-0.02219033620282631,-0.03041469307845551,-0.498,0.0026703537555512477,0.021899103497009118,-0.02413411469535833,0.526417305108087,-0.0014492366732436908,0,0,0,0,0,0,0,0
0.017119602678551647,0.03128701126432338,1.014,-0.0016755160819144086,-0.07609567260742188,0.012881616592407226,0,0,0.5,0,-0.017119602678551647,-0.03128701126432338,-0.514,0.0016755160819144086,0.01899958027886735,-0.02018784324398625,0.540540382031164,-0.003169057266939873,0,0,0,0,0,0,0,0
0.011219975088678858,0.03263771050533986,1.034,0.001012290966156736,-0.08852823638916016,0.020112186431884765,0,0,0.5,0,-0.011219975088678858,-0.03263771050533986,-0.534,-0.001012290966156736,0.026412669811639818,-0.023439090853756242,0.5030019204927024,-0.013670569120092428,0,0,0,0,0,0,0,0
0.005306136525810936,0.03333901340029074,1.056,0.000837758040957314,-0.08869688415527344,0.010609335899353027,0,0,0.5,0,-0.005306136525810936,-0.03333901340029074,-0.556,-0.000837758040957314,0.029446109716893726,-0.02029299274549382,0.4746326897234716,-0.00028523631825962126,0,0,0,0,0,0,0,0
-0.0018178219114204314,0.03377935678052859,1.077,-0.00038397243543886276,-0.10685380554199218,0.006694670677185059,0,0,0.5,0,0.0018178219114204314,-0.03377935678052859,-0.577,0.00038397243543886276,0.03952411902823565,-0.019107997817927214,0.4632173051080877,0.005769713625198499,0,0,0,0,0,0,0,0
-0.007205208925906474,0.03284670146577249,1.103,-0.0007853981633974003,-0.08080542755126953,-0.01402085781097412,0,0,0.5,0,0.007205208925906474,-0.03284670146577249,-0.603,0.0007853981633974003,0.03286704333608077,-0.011248600264427887,0.41549422818501014,0.0023851174372910094,0,0,0,0,0,0,0,0
-0.01053990142590691,0.030068348905794337,1.131,-0.0018849555921538483,-0.04998764038085937,-0.04171456146240234,0,0,0.5,0,0.01053990142590691,-0.030068348905794337,-0.631,0.0018849555921538483,0.02348141912346618,0.0000789457975260803,0.38232499741577936,0.006706821177422429,0,0,0,0,0,0,0,0
-0.014163851520501909,0.027587448886339093,1.161,-0.0019373154697137638,-0.05428900909423828,-0.03731589889526367,0,0,0.5,0,0.014163851520501909,-0.027587448886339093,-0.661,0.0019373154697137638,0.02685093506473441,-0.0002822717186388782,0.3475557666465485,0.0019259615879214254,0,0,0,0,0,0,0,0
-0.017821081260896293,0.02516740145576254,1.194,-0.002932153143350381,-0.05478801727294922,-0.03640692138671875,0,0,0.5,0,0.017821081260896293,-0.02516740145576254,-0.694,0.002932153143350381,0.028843604526900404,0.0006277744458389418,0.3063670342521829,0.006903099808361008,0,0,0,0,0,0,0,0
-0.020662949877782784,0.02134716811259962,1.227,-0.005637413483941645,-0.042459823608398437,-0.05742824554443359,0,0,0.5,0,0.020662949877782784,-0.02134716811259962,-0.7270000000000001,0.005637413483941645,0.025940654089468454,0.009963119441742057,0.2799670342521816,0.017383008635109762,0,0,0,0,0,0,0,0
-0.022340139189089784,0.017687264581997413,1.26,-0.0063704517697793514,-0.024847955703735353,-0.05503950500488281,0,0,0.5,0,0.022340139189089784,-0.017687264581997413,-0.76,0.0063704517697793514,0.020409908792734115,0.010916267544601756,0.2535670342521829,0.008871256039290162,0,0,0,0,0,0,0,0
-0.022441839043936786,0.01466320865402318,1.291,-0.004468042885105606,-0.0012364997863769532,-0.045369636535644534,0,0,0.5,0,0.022441839043936786,-0.01466320865402318,-0.7909999999999999,0.004468042885105606,0.011977353954603785,0.009004500725207476,0.23953626502141376,-0.005194755170821045,0,0,0,0,0,0,0,0
-0.024403858691051425,0.012144786178386146,1.325,-0.0031415926535898206,-0.029261215209960938,-0.037907455444335936,0,0,0.5,0,0.024403858691051425,-0.012144786178386146,-0.825,0.0031415926535898206,0.022975470351909912,0.007541070296594931,0.196182418867567,-0.0038629346954539403,0,0,0,0,0,0,0,0
-0.02351920152226545,0.007294806910055878,1.362,-0.0017278759594743238,0.01349834156036377,-0.0727076416015625,0,0,0.5,0,0.02351920152226545,-0.007294806910055878,-0.8620000000000001,0.0017278759594743238,0.007437128349862158,0.022330376255648418,0.15067332795847538,-0.005673317128659033,0,0,0,0,0,0,0,0
-0.023662412218322125,0.003994159082777674,1.392,0.0008028514559172966,-0.002062610626220703,-0.049513355255126956,0,0,0.5,0,0.023662412218322125,-0.003994159082777674,-0.8919999999999999,-0.0008028514559172966,0.013043406816273998,0.015638146255930255,0.16436563565078505,-0.013359478642248148,0,0,0,0,0,0,0,0
-0.024402453227405897,-0.00014577813024046864,1.411,0.00013962634015962584,-0.011150467872619628,-0.06209012603759766,0,0,0.5,0,0.024402453227405897,0.00014577813024046864,-0.911,-0.00013962634015962584,0.016627129006346407,0.022227365401039,0.20839640488155242,0.0020450658480447113,0,0,0,0,0,0,0,0
-0.024314068063531882,-0.0029354142540362485,1.43,0.0004712388980383502,0.001319934844970703,-0.0418447265625,0,0,0.5,0,0.024314068063531882,0.0029354142540362485,-0.9299999999999999,-0.0004712388980383502,0.012052480791046502,0.016237724381252094,0.1931964048815537,-0.002949848305004614,0,0,0,0,0,0,0,0
-0.027107647235832914,-0.007946751700359677,1.449,-0.0007504915783576046,-0.041939105987548825,-0.07515030670166016,0,0,0.5,0,0.027107647235832914,0.007946751700359677,-0.9490000000000001,0.0007504915783576046,0.0287324145841859,0.030525142542060426,0.17799640488155244,0.005332532327185336,0,0,0,0,0,0,0,0
-0.02616121995921851,-0.010836336853710183,1.467,-0.003019419605950314,0.014228934288024903,-0.04333311080932617,0,0,0.5,0,0.02616121995921851,0.010836336853710183,-0.9670000000000001,0.003019419605950314,0.008120704682487885,0.020545115079650712,0.1689810202661684,0.012434679821839989,0,0,0,0,0,0,0,0
-0.025464390352945426,-0.014080909427559594,1.483,-0.0029845130209102963,0.010599347114562988,-0.04863680648803711,0,0,0.5,0,0.025464390352945426,0.014080909427559594,-0.9830000000000001,0.0029845130209102963,0.009116277335035382,0.024078872092338756,0.16695025103539918,0.0017666904092643095,0,0,0,0,0,0,0,0
-0.0242179021461305,-0.018740272688663354,1.499,-0.0031590459461097184,0.01890582847595215,-0.06983433532714843,0,0,0.5,0,0.0242179021461305,0.018740272688663354,-0.9990000000000001,0.0031590459461097184,0.005533333074864147,0.034026657423490966,0.15415025103539917,0.0029078672278765303,0,0,0,0,0,0,0,0
-0.023543219350577967,-0.02140203620699875,1.511,-0.002356194490192421,0.010246320724487305,-0.039894283294677736,0,0,0.5,0,0.023543219350577967,0.02140203620699875,-1.011,0.002356194490192421,0.008274943891577693,0.0246012328754444,0.1660887125738621,-0.002405989063964087,0,0,0,0,0,0,0,0
-0.02207154186449305,-0.02532680829679138,1.524,-0.001448623279155293,0.02221381378173828,-0.05881940460205078,0,0,0.5,0,0.02207154186449305,0.02532680829679138,-1.024,0.001448623279155293,0.0032475952764377857,0.03336443430511042,0.1503040971892448,-0.003796882221708127,0,0,0,0,0,0,0,0
-0.020233278616928866,-0.027814753194846175,1.538,-0.0002443460952792362,0.027627981185913086,-0.03727919006347656,0,0,0.5,0,0.020233278616928866,0.027814753194846175,-1.038,0.0002443460952792362,0.00035454032161348365,0.02687164495247257,0.13371948180463,-0.006370571587917701,0,0,0,0,0,0,0,0
-0.01813333795714821,-0.030802948484562873,1.55,0.0006283185307178743,0.03151006126403809,-0.04481523132324219,0,0,0.5,0,0.01813333795714821,0.030802948484562873,-1.05,-0.0006283185307178743,-0.002104462227903996,0.031059398552433466,0.13488871257386076,-0.005712716716011982,0,0,0,0,0,0,0,0
-0.015708941746316412,-0.032795511151116924,1.56,0.0012391837689158516,0.036347156524658204,-0.029911283493041993,0,0,0.5,0,0.015708941746316412,0.032795511151116924,-1.06,-0.0012391837689158516,-0.00501157739104975,0.02685461394381607,0.1373364737678906,-0.005151345889437721,0,0,0,0,0,0,0,0
-0.014701470945645783,-0.03491177328663641,1.57,0.003665191429188085,0.015072713851928711,-0.03176263427734375,0,0,0.5,0,0.014701470945645783,0.03491177328663641,-1.07,-0.003665191429188085,0.002356495042843667,0.028599964283606002,0.1293364737678906,-0.0162208888929207,0,0,0,0,0,0,0,0
-0.01317377062480049,-0.037630202966059415,1.578,0.0033510321638290366,0.022765897750854493,-0.040860160827636716,0,0,0.5,0,0.01317377062480049,0.037630202966059415,-1.078,-0.0033510321638290366,-0.0011661480275961381,0.0331524918561392,0.1335425343739512,-0.0034514254201467327,0,0,0,0,0,0,0,0
-0.01037552826574941,-0.03901862328912068,1.587,0.004118977034706538,0.04190361022949219,-0.02096684265136719,0,0,0.5,0,0.01037552826574941,0.03901862328912068,-1.087,-0.004118977034706538,-0.009406649412845145,0.02668511317572201,0.12095791898933649,-0.009213697073654466,0,0,0,0,0,0,0,0
-0.00818552229850754,-0.04255902139463255,1.597,0.0020769418098731665,0.03263106918334961,-0.053240829467773435,0,0,0.5,0,0.00818552229850754,0.04255902139463255,-1.097,-0.0020769418098731665,-0.0072265333636472575,0.040042884903211964,0.10757330360472049,0.005797477054459859,0,0,0,0,0,0,0,0
-0.0051800125975617495,-0.043075319573465394,1.602,0.00027925268031903013,0.045066463470458985,-0.00783808994293213,0,0,0.5,0,0.0051800125975617495,0.043075319573465394,-1.102,-0.00027925268031903013,-0.013120462164833573,0.024017419002818237,0.13049638052779675,0.00646741497503291,0,0,0,0,0,0,0,0
-0.003754260221012607,-0.04546110138175498,1.607,-0.0007330382858377069,0.021376291275024415,-0.03579269790649414,0,0,0.5,0,0.003754260221012607,0.04546110138175498,-1.107,0.0007330382858377069,-0.0053269527602031195,0.03527676021942241,0.12649638052779802,0.0038547913408939574,0,0,0,0,0,0,0,0
0.001153681513322731,-0.04564740813523174,1.611,-0.0020769418098733903,0.07362115478515625,-0.0027406349182128907,0,0,0.5,0,-0.001153681513322731,0.04564740813523174,-1.111,0.0020769418098733903,-0.0265311740154503,0.023526586377937912,0.1286809959124128,0.00672921436283247,0,0,0,0,0,0,0,0
0.0030378721603050857,-0.04498294058785971,1.619,-0.0031590459461097184,0.02824209785461426,0.010025691986083985,0,0,0.5,0,-0.0030378721603050857,0.04498294058785971,-1.119,0.0031590459461097184,-0.011191532714733105,0.018613260215066072,0.10074253437395124,0.006603013632302543,0,0,0,0,0,0,0,0
0.00877869664421493,-0.04512335730487146,1.623,-0.004188790204786353,0.08611859130859376,-0.0018342077732086183,0,0,0.5,0,-0.00877869664421493,0.04512335730487146,-1.123,0.004188790204786353,-0.03482843484783604,0.02301746076640767,0.1190809959124128,0.007391096917626747,0,0,0,0,0,0,0,0
0.01102652978467065,-0.0451307631512852,1.626,-0.004241150082346269,0.03371766662597656,0.00003014838695526123,0,0,0.5,0,-0.01102652978467065,0.0451307631512852,-1.126,0.004241150082346269,-0.01742891247550415,0.02231580301220087,0.12198402621544377,0.0030008005173833927,0,0,0,0,0,0,0,0
0.014362316575483428,-0.04406470814616717,1.631,-0.006614797865058366,0.049968532562255856,0.01620289421081543,0,0,0.5,0,-0.014362316575483428,0.04406470814616717,-1.131,0.006614797865058366,-0.02486625704704646,0.016090180084852183,0.10737796560938188,0.015925756959878135,0,0,0,0,0,0,0,0
0.016217344311398554,-0.04343265817090519,1.637,-0.005166174585903073,0.027762094497680665,0.009664600372314452,0,0,0.5,0,-0.016217344311398554,0.04343265817090519,-1.137,0.005166174585903073,-0.01769586983353249,0.018147620104246465,0.09710921560938249,-0.0034397619217805438,0,0,0,0,0,0,0,0
0.017623971358439044,-0.04392227789728091,1.639,-0.004537856055185198,0.02113706588745117,-0.007235195159912109,0,0,0.5,0,-0.017623971358439044,0.04392227789728091,-1.139,0.004537856055185198,-0.016021300916050876,0.024340678385209997,0.11672133682150371,-0.00033942250505561433,0,0,0,0,0,0,0,0
0.017516961072948718,-0.04243227475308882,1.645,-0.0012740903539558718,-0.0017065587043762207,0.022342533111572267,0,0,0.5,0,-0.017516961072948718,0.04243227475308882,-1.145,0.0012740903539558718,-0.007690091611027808,0.012769614239696227,0.09004633682150369,-0.01595684681805737,0,0,0,0,0,0,0,0
0.01691489495823473,-0.04354723580551536,1.649,-0.0005759586531581835,-0.009009675979614258,-0.01673590850830078,0,0,0.5,0,-0.01691489495823473,0.04354723580551536,-1.149,0.0005759586531581835,-0.00472337331938957,0.027353825055394437,0.09761556759073446,-0.004813590824555189,0,0,0,0,0,0,0,0
0.015458811347196759,-0.043684019445341095,1.656,0.0002443460952792336,-0.021840068817138673,-0.002064333915710449,0,0,0.5,0,-0.015458811347196759,0.043684019445341095,-1.156,-0.0002443460952792336,0.0005335491484535736,0.022234912414545463,0.07610647668164422,-0.006189227607718646,0,0,0,0,0,0,0,0
0.01452545690372203,-0.04397164311989039,1.656,0.000855211333477211,-0.014001370429992676,-0.004310934066772461,0,0,0.5,0,-0.01452545690372203,0.04397164311989039,-1.156,-0.000855211333477211,-0.0018584487649205535,0.02320363069171456,0.11438772668164364,-0.00581834514166925,0,0,0,0,0,0,0,0
0.012745169418908645,-0.043002465722701194,1.656,0.002007128639793352,-0.026691869735717775,0.014560493469238281,0,0,0.5,0,-0.012745169418908645,0.043002465722701194,-1.156,-0.002007128639793352,0.0035921036616173713,0.015951651606835815,0.11438772668164364,-0.009467425839299992,0,0,0,0,0,0,0,0
0.011211611385461413,-0.04243863964601723,1.66,0.001361356816555579,-0.022986349105834962,0.008503544807434081,0,0,0.5,0,-0.011211611385461413,0.04243863964601723,-1.16,-0.001361356816555579,0.003030339478677082,0.017852399525060465,0.08964926514318208,-0.0005246272642749263,0,0,0,0,0,0,0,0
0.009555298117744094,-0.04069660346623381,1.663,0.0018500490071140497,-0.02480910301208496,0.02616434097290039,0,0,0.5,0,-0.009555298117744094,0.04069660346623381,-1.163,-0.0018500490071140497,0.004509470839725593,0.010733297555095871,0.09255229544621171,-0.0061699740629981405,0,0,0,0,0,0,0,0
0.006981219985694704,-0.04029923282450414,1.666,0.002199114857512894,-0.038600078582763674,0.006031981945037842,0,0,0.5,0,-0.006981219985694704,0.04029923282450414,-1.166,-0.002199114857512894,0.010520299648635956,0.01745568485656651,0.09015229544621295,-0.005903041353869221,0,0,0,0,0,0,0,0
0.004223422785459858,-0.03913960398842043,1.666,0.0021642082724728762,-0.04132860565185547,0.017485361099243164,0,0,0.5,0,-0.004223422785459858,0.03913960398842043,-1.166,-0.0021642082724728762,0.012903911902892591,0.01270727093815099,0.10655854544621235,-0.004068263977709538,0,0,0,0,0,0,0,0
0.0000609771975556373,-0.03798558464846755,1.666,0.0024085543677521116,-0.06239907455444336,0.017445375442504883,0,0,0.5,0,-0.0000609771975556373,0.03798558464846755,-1.166,-0.0024085543677521116,0.022666805566911592,0.012160938200140053,0.10655854544621235,-0.005621607011985272,0,0,0,0,0,0,0,0
-0.0036682951462127813,-0.03698925982283494,1.67,0.0027576202181509558,-0.05590292739868164,0.015079561233520508,0,0,0.5,0,0.0036682951462127813,0.03698925982283494,-1.17,-0.0027576202181509558,0.022162525559928134,0.012525167662512706,0.08148354544621234,-0.006461546714507283,0,0,0,0,0,0,0,0
-0.009476285287320337,-0.036339492732627064,1.678,0.002565634000431636,-0.08709264373779296,0.009986712455749511,0,0,0.5,0,0.009476285287320337,0.036339492732627064,-1.178,-0.002565634000431636,0.036259616462308034,0.014066364231234248,0.05354508390775077,-0.0037723971054733595,0,0,0,0,0,0,0,0
-0.014585634476318174,-0.035555986247133096,1.681,0.0023387411976725204,-0.07660983276367188,0.011949189186096191,0,0,0.5,0,0.014585634476318174,0.035555986247133096,-1.181,-0.0023387411976725204,0.035052378237754624,0.01295447578310063,0.07806816083082702,-0.0033843969871459566,0,0,0,0,0,0,0,0
-0.0208278813972147,-0.03412426593440725,1.68,0.002809980095710871,-0.09358322143554687,0.021694730758666993,0,0,0.5,0,0.0208278813972147,0.03412426593440725,-1.18,-0.002809980095710871,0.04427372025458045,0.008748233480104495,0.10040662236928985,-0.007077782196557228,0,0,0,0,0,0,0,0
-0.02436950415181985,-0.03312769843696616,1.683,0.0013439035240356812,-0.05308212661743164,0.015097731590270997,0,0,0.5,0,0.02436950415181985,0.03312769843696616,-1.183,-0.0013439035240356812,0.031723039840943885,0.010557578297288006,0.07679450115716735,0.0031942737829067838,0,0,0,0,0,0,0,0
-0.029563659438682676,-0.032849294607834166,1.683,0.001378810109075477,-0.07790664672851562,0.004280760288238526,0,0,0.5,0,0.029563659438682676,0.032849294607834166,-1.183,-0.001378810109075477,0.04321836958114743,0.014285411519770952,0.09294834731101412,-0.0037682473715867923,0,0,0,0,0,0,0,0
-0.03205786864460968,-0.03425137351491571,1.681,-0.000994837673636619,-0.03744210052490234,-0.020979578018188477,0,0,0.5,0,0.03205786864460968,0.03425137351491571,-1.181,0.000994837673636619,0.02992730297907189,0.0240352041683077,0.10531757808024489,0.009721805185364807,0,0,0,0,0,0,0,0
-0.03368195808693758,-0.03437072372320708,1.683,-0.0025656340004316398,-0.024359548568725586,-0.0018144878149032593,0,0,0.5,0,0.03368195808693758,0.03437072372320708,-1.183,0.0025656340004316398,0.026054087434702188,0.017187878586660172,0.08217911654178334,0.007587133254081019,0,0,0,0,0,0,0,0
-0.037803037617257215,-0.036393205584960175,1.685,-0.004729842272904518,-0.061738155364990235,-0.030495725631713867,0,0,0.5,0,0.037803037617257215,0.036393205584960175,-1.185,0.004729842272904518,0.04155995844289443,0.028446751497715195,0.08057911654178333,0.012490165891220931,0,0,0,0,0,0,0,0
-0.04032734171059479,-0.03747596138273824,1.683,-0.005323254218582598,-0.037787319183349606,-0.01642024803161621,0,0,0.5,0,0.04032734171059479,0.03747596138273824,-1.183,0.005323254218582598,0.034224088905813646,0.023928065975200228,0.10371757808024488,0.005833748636307632,0,0,0,0,0,0,0,0
-0.0418504055444223,-0.03854991790615086,1.682,-0.004729842272904518,-0.02275988006591797,-0.01623073387145996,0,0,0.5,0,0.0418504055444223,0.03854991790615086,-1.182,0.004729842272904518,0.029594327117673236,0.024417663528784918,0.09913296269563018,-0.00023731203870656654,0,0,0,0,0,0,0,0
-0.04489909774786409,-0.03979649865295057,1.684,-0.0036302848441480706,-0.04564142990112305,-0.018914798736572265,0,0,0.5,0,0.04489909774786409,0.03979649865295057,-1.184,0.0036302848441480706,0.03933359520962486,0.025970468951192177,0.08137911654178343,-0.00367292554320933,0,0,0,0,0,0,0,0
-0.04466544195705385,-0.039375099562566414,1.682,-0.003577924966588377,0.0034818668365478515,0.006333668231964112,0,0,0.5,0,0.04466544195705385,0.039375099562566414,-1.182,0.003577924966588377,0.021810376435610516,0.01691442178457052,0.10419123775390465,0.001034703448307132,0,0,0,0,0,0,0,0
-0.04581910858132862,-0.03781032085210583,1.685,-0.0020594885173534938,-0.01738886833190918,0.02340961456298828,0,0,0.5,0,0.04581910858132862,0.03781032085210583,-1.185,0.0020594885173534938,0.029857407367436382,0.009975372936621003,0.07486816083082702,-0.0072502402548132415,0,0,0,0,0,0,0,0
-0.045395223708410704,-0.03463472276775739,1.686,-0.00022689280275911767,0.0062601580619812015,0.04764696502685547,0,0,0.5,0,0.045395223708410704,0.03463472276775739,-1.186,0.00022689280275911767,0.021279661536773783,-0.00015465005798882478,0.08467422143688891,-0.010510832630132584,0,0,0,0,0,0,0,0
-0.04411309993176639,-0.031617166406425846,1.687,0.000523598775598486,0.019221586227416994,0.04526770782470703,0,0,0.5,0,0.04411309993176639,0.031617166406425846,-1.187,-0.000523598775598486,0.015945105643697895,-0.0007991375659059586,0.08387422143688761,-0.006188961069880319,0,0,0,0,0,0,0,0
-0.04211333414720745,-0.02714430882259444,1.692,0.0012391837689158503,0.030031612396240234,0.0670771484375,0,0,0.5,0,0.04211333414720745,0.02714430882259444,-1.192,-0.0012391837689158503,0.011305009667793516,-0.010417529080647029,0.05958436636442504,-0.006752778302153164,0,0,0,0,0,0,0,0
-0.04137676099990255,-0.021542858223621234,1.698,-0.0004363323129985574,0.01115270709991455,0.08400800323486328,0,0,0.5,0,0.04137676099990255,0.021542858223621234,-1.198,0.0004363323129985574,0.018184549701336362,-0.019693788073570157,0.04904666144639161,0.006682251264507662,0,0,0,0,0,0,0,0
-0.03890092339581719,-0.014493568577797423,1.701,-0.0009948376736366193,0.03709142303466797,0.10575553894042969,0,0,0.5,0,0.03890092339581719,0.014493568577797423,-1.201,0.0009948376736366193,0.007723258780003376,-0.030896367235841337,0.06255575235548184,0.0021634351647986973,0,0,0,0,0,0,0,0
-0.036614652441193045,-0.007891658870735584,1.706,-0.0012217304763959568,0.03419552993774414,0.09906271362304687,0,0,0.5,0,0.036614652441193045,0.007891658870735584,-1.206,0.0012217304763959568,0.007616815916932329,-0.03175071304926772,0.047618252355483136,0.0008358941025015144,0,0,0,0,0,0,0,0
-0.033280149210663225,-0.0012200975668840552,1.708,-0.0022514747350725916,0.04989524841308594,0.10013445281982422,0,0,0.5,0,0.033280149210663225,0.0012200975668840552,-1.208,0.0022514747350725916,0.00030523666217531584,-0.035461540760830274,0.0621720985093287,0.005571106619257983,0,0,0,0,0,0,0,0
-0.030171924965356728,0.005058352697911309,1.709,-0.0033510321638290396,0.04641120910644531,0.09428148651123047,0,0,0.5,0,0.030171924965356728,-0.005058352697911309,-1.209,0.0033510321638290396,-0.000030450155429270808,-0.03648401414446399,0.0667567138939434,0.006992878679152031,0,0,0,0,0,0,0,0
-0.028158772031209374,0.010676648796520593,1.714,-0.003944444109507119,0.029914718627929687,0.08437516021728515,0,0,0.5,0,0.028158772031209374,-0.010676648796520593,-1.214,0.003944444109507119,0.004859511206815515,-0.035738485914305125,0.041218252355483126,0.005250234549083792,0,0,0,0,0,0,0,0
-0.025609821175973532,0.013939650102635162,1.717,-0.006021385919380508,0.038040904998779296,0.04909545135498047,0,0,0.5,0,0.025609821175973532,-0.013939650102635162,-1.217,0.006021385919380508,0.0007436831673647039,-0.02487978691019347,0.04942431296154247,0.014070493923481319,0,0,0,0,0,0,0,0
-0.024258456664844708,0.017797338715593837,1.721,-0.004939281783143958,0.01992167282104492,0.05798633575439453,0,0,0.5,0,0.024258456664844708,-0.017797338715593837,-1.221,0.004939281783143958,0.006516542764684233,-0.03001079363814107,0.040839697576927673,-0.001591822271724181,0,0,0,0,0,0,0,0
-0.022657188075341023,0.018595223462065796,1.719,-0.004066617157146625,0.02395962142944336,0.012086761474609376,0,0,0.5,0,0.022657188075341023,-0.018595223462065796,-1.219,0.004066617157146625,0.004370271124836986,-0.013933869037987046,0.07474738988462001,-0.0014978430043097396,0,0,0,0,0,0,0,0
-0.021510107809041088,0.01818090638572476,1.72,-0.003263765701229328,0.017231334686279298,-0.006144733905792237,0,0,0.5,0,0.021510107809041088,-0.01818090638572476,-1.22,0.003263765701229328,0.006242360424322593,-0.007199469915438866,0.057793543730774534,-0.0019784798290884125,0,0,0,0,0,0,0,0
-0.021644218884979752,0.015451142073483382,1.72,-0.0016057029118348182,-0.0018780159950256348,-0.04095281219482422,0,0,0.5,0,0.021644218884979752,-0.015451142073483382,-1.22,0.0016057029118348182,0.013208138574345923,0.006633205049375993,0.06317815911538932,-0.007583671849916211,0,0,0,0,0,0,0,0
-0.020391432079454604,0.01289452232685792,1.722,-0.0006806784082777923,0.018853355407714843,-0.03831907272338867,0,0,0.5,0,0.020391432079454604,-0.01289452232685792,-1.222,0.0006806784082777923,0.0051138335021628165,0.006979198030910719,0.05080892834615854,-0.005125442726531004,0,0,0,0,0,0,0,0
-0.01913719604232171,0.011221514226436162,1.72,0.0018325957145941523,0.018830617904663085,-0.02508230972290039,0,0,0.5,0,0.01913719604232171,-0.011221514226436162,-1.22,-0.0018325957145941523,0.004478911928785441,0.003057793216947805,0.0739473898846201,-0.014969099707779494,0,0,0,0,0,0,0,0
-0.017827846068975722,0.008508040037143979,1.717,0.00019198621771931816,0.019565626144409178,-0.040738037109375,0,0,0.5,0,0.017827846068975722,-0.008508040037143979,-1.217,-0.00019198621771931816,0.0035274695932727015,0.010017040020896185,0.08173200526923481,0.0058432803417727795,0,0,0,0,0,0,0,0
-0.01563742823130163,0.005471633169502764,1.717,0.0016231562043547126,0.032847522735595706,-0.04555241012573242,0,0,0.5,0,0.01563742823130163,-0.005471633169502764,-1.217,-0.0016231562043547126,-0.002240068909122477,0.013247765233840442,0.06582291436014448,-0.009550523660818199,0,0,0,0,0,0,0,0
-0.016629786638083083,0.001428808443138762,1.721,-0.00010471975511983263,-0.01498378849029541,-0.06061812973022461,0,0,0.5,0,0.016629786638083083,-0.001428808443138762,-1.221,0.00010471975511983263,0.015394136225951968,0.02068835068245284,0.041084452821682924,0.006757564357625296,0,0,0,0,0,0,0,0
-0.016302064586505145,-0.004311500463786794,1.722,-0.001064650843716432,0.0049248476028442385,-0.08610411834716797,0,0,0.5,0,0.016302064586505145,0.004311500463786794,-1.222,0.001064650843716432,0.008122149655150882,0.0326988045697086,0.05643829897552977,0.004173134503708301,0,0,0,0,0,0,0,0
-0.018541132284577693,-0.008112985879154318,1.725,-0.0015009831567152094,-0.033525287628173826,-0.057058006286621096,0,0,0.5,0,0.018541132284577693,0.008112985879154318,-1.225,0.0015009831567152094,0.02306285907922824,0.024159728476695272,0.04326906820629771,0.0021928570831786683,0,0,0,0,0,0,0,0
-0.019947614107286602,-0.012235809736875557,1.732,-0.0033335788713091414,-0.021004379272460936,-0.06187395477294922,0,0,0.5,0,0.019947614107286602,0.012235809736875557,-1.232,0.0033335788713091414,0.019282945277086176,0.027951424325922045,0.01613060666783743,0.010469745420519469,0,0,0,0,0,0,0,0
-0.021187927439907207,-0.015742208867977822,1.732,-0.0025656340004316398,-0.018429264068603516,-0.05265771484375,0,0,0.5,0,0.021187927439907207,0.015742208867977822,-1.232,0.0025656340004316398,0.019008348535228686,0.026385413825063316,0.05382291436014455,-0.002300694460226186,0,0,0,0,0,0,0,0
-0.023909862249144653,-0.02002699567429089,1.729,-0.0012042771838760584,-0.04066399002075195,-0.0643763427734375,0,0,0.5,0,0.023909862249144653,0.02002699567429089,-1.229,0.0012042771838760584,0.028226399527967024,0.032655620657368045,0.0721320052692348,-0.00635937830259122,0,0,0,0,0,0,0,0
-0.02500878459975211,-0.02326322623979242,1.725,-0.0016580627893945112,-0.016425363540649413,-0.04856327438354492,0,0,0.5,0,0.02500878459975211,0.02326322623979242,-1.225,0.0016580627893945112,0.020036562849109256,0.02862766387421054,0.0807166206538508,0.0024719877124996983,0,0,0,0,0,0,0,0
-0.02515608716848798,-0.026024191852867928,1.725,-0.001204277183876058,-0.0021408677101135256,-0.0414180908203125,0,0,0.5,0,0.02515608716848798,0.026024191852867928,-1.225,0.001204277183876058,0.014986107615707135,0.02744902770614663,0.05917815911538924,-0.0021705880978044757,0,0,0,0,0,0,0,0
-0.027840571315566127,-0.026870692957134918,1.723,-0.000052359877559694486,-0.040251941680908204,-0.012746000289916992,0,0,0.5,0,0.027840571315566127,0.026870692957134918,-1.223,0.000052359877559694486,0.03020356144580551,0.01740255047573355,0.07171565911538925,-0.0065949977516110425,0,0,0,0,0,0,0,0
-0.029481148137402276,-0.02751447639406205,1.725,0.00022689280275933646,-0.024608146667480468,-0.009658040046691895,0,0,0.5,0,0.029481148137402276,0.02751447639406205,-1.225,-0.00022689280275933646,0.025487977677409967,0.016649424261334228,0.04890353790326803,-0.0029075930410331075,0,0,0,0,0,0,0,0
-0.030501639638079003,-0.02641127150138671,1.728,0.0018849555921540684,-0.015303617477416992,0.016551546096801758,0,0,0.5,0,0.030501639638079003,0.02641127150138671,-1.228,-0.0018849555921540684,0.022897796821951224,0.007362880166984201,0.04150353790326866,-0.010474842012180843,0,0,0,0,0,0,0,0
-0.02951866553328684,-0.024173745973921468,1.733,0.003054326190990108,0.014807849884033204,0.03353503036499023,0,0,0.5,0,0.02951866553328684,0.024173745973921468,-1.233,-0.003054326190990108,0.01071942707098664,-0.0003727529663561831,0.025836871236600598,-0.00920075165822342,0,0,0,0,0,0,0,0
-0.03207984194903717,-0.020338427876543635,1.738,0.003298672286269343,-0.03824175262451172,0.05764684295654297,0,0,0.5,0,0.03207984194903717,0.020338427876543635,-1.238,-0.003298672286269343,0.03108390269716754,-0.010893910468420583,0.021836871236601878,-0.00517575389093279,0,0,0,0,0,0,0,0
-0.029460550429630528,-0.01625137446023018,1.741,0.001937315469713762,0.03949138641357422,0.061175865173339845,0,0,0.5,0,0.029460550429630528,0.01625137446023018,-1.241,-0.001937315469713762,0.0018794295943112618,-0.014292935047769132,0.03020610200583137,0.0035965394417834815,0,0,0,0,0,0,0,0
-0.029391628748018504,-0.009503624412988644,1.746,0.0014137166941154957,0.001229910969734192,0.10121405792236328,0,0,0.5,0,0.029391628748018504,0.009503624412988644,-1.246,-0.0014137166941154957,0.015577729418553213,-0.03199363808407955,0.015436871236601871,0.00025356264373260296,0,0,0,0,0,0,0,0
-0.030189260378661622,-0.0034264861789272726,1.747,-0.000261799387799134,-0.011835592269897461,0.09117389678955078,0,0,0.5,0,0.030189260378661622,0.0034264861789272726,-1.247,0.000261799387799134,0.02064260153063322,-0.03142122051475551,0.036175332775062144,0.007245620139415064,0,0,0,0,0,0,0,0
-0.031052313626410942,0.0024363371164215285,1.75,-0.0024085543677521146,-0.01296882152557373,0.08793895721435546,0,0,0.5,0,0.031052313626410942,-0.0024363371164215285,-1.25,0.0024085543677521146,0.02142106097249532,-0.03321611354804507,0.023169272169002792,0.011534370110451457,0,0,0,0,0,0,0,0
-0.03220049219815256,0.007740765390696659,1.752,-0.0032637657012293273,-0.017414268493652345,0.07952471160888672,0,0,0.5,0,0.03220049219815256,-0.007740765390696659,-1.252,0.0032637657012293273,0.023554429373949012,-0.032814604913686006,0.02703802216900219,0.006335470601073508,0,0,0,0,0,0,0,0
-0.03372856708897337,0.012715278361449806,1.757,-0.0028099800957108742,-0.02316453552246094,0.07454248809814454,0,0,0.5,0,0.03372856708897337,-0.012715278361449806,-1.257,0.0028099800957108742,0.026364062383631984,-0.03352539438009805,0.006884176015156708,-0.00015983933827109446,0,0,0,0,0,0,0,0
-0.03549614691463476,0.015060341605016346,1.765,-0.004153883619746558,-0.026612436294555664,0.0351013069152832,0,0,0.5,0,0.03549614691463476,-0.015060341605016346,-1.265,0.004153883619746558,0.02851795422364758,-0.020753874418315985,-0.015424914893934806,0.009355378411010664,0,0,0,0,0,0,0,0
-0.03835889490203265,0.017939482561902944,1.77,-0.0031590459461097184,-0.043120243072509765,0.04300836944580078,0,0,0.5,0,0.03835889490203265,-0.017939482561902944,-1.27,0.0031590459461097184,0.03584638754977379,-0.025069247968482675,-0.003271068740089332,-0.0024336494057301244,0,0,0,0,0,0,0,0
-0.0409543165881419,0.0197299228230733,1.774,-0.003857177646907407,-0.03901597213745117,0.026733484268188477,0,0,0.5,0,0.0409543165881419,-0.0197299228230733,-1.274,0.003857177646907407,0.03570464907819733,-0.020102233583672708,-0.001086453355473349,0.006078187100149998,0,0,0,0,0,0,0,0
-0.04023945484249828,0.022039680628717827,1.778,-0.0043284165449459806,0.01058920955657959,0.03468746948242187,0,0,0.5,0,0.04023945484249828,-0.022039680628717827,-1.278,0.0043284165449459806,0.017522615111321582,-0.024053437725971266,-0.004286453355473352,0.005502228446992659,0,0,0,0,0,0,0,0
-0.04035643406754608,0.02525973184568332,1.781,-0.00521853446346299,-0.0019637371301651,0.04829272079467774,0,0,0.5,0,0.04035643406754608,-0.02525973184568332,-1.281,0.00521853446346299,0.022060248412183917,-0.030565043241566905,-0.0013018379708572793,0.008325634152333216,0,0,0,0,0,0,0,0
-0.04144061798071363,0.027650735135164136,1.784,-0.006126105674500118,-0.016449699401855467,0.03577969360351563,0,0,0.5,0,0.04144061798071363,-0.027650735135164136,-1.284,0.006126105674500118,0.02781036561248937,-0.02729644066138983,-0.003701837970858566,0.00931375902115551,0,0,0,0,0,0,0,0
-0.0405320476442136,0.028953376014002222,1.789,-0.006352998477259233,0.013508598327636718,0.019622735977172852,0,0,0.5,0,0.0405320476442136,-0.028953376014002222,-1.289,0.006352998477259233,0.016625865253721665,-0.02208734812042494,-0.018471068740088064,0.006399059170323797,0,0,0,0,0,0,0,0
-0.03931991964787727,0.030581845671511586,1.789,-0.007731808586334934,0.018026369094848633,0.02454206085205078,0,0,0.5,0,0.03931991964787727,-0.030581845671511586,-1.289,0.007731808586334934,0.0144100257867246,-0.024629462836072757,0.008044082775062883,0.013013857035383977,0,0,0,0,0,0,0,0
-0.03933148279964962,0.0307013069760668,1.793,-0.009407324668249565,-0.00018729673326015473,0.001790524959564209,0,0,0.5,0,0.03933148279964962,-0.0307013069760668,-1.293,0.009407324668249565,0.021107868328830142,-0.016436804058132373,-0.017030917224937138,0.01608018236498109,0,0,0,0,0,0,0,0
-0.03808444362391925,0.029380364285120673,1.794,-0.011152653920243564,0.018891155242919924,-0.019637296676635742,0,0,0.5,0,0.03808444362391925,-0.029380364285120673,-1.294,0.011152653920243564,0.013809942458753582,-0.008137826675909739,-0.0019218263158468953,0.018142844208244944,0,0,0,0,0,0,0,0
-0.039350864512663175,0.029826766621053297,1.796,-0.011536626355682648,-0.019069808959960938,0.006483763694763184,0,0,0.5,0,0.039350864512663175,-0.029826766621053297,-1.296,0.011536626355682648,0.027977168634910177,-0.017877501065530873,-0.008906441700461688,0.012243631336507497,0,0,0,0,0,0,0,0
-0.03881806127825338,0.028773209629508526,1.802,-0.01384046096831493,0.008173830032348632,-0.015710103988647462,0,0,0.5,0,0.03881806127825338,-0.028773209629508526,-1.302,0.01384046096831493,0.01802263712380064,-0.009274018498726364,-0.03524490323892325,0.02340836830541608,0,0,0,0,0,0,0,0
-0.03688547588117117,0.027480379237498947,1.802,-0.014765485471871957,0.02925439643859863,-0.01898939323425293,0,0,0.5,0,0.03688547588117117,-0.027480379237498947,-1.302,0.014765485471871957,0.009519055857023472,-0.007339208069449528,-0.0029372109312309214,0.01796965384401038,0,0,0,0,0,0,0,0
-0.03732044015250575,0.028011662729161012,1.8,-0.014730578886832161,-0.00664141845703125,0.007872050285339355,0,0,0.5,0,0.03732044015250575,-0.028011662729161012,-1.3,0.014730578886832161,0.02229172562823431,-0.017278181016569586,0.009268849674829695,0.013571424128985033,0,0,0,0,0,0,0,0
-0.03780501868385919,0.026556618551071928,1.797,-0.017540558982543038,-0.006946396350860595,-0.021930362701416014,0,0,0.5,0,0.03780501868385919,-0.026556618551071928,-1.297,0.017540558982543038,0.022805342878389194,-0.005687929483573443,0.017137599674830396,0.029716810540714688,0,0,0,0,0,0,0,0
-0.03706509909852456,0.025305415988620163,1.796,-0.01909390201681794,0.011426271438598633,-0.018570482254028322,0,0,0.5,0,0.03706509909852456,-0.025305415988620163,-1.296,0.01909390201681794,0.015841931688170753,-0.006159936901933122,0.0071683689055983355,0.025470290214515856,0,0,0,0,0,0,0,0
-0.035721701318446875,0.024159214636696666,1.797,-0.021170843826691328,0.020475555419921875,-0.01680514907836914,0,0,0.5,0,0.035721701318446875,-0.024159214636696666,-1.297,0.021170843826691328,0.011969969644191444,-0.006143660827257648,-0.004237691700461014,0.029927226458927828,0,0,0,0,0,0,0,0
-0.034413509267575096,0.02219345337699769,1.796,-0.0232477856365645,0.02024268913269043,-0.029064409255981444,0,0,0.5,0,0.034413509267575096,-0.02219345337699769,-1.296,0.0232477856365645,0.011505442929864287,-0.0007477653093863404,0.00733153906876848,0.03200416826879999,0,0,0,0,0,0,0,0
-0.032721091305374754,0.019608884339437853,1.797,-0.02515019452123847,0.02628061103820801,-0.03816793823242187,0,0,0.5,0,0.032721091305374754,-0.019608884339437853,-1.297,0.02515019452123847,0.008557998496186037,0.003928624244570144,-0.004405960931230227,0.03308845406660271,0,0,0,0,0,0,0,0
-0.03153985513036396,0.0176758368846645,1.796,-0.026843163895672775,0.01844211006164551,-0.028540964126586913,0,0,0.5,0,0.03153985513036396,-0.0176758368846645,-1.296,0.026843163895672775,0.010678192916504008,0.0014401092753618268,0.007000099674829122,0.03382942566722036,0,0,0,0,0,0,0,0
-0.030375008264554994,0.015853245596918662,1.796,-0.029007372168145654,0.01820018196105957,-0.026860054016113282,0,0,0.5,0,0.030375008264554994,-0.015853245596918662,-1.296,0.029007372168145654,0.010184019610070913,0.0017566409429327604,0.0016154842902143312,0.038168582699871265,0,0,0,0,0,0,0,0
-0.028787559773685842,0.01188701749441539,1.791,-0.02768092193663009,0.0255272159576416,-0.058777774810791016,0,0,0.5,0,0.028787559773685842,-0.01188701749441539,-1.291,0.02768092193663009,0.007114748152773798,0.015282414765955186,0.03253856121329197,0.02073140091148597,0,0,0,0,0,0,0,0
-0.028251184443070437,0.006454336108896755,1.791,-0.029513517651224244,0.01029798412322998,-0.08123632049560547,0,0,0.5,0,0.028251184443070437,-0.006454336108896755,-1.291,0.029513517651224244,0.012506185196524734,0.025895042367258772,0.005615484290214426,0.03714420868504805,0,0,0,0,0,0,0,0
-0.028719561060207805,-0.0010112172023779174,1.788,-0.029478611066184223,-0.003718048334121704,-0.11214185333251953,0,0,0.5,0,0.028719561060207805,0.0010112172023779174,-1.288,0.029478611066184223,0.018150576300685277,0.040574052469274764,0.024169330444059906,0.028490060717081066,0,0,0,0,0,0,0,0
-0.028818874626330867,-0.011675083291045893,1.783,-0.028780479365386535,0.003225600242614746,-0.15993240356445312,0,0,0.5,0,0.028818874626330867,0.011675083291045893,-1.283,0.028780479365386535,0.01621297050136208,0.06312766969957269,0.03893856121329197,0.02473089002047876,0,0,0,0,0,0,0,0
-0.029042571839404247,-0.02622660302449615,1.784,-0.029967303256742694,0.0029270598888397215,-0.2182789611816406,0,0,0.5,0,0.029042571839404247,0.02622660302449615,-1.284,0.029967303256742694,0.01698442935687773,0.09101977465226445,0.006320379395108863,0.034485693876170585,0,0,0,0,0,0,0,0
-0.029883768770838627,-0.03620162695882313,1.782,-0.03068288825006028,-0.008129091262817382,-0.14993624877929687,0,0,0.5,0,0.029883768770838627,0.03620162695882313,-1.282,0.03068288825006028,0.020730026306077225,0.0713646169318411,0.024074225548955625,0.033026330109310144,0,0,0,0,0,0,0,0
-0.03105096652018203,-0.045735083425889916,1.785,-0.03232349774693512,-0.013112704277038574,-0.1434716491699219,0,0,0.5,0,0.03105096652018203,0.045735083425889916,-1.285,0.03232349774693512,0.02306901420025904,0.07375367418781957,-0.005248851374120633,0.03893628346875691,0,0,0,0,0,0,0,0
-0.030704473524831296,-0.05566388534056044,1.783,-0.03401646712136942,0.010007845878601073,-0.14868626403808594,0,0,0.5,0,0.030704473524831296,0.05566388534056044,-1.283,0.03401646712136942,0.014617771442537649,0.08088012056173777,0.023694898625878782,0.040874689769251224,0,0,0,0,0,0,0,0
-0.029846034991012252,-0.06225352334146822,1.782,-0.03616322210132263,0.016230823516845704,-0.09834945678710938,0,0,0.5,0,0.029846034991012252,0.06225352334146822,-1.282,0.03616322210132263,0.011473689471629507,0.06646725214072259,0.019191868322847798,0.04508410659247218,0,0,0,0,0,0,0,0
-0.0291025684223992,-0.07016595106194001,1.781,-0.036512287951721255,0.015435854911804199,-0.11820561218261719,0,0,0.5,0,0.0291025684223992,0.07016595106194001,-1.281,0.036512287951721255,0.011721035999970639,0.07754617987553393,0.019991868322849084,0.0371361456910804,0,0,0,0,0,0,0,0
-0.02928490944027326,-0.07692744884944405,1.78,-0.03735004599267879,0.0009690512418746948,-0.1014547119140625,0,0,0.5,0,0.02928490944027326,0.07692744884944405,-1.28,0.03735004599267879,0.016797324282299797,0.07472961374561343,0.0207918683228478,0.04022940615000216,0,0,0,0,0,0,0,0
-0.028662136907205114,-0.08170266060968182,1.781,-0.03918264170727273,0.012009766578674317,-0.0712293930053711,0,0,0.5,0,0.028662136907205114,0.08170266060968182,-1.281,0.03918264170727273,0.012150711203000007,0.06642183332506775,0.009222637553618305,0.046653560358302565,0,0,0,0,0,0,0,0
-0.027830113444028276,-0.08650798490885378,1.781,-0.04239404753094236,0.015294329643249512,-0.07153565216064453,0,0,0.5,0,0.027830113444028276,0.08650798490885378,-1.281,0.04239404753094236,0.010657672625263907,0.06897948648387389,0.014369696377147148,0.055947951957306105,0,0,0,0,0,0,0,0
-0.026544257786651898,-0.08842128100448432,1.781,-0.04246386070102195,0.020486825942993163,-0.027856210708618163,0,0,0.5,0,0.026544257786651898,0.08842128100448432,-1.281,0.04246386070102195,0.007452788861578317,0.05361016886653596,0.014369696377147148,0.040816510351950046,0,0,0,0,0,0,0,0
-0.02532494902909405,-0.08828909798869634,1.782,-0.04227187448330263,0.018188974380493165,0.0027573728561401368,0,0,0.5,0,0.02532494902909405,0.08828909798869634,-1.282,0.04227187448330263,0.007196034709109776,0.042696839646574086,0.008266666074116163,0.03943452691696295,0,0,0,0,0,0,0,0
-0.02256670185687335,-0.08800630769973139,1.78,-0.04419173666049649,0.04115748977661133,0.005986488342285156,0,0,0.5,0,0.02256670185687335,0.08800630769973139,-1.28,0.04419173666049649,-0.002469680340569761,0.041744482261907884,0.026020512227962925,0.05110138168606382,0,0,0,0,0,0,0,0
-0.018371172111589038,-0.08561880544723921,1.783,-0.044750242021134555,0.06128940200805664,0.038557781219482425,0,0,0.5,0,0.018371172111589038,0.08561880544723921,-1.283,0.044750242021134555,-0.012306659068169846,0.02921766671666904,-0.0033025646951133324,0.04537670173952125,0,0,0,0,0,0,0,0
-0.01521961854273177,-0.08217865447646779,1.786,-0.04410447019789678,0.044917533874511716,0.053665390014648436,0,0,0.5,0,0.01521961854273177,0.08217865447646779,-1.286,0.04410447019789678,-0.00834619855336415,0.021915363179802486,-0.0057025646951146015,0.03925694271684786,0,0,0,0,0,0,0,0
-0.010936527444429156,-0.07925116467298998,1.787,-0.04649557127312899,0.06224778747558594,0.04670227813720703,0,0,0.5,0,0.010936527444429156,0.07925116467298998,-1.287,0.04649557127312899,-0.0166758399666697,0.023255234036700573,0.004434935304886709,0.05588338550365811,0,0,0,0,0,0,0,0
-0.00726477641734391,-0.07622328888454517,1.789,-0.04682718383100794,0.05290576171875,0.0479289321899414,0,0,0.5,0,0.00726477641734391,0.07622328888454517,-1.289,0.04682718383100794,-0.015219884327503423,0.021200756223425064,-0.002549680079729279,0.046709666442983536,0,0,0,0,0,0,0,0
-0.007245401365967706,-0.07447328329806226,1.786,-0.04700171675620714,-0.0009384611248970031,0.026234912872314452,0,0,0.5,0,0.007245401365967706,0.07447328329806226,-1.286,0.04700171675620714,0.004139088624053395,0.027102337834526972,0.026365471435421582,0.046170201037820255,0,0,0,0,0,0,0,0
-0.0051938742532364685,-0.07327891988850804,1.788,-0.049183378321200136,0.029897174835205077,0.01934151268005371,0,0,0.5,0,0.0051938742532364685,0.07327891988850804,-1.288,0.049183378321200136,-0.008000006517847567,0.02954382428482871,-0.0025782785645778322,0.05776027810184668,0,0,0,0,0,0,0,0
-0.004065517028179044,-0.07203293464823646,1.781,-0.049881510021998046,0.015986035346984864,0.01949928855895996,0,0,0.5,0,0.004065517028179044,0.07203293464823646,-1.281,0.049881510021998046,-0.0035932703505942073,0.028642867960830147,0.05148325989696137,0.051611348890974955,0,0,0,0,0,0,0,0
-0.004650495360420712,-0.07323325428776187,1.776,-0.051452306348792845,-0.007866026878356934,-0.018419912338256836,0,0,0.5,0,0.004650495360420712,0.07323325428776187,-1.276,0.051452306348792845,0.0059248718163678864,0.04241543867180744,0.044714029127729316,0.05720982810698616,0,0,0,0,0,0,0,0
-0.006984093072627157,-0.07739190763718767,1.774,-0.05258677036258909,-0.03174947357177734,-0.06409748840332032,0,0,0.5,0,0.006984093072627157,0.07739190763718767,-1.274,0.05258677036258909,0.01650731348766607,0.060424254553676324,0.03016018297388375,0.05633045067617369,0,0,0,0,0,0,0,0
-0.009659033470131844,-0.08341354294790869,1.766,-0.05393067388662477,-0.03532095336914062,-0.0923086929321289,0,0,0.5,0,0.009659033470131844,0.08341354294790869,-1.266,0.05393067388662477,0.019654934290272725,0.07331452200378416,0.06837836479206559,0.05862635197402501,0,0,0,0,0,0,0,0
-0.016094669554302506,-0.08849183097113429,1.762,-0.05462880558742246,-0.09228804779052735,-0.08126721954345703,0,0,0.5,0,0.016094669554302506,0.08849183097113429,-1.262,0.05462880558742246,0.04312265218363638,0.07077410369811396,0.05003990325360404,0.056343998336801177,0,0,0,0,0,0,0,0
-0.022484289083336006,-0.0924827010388568,1.761,-0.056374134839416896,-0.09243269348144531,-0.06500700378417969,0,0,0.5,0,0.022484289083336006,0.0924827010388568,-1.261,0.056374134839416896,0.04606968049741457,0.06691421127926621,0.034686057099758555,0.06292254705585752,0,0,0,0,0,0,0,0
-0.027974001813645552,-0.09500258680591415,1.758,-0.05907939518000793,-0.08008515930175782,-0.04237794876098633,0,0,0.5,0,0.027974001813645552,0.09500258680591415,-1.258,0.05907939518000793,0.04396888486944036,0.06025346946690567,0.04785528786898805,0.07005825857458671,0,0,0,0,0,0,0,0
-0.03552339146797223,-0.09592650598092212,1.758,-0.062360614173757385,-0.11222498321533203,-0.020520917892456053,0,0,0.5,0,0.03552339146797223,0.09592650598092212,-1.258,0.062360614173757385,0.05883414774900365,0.05212176278952827,0.031701441715142484,0.07599774827522117,0,0,0,0,0,0,0,0
-0.03970768589940096,-0.09400104240418822,1.762,-0.06567673975254662,-0.06444234466552734,0.024914321899414064,0,0,0.5,0,0.03970768589940096,0.09400104240418822,-1.262,0.06567673975254662,0.0433474393227138,0.03627419573086802,0.007605919327082766,0.07947017199597958,0,0,0,0,0,0,0,0
-0.044729451686934325,-0.09219823300902966,1.761,-0.06764896180730018,-0.07693885040283203,0.022040197372436524,0,0,0.5,0,0.044729451686934325,0.09219823300902966,-1.261,0.06764896180730018,0.05051094086150621,0.03605420315315173,0.03618369710486127,0.07504285346008706,0,0,0,0,0,0,0,0
-0.04800579784530741,-0.09031835891922667,1.763,-0.0715235927467277,-0.05093889999389648,0.024811527252197266,0,0,0.5,0,0.04800579784530741,0.09031835891922667,-1.263,0.0715235927467277,0.04275070055290665,0.03469930236785716,0.01842985095101451,0.08769783309800981,0,0,0,0,0,0,0,0
-0.04949369715944029,-0.08724796136179985,1.772,-0.07538077039363511,-0.02555270767211914,0.0443432731628418,0,0,0.5,0,0.04949369715944029,0.08724796136179985,-1.272,0.07538077039363511,0.03386455181791045,0.02675359260963084,-0.0264624567412939,0.09147445708713205,0,0,0,0,0,0,0,0
-0.04987528938842848,-0.08095645072435424,1.777,-0.07787659122398694,-0.012814777374267578,0.09367359924316407,0,0,0.5,0,0.04987528938842848,0.08095645072435424,-1.277,0.07787659122398694,0.028188567935425124,0.006526177018081093,-0.00925033552917141,0.08778229238768577,0,0,0,0,0,0,0,0
-0.04958065711786048,-0.07112477456380847,1.784,-0.07930776121062233,-0.007067166805267334,0.1473719940185547,0,0,0.5,0,0.04958065711786048,0.07112477456380847,-1.284,0.07930776121062233,0.024400042956377016,-0.017452090801961875,-0.025619566298403475,0.0842996892494761,0,0,0,0,0,0,0,0
-0.05039723946341691,-0.061111471554107163,1.777,-0.08100073058505686,-0.0241097412109375,0.14875703430175782,0,0,0.5,0,0.05039723946341691,0.061111471554107163,-1.277,0.08100073058505686,0.0307011389116333,-0.02342191499172828,0.05422285794402208,0.08718265584117942,0,0,0,0,0,0,0,0
-0.04977342284390391,-0.05307949624696174,1.774,-0.08213519459885311,-0.0004217008650302887,0.12084172058105469,0,0,0.5,0,0.04977342284390391,0.05307949624696174,-1.274,0.08213519459885311,0.022512048761653317,-0.01660251677194853,0.03474785794402076,0.08569912597698379,0,0,0,0,0,0,0,0
-0.04739962509278716,-0.04248236289424717,1.769,-0.08377580409572795,0.02244563865661621,0.16134242248535155,0,0,0.5,0,0.04739962509278716,0.04248236289424717,-1.269,0.08377580409572795,0.01190217456207477,-0.035713472924447355,0.04951708871325282,0.0896757915496059,0,0,0,0,0,0,0,0
-0.043752077805156,-0.03177967751179101,1.774,-0.08464846872172506,0.041087657928466796,0.16455552673339843,0,0,0.5,0,0.043752077805156,0.03177967751179101,-1.274,0.08464846872172506,0.0032197495677969597,-0.0416331726988994,-0.00832906513290236,0.08700409523309044,0,0,0,0,0,0,0,0
-0.04128536263201641,-0.021208444914150956,1.772,-0.08574802615048151,0.02346168899536133,0.16112904357910157,0,0,0.5,0,0.04128536263201641,0.021208444914150956,-1.272,0.08574802615048151,0.00824838046716734,-0.0462216908964219,0.03039214698831038,0.08913498358348024,0,0,0,0,0,0,0,0
-0.040450412248136836,-0.011758473901664753,1.769,-0.08667305065403853,0.00033838444948196413,0.14230137634277343,0,0,0.5,0,0.040450412248136836,0.011758473901664753,-1.269,0.08667305065403853,0.016754618966493245,-0.044814777108854856,0.03826089698831108,0.08924188500016497,0,0,0,0,0,0,0,0
-0.040175457312032425,-0.005311177815196703,1.769,-0.08840092661351263,-0.004262769222259521,0.09670343780517578,0,0,0.5,0,0.040175457312032425,0.005311177815196703,-1.269,0.08840092661351263,0.019542490852490407,-0.032352809866919435,0.022589255197265713,0.0945646182249394,0,0,0,0,0,0,0,0
-0.03951008262462141,0.0016551388908219253,1.766,-0.08915141819187024,0.0007162416577339172,0.10496786499023437,0,0,0.5,0,0.03951008262462141,-0.0016551388908219253,-1.266,0.08915141819187024,0.017074695493826914,-0.03867436223309597,0.04139550519726504,0.09073362051681343,0,0,0,0,0,0,0,0
-0.03824781837642439,0.006868095413786092,1.769,-0.09126326658678344,0.01189686393737793,0.07956956481933594,0,0,0.5,0,0.03824781837642439,-0.006868095413786092,-1.269,0.09126326658678344,0.013229542657803727,-0.03183967027813095,0.006687812889573985,0.09912865421890629,0,0,0,0,0,0,0,0
-0.037358009407305284,0.00865263266150481,1.767,-0.09086184085882468,0.010852038383483887,0.02787307357788086,0,0,0.5,0,0.037358009407305284,-0.00865263266150481,-1.267,0.09086184085882468,0.014759779804718,-0.014550927593870507,0.03480296440472493,0.08730325520516591,0,0,0,0,0,0,0,0
-0.03763464690807689,0.008766622210282585,1.768,-0.09173450548482201,-0.004287590980529785,0.001326271653175354,0,0,0.5,0,0.03763464690807689,-0.008766622210282585,-1.268,0.09173450548482201,0.02127710268731863,-0.005472114639676113,0.017596714404724226,0.09414821836533242,0,0,0,0,0,0,0,0
-0.03869276666484114,0.0059517821346914,1.769,-0.0933402083966566,-0.01193722152709961,-0.04349901962280273,0,0,0.5,0,0.03869276666484114,-0.0059517821346914,-1.269,0.0933402083966566,0.026014143944122645,0.01170592645241388,0.01679671440472551,0.09913717490410823,0,0,0,0,0,0,0,0
-0.03834098270732049,0.00045993480120420146,1.767,-0.09562658971676943,0.012931781768798828,-0.08152729797363281,0,0,0.5,0,0.03834098270732049,-0.00045993480120420146,-1.267,0.09562658971676943,0.018246462734597516,0.028866504584751387,0.03455056055857108,0.1045651488778129,0,0,0,0,0,0,0,0
-0.03544957710587703,-0.0053114234005112925,1.765,-0.09794787762192161,0.05143875122070313,-0.08203374481201171,0,0,0.5,0,0.03544957710587703,0.0053114234005112925,-1.265,0.09794787762192161,0.0031258741589068138,0.03325724220683842,0.03615056055857108,0.10704754409853132,0,0,0,0,0,0,0,0
-0.03450511454282511,-0.011230078454583112,1.766,-0.10026916552707424,0.022780933380126954,-0.08696889495849609,0,0,0.5,0,0.03450511454282511,0.011230078454583112,-1.266,0.10026916552707424,0.012978340808245038,0.0369976894054609,0.019441469649479487,0.10936883200368595,0,0,0,0,0,0,0,0
-0.035339737283224364,-0.01745299940642751,1.767,-0.10405653000390205,-0.003112628698348999,-0.094128173828125,0,0,0.5,0,0.035339737283224364,0.01745299940642751,-1.267,0.10405653000390205,0.022975342273951024,0.04174750471554314,0.018641469649480772,0.11992270373439926,0,0,0,0,0,0,0,0
-0.03651695903736208,-0.025343485467108046,1.769,-0.10735520229017118,-0.005269176959991455,-0.1195512466430664,0,0,0.5,0,0.03651695903736208,0.025343485467108046,-1.269,0.10735520229017118,0.025408717071150055,0.054671944485770306,0.011656854264864784,0.12096587360270518,0,0,0,0,0,0,0,0
-0.03577263392214488,-0.03246231525878183,1.768,-0.10992083629060305,0.022542243957519532,-0.10497138977050781,0,0,0.5,0,0.03577263392214488,0.03246231525878183,-1.268,0.10992083629060305,0.014689763678553439,0.05407628716387852,0.028610700418710264,0.12014825397619591,0,0,0,0,0,0,0,0
-0.034225778414656675,-0.03723569303671586,1.771,-0.11252137687607448,0.030917364120483397,-0.06862319946289062,0,0,0.5,0,0.034225778414656675,0.03723569303671586,-1.271,0.11252137687607448,0.009660492935493412,0.0440249729496802,0.0049985792065903,0.12290746085730171,0,0,0,0,0,0,0,0
-0.03258436099145396,-0.04052907390465931,1.774,-0.11417943966546899,0.030012474060058594,-0.046323734283447264,0,0,0.5,0,0.03258436099145396,0.04052907390465931,-1.274,0.11417943966546899,0.008322648747328321,0.03757793028214094,0.0025985792065889943,0.12014765897758564,0,0,0,0,0,0,0,0
-0.03118859327109349,-0.04491532280257254,1.792,-0.11472049173358716,0.02829616928100586,-0.06297999572753907,0,0,0.5,0,0.03118859327109349,0.04491532280257254,-1.292,0.11472049173358716,0.008908009603488162,0.04548006682795458,-0.09015962974863437,0.1156871705026754,0,0,0,0,0,0,0,0
-0.028950330850148892,-0.04822442342628885,1.791,-0.1163261946454222,0.039035091400146486,-0.04546706390380859,0,0,0.5,0,0.028950330850148892,0.04822442342628885,-1.291,0.1163261946454222,0.003108352278659616,0.04115046006094098,0.016195925806921987,0.12236263933697174,0,0,0,0,0,0,0,0
-0.024669971067987233,-0.049689872993752535,1.797,-0.1178620843871772,0.06632276916503907,-0.014381248474121094,0,0,0.5,0,0.024669971067987233,0.049689872993752535,-1.297,0.1178620843871772,-0.01002773648051309,0.031955833003312555,-0.026296381885386334,0.12357631444758811,0,0,0,0,0,0,0,0
-0.021163939731259563,-0.04900008118647534,1.797,-0.11744320536669854,0.051008930206298826,0.01645917510986328,0,0,0.5,0,0.021163939731259563,0.04900008118647534,-1.297,0.11744320536669854,-0.007674464938242133,0.020181626779078386,0.005521799932795508,0.1142721228715019,0,0,0,0,0,0,0,0
-0.016253708585939382,-0.0455197885444423,1.801,-0.11691960659110028,0.06702913665771484,0.060475006103515624,0,0,0.5,0,0.016253708585939382,0.0455197885444423,-1.301,0.11691960659110028,-0.017690656403323433,0.0034157067324534496,-0.019216661605666048,0.11326520214919775,0,0,0,0,0,0,0,0
-0.009496239641263898,-0.04193237191851575,1.803,-0.11562806294462429,0.09439273834228516,0.06526808929443359,0,0,0.5,0,0.009496239641263898,0.04193237191851575,-1.303,0.11562806294462429,-0.0310160559491128,0.0010451769677558955,-0.010047430836435271,0.10842929756020919,0,0,0,0,0,0,0,0
-0.0009247952682738028,-0.03909987730795429,1.81,-0.11449359893082806,0.12281133270263672,0.05703709793090821,0,0,0.5,0,0.0009247952682738028,0.03909987730795429,-1.31,0.11449359893082806,-0.045069338134224986,0.0036938943605948765,-0.04257050775951291,0.10801981646647339,0,0,0,0,0,0,0,0
0.007332603589511735,-0.0346996720660509,1.822,-0.11243411041347456,0.11550960540771485,0.07972126770019532,0,0,0.5,0,-0.007332603589511735,0.0346996720660509,-1.322,0.11243411041347456,-0.04750702325047783,-0.0069477270445056725,-0.07909358468258926,0.10169098408654792,0,0,0,0,0,0,0,0
0.012857847729442502,-0.03017483229370957,1.839,-0.1117708852977169,0.074740234375,0.07674281311035157,0,0,0.5,0,-0.012857847729442502,0.03017483229370957,-1.339,0.1117708852977169,-0.035558042993532914,-0.009881255940726795,-0.11961666160566553,0.10747205159354019,0,0,0,0,0,0,0,0
0.020364633228438653,-0.02481344026624616,1.835,-0.11093312725675956,0.1029291534423828,0.09247847747802734,0,0,0.5,0,-0.020364633228438653,0.02481344026624616,-1.335,0.11093312725675956,-0.049981273830306136,-0.01706646409742355,-0.003339738528742961,0.10582875697473829,0,0,0,0,0,0,0,0
0.02962231779610067,-0.018378709608569063,1.833,-0.11035716860360138,0.1273262710571289,0.11130084991455078,0,0,0.5,0,-0.02962231779610067,0.018378709608569063,-1.333,0.11035716860360138,-0.06389518693281976,-0.025975776707698316,-0.012345799134803572,0.10644279553884896,0,0,0,0,0,0,0,0
0.03740767400351797,-0.011132375205204801,1.842,-0.10861183935160715,0.10409900665283203,0.12089521026611329,0,0,0.5,0,-0.03740767400351797,0.011132375205204801,-1.342,0.10861183935160715,-0.05985994309674918,-0.03396911792461903,-0.07877656836557355,0.0993003712153037,0,0,0,0,0,0,0,0
0.041952198604092855,-0.004815931594544364,1.84,-0.10587167242597609,0.057495803833007814,0.10157765197753907,0,0,0.5,0,-0.041952198604092855,0.004815931594544364,-1.34,0.10587167242597609,-0.044681573667885124,-0.032120235461544036,-0.017945799134803667,0.09196864579596423,0,0,0,0,0,0,0,0
0.04590607705214982,0.0007040955682411695,1.84,-0.10512118084761848,0.05022624969482422,0.0886041259765625,0,0,0.5,0,-0.04590607705214982,-0.0007040955682411695,-1.34,0.10512118084761848,-0.043478110532201755,-0.030591852785148862,-0.028715029904034444,0.10040127120502257,0,0,0,0,0,0,0,0
0.04915730744910884,0.003205000879573103,1.848,-0.1043706892692611,0.04456303405761719,0.04242366027832031,0,0,0.5,0,-0.04915730744910884,-0.003205000879573103,-1.348,0.1043706892692611,-0.041433176210020316,-0.016070773380982596,-0.07690607468015388,0.09965077962666619,0,0,0,0,0,0,0,0
0.05242907053587995,0.006803572951312709,1.852,-0.10245082709206724,0.04318582916259766,0.05879769515991211,0,0,0.5,0,-0.05242907053587995,-0.006803572951312709,-1.352,0.10245082709206724,-0.04318312825236199,-0.023968208085783912,-0.057883852457931644,0.09216248602644145,0,0,0,0,0,0,0,0
0.05313307856135133,0.011714914675047441,1.854,-0.09946631407115672,0.002970379590988159,0.07436383819580078,0,0,0.5,0,-0.05313307856135133,-0.011714914675047441,-1.354,0.09946631407115672,-0.030318745920172537,-0.033180781568214426,-0.04918973481087281,0.08448098398913394,0,0,0,0,0,0,0,0
0.05124512390258806,0.014863009300520105,1.86,-0.09864600932271952,-0.03286854553222656,0.04417584228515625,0,0,0.5,0,-0.05124512390258806,-0.014863009300520105,-1.36,0.09864600932271952,-0.01474272117978892,-0.024801014616568112,-0.07657037997216315,0.09413265475266443,0,0,0,0,0,0,0,0
0.0501466332067092,0.01698264606875177,1.863,-0.09794787762192161,-0.019528575897216797,0.030017189025878906,0,0,0.5,0,-0.0501466332067092,-0.01698264606875177,-1.363,0.09794787762192161,-0.018380027150175858,-0.020406889818345306,-0.06306128906307155,0.09398985508659054,0,0,0,0,0,0,0,0
0.04798463627061549,0.018583867174537073,1.874,-0.097843157866802,-0.034623298645019535,0.020731826782226563,0,0,0.5,0,-0.04798463627061549,-0.018583867174537073,-1.374,0.097843157866802,-0.011482978930954062,-0.018372414717234428,-0.11561128906307291,0.09666675382683797,0,0,0,0,0,0,0,0
0.04463343181136748,0.020023902623994717,1.879,-0.09677850702308557,-0.05213773727416992,0.01658667755126953,0,0,0.5,0,-0.04463343181136748,-0.020023902623994717,-1.379,0.09677850702308557,-0.0037751646273589583,-0.018274824040301205,-0.08917650645437603,0.0914284895544397,0,0,0,0,0,0,0,0
0.04189147016086622,0.021503471800077594,1.877,-0.09824458359476099,-0.043081470489501957,0.01811545181274414,0,0,0.5,0,-0.04189147016086622,-0.021503471800077594,-1.377,0.09824458359476099,-0.005843457722452903,-0.019237782891549607,-0.04806037742211855,0.1051400213618821,0,0,0,0,0,0,0,0
0.038773483010634824,0.0226890072671843,1.877,-0.09826203688728065,-0.04828855514526367,0.013109787940979004,0,0,0.5,0,-0.038773483010634824,-0.0226890072671843,-1.377,0.09826203688728065,-0.0022597114564825967,-0.01824729219215434,-0.05882960819134933,0.09847152105829829,0,0,0,0,0,0,0,0
0.03277267449962207,0.023682521420805697,1.876,-0.09897762188059823,-0.0910399398803711,0.006000275611877441,0,0,0.5,0,-0.03277267449962207,-0.023682521420805697,-1.376,0.09897762188059823,0.016263577049384935,-0.017710088350197998,-0.05264499280673325,0.10240925236299091,0,0,0,0,0,0,0,0
0.025926176629292728,0.02532305434924174,1.878,-0.10124654990819117,-0.10462650299072265,0.01433939266204834,0,0,0.5,0,-0.025926176629292728,-0.02532305434924174,-1.378,0.10124654990819117,0.02424053791933123,-0.022014302063417958,-0.07039883896058001,0.11184745593339313,0,0,0,0,0,0,0,0
0.01971598968361037,0.026759723511614236,1.874,-0.10171778880622952,-0.0948539047241211,0.012024383544921875,0,0,0.5,0,-0.01971598968361037,-0.026759723511614236,-1.374,0.10171778880622952,0.02391934179791941,-0.021634908673492794,-0.034891146652889046,0.10402166807964111,0,0,0,0,0,0,0,0
0.013361577514349318,0.02749774234060683,1.866,-0.10255554684718704,-0.09594761657714844,0.0013344212770462036,0,0,0.5,0,-0.013361577514349318,-0.02749774234060683,-1.366,0.10255554684718704,0.027873145240281352,-0.018241954754405,-0.006952685114426288,0.10655105293407173,0,0,0,0,0,0,0,0
0.006572488265595567,0.027359278289523854,1.86,-0.10370746415350296,-0.10108863830566406,-0.012491631507873534,0,0,0.5,0,-0.006572488265595567,-0.027359278289523854,-1.36,0.10370746415350296,0.03357279558924072,-0.013524707455735495,-0.012758745720486898,0.10913096690110763,0,0,0,0,0,0,0,0
-0.0008151017007032742,0.02603932712490566,1.853,-0.10560987303817693,-0.10816881561279297,-0.03116452407836914,0,0,0.5,0,0.0008151017007032742,-0.02603932712490566,-1.353,0.10560987303817693,0.040489286743786775,-0.006502878185159841,-0.001774130335870816,0.11449718307051104,0,0,0,0,0,0,0,0
-0.00875648965248483,0.024471608710672377,1.844,-0.10878637227680656,-0.11597824859619141,-0.035941719055175785,0,0,0.5,0,0.00875648965248483,-0.024471608710672377,-1.344,0.10878637227680656,0.04744196987227678,-0.004384887633961955,0.016195100433358686,0.12355409932739758,0,0,0,0,0,0,0,0
-0.015021872860530756,0.02265747253111582,1.838,-0.11096803384179955,-0.0904707260131836,-0.03725485229492188,0,0,0.5,0,0.015021872860530756,-0.02265747253111582,-1.338,0.11096803384179955,0.041550020548492515,-0.0021509546539814216,0.004841254279513124,0.12114420239868305,0,0,0,0,0,0,0,0
-0.020908666331110954,0.020553226548005038,1.831,-0.11194541822291627,-0.08426341247558594,-0.041148143768310545,0,0,0.5,0,0.020908666331110954,-0.020553226548005038,-1.331,0.11194541822291627,0.04245485715896715,0.00046329804901978694,0.015825869664129206,0.11656338439267848,0,0,0,0,0,0,0,0
-0.026464972791093992,0.018991297975865018,1.826,-0.11435397259066839,-0.08020562744140625,-0.032592849731445314,0,0,0.5,0,0.026464972791093992,-0.018991297975865018,-1.326,0.11435397259066839,0.04348042775700404,-0.0016316633291490893,0.00921980905806733,0.12547725688150058,0,0,0,0,0,0,0,0
-0.032053434580178945,0.01765624358004183,1.823,-0.11536626355682512,-0.080994384765625,-0.029460084915161132,0,0,0.5,0,0.032053434580178945,-0.01765624358004183,-1.323,0.11536626355682512,0.04645050810757261,-0.0022048542829701647,0.0006823090580686253,0.11994456315267898,0,0,0,0,0,0,0,0
-0.03935265862355495,0.016565992521318726,1.818,-0.11604694196510315,-0.10687806701660156,-0.028848320007324218,0,0,0.5,0,0.03935265862355495,-0.016565992521318726,-1.318,0.11604694196510315,0.0593119168831355,-0.0029779005687629208,0.015451539827298123,0.11909472206305527,0,0,0,0,0,0,0,0
-0.0430453592310566,0.018397711403204405,1.815,-0.11545353001942485,-0.05819928741455078,0.02087750244140625,0,0,0.5,0,0.0430453592310566,-0.018397711403204405,-1.315,0.11545353001942485,0.041738525609101365,-0.019627444305291505,0.007082309058068632,0.11262089309911699,0,0,0,0,0,0,0,0
-0.04719992717163579,0.021977347454485922,1.807,-0.11388273369263004,-0.06808910369873047,0.046158157348632815,0,0,0.5,0,0.04719992717163579,-0.021977347454485922,-1.307,0.11388273369263004,0.04615861489210309,-0.030283508842360432,0.0388446278986478,0.10680059946311996,0,0,0,0,0,0,0,0
-0.04977957559746079,0.025985585070377758,1.803,-0.1128704427264733,-0.04527632141113281,0.055336963653564455,0,0,0.5,0,0.04977957559746079,-0.025985585070377758,-1.303,0.1128704427264733,0.03855776442495161,-0.03470715261181621,0.019463982737357464,0.10849075379037326,0,0,0,0,0,0,0,0
-0.04971990810074905,0.03066329609450239,1.794,-0.1121374044406356,-0.00701350736618042,0.06981999969482422,0,0,0.5,0,0.04971990810074905,-0.03066329609450239,-1.294,0.1121374044406356,0.024316229555244075,-0.040650864937439746,0.05358705966043373,0.10904657402908494,0,0,0,0,0,0,0,0
-0.04848221780565743,0.03560001691782855,1.789,-0.1114567260323578,0.010162275314331054,0.07566322326660156,0,0,0.5,0,0.04848221780565743,-0.03560001691782855,-1.289,0.1114567260323578,0.017634031768978313,-0.044452364021463596,0.0369988243663173,0.1085968950806303,0,0,0,0,0,0,0,0
-0.04617223350088138,0.04202656835720873,1.781,-0.1112472865221186,0.0237127628326416,0.09965409088134766,0,0,0.5,0,0.04617223350088138,-0.04202656835720873,-1.281,0.1112472865221186,0.010425766981274927,-0.05607597386403931,0.06033430823728444,0.11066764378670685,0,0,0,0,0,0,0,0
-0.043775125525153,0.050572375451078545,1.775,-0.11149163261739783,0.021503278732299805,0.13138653564453126,0,0,0.5,0,0.043775125525153,-0.050572375451078545,-1.275,0.11149163261739783,0.008758085534436693,-0.07176025401207226,0.05436507746805366,0.11300638498437889,0,0,0,0,0,0,0,0
-0.03885032717624998,0.059819504229181156,1.771,-0.1112298332295987,0.05798067855834961,0.14606478881835938,0,0,0.5,0,0.03885032717624998,-0.059819504229181156,-1.271,0.1112298332295987,-0.007108732285637959,-0.08010294854478231,0.04695901686199305,0.1104439243098599,0,0,0,0,0,0,0,0
-0.032448682614097106,0.06912748425102883,1.769,-0.1113694595697581,0.07993339538574219,0.1494156951904297,0,0,0.5,0,0.032448682614097106,-0.06912748425102883,-1.269,0.1113694595697581,-0.018024422844885226,-0.08507481818721019,0.038111255667963195,0.11238097928266948,0,0,0,0,0,0,0,0
-0.0255034868026568,0.07702189768499876,1.764,-0.11292280260403323,0.09037183380126954,0.1292608642578125,0,0,0.5,0,0.0255034868026568,-0.07702189768499876,-1.264,0.11292280260403323,-0.02456545522238928,-0.08104221352101437,0.05904673953893024,0.12077488696589163,0,0,0,0,0,0,0,0
-0.01870585376510572,0.08428311690739942,1.762,-0.11410962649538918,0.0890418472290039,0.11971424865722656,0,0,0.5,0,0.01870585376510572,-0.08428311690739942,-1.262,0.11410962649538918,-0.02718174187963104,-0.08131497504055951,0.04473764862983991,0.12029571475306952,0,0,0,0,0,0,0,0
-0.013793291266190022,0.0939753313113013,1.762,-0.11627383476786228,0.056655563354492185,0.15282804870605468,0,0,0.5,0,0.013793291266190022,-0.0939753313113013,-1.262,0.11627383476786228,-0.0194876433056676,-0.09925105629674771,0.033968417860609126,0.12697092786146794,0,0,0,0,0,0,0,0
-0.009744112416918289,0.10094514122217856,1.766,-0.11768755146197755,0.04819884490966797,0.11088752746582031,0,0,0.5,0,0.009744112416918289,-0.10094514122217856,-1.266,0.11768755146197755,-0.016863243847605208,-0.08807686013589994,0.00922995632214757,0.12492083727085479,0,0,0,0,0,0,0,0
-0.004454887640356039,0.10763473191032896,1.766,-0.11887437535333371,0.06700759124755859,0.10896536254882813,0,0,0.5,0,0.004454887640356039,-0.10763473191032896,-1.266,0.11887437535333371,-0.026185026613604494,-0.08991278274221519,0.030768417860609125,0.12506046361101503,0,0,0,0,0,0,0,0
-0.0005799312317295117,0.11192949117744151,1.77,-0.12041026509508894,0.05007411956787109,0.0708599853515625,0,0,0.5,0,0.0005799312317295117,-0.11192949117744151,-1.27,0.12041026509508894,-0.02050721360595618,-0.0791649162624907,0.0060299563221475685,0.12820742650845826,0,0,0,0,0,0,0,0
0.0021970847170666497,0.11256251899399962,1.773,-0.12290608592544076,0.04021304702758789,0.014430272102355956,0,0,0.5,0,-0.0021970847170666497,-0.11256251899399962,-1.273,0.12290608592544076,-0.015983734488959983,-0.05976441466778429,0.009014571706763641,0.13513369851694823,0,0,0,0,0,0,0,0
0.004162491285739268,0.11157548217544011,1.783,-0.12391837689159728,0.031073823928833007,-0.01107957649230957,0,0,0.5,0,-0.004162491285739268,-0.11157548217544011,-1.283,0.12391837689159728,-0.012662448636277504,-0.050679644405608085,-0.0361066404144491,0.1294026719185806,0,0,0,0,0,0,0,0
0.004560241950021736,0.10992661339636343,1.792,-0.12503538761287386,0.00897754955291748,-0.023805938720703124,0,0,0.5,0,-0.004560241950021736,-0.10992661339636343,-1.292,0.12503538761287386,-0.004288205741285106,-0.04623581648199149,-0.0378378904144498,0.13101055649198248,0,0,0,0,0,0,0,0
0.0033209745682253504,0.1066449171603786,1.796,-0.12660618393966888,-0.012304993629455566,-0.051159385681152345,0,0,0.5,0,-0.0033209745682253504,-0.1066449171603786,-1.296,0.12660618393966888,0.005146140505422298,-0.03580282051910902,-0.01411481349137226,0.1346757479211703,0,0,0,0,0,0,0,0
0.001629690026740118,0.10441987232958409,1.8,-0.12763592819834552,-0.020951929092407225,-0.03631187057495117,0,0,0.5,0,-0.001629690026740118,-0.10441987232958409,-1.3,0.12763592819834552,0.008318341686328093,-0.04012894504219134,-0.01731481349137226,0.13331849776167756,0,0,0,0,0,0,0,0
-0.0014242742029564384,0.10200979183612195,1.804,-0.1290670981849807,-0.04083515548706055,-0.04168820953369141,0,0,0.5,0,0.0014242742029564384,-0.10200979183612195,-1.304,0.1290670981849807,0.017415766513461505,-0.03789592889175122,-0.020514813491372262,0.1366612188338296,0,0,0,0,0,0,0,0
-0.006422912822751091,0.09912933462576913,1.809,-0.12957324366805884,-0.06879481506347657,-0.05249803161621094,0,0,0.5,0,0.006422912822751091,-0.09912933462576913,-1.309,0.12957324366805884,0.03038640946234858,-0.033922902580240374,-0.02989942887598697,0.13289802045433685,0,0,0,0,0,0,0,0
-0.01304246619120429,0.0971803041814431,1.807,-0.1300095759810576,-0.09468339538574219,-0.04182016372680664,0,0,0.5,0,0.01304246619120429,-0.0971803041814431,-1.307,0.1300095759810576,0.04242418863935197,-0.0379637622520678,0.009392878816320158,0.13301213813620008,0,0,0,0,0,0,0,0
-0.01898482070854771,0.09465022512583827,1.808,-0.13088224060705472,-0.08346294403076172,-0.04918672943115234,0,0,0.5,0,0.01898482070854771,-0.09465022512583827,-1.308,0.13088224060705472,0.0417489105458941,-0.033569999432764126,-0.007560967337526692,0.1358986442068049,0,0,0,0,0,0,0,0
-0.025135767994928754,0.09156788091768128,1.806,-0.13032373524641666,-0.08544098663330078,-0.05788101959228516,0,0,0.5,0,0.025135767994928754,-0.09156788091768128,-1.306,0.13032373524641666,0.045947576022364135,-0.0290550918918663,0.01019287881632007,0.12873473890785064,0,0,0,0,0,0,0,0
-0.03285339851007596,0.08739201473282185,1.803,-0.1299572161034977,-0.10664263153076171,-0.0771510009765625,0,0,0.5,0,0.03285339851007596,-0.08739201473282185,-1.303,0.1299572161034977,0.058114559917334045,-0.02116817861995394,0.01789590911935106,0.12924088439092757,0,0,0,0,0,0,0,0
-0.03987241280298786,0.08448290730707259,1.803,-0.12808971380386397,-0.09874244689941407,-0.056912734985351564,0,0,0.5,0,0.03987241280298786,-0.08448290730707259,-1.303,0.12808971380386397,0.057919284067087615,-0.026431284993269605,0.0019868182102595507,0.120550731378954,0,0,0,0,0,0,0,0
-0.04527749896226839,0.08328189202452894,1.8,-0.12648401089202915,-0.07811083221435547,-0.028224308013916014,0,0,0.5,0,0.04527749896226839,-0.08328189202452894,-1.3,0.12648401089202915,0.051931444888712805,-0.03502819658464344,0.02054066436410503,0.1201533333338834,0,0,0,0,0,0,0,0
-0.04998895525881274,0.07884831307365346,1.806,-0.12276645958528115,-0.06171804428100586,-0.07488746643066406,0,0,0.5,0,0.04998895525881274,-0.07884831307365346,-1.306,0.12276645958528115,0.05043367379956174,-0.014852720062917692,-0.034259335635894395,0.10637936109897737,0,0,0,0,0,0,0,0
-0.05412598650405103,0.07556068928464925,1.805,-0.12042771838760885,-0.05554946517944336,-0.056542407989501955,0,0,0.5,0,0.05412598650405103,-0.07556068928464925,-1.305,0.12042771838760885,0.04945599596828515,-0.019285943117732927,0.0036618764853184327,0.11030793857892189,0,0,0,0,0,0,0,0
-0.05746124236940887,0.0733716144440669,1.804,-0.1155757030670646,-0.0457216682434082,-0.03860860824584961,0,0,0.5,0,0.05746124236940887,-0.0733716144440669,-1.304,0.1155757030670646,0.04680637185545391,-0.02410666926586715,0.004461876485317149,0.09385619653743021,0,0,0,0,0,0,0,0
-0.058728060714420736,0.07041081810172965,1.802,-0.11150908590991775,-0.013753980636596679,-0.04630696868896484,0,0,0.5,0,0.058728060714420736,-0.07041081810172965,-1.302,0.11150908590991775,0.03630204053378926,-0.018470847623710655,0.011446491869933137,0.09341449398057898,0,0,0,0,0,0,0,0
-0.060276644480799876,0.0676044800546425,1.812,-0.1068316035145727,-0.01840022850036621,-0.04441848373413086,0,0,0.5,0,0.060276644480799876,-0.0676044800546425,-1.312,0.1068316035145727,0.03859353083972567,-0.017899377113052145,-0.06116889274545153,0.08591763356278077,0,0,0,0,0,0,0,0
-0.05948122523497154,0.0643407030328501,1.817,-0.10107201698299155,0.01708344268798828,-0.04740533447265625,0,0,0.5,0,0.05948122523497154,-0.0643407030328501,-1.317,0.10107201698299155,0.025574266535694327,-0.013804355661435437,-0.0382458158223739,0.07516372024857144,0,0,0,0,0,0,0,0
