0,0,0.65,0,-0.03723159408569336,-0.022345779418945312,0,0,0.5,0,0,0,-0.15000000000000002,0,0,0,-0.12000000000000002,0,0,0,0,0,0,0,0,0
-0.0030709574381510415,-0.0009930922190348307,0.653,-0.0008901179185170083,-0.04606436157226562,-0.01489638328552246,0,0,0.5,0,0.0030709574381510415,0.0009930922190348307,-0.15300000000000002,0.0008901179185170083,0.02006711843205594,0.006387771137690141,-0.14019661016949156,0.005416141233010271,0,0,0,0,0,0,0,0
-0.006173581587738309,-0.0020498500686677293,0.652,-0.0010471975511965326,-0.04652523422241211,-0.01589278697967529,0,0,0.5,0,0.006173581587738309,0.0020498500686677293,-0.15200000000000002,0.0010471975511965326,0.018599911541805486,0.006385290938268857,-0.11652753623188408,0.0017301524758901164,0,0,0,0,0,0,0,0
-0.008670917168754603,-0.0030376944677559525,0.648,-0.0005759586531581817,-0.03744449615478516,-0.01485688591003418,0,0,0.5,0,0.008670917168754603,0.0030376944677559525,-0.14800000000000002,0.0005759586531581817,0.018903249473639017,0.007281272895225945,-0.09506666666666666,-0.0017802358370335725,0,0,0,0,0,0,0,0
-0.010132150491008312,-0.004783691780644063,0.648,-0.0011519173063161416,-0.021903411865234375,-0.026202579498291016,0,0,0.5,0,0.010132150491008312,0.004783691780644063,-0.14800000000000002,0.0011519173063161416,0.01247812832939978,0.011248353999174765,-0.11840000000000002,0.0036560853635246625,0,0,0,0,0,0,0,0
-0.012160882317174009,-0.006364729413621602,0.646,-0.0014137166941152748,-0.03040363883972168,-0.02375060272216797,0,0,0.5,0,0.012160882317174009,0.006364729413621602,-0.14600000000000002,0.0014137166941152748,0.01772070573494756,0.012253892109140942,-0.10532459016393443,0.0027012546668978964,0,0,0,0,0,0,0,0
-0.012381736548101778,-0.008582319744206729,0.646,-0.0012042771838760569,-0.0032657845020294188,-0.033268505096435544,0,0,0.5,0,0.012381736548101778,0.008582319744206729,-0.14600000000000002,0.0012042771838760569,0.007311143358467111,0.015539806476520675,-0.11680000000000001,0.0002936706176185878,0,0,0,0,0,0,0,0
-0.011644291742010076,-0.010340274180361533,0.646,-0.0015009831567149856,0.011093420028686523,-0.026355976104736327,0,0,0.5,0,0.011644291742010076,0.010340274180361533,-0.14600000000000002,0.0015009831567149856,0.001659150997906718,0.015094073423312725,-0.11680000000000001,0.0029366572188388347,0,0,0,0,0,0,0,0
-0.0093560329818976,-0.012374730065194975,0.647,-0.0012566370614357503,0.03436964797973633,-0.03046528434753418,0,0,0.5,0,0.0093560329818976,0.012374730065194975,-0.14700000000000002,0.0012566370614357503,-0.006929093161795643,0.016507068796245382,-0.12267246376811597,0.00019426273413472714,0,0,0,0,0,0,0,0
-0.007047119419675123,-0.014766129817884374,0.648,-0.001186823891355937,0.03467875289916992,-0.03582744598388672,0,0,0.5,0,0.007047119419675123,0.014766129817884374,-0.14800000000000002,0.001186823891355937,-0.009724304991438946,0.02110421103093054,-0.1241377049180328,0.0008434804319470194,0,0,0,0,0,0,0,0
-0.00007782737153436883,-0.017691890025370874,0.648,-0.0013089969389956657,0.10459139251708985,-0.04376230239868164,0,0,0.5,0,0.00007782737153436883,0.017691890025370874,-0.14800000000000002,0.0013089969389956657,-0.03531256771784533,0.023686757659356086,-0.11840000000000002,0.00184018410264666,0,0,0,0,0,0,0,0
0.004375077015121819,-0.020631067683322492,0.645,-0.0004188790204786575,0.0668512191772461,-0.04400019454956055,0,0,0.5,0,-0.004375077015121819,0.020631067683322492,-0.14500000000000002,0.0004188790204786575,-0.02773698990640789,0.027179667944662332,-0.09878688524590165,-0.003958750086982039,0,0,0,0,0,0,0,0
0.011676674096980758,-0.024007025329984867,0.642,-0.0014137166941152746,0.10954515838623047,-0.05059348297119141,0,0,0.5,0,-0.011676674096980758,0.024007025329984867,-0.14200000000000002,0.0014137166941152746,-0.042346322457785066,0.028883300898304307,-0.09860000000000001,0.00567730672398649,0,0,0,0,0,0,0,0
0.01984740429393264,-0.027269804710754873,0.641,-0.001169370598836261,0.12263002014160156,-0.048768375396728514,0,0,0.5,0,-0.01984740429393264,0.027269804710754873,-0.14100000000000001,0.001169370598836261,-0.05391994166901492,0.031203714405677468,-0.10741538461538462,0.000041619389856198874,0,0,0,0,0,0,0,0
0.03075389504268198,-0.03042034465932341,0.638,-0.0017453292519942207,0.16365251159667968,-0.047066761016845704,0,0,0.5,0,-0.03075389504268198,0.03042034465932341,-0.138,0.0017453292519942207,-0.07795517312891916,0.03328704088702216,-0.09318688524590163,0.004577912792115334,0,0,0,0,0,0,0,0
0.036473188648196354,-0.033070927004366694,0.64,-0.001448623279155292,0.08585866546630859,-0.03960894393920898,0,0,0.5,0,-0.036473188648196354,0.033070927004366694,-0.14,0.001448623279155292,-0.046038716017570834,0.0294202387905882,-0.12172222222222225,0.00021234839232642222,0,0,0,0,0,0,0,0
0.04507426329710034,-0.0365036959523643,0.635,-0.002757620218150958,0.129090576171875,-0.05130458450317383,0,0,0.5,0,-0.04507426329710034,0.0365036959523643,-0.135,0.002757620218150958,-0.07356045583696365,0.03861573156599846,-0.07833898305084744,0.009413536857111972,0,0,0,0,0,0,0,0
0.05189118995899704,-0.038790211196209505,0.635,-0.0012915436464755459,0.10234809112548827,-0.034015621185302734,0,0,0.5,0,-0.05189118995899704,0.038790211196209505,-0.135,0.0012915436464755459,-0.06103271750396681,0.03116393405907271,-0.10800000000000001,-0.005176441228563036,0,0,0,0,0,0,0,0
0.058069283602906356,-0.04118332481210625,0.631,-0.002827433388230771,0.09271768951416015,-0.03577698516845703,0,0,0.5,0,-0.058069283602906356,0.04118332481210625,-0.131,0.002827433388230771,-0.06448272008617877,0.03432264216939511,-0.08184918032786884,0.010380989495223682,0,0,0,0,0,0,0,0
0.06463201324401503,-0.042745504342616716,0.625,-0.0035255650890282375,0.09850680541992188,-0.023154264450073243,0,0,0.5,0,-0.06463201324401503,0.042745504342616716,-0.125,0.0035255650890282375,-0.06560521494647181,0.029296851239115067,-0.06956521739130433,0.006560920309886786,0,0,0,0,0,0,0,0
0.06884399229719532,-0.04459461859403238,0.623,-0.0038222710618673883,0.06327708053588867,-0.027513797760009766,0,0,0.5,0,-0.06884399229719532,0.04459461859403238,-0.123,0.0038222710618673883,-0.058589089076681256,0.03290698123136837,-0.08692459016393442,0.005281480764355015,0,0,0,0,0,0,0,0
0.07115384298654627,-0.046734499329326884,0.619,-0.00507890812330336,0.03477019500732422,-0.031965543746948245,0,0,0.5,0,-0.07115384298654627,0.046734499329326884,-0.119,0.00507890812330336,-0.04801457905131673,0.034889684393172304,-0.07366153846153844,0.010878771483777073,0,0,0,0,0,0,0,0
0.07197315221403185,-0.0472832366642182,0.617,-0.007592182246175305,0.012331284523010255,-0.008168536186218262,0,0,0.5,0,-0.07197315221403185,0.0472832366642182,-0.11699999999999999,0.007592182246175305,-0.03996932929618192,0.02630909148783078,-0.08387777777777777,0.018064157758141745,0,0,0,0,0,0,0,0
0.07230341679115022,-0.04717566992171669,0.615,-0.006771877497737888,0.004941576004028321,0.001651065707206726,0,0,0.5,0,-0.07230341679115022,0.04717566992171669,-0.11499999999999999,0.006771877497737888,-0.03814468429197911,0.022938725307832003,-0.07993103448275861,0.0025289219023719384,0,0,0,0,0,0,0,0
0.07016203530052842,-0.04682609576527194,0.61,-0.005899212871740777,-0.03215549468994141,0.005025976181030274,0,0,0.5,0,-0.07016203530052842,0.04682609576527194,-0.10999999999999999,0.005899212871740777,-0.024374110197155185,0.021665177100412214,-0.06299999999999997,0.002159221617467443,0,0,0,0,0,0,0,0
0.06708435568208088,-0.04653558277329328,0.611,-0.006300638599699314,-0.04619009780883789,0.004085282325744629,0,0,0.5,0,-0.06708435568208088,0.04653558277329328,-0.11099999999999999,0.006300638599699314,-0.01558904673342977,0.02157313226677113,-0.09463333333333333,0.008307767239492003,0,0,0,0,0,0,0,0
0.06414680175011109,-0.04545670272448018,0.603,-0.005742133239061252,-0.04416439819335938,0.01590525436401367,0,0,0.5,0,-0.06414680175011109,0.04545670272448018,-0.10299999999999998,0.005742133239061252,-0.017385631215206605,0.01733395111817457,-0.04239999999999996,0.003348538836326697,0,0,0,0,0,0,0,0
0.06021666507139115,-0.04379853545570525,0.595,-0.005410520681182304,-0.05909389877319336,0.02453359031677246,0,0,0.5,0,-0.06021666507139115,0.04379853545570525,-0.09499999999999997,0.005410520681182304,-0.007182535243162622,0.012226625326665545,-0.029333333333333274,0.003752457891787568,1425982568728,0,0,0,0,0,0,0
0.056020184191915255,-0.04210620217456424,0.588,-0.004660029102824701,-0.06308363723754883,0.025044052124023438,0,0,0.5,0,-0.056020184191915255,0.04210620217456424,-0.08799999999999997,0.004660029102824701,-0.0070276876985781445,0.01259143468157707,-0.03539999999999995,0.001443636624149256,1425982568728,0,0,0,0,0,0,0
0.05149327371630819,-0.04106575954539292,0.584,-0.005235987755982882,-0.06797564697265625,0.015290038108825683,0,0,0.5,0,-0.05149327371630819,0.04106575954539292,-0.08399999999999996,0.005235987755982882,0.0006603409162204352,0.014463631102530416,-0.04386666666666661,0.008115781021773792,1425982568728,0,0,0,0,0,0,0
0.048088910962689274,-0.0395718074298998,0.581,-0.00563741348394142,-0.05118207550048828,0.022141597747802735,0,0,0.5,0,-0.048088910962689274,0.0395718074298998,-0.08099999999999996,0.00563741348394142,-0.007262385569138701,0.012421351032941553,-0.05001126760563376,0.0073335785316535505,1425982568728,0,0,0,0,0,0,0
0.04405164075905437,-0.03749359840437535,0.58,-0.005340707511102491,-0.06073382568359375,0.03083124542236328,0.048088910962689274,-0.0395718074298998,0.581,-0.00563741348394142,0.004037270203634903,-0.002078209025524448,0.0010000000000000009,-0.00029670597283892874,0.0020186351018174516,-0.001039104512762224,0.0008000000000000008,-0.00029670597283892874,1425982568728,0,0,0,0,0,0,0
0.04108194637143677,-0.03537206652570034,0.581,-0.007068583470577037,-0.044714736938476565,0.031584621429443356,0.048088910962689274,-0.0395718074298998,0.581,-0.00563741348394142,0.007006964591252503,-0.004199740904199459,0,0.0014311699866356173,0.01878867399659919,-0.01301951982763287,-0.005147058823529416,0.009054152160788025,1425982569058,0,0,0,0,0,0,0
0.03856254822223126,-0.03425591809027979,0.576,-0.009215338450529796,-0.037908370971679685,0.016474681854248045,0.048088910962689274,-0.0395718074298998,0.581,-0.00563741348394142,0.009526362740458011,-0.00531588933962001,0.0050000000000000044,0.003577924966588376,0.01921874452140815,-0.009062075036977101,0.03268852459016396,0.01413573634340522,1425982569119,0,0,0,0,0,0,0
0.0371355129178653,-0.03386647809905844,0.577,-0.012095131716320704,-0.021458452224731445,0.005644095420837402,0.048088910962689274,-0.0395718074298998,0.581,-0.00563741348394142,0.010953398044823974,-0.005705329330841356,0.0040000000000000036,0.0064577182323792845,0.012715283899630638,-0.004828084910746348,-0.0018724637681159428,0.01897855851842671,1425982569188,0,0,0,0,0,0,0
0.03572127260343473,-0.03348083854933933,0.574,-0.013473941825396183,-0.021282016754150392,0.005527595043182373,0.048088910962689274,-0.0395718074298998,0.581,-0.00563741348394142,0.012367638359254543,-0.006090968880560467,0.007000000000000006,0.007836528341454763,0.014298312787015783,-0.005258170381291524,0.02281311475409838,0.014617561664776787,1425982569249,0,0,0,0,0,0,0
0.035317723624993226,-0.03457037491790531,0.574,-0.014625859131712325,-0.005832486629486084,-0.016423120498657226,0.048088910962689274,-0.0395718074298998,0.581,-0.00563741348394142,0.012771187337696048,-0.005001432511994489,0.007000000000000006,0.008988445647770904,0.008403338561055549,0.002946965586832647,0.005600000000000005,0.01392523410341151,1425982569319,0,0,0,0,0,0,0
0.03682446890259909,-0.03523745426342562,0.578,-0.01576032314550857,0.022745105743408205,-0.009674570083618165,0.048088910962689274,-0.0395718074298998,0.581,-0.00563741348394142,0.011264442060090182,-0.004334353166474174,0.0030000000000000027,0.010122909661567151,-0.0030130387594967615,0.0016603278582729155,-0.020550819672131165,0.01570224087695853,1425982569380,0,0,0,0,0,0,0
0.03869369375794867,-0.035904695069388905,0.579,-0.015620696805348944,0.028192623138427735,-0.0095654935836792,0.048088910962689274,-0.0395718074298998,0.581,-0.00563741348394142,0.009395217204740604,-0.003667112360510892,0.0020000000000000018,0.009983283321407525,-0.004025440722594397,0.0012802342475732018,-0.003066666666666669,0.009424777960769019,1425982569455,0,0,0,0,0,0,0
0.04111164885814244,-0.03746608747154053,0.584,-0.01558579022030937,0.0366307373046875,-0.022851499557495117,0.048088910962689274,-0.0395718074298998,0.581,-0.00563741348394142,0.006977262104546834,-0.002105719958359266,-0.0030000000000000027,0.009948376736367951,-0.011898355948959658,0.008883273489057987,-0.03421818181818185,0.00975797718160664,1425982569510,0,0,0,0,0,0,0
0.04400424490282468,-0.04012752851372232,0.585,-0.01694714703686473,0.04400585556030273,-0.03924054336547852,0.048088910962689274,-0.0395718074298998,0.581,-0.00563741348394142,0.004084666059864593,0.0005557210838225204,-0.0040000000000000036,0.01130973355292331,-0.012630255602513851,0.0137779237993551,-0.00827246376811595,0.017228676233598784,1425982569579,0,0,0,0,0,0,0
0.04909985636176819,-0.04314014339906532,0.587,-0.017104226669544254,0.0771889877319336,-0.04388745498657227,0.048088910962689274,-0.0395718074298998,0.581,-0.00563741348394142,-0.001010945399078915,0.0035683359691655245,-0.006000000000000005,0.011466813185602834,-0.029742587627903844,0.019069663228354097,-0.01627540983606559,0.012239335969272626,1425982569640,0,0,0,0,0,0,0
0.055724015301872584,-0.04639157175473737,0.588,-0.017069320084504454,0.1001820068359375,-0.04706485748291016,0.048088910962689274,-0.0395718074298998,0.581,-0.00563741348394142,-0.00763510433918331,0.0068197643248375725,-0.007000000000000006,0.011431906600563035,-0.036938346870113624,0.019667023940779026,-0.010600000000000009,0.011282306950392468,1425982569710,0,0,0,0,0,0,0
0.062346015842032705,-0.04941030793394081,0.59,-0.016458454846306477,0.10008841705322266,-0.04357903289794922,0.048088910962689274,-0.0395718074298998,0.581,-0.00563741348394142,-0.014257104879343431,0.00983850050404101,-0.009000000000000008,0.010821041362365058,-0.04451081355347884,0.02196050287655604,-0.018490322580645174,0.007865241822697426,1425982569772,0,0,0,0,0,0,0
0.06837313486854513,-0.05346590663317293,0.59,-0.017662732030182534,0.09139572906494141,-0.05933785247802734,0.048088910962689274,-0.0395718074298998,0.581,-0.00563741348394142,-0.020284223905855853,0.013894099203273134,-0.009000000000000008,0.012025318546241115,-0.0436261065446636,0.029478153486259477,-0.007200000000000007,0.01775997180279377,1425982569835,0,0,0,0,0,0,0
0.07611513530889666,-0.05644547213699058,0.592,-0.018011797880581378,0.11690126037597656,-0.04263544464111328,0.048088910962689274,-0.0395718074298998,0.581,-0.00563741348394142,-0.028026224346207385,0.016873664707090785,-0.01100000000000001,0.01237438439663996,-0.05164783653592364,0.02292083133043675,-0.01852222222222224,0.013828825439968476,1425982569907,0,0,0,0,0,0,0
0.08414691932579903,-0.05992220250374364,0.592,-0.017680185322702432,0.12139649963378907,-0.049972610473632814,0.048088910962689274,-0.0395718074298998,0.581,-0.00563741348394142,-0.03605800836310975,0.02035039507384384,-0.01100000000000001,0.012042771838761013,-0.06649666635251744,0.03115546699146622,-0.008800000000000007,0.010327534470421635,1425982569965,0,0,0,0,0,0,0
0.0918734236098884,-0.062332859309099396,0.593,-0.017435839227423196,0.11651873016357422,-0.034105216979980466,0.048088910962689274,-0.0395718074298998,0.581,-0.00563741348394142,-0.043784512647199125,0.0227610518791996,-0.01200000000000001,0.011798425743481777,-0.06052477774404642,0.023433809966378588,-0.014600000000000012,0.010751228192285054,1425982570035,0,0,0,0,0,0,0
0.09819034921493798,-0.0645315158514555,0.594,-0.017732545200262125,0.09531448364257812,-0.03132280540466308,0.048088910962689274,-0.0395718074298998,0.581,-0.00563741348394142,-0.050101438252248706,0.024959708421555704,-0.013000000000000012,0.012095131716320706,-0.06129537423706457,0.025095096666919437,-0.016137704918032802,0.013554341418807242,1425982570096,0,0,0,0,0,0,0
0.10300621295078426,-0.06596524145136948,0.596,-0.01769763861522233,0.0726079330444336,-0.020221607208251953,0.048088910962689274,-0.0395718074298998,0.581,-0.00563741348394142,-0.05491730198809498,0.02639343402146968,-0.015000000000000013,0.01206022513128091,-0.0518869453063112,0.020469238169718778,-0.0221449275362319,0.011908457370238322,1425982570165,0,0,0,0,0,0,0
0.107654284748848,-0.06663244383604264,0.599,-0.017243853009703877,0.06988726806640624,-0.008772634506225585,0.048088910962689274,-0.0395718074298998,0.581,-0.00563741348394142,-0.059565373786158726,0.02706063640614284,-0.018000000000000016,0.011606439525762458,-0.0564519513081992,0.017358528606933814,-0.03161311475409839,0.00937470703960613,1425982570226,0,0,0,0,0,0,0
0.11224040520303355,-0.06698764812343448,0.601,-0.015899949485668193,0.06887345123291015,-0.004141095161437988,0.048088910962689274,-0.0395718074298998,0.581,-0.00563741348394142,-0.06415149424034428,0.027415840693534685,-0.020000000000000018,0.010262536001726774,-0.05533867696024376,0.015509681224841915,-0.026144927536231904,0.00441947720157163,1425982570295,0,0,0,0,0,0,0
0.11558588810895282,-0.06621691232695943,0.604,-0.016057029118347717,0.049992088317871095,0.012357437133789062,0.048088910962689274,-0.0395718074298998,0.581,-0.00563741348394142,-0.06749697714626354,0.026645104897059638,-0.02300000000000002,0.010419615634406298,-0.05176262729731244,0.009172436621356488,-0.034553846153846185,0.011144598554465642,1425982570360,0,0,0,0,0,0,0
0.1172606229200885,-0.06514449388682401,0.606,-0.015097098029750896,0.0248594970703125,0.0164875545501709,0.048088910962689274,-0.0395718074298998,0.581,-0.00563741348394142,-0.06917171195739923,0.025572686456924218,-0.025000000000000022,0.009459684545809477,-0.04419499014095354,0.006633122670308061,-0.0314754098360656,0.004738711978939864,1425982570421,0,0,0,0,0,0,0
0.117420273871986,-0.06360664562382488,0.61,-0.014782938764391847,0.0020462489128112793,0.023101247787475587,0.048088910962689274,-0.0395718074298998,0.581,-0.00563741348394142,-0.06933136290929673,0.024034838193925087,-0.029000000000000026,0.009145525280450428,-0.03546393621413588,0.0043281777819668904,-0.04320000000000004,0.007799128428911649,1425982570491,0,0,0,0,0,0,0
0.11637609786939931,-0.06144184213688337,0.608,-0.013473941825396182,-0.01614094352722168,0.03223697280883789,0.048088910962689274,-0.0395718074298998,0.581,-0.00563741348394142,-0.06828718690671004,0.021870034706983572,-0.027000000000000024,0.007836528341454763,-0.02815241966802156,-0.0014859862601070677,-0.010124590163934438,0.0013988384775416524,1425982570552,0,0,0,0,0,0,0
0.11365800299605275,-0.0592259865197643,0.611,-0.013473941825396182,-0.041215553283691406,0.032685482025146484,0.048088910962689274,-0.0395718074298998,0.581,-0.00563741348394142,-0.06556909203336347,0.019654179089864506,-0.030000000000000027,0.007836528341454763,-0.018997108253329592,-0.001412757788280405,-0.03921739130434786,0.007836528341454763,1425982570621,0,0,0,0,0,0,0
0.11249092297572483,-0.05731944596450564,0.609,-0.01357866158051579,-0.017889928817749024,0.028359642028808595,0.048088910962689274,-0.0395718074298998,0.581,-0.00563741348394142,-0.06440201201303555,0.017747638534605842,-0.028000000000000025,0.007941248096574371,-0.02550464523414446,-0.0020653478530336753,-0.010924590163934437,0.008456263285687202,1425982570682,0,0,0,0,0,0,0
0.10946621734454509,-0.05407509256953383,0.607,-0.012234758056480107,-0.04602719116210938,0.048044761657714846,0.048088910962689274,-0.0395718074298998,0.581,-0.00563741348394142,-0.06137730638185582,0.014503285139634031,-0.026000000000000023,0.006597344572538687,-0.015345943467552437,-0.009205222477141443,-0.010655072463768128,0.0007542857723835394,1425982570751,0,0,0,0,0,0,0
0.10558198200533553,-0.05133792275445341,0.611,-0.012322024519079818,-0.058761486053466795,0.04034165191650391,0.048088910962689274,-0.0395718074298998,0.581,-0.00563741348394142,-0.057493071042646254,0.011766115324553614,-0.030000000000000027,0.006684611035138398,-0.006459939312743669,-0.009822015047200996,-0.04695081967213119,0.0071137903593992725,1425982570812,0,0,0,0,0,0,0
0.100414052758131,-0.04794550160833908,0.607,-0.011327186845442979,-0.07814006042480469,0.04992728805541992,0.048088910962689274,-0.0395718074298998,0.581,-0.00563741348394142,-0.05232514179544173,0.008373694178439285,-0.026000000000000023,0.005689773361501559,-0.0003229246616982574,-0.012775258641351997,-0.0008000000000000056,0.0014261833316293916,1425982570882,0,0,0,0,0,0,0
0.09809457928320921,-0.04542109882327253,0.604,-0.01181587903600145,-0.03521877670288086,0.03746952438354492,0.048088910962689274,-0.0395718074298998,0.581,-0.00563741348394142,-0.05000566832051993,0.00584929139337273,-0.02300000000000002,0.00617846555206003,-0.01147257222321614,-0.011801037216201874,-0.0009000000000000015,0.008621926504852384,1425982570942,0,0,0,0,0,0,0
0.09435621791389275,-0.0410504055790248,0.601,-0.010681415022205206,-0.05684614181518555,0.06489325714111328,0.048088910962689274,-0.0395718074298998,0.581,-0.00563741348394142,-0.04626730695120347,0.0014785981491250016,-0.020000000000000018,0.005044001538263786,-0.00444184662901943,-0.021114167146676136,-0.0010000000000000026,0.0001820129077084575,1425982571012,0,0,0,0,0,0,0
0.09080732086165214,-0.03738925858839345,0.599,-0.010088003076526905,-0.05381700134277344,0.05434547424316406,0.048088910962689274,-0.0395718074298998,0.581,-0.00563741348394142,-0.04271840989896286,-0.00218254884150635,-0.018000000000000016,0.004450589592585485,-0.0006573054780778728,-0.02244796519943606,-0.002733333333333336,0.0014835298641939767,1425982571072,0,0,0,0,0,0,0
0.0877347732465402,-0.03296842851524491,0.596,-0.009686577348568367,-0.04675481796264649,0.06584414672851563,0.048088910962689274,-0.0395718074298998,0.581,-0.00563741348394142,-0.03964586228385093,-0.006603378914654887,-0.015000000000000013,0.004049163864626947,-0.004237544688459166,-0.02572618982837074,0.0032173913043478265,0.0023038346126333055,1425982571141,0,0,0,0,0,0,0
0.08391298073027917,-0.029787517658144816,0.598,-0.008918632477690865,-0.05778637313842774,0.047156131744384766,0.048088910962689274,-0.0395718074298998,0.581,-0.00563741348394142,-0.035824069767589894,-0.009784289771754981,-0.017000000000000015,0.0032812189937494454,0.004016282832456912,-0.02314327275448459,-0.0250754098360656,-0.0004955590597464643,1425982571202,0,0,0,0,0,0,0
0.08123281280044183,-0.027143674240464617,0.595,-0.009337511498169523,-0.040554607391357425,0.039297527313232425,0.048088910962689274,-0.0395718074298998,0.581,-0.00563741348394142,-0.03314390183775255,-0.01242813318943518,-0.014000000000000012,0.003700098014228103,-0.0031711112696895614,-0.019433283683118585,0.0038000000000000013,0.005495293816279492,1425982571272,0,0,0,0,0,0,0
0.07874861087314898,-0.023883645673760077,0.593,-0.008360127117052803,-0.037718006134033207,0.048550357818603514,0.048088910962689274,-0.0395718074298998,0.581,-0.00563741348394142,-0.030659699910459706,-0.01568816175613972,-0.01200000000000001,0.0027227136331113835,-0.0008386720460215897,-0.026860914183846337,0.002066666666666668,-0.002164208272472214,1425982571332,0,0,0,0,0,0,0
0.07666779740150255,-0.021659754194920878,0.592,-0.007784168463894622,-0.03148998832702637,0.033096271514892577,0.048088910962689274,-0.0395718074298998,0.581,-0.00563741348394142,-0.028578886438813275,-0.01791205323497892,-0.01100000000000001,0.0021467549799532018,-0.003885375861174484,-0.020075484011685456,-0.003800000000000004,-0.000321639247867577,1425982571402,0,0,0,0,0,0,0
0.0748999058716026,-0.019925754763731054,0.591,-0.007033676885537019,-0.026720033645629884,0.02580278205871582,0.048088910962689274,-0.0395718074298998,0.581,-0.00563741348394142,-0.026810994908913324,-0.019646052666168742,-0.010000000000000009,0.0013962634015955988,-0.003261857528801206,-0.019772203397288274,-0.0022622950819672152,-0.00229467878704835,1425982571463,0,0,0,0,0,0,0
0.07285201060499226,-0.018463561463634492,0.594,-0.008133234314293466,-0.030871936798095703,0.021716295242309572,0.048088910962689274,-0.0395718074298998,0.581,-0.00563741348394142,-0.024763099642302985,-0.021108245966265305,-0.013000000000000012,0.002495820830352046,-0.0021420734880997997,-0.017865089483615464,-0.02540000000000002,0.007208209810736819,1425982571533,0,0,0,0,0,0,0
0.07038088689055896,-0.01727020405214596,0.593,-0.006562437987498667,-0.03721121597290039,0.017598299026489257,0.048088910962689274,-0.0395718074298998,0.581,-0.00563741348394142,-0.02229197592786969,-0.02230160337775384,-0.01200000000000001,0.0009250245035572471,0.003268900370259382,-0.01811205325589336,-0.0037666666666666708,-0.006928957130416747,1425982571593,0,0,0,0,0,0,0
0.06803654799522439,-0.016834236643934547,0.594,-0.005794493116620943,-0.03520724105834961,0.006308603286743164,0.048088910962689274,-0.0395718074298998,0.581,-0.00563741348394142,-0.019947637032535118,-0.02273757078596525,-0.013000000000000012,0.00015707963267952343,0.001582781672001458,-0.01351792050388395,-0.015329577464788746,-0.0030877578499024076,1425982571664,0,0,0,0,0,0,0
0.0645649101025947,-0.016537304743675627,0.593,-0.004555309347704869,-0.05209950256347656,0.004152159690856933,0.048088910962689274,-0.0395718074298998,0.581,-0.00563741348394142,-0.016475999139905426,-0.02303450268622417,-0.01200000000000001,-0.001082104136236551,0.012013221470387157,-0.01324935409462245,-0.0037666666666666708,-0.007278022980816924,1425982571724,0,0,0,0,0,0,0
0.06150243392927649,-0.017338681069261255,0.594,-0.006056292504420298,-0.045881908416748045,-0.012229777336120606,0.048088910962689274,-0.0395718074298998,0.581,-0.00563741348394142,-0.013413522966587217,-0.022233126360638542,-0.013000000000000012,0.00041887902047887775,0.008827537946581358,-0.007051610804160292,-0.015472463768115955,0.006944892745328567,1425982571793,0,0,0,0,0,0,0
0.058417109925866635,-0.018225050202797705,0.589,-0.005916666164260671,-0.04619849014282226,-0.013575575828552245,0.048088910962689274,-0.0395718074298998,0.581,-0.00563741348394142,-0.010328198963177361,-0.02134675722710209,-0.008000000000000007,0.00027925268031925125,0.011449183613695159,-0.005900621740662465,0.020523076923076936,-0.000365176581955948,1425982571858,0,0,0,0,0,0,0
0.055419932814012876,-0.020287606585560804,0.589,-0.005078908123303355,-0.04477381896972656,-0.03120380210876465,0.048088910962689274,-0.0395718074298998,0.581,-0.00563741348394142,-0.007331021851323602,-0.019284200844338992,-0.008000000000000007,-0.0005585053606380645,0.013531406929236815,0.0021922394789302517,-0.006400000000000006,-0.004678626873542896,1425982571919,0,0,0,0,0,0,0
0.05252375377766863,-0.022050487249801024,0.587,-0.005567600313861826,-0.043307823181152345,-0.026663509368896485,1,0,0.5,0,0.9474762462223314,0.022050487249801024,-0.08699999999999997,0.005567600313861826,0.4737381231111657,0.011025243624900512,-0.06959999999999998,0.005567600313861826,0,0,0,0,0,0,0,0
0.04768444316604683,-0.02512169573798219,0.588,-0.006091199089460092,-0.07233204650878906,-0.046471561431884766,1,0,0.5,0,0.9523155568339532,0.02512169573798219,-0.08799999999999997,0.006091199089460092,0.5039243147131672,0.0301825359159322,-0.07613770491803276,0.008666275035025336,0,0,0,0,0,0,0,0
0.04351733907075283,-0.02802641116754481,0.588,-0.006161012259539906,-0.06224000549316406,-0.043950660705566406,1,0,0.5,0,0.9564826609292472,0.02802641116754481,-0.08799999999999997,0.006161012259539906,0.49907685094109344,0.028536782731585504,-0.07039999999999998,0.006460211559881962,0,0,0,0,0,0,0,0
0.04041924636700119,-0.03041471964182274,0.586,-0.006981317007977101,-0.046249794006347655,-0.03611025619506836,1,0,0.5,0,0.9595807536329988,0.03041471964182274,-0.08599999999999997,0.006981317007977101,0.4978625842550504,0.029139159254199305,-0.05713333333333329,0.011082840750163076,0,0,0,0,0,0,0,0
0.03933129170386959,-0.032803686267358016,0.585,-0.008098327729253669,-0.01606875228881836,-0.035947555541992186,1,0,0.5,0,0.9606687082961304,0.032803686267358016,-0.08499999999999996,0.008098327729253669,0.4859341207965367,0.02869799488275763,-0.06285294117647056,0.01302631620547382,0,0,0,0,0,0,0,0
0.04230262846254576,-0.03610732242395951,0.583,-0.010367255756846156,0.044969894409179687,-0.04919197845458984,1,0,0.5,0,0.9576973715374543,0.03610732242395951,-0.08299999999999996,0.010367255756846156,0.46207501051813615,0.03670322016053658,-0.055109677419354804,0.021345939761325934,0,0,0,0,0,0,0,0
0.05048295884149729,-0.03878870990552434,0.579,-0.011658799403322146,0.1231153335571289,-0.03894655990600586,1,0,0.5,0,0.9495170411585027,0.03878870990552434,-0.07899999999999996,0.011658799403322146,0.43071058776951193,0.03383259523811125,-0.04166153846153841,0.017619770079365178,0,0,0,0,0,0,0,0
0.06587008817513534,-0.040449971681993505,0.578,-0.012967796342317811,0.23108177185058593,-0.022226362228393554,1,0,0.5,0,0.9341299118248647,0.040449971681993505,-0.07799999999999996,0.012967796342317811,0.3901293092442426,0.028531294723342572,-0.057399999999999965,0.018577783223727808,0,0,0,0,0,0,0,0
0.09049161417820241,-0.04166936026964565,0.579,-0.014032447186034242,0.3695290222167969,-0.013500121116638184,1,0,0.5,0,0.9095083858217976,0.04166936026964565,-0.07899999999999996,0.014032447186034242,0.3134831420736285,0.027831172031187585,-0.06893770491803275,0.019268434942016688,0,0,0,0,0,0,0,0
0.12118679314780845,-0.042111150021140985,0.579,-0.014660765716752337,0.460475341796875,-0.00016547870635986328,1,0,0.5,0,0.8788132068521916,0.042111150021140985,-0.07899999999999996,0.014660765716752337,0.2837064202469347,0.02329653751815553,-0.06319999999999996,0.017392585415526664,0,0,0,0,0,0,0,0
0.16021111593368786,-0.04247116771535035,0.572,-0.01610938899590763,0.585381103515625,0.0031819043159484863,1,0,0.5,0,0.8397888840663121,0.04247116771535035,-0.07199999999999995,0.01610938899590763,0.1959843932617168,0.02330125915231909,-0.01743606557377042,0.023233765778638574,0,0,0,0,0,0,0,0
0.2051335134483374,-0.04166464534540039,0.565,-0.017313666179783464,0.6735536499023438,0.02295088195800781,1,0,0.5,0,0.7948664865516626,0.04166464534540039,-0.06499999999999995,0.017313666179783464,0.17282125570258358,0.016799710822950377,-0.01699999999999994,0.022474854110679898,0,0,0,0,0,0,0,0
0.25933155982981765,-0.040902317033776274,0.561,-0.01773254520026212,0.81265087890625,0.025508010864257812,1,0,0.5,0,0.7406684401701824,0.040902317033776274,-0.061000000000000054,0.01773254520026212,0.0541789495264568,0.016004243365747465,-0.02546666666666734,0.01982694030265541,0,0,0,0,0,0,0,0
0.317033581580304,-0.03901569175002134,0.561,-0.018675022996339267,0.8648924560546875,0.043642181396484375,1,0,0.5,0,0.682966418419696,0.03901569175002134,-0.061000000000000054,0.018675022996339267,0.05703662311590074,0.010207580391711709,-0.048800000000000045,0.02265732354314411,0,0,0,0,0,0,0,0
0.37818154249525177,-0.03658908507351416,0.561,-0.020333085785733777,0.9163797607421875,0.053520851135253907,1,0,0.5,0,0.6218184575047483,0.03658908507351416,-0.061000000000000054,0.020333085785733777,-0.051832912268501896,0.003899418184595835,-0.048800000000000045,0.02876391352841773,0,0,0,0,0,0,0,0
0.4465104281922038,-0.03427200895244511,0.561,-0.02167698930976924,1.0240147705078124,0.05558757781982422,1,0,0.5,0,0.5534895718077961,0.03427200895244511,-0.061000000000000054,0.02167698930976924,-0.06489964258086273,0.005550623870877297,-0.048800000000000045,0.027436575841349786,0,0,0,0,0,0,0,0
0.5170857437973391,-0.03254104951493261,0.563,-0.023317598806644076,1.0578182373046876,0.048904399871826175,1,0,0.5,0,0.48291425620266093,0.03254104951493261,-0.06299999999999994,0.023317598806644076,-0.17023221292862484,0.006173261371976749,-0.062066666666665986,0.031520646291018264,0,0,0,0,0,0,0,0
0.5874141409534639,-0.03149072431495748,0.567,-0.022846359908605503,1.0542718505859374,0.04034670639038086,1,0,0.5,0,0.4125858590465361,0.03149072431495748,-0.06699999999999995,0.022846359908605503,-0.15044531692084329,0.010417625635865756,-0.07388985507246375,0.02079749513452475,0,0,0,0,0,0,0,0
0.6545626559216097,-0.03178275775078353,0.573,-0.023387411976723886,1.00706494140625,0.018630126953125,1,0,0.5,0,0.34543734407839033,0.03178275775078353,-0.07299999999999995,0.023387411976723886,-0.20634552536162776,0.01753995472279686,-0.09227096774193547,0.02600540585471606,0,0,0,0,0,0,0,0
0.723932427526738,-0.03316555834186272,0.576,-0.02333505209916397,1.0407470703125,0.0035971364974975587,1,0,0.5,0,0.27606757247326197,0.03316555834186272,-0.07599999999999996,0.02333505209916397,-0.21384186683286066,0.02359698506770989,-0.0760173913043478,0.023107400457599122,0,0,0,0,0,0,0,0
0.7876061820386013,-0.03543843908735132,0.583,-0.02373647782712273,0.9556417846679688,-0.011798496246337891,1,0,0.5,0,0.21239381796139867,0.03543843908735132,-0.08299999999999996,0.02373647782712273,-0.23146694070342422,0.029772375012175806,-0.10352121212121213,0.025561140226935272,0,0,0,0,0,0,0,0
0.849330510773678,-0.03875429219403785,0.582,-0.022636920398366282,0.9267846069335938,-0.02774907684326172,1,0,0.5,0,0.15066948922632195,0.03875429219403785,-0.08199999999999996,0.022636920398366282,-0.28472383967478654,0.03871962255269034,-0.05976666666666664,0.017139133254584042,0,0,0,0,0,0,0,0
0.9011026425699782,-0.04341576252961156,0.584,-0.02286381320112562,0.7779656982421875,-0.05232621765136719,1,0,0.5,0,0.09889735743002182,0.04341576252961156,-0.08399999999999996,0.02286381320112562,-0.20941198026648977,0.045015232942674316,-0.07719999999999998,0.023836210927237065,1425982573421,0,0,0,0,0,0,0
0.9461228647256733,-0.049458811078323374,0.586,-0.019879300180215102,0.6771991577148437,-0.07518337249755859,1,0,0.5,0,0.05387713527432669,0.049458811078323374,-0.08599999999999997,0.019879300180215102,-0.23567939493772488,0.05998052207331393,-0.08046666666666664,0.004956735075662515,1425982573421,0,0,0,0,0,0,0
0.9824380194953616,-0.059125527571984415,0.582,-0.019024088846738115,0.5475020141601562,-0.13414401245117188,1,0,0.5,0,0.01756198050463842,0.059125527571984415,-0.08199999999999996,0.019024088846738115,-0.16533276549276155,0.0759100346460109,-0.04642191780821914,0.015509521722860086,1425982573421,0,0,0,0,0,0,0
1.0086619736500442,-0.06685870957620457,0.583,-0.017645278737662636,0.3954947509765625,-0.10849388885498047,1,0,0.5,0,-0.008661973650044175,0.06685870957620457,-0.08299999999999996,0.017645278737662636,-0.1625789860343136,0.08009510826184461,-0.07243448275862066,0.010513502311410159,1425982573421,0,0,0,0,0,0,0
1.0243387604300533,-0.07732336219343722,0.58,-0.016388641676226664,0.23788482666015626,-0.15279624938964845,1,0,0.5,0,-0.02433876043005334,0.07732336219343722,-0.07999999999999996,0.016388641676226664,-0.08944931504605777,0.09024799681547109,-0.04921126760563376,0.011078907613821147,1425982573421,0,0,0,0,0,0,0
1.0331383329464112,-0.08699140637392601,0.576,-0.015323990832510011,0.13435244750976563,-0.14283808898925782,1.0243387604300533,-0.07732336219343722,0.58,-0.016388641676226664,-0.008799572516357879,0.009668044180488791,0.0040000000000000036,-0.0010646508437166524,-0.004399786258178939,0.004834022090244396,0.003200000000000003,-0.0010646508437166524,1425982573421,0,0,0,0,0,0,0
1.0346439280755464,-0.09619456164609443,0.569,-0.01659808118646588,0.024696628570556642,-0.13768505859375,1.0243387604300533,-0.07732336219343722,0.58,-0.016388641676226664,-0.010305167645493052,0.01887119945265721,0.01100000000000001,0.0002094395102392177,-0.012789660564736535,0.056118271396748104,0.044307246376811625,0.005748962788308218,1425982573811,0,0,0,0,0,0,0
1.033795881478985,-0.10596466497394708,0.561,-0.017156586547103943,-0.01028658390045166,-0.14674249267578124,1.0243387604300533,-0.07732336219343722,0.58,-0.016388641676226664,-0.009457121048931594,0.02864130278050986,0.018999999999999906,0.0007679448708772796,-0.00023134372451867093,0.06613180540159475,0.0576242424242418,0.003306605601050288,1425982573877,0,0,0,0,0,0,0
1.0262826424760194,-0.11340979434032193,0.554,-0.018430676901060036,-0.11076609802246094,-0.11359393310546875,1.0243387604300533,-0.07732336219343722,0.58,-0.016388641676226664,-0.0019438820459660722,0.036086432146884714,0.025999999999999912,0.0020420352248333717,0.04285528649431584,0.061473137377295685,0.0616333333333333,0.008412486994613833,1425982573937,0,0,0,0,0,0,0
1.0198839483922506,-0.12425130691991434,0.549,-0.01933824811209694,-0.09296703338623047,-0.16436395263671874,1.0243387604300533,-0.07732336219343722,0.58,-0.016388641676226664,0.004454812037802736,0.04692794472647713,0.030999999999999917,0.002949606435870278,0.03422087643774541,0.07767153526120062,0.04979999999999995,0.0068391973403141605,1425982574007,0,0,0,0,0,0,0
1.0097699896990102,-0.13359657121034302,0.544,-0.020367992370773795,-0.14897036743164063,-0.14308636474609376,1.0243387604300533,-0.07732336219343722,0.58,-0.016388641676226664,0.014568770731043124,0.0562732090169058,0.03599999999999992,0.003979350694547131,0.06628247774275717,0.08265064620262016,0.057966666666666625,0.009128071987931398,1425982574067,0,0,0,0,0,0,0
0.9998495450624881,-0.142111464125251,0.542,-0.022340214425527354,-0.1461745147705078,-0.13072758483886718,1.0243387604300533,-0.07732336219343722,0.58,-0.016388641676226664,0.02448921536756521,0.06478810193181378,0.03799999999999992,0.00595157274930069,0.062565703666141,0.07558553676616475,0.04054492753623183,0.014526451248229204,1425982574136,0,0,0,0,0,0,0
0.9887935669475738,-0.15063468700746502,0.541,-0.024713862208239675,-0.16294236755371094,-0.1315210266113281,1.0243387604300533,-0.07732336219343722,0.58,-0.016388641676226664,0.03554519348247953,0.0733113248140278,0.038999999999999924,0.008325220532013011,0.08018537642220772,0.08477063029048015,0.036845161290322524,0.019810613029008113,1425982574198,0,0,0,0,0,0,0
0.9795859828340336,-0.1583208625167069,0.541,-0.025918139392115732,-0.13522254943847656,-0.11867040252685547,1.0243387604300533,-0.07732336219343722,0.58,-0.016388641676226664,0.0447527775960197,0.08099750032326969,0.038999999999999924,0.009529497715889068,0.06841430936571069,0.07892962770784429,0.03119999999999994,0.014690685646786453,1425982574268,0,0,0,0,0,0,0
0.9687160003130945,-0.1641590806627887,0.541,-0.027698375229149974,-0.16072549438476563,-0.09176933288574218,1.0243387604300533,-0.07732336219343722,0.58,-0.016388641676226664,0.05562276011695888,0.08683571846935148,0.038999999999999924,0.01130973355292331,0.09121961143062467,0.07747413175348619,0.03119999999999994,0.02021091273809452,1425982574328,0,0,0,0,0,0,0
0.9609530113013789,-0.16889962849300766,0.542,-0.030246555937061718,-0.11443083953857422,-0.07430586242675781,1.0243387604300533,-0.07732336219343722,0.58,-0.016388641676226664,0.06338574912867445,0.09157626629957044,0.03799999999999992,0.013857914260835054,0.07349358462742106,0.07131415992788731,0.02501538461538455,0.025618748297350794,1425982574393,0,0,0,0,0,0,0
0.9544374920960663,-0.17313771998119482,0.546,-0.032183871406775255,-0.09576556396484374,-0.0664979248046875,1.0243387604300533,-0.07732336219343722,0.58,-0.016388641676226664,0.06990126833398702,0.0958143577877576,0.03399999999999992,0.01579522973054859,0.06752823019355636,0.06909763633481458,0.007199999999999922,0.02409801031503518,1425982574463,0,0,0,0,0,0,0
0.9511863870617948,-0.1761009154475798,0.547,-0.03260275042725391,-0.04731106185913086,-0.045994140625,1.0243387604300533,-0.07732336219343722,0.58,-0.016388641676226664,0.07315237336825853,0.09877755325414259,0.03299999999999992,0.01621410875102725,0.055540966050713056,0.06667408351431706,0.020566666666666598,0.018308503853420536,1425982574523,0,0,0,0,0,0,0
0.9489390518015934,-0.178768968032082,0.546,-0.03262020371977381,-0.032387557983398436,-0.04109836578369141,1.0243387604300533,-0.07732336219343722,0.58,-0.016388641676226664,0.0753997086284599,0.10144560583864479,0.03399999999999992,0.016231562043547147,0.049099380996410855,0.0642564029856379,0.032272463768115885,0.01630744592406844,0,0,0,0,0,0,0,0
0.9482236162897822,-0.18172674777680758,0.545,-0.03499385150248613,-0.009278829574584962,-0.04469309616088867,1.0243387604300533,-0.07732336219343722,0.58,-0.016388641676226664,0.0761151441402711,0.10440338558337037,0.03499999999999992,0.018605209826259465,0.04216252992478992,0.0691725601794549,0.03373770491803273,0.03027888744615611,0,0,0,0,0,0,0,0
0.9486661918437193,-0.1834945906227453,0.545,-0.0362330352714022,0.007562334060668945,-0.02626914405822754,1.0243387604300533,-0.07732336219343722,0.58,-0.016388641676226664,0.07567256858633409,0.1061712284293081,0.03499999999999992,0.01984439359517554,0.035623406523482004,0.06192482844434269,0.027999999999999938,0.025155181176244427,0,0,0,0,0,0,0,0
0.9518495305635669,-0.1846572636827013,0.545,-0.03602359576116276,0.04835050964355469,-0.015698897361755372,1.0243387604300533,-0.07732336219343722,0.58,-0.016388641676226664,0.07248922986648643,0.10733390148926408,0.03499999999999992,0.0196349540849361,0.01797955670460909,0.06033802567880574,0.027999999999999938,0.018604923706709346,0,0,0,0,0,0,0,0
0.9544743005395377,-0.18471377095862992,0.547,-0.03675663404700047,0.03937653350830078,0.0005709388256072998,1.0243387604300533,-0.07732336219343722,0.58,-0.016388641676226664,0.0698644598905156,0.10739040876519271,0.03299999999999992,0.020367992370773805,0.021618179342507208,0.05398183549237923,0.016255072463768047,0.023555115352676875,0,0,0,0,0,0,0,0
0.9587234207844211,-0.18461050405802135,0.548,-0.039531707557671325,0.0636368293762207,0.0038901801109313965,1.0243387604300533,-0.07732336219343722,0.58,-0.016388641676226664,0.06561533964563226,0.10728714186458413,0.03199999999999992,0.02314306588144466,0.008820700698474748,0.053060612622404926,0.01995483870967735,0.03657084093307783,0,0,0,0,0,0,0,0
0.964001797897749,-0.18425844458527935,0.55,-0.03890338902695345,0.07890509033203125,0.00840590000152588,1.0243387604300533,-0.07732336219343722,0.58,-0.016388641676226664,0.06033696253230436,0.10693508239184213,0.029999999999999916,0.022514747350726786,0.004148312397634347,0.0517320367528267,0.01414084507042246,0.019859880319524497,0,0,0,0,0,0,0,0
0.9705686598878485,-0.18266059673467896,0.555,-0.0400029464557099,0.09749620819091796,0.02778071403503418,1.0243387604300533,-0.07732336219343722,0.58,-0.016388641676226664,0.05377010054220488,0.10533723454124175,0.02499999999999991,0.023614304779483234,-0.012742565186394432,0.04302643196527375,-0.010172413793103543,0.029301670790292448,0,0,0,0,0,0,0,0
0.9750099870831139,-0.1808968377905629,0.555,-0.04113741046950614,0.06550856018066406,0.02909950065612793,1.0243387604300533,-0.07732336219343722,0.58,-0.016388641676226664,0.049328773346939414,0.10357347559712568,0.02499999999999991,0.024748768793279478,0.0024577506971423836,0.042967943077982504,0.01999999999999993,0.029610757423834805,0,0,0,0,0,0,0,0
0.9801383965516974,-0.17931370299880967,0.557,-0.04225442119078271,0.07588444519042968,0.026890581130981445,1.0243387604300533,-0.07732336219343722,0.58,-0.016388641676226664,0.04420036387835591,0.10199034080537245,0.02299999999999991,0.025865779514556046,-0.007815539960892497,0.04176021745079237,0.006733333333333249,0.03145083312093889,0,0,0,0,0,0,0,0
0.9848314955178209,-0.17785626916259414,0.556,-0.042184608020702896,0.06941017913818359,0.024815671920776366,1.0243387604300533,-0.07732336219343722,0.58,-0.016388641676226664,0.03950726491223244,0.10053290696915693,0.02399999999999991,0.025795966344476232,-0.0037118623745011,0.042979284303500856,0.024199999999999933,0.025496767044134176,0,0,0,0,0,0,0,0
0.9885351247149146,-0.1759775357547468,0.554,-0.04305727264670001,0.05431656265258789,0.030498777389526367,1.0243387604300533,-0.07732336219343722,0.58,-0.016388641676226664,0.03580363571513878,0.0986541735613096,0.025999999999999912,0.026668630970473343,-0.0033485136011647265,0.03854746886677666,0.03227540983606551,0.030960424213082084,1425982575305,0,0,0,0,0,0,0
0.9929876830730289,-0.17440673601176587,0.554,-0.0446455222660147,0.06571227264404297,0.026414995193481446,1.0243387604300533,-0.07732336219343722,0.58,-0.016388641676226664,0.03135107735702447,0.09708337381832866,0.025999999999999912,0.02825688058978804,-0.006909902268444415,0.04057386212592769,0.02079999999999993,0.03516231371724324,1425982575305,0,0,0,0,0,0,0
0.9963405571830769,-0.17180034140552577,0.554,-0.044348816293175775,0.04849811935424805,0.04130157852172851,1.0243387604300533,-0.07732336219343722,0.58,-0.016388641676226664,0.02799820324697644,0.09447697921208856,0.025999999999999912,0.02796017461694911,-0.005238700647279174,0.03228376645548634,0.02079999999999993,0.026500964914462577,1425982575305,0,0,0,0,0,0,0
0.9982398155743774,-0.1698291068613181,0.553,-0.04515166774909307,0.027149965286254883,0.030802478790283205,1.0243387604300533,-0.07732336219343722,0.58,-0.016388641676226664,0.026098944855675987,0.09250574466788089,0.026999999999999913,0.028763026072866408,0.0034155530516762865,0.03625385652998851,0.026672463768115877,0.03225368457685466,1425982575305,0,0,0,0,0,0,0
0.9996002439904218,-0.16766514638483063,0.552,-0.04724606285148636,0.01892053031921387,0.033347396850585936,1.0243387604300533,-0.07732336219343722,0.58,-0.016388641676226664,0.02473851643963154,0.09034178419139341,0.027999999999999914,0.030857421175259695,0.004563521406446,0.03275472542732591,0.028137704918032726,0.04115772495752176,1425982575305,0,0,0,0,0,0,0
0.9992259843089537,-0.16556561656569513,0.554,-0.047176249681406546,-0.007094995021820068,0.03119266891479492,1.0243387604300533,-0.07732336219343722,0.58,-0.016388641676226664,0.025112776121099634,0.08824225437225791,0.025999999999999912,0.030787608005179882,0.014454806734663327,0.033471338248485125,0.010655072463768038,0.030484072483093736,1425982575634,0,0,0,0,0,0,0
0.9984851951532367,-0.16348035729681487,0.556,-0.04897393881096068,-0.01257454776763916,0.030720067977905274,1.0243387604300533,-0.07732336219343722,0.58,-0.016388641676226664,0.025853565276816592,0.08615699510337765,0.02399999999999991,0.032585297134734015,0.01717721222039085,0.03111389518926112,0.007724590163934345,0.04142639121450844,1425982575695,0,0,0,0,0,0,0
0.9959220987307847,-0.16089372838916124,0.56,-0.04949753758655917,-0.04029975128173828,0.03687079238891602,1.0243387604300533,-0.07732336219343722,0.58,-0.016388641676226664,0.028416661699268597,0.08357036619572403,0.019999999999999907,0.0331088959103325,0.02702381296189432,0.02885203855959388,-0.004000000000000087,0.03535289066289745,1425982575765,0,0,0,0,0,0,0
0.9944105394434803,-0.15839687839029534,0.561,-0.05028293574995657,-0.024498682022094726,0.03628506088256836,1.0243387604300533,-0.07732336219343722,0.58,-0.016388641676226664,0.029928220986572995,0.08107351619685813,0.018999999999999906,0.0338942940737299,0.023781539669228823,0.025971799771711303,0.009366666666666586,0.0378212848907169,1425982575825,0,0,0,0,0,0,0
0.9921880184680475,-0.15517284677701174,0.557,-0.04948008429403927,-0.03572636032104492,0.04662373352050781,1.0243387604300533,-0.07732336219343722,0.58,-0.016388641676226664,0.03215074196200585,0.07784948458357452,0.02299999999999991,0.033091442617812605,0.0278614670628438,0.02182760494861662,0.039612121212121154,0.029442117818188528,1425982575891,0,0,0,0,0,0,0
0.989045232545275,-0.1523893631728895,0.551,-0.051103240498393765,-0.04914915466308594,0.03936952590942383,1.0243387604300533,-0.07732336219343722,0.58,-0.016388641676226664,0.03529352788477835,0.07506600097945229,0.028999999999999915,0.0347145988221671,0.03456945737270267,0.02254501185214492,0.05550769230769226,0.042206088996110905,1425982575956,0,0,0,0,0,0,0
0.986719898940837,-0.14969713660198986,0.559,-0.05220279792715021,-0.036897293090820314,0.03854897308349609,1.0243387604300533,-0.07732336219343722,0.58,-0.016388641676226664,0.03761886148921634,0.07237377440855264,0.020999999999999908,0.035814156250923546,0.03060460120190229,0.02253066546782881,-0.023779710144927642,0.04059484072377767,1425982576025,0,0,0,0,0,0,0
0.9840650017950571,-0.14670557185202546,0.564,-0.05185373207675137,-0.042110664367675785,0.042734390258789064,1.0243387604300533,-0.07732336219343722,0.58,-0.016388641676226664,0.04027375863499627,0.06938220965858824,0.016000000000000014,0.0354650904005247,0.03512420191464292,0.01780323930530155,-0.015425806451612286,0.0337760620921432,1425982576087,0,0,0,0,0,0,0
0.981989076697152,-0.14355722633024073,0.566,-0.05340707511102649,-0.033544727325439457,0.04554776382446289,1.0243387604300533,-0.07732336219343722,0.58,-0.016388641676226664,0.04234968373290138,0.06623386413680352,0.014000000000000012,0.037018433434799825,0.03185975045860932,0.01691221247098039,0.0009058823529411782,0.04387141740954301,1425982576155,0,0,0,0,0,0,0
0.980217686153859,-0.1403274879608527,0.568,-0.05393067388662476,-0.02911910629272461,0.046958602905273435,1.0243387604300533,-0.07732336219343722,0.58,-0.016388641676226664,0.04412107427619438,0.06300412576741549,0.01200000000000001,0.03754203221039809,0.03222425337010624,0.01297077715771085,-0.0018754098360655742,0.04011710815596334,1425982576216,0,0,0,0,0,0,0
0.9787591508900807,-0.1379037293716154,0.568,-0.054052846934264265,-0.023805994033813477,0.03512419509887695,1.0243387604300533,-0.07732336219343722,0.58,-0.016388641676226664,0.04557960953997264,0.06058036717817819,0.01200000000000001,0.0376642052580376,0.030188172050020973,0.017995755962523105,0.00960000000000001,0.038195392421687624,1425982576285,0,0,0,0,0,0,0
0.9782273254076983,-0.1343979819620311,0.568,-0.05328490206338676,-0.010806781768798828,0.05207841873168945,1.0243387604300533,-0.07732336219343722,0.58,-0.016388641676226664,0.04611143502235504,0.057074619768593876,0.01200000000000001,0.036896260387160096,0.026107175196978163,0.008422365730944317,0.00960000000000001,0.033119482333664185,1425982576346,0,0,0,0,0,0,0
0.9766355327382479,-0.13209253235348753,0.576,-0.05440191278466311,-0.025684814453125,0.033260986328125,1.0243387604300533,-0.07732336219343722,0.58,-0.016388641676226664,0.04770322769180546,0.05476917016005031,0.0040000000000000036,0.03801327110843644,0.032422805142943455,0.014970625649405968,-0.03987692307692311,0.04316870520663496,1425982576411,0,0,0,0,0,0,0
0.9761670769534514,-0.13062098957042542,0.575,-0.05537929716578004,-0.008216670036315918,0.021658401489257812,1.0243387604300533,-0.07732336219343722,0.58,-0.016388641676226664,0.048171683476601945,0.053297627376988205,0.0050000000000000044,0.03899065548955338,0.026428120662283394,0.019291099773183565,0.009000000000000008,0.04317944569434028,1425982576481,0,0,0,0,0,0,0
0.9760296010395145,-0.1279448681537437,0.571,-0.05553637679845957,-0.004280867099761963,0.03996614074707031,1.0243387604300533,-0.07732336219343722,0.58,-0.016388641676226664,0.048309159390538814,0.050621505960306484,0.009000000000000008,0.03914773512223291,0.024930653402977537,0.010203615950498368,0.029780645161290344,0.0399077978610048,1425982576543,0,0,0,0,0,0,0
0.9766049799534553,-0.12593849902229198,0.568,-0.05415756668938387,0.006946839332580566,0.030528207778930665,1.0243387604300533,-0.07732336219343722,0.58,-0.016388641676226664,0.04773378047659804,0.048615136828854766,0.01200000000000001,0.037768925013157206,0.020948301544396558,0.01413033368967229,0.024817391304347847,0.031774098451958506,1425982576612,0,0,0,0,0,0,0
0.9765387949901424,-0.12350842256224771,0.568,-0.05476843192758185,-0.002964459419250488,0.03634396362304688,1.0243387604300533,-0.07732336219343722,0.58,-0.016388641676226664,0.04779996543991094,0.046185060368810496,0.01200000000000001,0.038379790251355184,0.024286061672614045,0.008917084167480343,0.00960000000000001,0.04143411644234507,1425982576672,0,0,0,0,0,0,0
0.9801166841229639,-0.12137630991447662,0.562,-0.05337216852598648,0.05183715438842774,0.03487159729003906,1.0243387604300533,-0.07732336219343722,0.58,-0.016388641676226664,0.04422207630708941,0.044052947721039404,0.017999999999999905,0.03698352684975982,0.012695540435593304,0.016415651103227354,0.03018947368421017,0.03383406053037179,1425982576805,0,0,0,0,0,0,0
0.983476644253323,-0.11946208029685615,0.561,-0.053773594253945026,0.04879586410522461,0.0313612060546875,1.0243387604300533,-0.07732336219343722,0.58,-0.016388641676226664,0.0408621161767303,0.04213871810341893,0.018999999999999906,0.03738495257771836,0.001463541223434707,0.010263224113529382,0.02084516129032251,0.03932733513235644,1425982576867,0,0,0,0,0,0,0
0.9874391571749469,-0.11751720396470737,0.559,-0.05291838292046804,0.05778379058837891,0.03232561492919922,1.0243387604300533,-0.07732336219343722,0.58,-0.016388641676226664,0.03689960325510644,0.04019384177127015,0.020999999999999908,0.03652974124424138,-0.0013627629805660867,0.010372539224891184,0.026799999999999935,0.032864549815054336,1425982576937,0,0,0,0,0,0,0
0.991352763981038,-0.11649645506711992,0.558,-0.052290064389749945,0.05781205749511719,0.01839487648010254,1.0243387604300533,-0.07732336219343722,0.58,-0.016388641676226664,0.03298599644901534,0.0391730928736827,0.02199999999999991,0.035901422713523284,-0.006336374811023726,0.013632177867581221,0.023433333333333268,0.0327598300599328,1425982576997,0,0,0,0,0,0,0
0.995407394431704,-0.11499585601784282,0.556,-0.051504666226352545,0.05955986785888672,0.025657024383544922,1.0243387604300533,-0.07732336219343722,0.58,-0.016388641676226664,0.028931365998349334,0.0376724938244056,0.02399999999999991,0.035116024550125885,-0.0058074692541553695,0.011333251665817293,0.029199999999999934,0.03175003242127989,1425982577067,0,0,0,0,0,0,0
0.998509307980221,-0.11366180358040737,0.557,-0.05167919915155197,0.04543680953979492,0.022379636764526367,1.0243387604300533,-0.07732336219343722,0.58,-0.016388641676226664,0.02582945244983237,0.03633844138697015,0.02299999999999991,0.03529055747532531,-0.004048863493535972,0.010873621426259951,0.012931249999999922,0.0361086805621976,1425982577131,0,0,0,0,0,0,0
1.0032508073478272,-0.11301426355778751,0.556,-0.05239478414486978,0.07052579498291016,0.01337405014038086,1.0243387604300533,-0.07732336219343722,0.58,-0.016388641676226664,0.021087953082226107,0.0356909013643503,0.02399999999999991,0.036006142468643115,-0.01422505000608383,0.014462778922220695,0.024423880597014856,0.03921025437902136,1425982577198,0,0,0,0,0,0,0
1.0070276490848442,-0.1125406284180155,0.556,-0.05005604294719748,0.05620281219482422,0.010061721801757812,1.0243387604300533,-0.07732336219343722,0.58,-0.016388641676226664,0.01731111134520913,0.035217266224578284,0.02399999999999991,0.033667401270970815,-0.013376021126661142,0.014845761463619064,0.01919999999999993,0.021973695282609312,1425982577258,0,0,0,0,0,0,0
1.0102563044941046,-0.1131295806637848,0.558,-0.05173155902911189,0.048811195373535156,-0.0064000248908996586,1.0243387604300533,-0.07732336219343722,0.58,-0.016388641676226664,0.014082455935948701,0.03580621847034758,0.02199999999999991,0.03534291735288522,-0.009102049078327786,0.020847870464020278,0.007599999999999921,0.042523700561089825,1425982577328,0,0,0,0,0,0,0
1.0136180830806862,-0.11324108078121042,0.557,-0.051766465614151685,0.050445701599121096,0.0009372230172157288,1.0243387604300533,-0.07732336219343722,0.58,-0.016388641676226664,0.010720677349367103,0.035917718587773206,0.02299999999999991,0.03537782393792502,-0.014250036413709106,0.018609276645536084,0.024233333333333267,0.035552356863123996,1425982577388,0,0,0,0,0,0,0
1.015873819807352,-0.11389158330114982,0.558,-0.049881510021997616,0.034295612335205075,-0.007993676185607911,1.0243387604300533,-0.07732336219343722,0.58,-0.016388641676226664,0.008464940622701311,0.0365682211077126,0.02199999999999991,0.03349286834577095,-0.007046213321978297,0.021536623153553272,0.012599999999999924,0.025414487236539225,1425982577458,0,0,0,0,0,0,0
1.0171492849683952,-0.11473287666199666,0.56,-0.04965461721923851,0.01973739433288574,-0.011649767875671386,1.0243387604300533,-0.07732336219343722,0.58,-0.016388641676226664,0.007189475461658157,0.037409514468559446,0.019999999999999907,0.03326597554301185,-0.0037235049964677086,0.023531850288319,0.004524590163934344,0.032150109299934296,1425982577519,0,0,0,0,0,0,0
1.019239483598758,-0.11649851351468483,0.561,-0.05024802916491659,0.032628875732421875,-0.024895729064941405,1.0243387604300533,-0.07732336219343722,0.58,-0.016388641676226664,0.005099276831295407,0.03917515132124762,0.018999999999999906,0.03385938748868993,-0.008052818405032908,0.028543704623534817,0.01012753623188398,0.03643943942642071,1425982577588,0,0,0,0,0,0,0
1.0208627595589908,-0.11810130255753659,0.561,-0.04738568919164602,0.025525953292846678,-0.022788509368896485,1.0243387604300533,-0.07732336219343722,0.58,-0.016388641676226664,0.00347600087106259,0.040777940364099374,0.018999999999999906,0.030997047515419356,-0.006617096418608205,0.02863861966731608,0.015199999999999925,0.01836907704510802,1425982577656,0,0,0,0,0,0,0
1.0207655943222917,-0.12017373870291748,0.56,-0.04768239516448495,0.000016663476824760438,-0.031120685577392577,1.0243387604300533,-0.07732336219343722,0.58,-0.016388641676226664,0.003573166107761594,0.04285037650948026,0.019999999999999907,0.03129375348825829,0.0021445602417192325,0.029060479316669705,0.01968421052631572,0.03223071971827597,1425982577751,0,0,0,0,0,0,0
1.0182894802021665,-0.12144701113909515,0.565,-0.04902629868852063,-0.036189151763916017,-0.020847713470458985,1.0243387604300533,-0.07732336219343722,0.58,-0.016388641676226664,0.006049280227886866,0.04412364894565793,0.015000000000000013,0.03263765701229397,0.007812706092086225,0.024523953493062026,0.0023314917127074,0.034865121416773004,1425982577932,0,0,0,0,0,0,0
1.01605456716129,-0.1230239712182239,0.565,-0.04979424355939813,-0.032324192047119144,-0.025268863677978516,1.0243387604300533,-0.07732336219343722,0.58,-0.016388641676226664,0.008284193268763396,0.045700609024786676,0.015000000000000013,0.03340560188317146,0.008561416206736417,0.025968587154738317,0.01200000000000001,0.034707203359234995,1425982578109,0,0,0,0,0,0,0
1.0120073441803836,-0.12382945587061497,0.567,-0.05031784233499639,-0.06003171920776367,-0.01508897113800049,1.0243387604300533,-0.07732336219343722,0.58,-0.016388641676226664,0.012331416249669713,0.04650609367717776,0.013000000000000012,0.033929200658769726,0.13494098479003588,0.04888210396012327,-0.05323636363636369,0.04820916726599517,1425982578120,0,0,0,0,0,0,0
1.0089078783802736,-0.12624509752856533,0.569,-0.050440015382636115,-0.04461066436767578,-0.03852715301513672,1.0243387604300533,-0.07732336219343722,0.58,-0.016388641676226664,0.015430882049779715,0.048921735335128114,0.01100000000000001,0.034051373706409455,0.02032954602533754,0.034291967438292256,0.0006604651162790687,0.03447755875631549,1425982578206,0,0,0,0,0,0,0
1.005553726627174,-0.1283968870697958,0.572,-0.049637163926718596,-0.04862093353271484,-0.03477246856689453,1.0243387604300533,-0.07732336219343722,0.58,-0.016388641676226664,0.018785033802879436,0.05107352487635858,0.008000000000000007,0.033248522250491935,0.02863764991102828,0.03788309587146884,-0.01081311475409837,0.029300072467291022,1425982578267,0,0,0,0,0,0,0
1.0023334546528109,-0.13103840152705945,0.573,-0.049951323192077644,-0.04627863311767578,-0.04197060775756836,1.0243387604300533,-0.07732336219343722,0.58,-0.016388641676226664,0.022005305777242468,0.05371503933362223,0.007000000000000006,0.033562681515850984,0.04415251144824067,0.05404958025628992,-0.004694117647058827,0.03633467503372494,1425982578301,0,0,0,0,0,0,0
0.9984434435632422,-0.13271094655474994,0.576,-0.04958480404915869,-0.05702471923828125,-0.027970338821411134,1.0243387604300533,-0.07732336219343722,0.58,-0.016388641676226664,0.025895316866811124,0.05538758436131272,0.0040000000000000036,0.03319616237293202,0.020639770757411382,0.031001084608292914,-0.0027322033898305106,0.03257494348662869,1425982578478,0,0,0,0,0,0,0
0.9959886336080467,-0.13418519620929237,0.578,-0.05002113636215724,-0.03568083572387695,-0.023911636352539064,1.0243387604300533,-0.07732336219343722,0.58,-0.016388641676226664,0.02835012682200666,0.05686183401585515,0.0020000000000000018,0.033632494685930575,0.44376680557022213,0.28642460655285296,-0.3484000000000003,0.09908234163571386,1425982578480,0,0,0,0,0,0,0
0.9907302583998158,-0.1343338476721107,0.58,-0.049706977096798416,-0.07866548156738282,-0.006170786380767822,1.0243387604300533,-0.07732336219343722,0.58,-0.016388641676226664,0.033608502030237575,0.05701048547867349,0,0.03331833542057175,0.13949967254050677,0.03197377687176465,-0.04666666666666671,0.027035150113395218,1425982578495,0,0,0,0,0,0,0
0.9873981610935421,-0.13561165782592519,0.582,-0.051260320131073324,-0.04896737670898438,-0.021626882553100586,1.0243387604300533,-0.07732336219343722,0.58,-0.016388641676226664,0.03694059933651128,0.05828829563248797,-0.0020000000000000018,0.034871678454846664,0.03423021936009074,0.035187844489690846,-0.011059459459459471,0.04116901508028551,1425982578569,0,0,0,0,0,0,0
0.9923385385474407,-0.1306469372726151,0.584,-0.0524645973149496,0.07019259643554687,0.07817000579833984,1.0243387604300533,-0.07732336219343722,0.58,-0.016388641676226664,0.032000221882612645,0.05332357507917787,-0.0040000000000000036,0.03607595563872294,0.010630135447938241,0.021265352155556222,-0.005373913043478265,0.03719795301500519,1425982578891,0,0,0,0,0,0,0
0.9974961776719051,-0.12452505986797963,0.582,-0.05117305366847361,0.07244261932373047,0.09575885009765625,1.0243387604300533,-0.07732336219343722,0.58,-0.016388641676226664,0.026842582758148215,0.04720169767454241,-0.0020000000000000018,0.03478441199224695,0.002986761358481329,0.011215547729627205,0.0024462427745664764,0.03254474092899379,1425982579064,0,0,0,0,0,0,0
1.0043841721821958,-0.11862765778354302,0.58,-0.05345943498858622,0.09865982055664063,0.09363011932373047,1.0243387604300533,-0.07732336219343722,0.58,-0.016388641676226664,0.019954588247857563,0.0413042955901058,0,0.03707079331235956,-2.400820784477799,-2.0434385817577594,0.7000000000000006,0.7229851893461416,1425982579065,0,0,0,0,0,0,0
1.0108736644032863,-0.11247851232856591,0.579,-0.05126032013107333,0.09227471923828125,0.09730680084228516,1.0243387604300533,-0.07732336219343722,0.58,-0.016388641676226664,0.013465096026767043,0.035155150135128696,0.0010000000000000009,0.034871678454846664,-0.1352250943229716,-0.11693498176005984,0.02267500000000002,-0.006361725123520137,1425982579081,0,0,0,0,0,0,0
1.0152234227410517,-0.10654236520740314,0.584,-0.03804817769347628,0.06059833908081055,0.0922683334350586,1.0243387604300533,-0.07732336219343722,0.58,-0.016388641676226664,0.009115337689001635,0.02921900301396592,-0.0040000000000000036,0.021659536017249615,-0.00771987485080477,-0.0021457524640410078,-0.017312903225806465,-0.010305324718872275,1425982579205,0,0,0,0,0,0,0
1.0242679843779252,-0.09894922123489633,0.593,-0.012688543661998829,0.13123770141601562,0.11897541809082031,1.0243387604300533,-0.07732336219343722,0.58,-0.016388641676226664,0.00007077605212812976,0.02162585904145911,-0.013000000000000012,-0.003700098014227835,-0.025701169477234526,-0.010793577718110955,-0.036009756097561005,-0.06555286394466064,1425982579328,0,0,0,0,0,0,0
1.032748175864106,-0.09395901700406624,0.603,0.025429447201557556,0.12624288177490234,0.0764610137939453,1.0243387604300533,-0.07732336219343722,0.58,-0.016388641676226664,-0.008409415434052603,0.016635654810629022,-0.02300000000000002,-0.041818088877784224,-Infinity,-Infinity,-Infinity,-Infinity,1425982579328,0,0,0,0,0,0,0
1.036671748946289,-0.09222037245126913,0.615,0.08292059276225057,0.05949768829345703,0.02457478332519531,1.0243387604300533,-0.07732336219343722,0.58,-0.016388641676226664,-0.012332988516235766,0.01489701025783191,-0.03500000000000003,-0.09930923443847724,-0.10425582131269694,-0.03601760869101182,-0.32800000000000024,-1.3312623535961845,1425982579342,0,0,0,0,0,0,0
1.0389494734509752,-0.09250494806932744,0.624,0.10721557595001169,0.03369492340087891,-0.007083775997161865,1.0243387604300533,-0.07732336219343722,0.58,-0.016388641676226664,-0.014610713020921873,0.015181585875890219,-0.04400000000000004,-0.12360421762623836,-0.01255011688309342,0.008246065742684635,-0.05592368421052636,-0.17155484233892476,0,0,0,0,0,0,0,0
1.0399270974649415,-0.09568837826653181,0.63,0.08030259888425922,0.009470259666442871,-0.049046497344970706,1.0243387604300533,-0.07732336219343722,0.58,-0.016388641676226664,-0.015588337034888156,0.018365016073094598,-0.050000000000000044,-0.09669124056048589,-Infinity,Infinity,-Infinity,Infinity,1425982579494,0,0,0,0,0,0,0
1.037081709656999,-0.10675656473845686,0.653,0.02200860186764858,-0.055861015319824216,-0.1620640869140625,1.0243387604300533,-0.07732336219343722,0.58,-0.016388641676226664,-0.012742949226945743,0.029433202545019646,-0.07300000000000006,-0.03839724354387525,0.016788658706988622,0.10480649116027185,-0.24560930232558162,0.3683050612231758,1425982579494,0,0,0,0,0,0,0
1.0313517848945797,-0.12215546090521959,0.655,-0.0046774823953446565,-0.09101126861572266,-0.22903604125976562,1.0243387604300533,-0.07732336219343722,0.58,-0.016388641676226664,-0.007013024464526341,0.04483209871178237,-0.07500000000000007,-0.011711159280882007,0.004420261154483039,0.04371887013995029,-0.06276679841897238,0.019932418896580328,1425982579494,0,0,0,0,0,0,0
1.021169467340374,-0.1421942241479509,0.644,0.007609635538695369,-0.15132713317871094,-0.30129257202148435,1.0243387604300533,-0.07732336219343722,0.58,-0.016388641676226664,0.0031692930896793925,0.06487086195451369,-0.06400000000000006,-0.023998277214922033,Infinity,Infinity,Infinity,-Infinity,1425982579790,0,0,0,0,0,0,0
1.0075394518911212,-0.1670259137494751,0.648,0.04893903222592105,-0.2072786865234375,-0.3709087829589844,1.0243387604300533,-0.07732336219343722,0.58,-0.016388641676226664,0.01679930853893219,0.08970255155603787,-0.06800000000000006,-0.06532767390214772,Infinity,Infinity,-Infinity,-Infinity,1425982579790,0,0,0,0,0,0,0
0.9932122082567473,-0.1894948487784166,0.633,0.10976375665792343,-0.23113888549804687,-0.32611727905273435,1.0243387604300533,-0.07732336219343722,0.58,-0.016388641676226664,0.031126552173306066,0.11217148658497939,-0.05300000000000005,-0.1261523983341501,0.64238018509051,1.0391016508086808,0.6138500000000006,-2.407079564534239,0,0,0,0,0,0,0,0
0.9785382418781408,-0.19983287907562144,0.627,0.12864821916450217,-0.23577183532714843,-0.13002568054199218,1.0243387604300533,-0.07732336219343722,0.58,-0.016388641676226664,0.045800518551912583,0.12250951688218423,-0.04700000000000004,-0.14503686084072884,0.053654081027526834,0.08292128900409627,-0.025025149700598832,-0.17896104498428345,0,0,0,0,0,0,0,0
0.9642531429370633,-0.2045928505054477,0.625,0.10517354072517834,-0.22166586303710936,-0.04331922912597656,1.0243387604300533,-0.07732336219343722,0.58,-0.016388641676226664,0.06008561749299002,0.1272694883120105,-0.04500000000000004,-0.12156218240140501,5.029827438123597,1.7296247445951958,0.6640000000000006,6.920841349395742,0,0,0,0,0,0,0,0
0.950277463457403,-0.20410146048975053,0.616,0.049113565151120614,-0.20770303344726562,0.02933757209777832,1.0243387604300533,-0.07732336219343722,0.58,-0.016388641676226664,0.07406129697265029,0.1267780982963133,-0.03600000000000003,-0.06550220682734728,0.21819686396340277,0.0570191785743044,0.08786666666666673,0.5573864106621831,0,0,0,0,0,0,0,0
0.9393935579902657,-0.1978961663282043,0.611,0.007452555906015873,-0.15849209594726563,0.10098216247558593,1.0243387604300533,-0.07732336219343722,0.58,-0.016388641676226664,0.08494520243978765,0.12057280413476709,-0.031000000000000028,-0.023841197582242537,0.07177542363141746,0.04357984086322064,-0.011338461538461552,0.07229959298338377,0,0,0,0,0,0,0,0
0.9364479075491927,-0.1807825014918053,0.612,-0.010279989294246478,-0.042270439147949215,0.2570271301269531,1.0243387604300533,-0.07732336219343722,0.58,-0.016388641676226664,0.08789085288086063,0.10345913929836809,-0.03200000000000003,-0.006108652381980186,1.0749230808159727,-5.9380531230904685,-0.3756000000000003,5.313654907696725,0,0,0,0,0,0,0,0
0.9404909691979603,-0.15827731557202962,0.609,-0.008744099552491474,0.0571724853515625,0.33818338012695315,1.0243387604300533,-0.07732336219343722,0.58,-0.016388641676226664,0.08384779123209307,0.0809539533785924,-0.029000000000000026,-0.0076445421237351895,0.031958602819788476,-0.014993551986207242,-0.015805633802816917,-0.010889379606316182,1425982580266,0,0,0,0,0,0,0
0.951802035183169,-0.12900669016275715,0.609,0.01776745178530234,0.16582037353515625,0.4405261535644531,1.0243387604300533,-0.07732336219343722,0.58,-0.016388641676226664,0.07253672524688437,0.05168332796931993,-0.029000000000000026,-0.03415609346152901,-Infinity,-Infinity,NaN,-Infinity,1425982580266,0,0,0,0,0,0,0
0.9722992969694993,-0.09318046181651965,0.606,0.05316272901574745,0.3169580078125,0.5318461303710937,1.0243387604300533,-0.07732336219343722,0.58,-0.016388641676226664,0.05203946346055399,0.015857099623082432,-0.026000000000000023,-0.06955137069197412,-0.02278327252289058,-0.07737199386997663,-0.013657142857142871,-0.14178663034594374,1425982580266,0,0,0,0,0,0,0
0.9994672557167927,-0.052646373757436936,0.602,0.04745550236172599,0.439251953125,0.5854976806640625,1.0243387604300533,-0.07732336219343722,0.58,-0.016388641676226664,0.024871504713260606,-0.02467698843600028,-0.02200000000000002,-0.06384414403795266,-Infinity,-Infinity,Infinity,Infinity,1425982580266,0,0,0,0,0,0,0
1.0357750891818684,-0.0049024496291729044,0.596,0.013281955607677061,0.577977294921875,0.6895172119140625,1.0243387604300533,-0.07732336219343722,0.58,-0.016388641676226664,-0.011436328751815106,-0.0724209125642643,-0.016000000000000014,-0.029670597283903727,-0.3687964990266646,-0.5136496975647723,0.047200000000000034,0.2632455177508014,1425982580266,0,0,0,0,0,0,0
1.0759319676089176,0.04025427246736616,0.594,-0.012897983172238028,0.6112963256835937,0.6692908935546875,1.0243387604300533,-0.07732336219343722,0.58,-0.016388641676226664,-0.05159320717886429,-0.11757763466080337,-0.014000000000000012,-0.003490658503988636,-0.12477482506455337,-0.17009059714581487,-0.006270422535211273,0.05181907131273339,0,0,0,0,0,0,0,0
1.1104079512842795,0.08192214166827244,0.6,-0.019984019935334964,0.5090354919433594,0.6316359252929687,1.0243387604300533,-0.07732336219343722,0.58,-0.016388641676226664,-0.08606919085422615,-0.15924550386170966,-0.020000000000000018,0.0035953782591083006,-Infinity,-Infinity,-Infinity,Infinity,0,0,0,0,0,0,0,0
1.1360145683204423,0.11836504780128873,0.613,-0.01589994948566822,0.3730991516113281,0.5542097778320313,1.0243387604300533,-0.07732336219343722,0.58,-0.016388641676226664,-0.111675807890389,-0.19568840999472595,-0.03300000000000003,-0.0004886921905584429,-0.22180671806847221,-0.33404822622987596,-0.11065925925925935,-0.023177972466484793,0,0,0,0,0,0,0,0
1.1544307875125601,0.15285273773483765,0.637,0.023160519173964864,0.26798342895507815,0.5216420288085938,1.0243387604300533,-0.07732336219343722,0.58,-0.016388641676226664,-0.13009202708250678,-0.23017609992827487,-0.05700000000000005,-0.03954916085019153,-0.1642102707295799,-0.30079099576017004,-0.17483076923076935,-0.219828246971575,0,0,0,0,0,0,0,0
1.1680974411080238,0.1854839589627657,0.638,0.0414864763199054,0.2162801513671875,0.4845895690917969,1.0243387604300533,-0.07732336219343722,0.58,-0.016388641676226664,-0.14375868067797049,-0.2628073211562029,-0.05800000000000005,-0.05787511799613207,-0.14546901354532826,-0.30711023642079094,-0.051784615384615436,-0.1424564586697038,0,0,0,0,0,0,0,0
1.1797253265324565,0.21749542674141217,0.616,0.05063200160035572,0.19418313598632814,0.47252493286132813,1.0243387604300533,-0.07732336219343722,0.58,-0.016388641676226664,-0.1553865661024032,-0.29481878893484936,-0.03600000000000003,-0.06702064327658239,-0.140304973798147,-0.319778836352444,0.08966153846153854,-0.10923075995558384,0,0,0,0,0,0,0,0
1.181397573883148,0.24559500283564756,0.598,0.05164429256651223,0.046383514404296874,0.4196839904785156,1.0243387604300533,-0.07732336219343722,0.58,-0.016388641676226664,-0.15705881345309458,-0.3229183650290848,-0.018000000000000016,-0.06803293424273889,-0.08753381553796241,-0.31276459225273306,0.08252307692307699,-0.07270504639423044,0,0,0,0,0,0,0,0
1.1735672397251358,0.2692365424266382,0.574,0.05234242426731003,-0.09899229431152344,0.3602134704589844,1.0243387604300533,-0.07732336219343722,0.58,-0.016388641676226664,-0.14922847929508243,-0.3465599046200754,0.006000000000000005,-0.06873106594353669,-0.032450901873629624,-0.3005805501076796,0.13403076923076931,-0.07195321225491115,0,0,0,0,0,0,0,0
1.156810182473536,0.2852390671948763,0.532,0.05373868766890541,-0.23845318603515625,0.2528596954345703,1.0243387604300533,-0.07732336219343722,0.58,-0.016388641676226664,-0.1324714220434826,-0.3625624293883135,0.04799999999999993,-0.07012732934513208,0.023994597256103853,-0.26744865575390037,0.2645538461538457,-0.07657162196788003,0,0,0,0,0,0,0,0
1.1374946509446802,0.29255618830868824,0.489,0.05157447939643242,-0.28341937255859373,0.12516075134277344,1.0243387604300533,-0.07732336219343722,0.58,-0.016388641676226664,-0.11315589051462682,-0.36987955050212545,0.09099999999999997,-0.06796312107265909,0.04742876297498699,-0.22433965817158857,0.30433846153846167,-0.05797446750739914,0,0,0,0,0,0,0,0
1.1155580928054918,0.2895149541243795,0.437,0.047647488579445424,-0.3309625549316406,-0.028594879150390624,1.0243387604300533,-0.07732336219343722,0.58,-0.016388641676226664,-0.09121933237543844,-0.3668383163178167,0.14299999999999996,-0.06403613025567209,0.07251026225406433,-0.1670432817818613,0.39439999999999986,-0.045911557254193644,0,0,0,0,0,0,0,0
1.0913825117954117,0.28062810633992835,0.385,0.039095375244673186,-0.3685712890625,-0.11587937927246093,1.0243387604300533,-0.07732336219343722,0.58,-0.016388641676226664,-0.06704375136535834,-0.35795146853336557,0.19499999999999995,-0.055484016920899853,0.09468196300713955,-0.13184851116732066,0.4317575757575757,-0.016610774490116956,0,0,0,0,0,0,0,0
1.0668304962403299,0.26439363845568087,0.333,0.030421088862261327,-0.37751678466796873,-0.22893655395507811,1.0243387604300533,-0.07732336219343722,0.58,-0.016388641676226664,-0.04249173581027654,-0.3417170006491181,0.24699999999999994,-0.04680973053848799,0.11095729277607139,-0.08344213479399568,0.4775999999999999,-0.006774562619664012,0,0,0,0,0,0,0,0
1.0379548613464264,0.238948754992996,0.281,0.021258110289291,-0.4445432434082031,-0.368322265625,1.0243387604300533,-0.07732336219343722,0.58,-0.016388641676226664,-0.013616100916373108,-0.3162721171864332,0.29899999999999993,-0.037646751965517665,0.1486761374320627,-0.02112514764029813,0.5191999999999999,0.00464391837126845,0,0,0,0,0,0,0,0
1.0050920463390622,0.20475007404609133,0.233,0.010925761117484634,-0.5037350158691406,-0.5023860778808594,1.0243387604300533,-0.07732336219343722,0.58,-0.016388641676226664,0.0192467140909911,-0.2820734362395285,0.347,-0.0273144027937113,0.18389586087242696,0.0403199232653364,0.5321454545454547,0.019650820714499445,0,0,0,0,0,0,0,0
0.9749546347259617,0.16655345096765223,0.183,0.003089232776030093,-0.45829397583007814,-0.5679761352539062,1.0243387604300533,-0.07732336219343722,0.58,-0.016388641676226664,0.049384125704091675,-0.24387681316108945,0.39699999999999996,-0.019477874452256756,0.1895060326111896,0.08694937587966894,0.5910374999999999,0.017255852148311417,0,0,0,0,0,0,0,0
0.9484698832807181,0.12758716211929078,0.136,-0.0032463124087092395,-0.39907501220703123,-0.5832642822265625,1.0243387604300533,-0.07732336219343722,0.58,-0.016388641676226664,0.07586887714933521,-0.204910524312728,0.44399999999999995,-0.013142329267517424,0.18054463866444048,0.10736321625788994,0.6082769230769229,0.016098648508202563,0,0,0,0,0,0,0,0
0.9268682296872793,0.08843771293372579,0.107,-0.009285151620609644,-0.3221167297363281,-0.58829052734375,1.0243387604300533,-0.07732336219343722,0.58,-0.016388641676226664,0.09747053074277401,-0.165761075127163,0.473,-0.00710349005561702,0.16505186164374974,0.12792418882022993,0.5345538461538463,0.020768075537769458,0,0,0,0,0,0,0,0
0.9162738904119586,0.05486709090924359,0,-0.01001818990644735,-0.15423268127441406,-0.5050131530761719,1.0243387604300533,-0.07732336219343722,0.58,-0.016388641676226664,0.10806487001809473,-0.1321904531026808,0.58,-0.006370451769779314,0.11107887726077431,0.1146696612727946,1.040153846153846,-0.002987198142836056,0,0,0,0,0,0,0,0
