0,0,0.717,0,-0.008886312484741211,0.023662025451660157,0,0,1,0,0,0,0.28300000000000003,0,0,0,0.22640000000000005,0,0,0,0,0,0,0,0,0
-0.00005767086346944173,0.0014162160237630207,0.714,0.0003490658503989552,-0.000865062952041626,0.02124324035644531,0,0,1,0,0.00005767086346944173,-0.0014162160237630207,0.28600000000000003,-0.0003490658503989552,0.00032140859005521917,-0.007892789669301053,0.24401739130434788,-0.001866743460829195,0,0,0,0,0,0,0,0
0.00016071245778274208,0.003096227175812738,0.71,0.0003490658503989552,0.003284546136856079,0.02519902229309082,0,0,1,0,-0.00016071245778274208,-0.003096227175812738,0.29000000000000004,-0.0003490658503989552,-0.001313225149304311,-0.011034944360673076,0.25458064516129036,-0.0003490658503989552,0,0,0,0,0,0,0,0
0.0019336907267683767,0.00437935168416648,0.709,0.0008901179185171193,0.02660139083862305,0.01923758316040039,0,0,1,0,-0.0019336907267683767,-0.00437935168416648,0.29100000000000004,-0.0008901179185171193,-0.010230027563282321,-0.008898396080360457,0.23802388059701496,-0.003312739119046212,0,0,0,0,0,0,0,0
0.007198704974598087,0.004967844946734502,0.712,0.0013788101090755902,0.07898303985595703,0.008757098197937012,0,0,1,0,-0.007198704974598087,-0.004967844946734502,0.28800000000000003,-0.0013788101090755902,-0.03285532224765751,-0.0057622902454842785,0.21373333333333336,-0.0037059157784016424,0,0,0,0,0,0,0,0
0.012442154390582908,0.005244795546692774,0.709,0.0007155849933178084,0.07865739440917968,0.004045809268951416,0,0,1,0,-0.012442154390582908,-0.005244795546692774,0.29100000000000004,-0.0007155849933178084,-0.03322377104830082,-0.004060406021365362,0.24824117647058827,0.002210408164437111,0,0,0,0,0,0,0,0
0.023424873042071023,0.0048439433329468306,0.714,0.00026179938779913336,0.16473643493652343,-0.006130667686462402,0,0,1,0,-0.023424873042071023,-0.0048439433329468306,0.28600000000000003,-0.00026179938779913336,-0.07275664908116498,-0.00021059382656213625,0.20102222222222224,0.0018990844480040812,0,0,0,0,0,0,0,0
0.037498178518058464,0.00483717843310255,0.719,0.0005585053606382841,0.21109954833984376,-0.00015673923492431641,0,0,1,0,-0.037498178518058464,-0.00483717843310255,0.281,-0.0005585053606382841,-0.09123982808757852,-0.002402638063573728,0.1994376811594203,-0.0018485313295041569,0,0,0,0,0,0,0,0
0.05254819204665955,0.004216101643324452,0.724,-0.000034906585039795384,0.22574496459960938,-0.009442233085632324,0,0,1,0,-0.05254819204665955,-0.004216101643324452,0.276,0.000034906585039795384,-0.11271329476213601,0.0014340645230649018,0.19163333333333332,0.0030019663134301933,0,0,0,0,0,0,0,0
0.06842735748272824,0.0038017226384296793,0.733,0.0003316125578790577,0.23818769836425782,-0.00620737075805664,0,0,1,0,-0.06842735748272824,-0.0038017226384296793,0.267,-0.0003316125578790577,-0.11984801712492801,0.000306499119429506,0.1651384615384615,-0.002023239371350687,0,0,0,0,0,0,0,0
0.0867449497845678,0.0023447802646816987,0.744,-0.0007330382858375948,0.27475662231445314,-0.021945249557495116,0,0,1,0,-0.0867449497845678,-0.0023447802646816987,0.256,0.0007330382858375948,-0.1378443264227907,0.006301072391078936,0.14818235294117643,0.00543002730223459,0,0,0,0,0,0,0,0
0.10537262418347408,0.00047152502411971077,0.754,-0.00013962634015951525,0.2794356384277344,-0.027893999099731445,0,0,1,0,-0.10537262418347408,-0.00047152502411971077,0.246,0.00013962634015951525,-0.1564299032864055,0.010145408409099017,0.1412444444444444,-0.0026861448297361016,0,0,0,0,0,0,0,0
0.12570020997612344,-0.002182283472819479,0.765,0.0013613568165556924,0.3049193420410156,-0.03976455307006836,0,0,1,0,-0.12570020997612344,0.002182283472819479,0.235,-0.0013613568165556924,-0.16483253529903646,0.014335909182017824,0.13299999999999995,-0.007794141773906581,0,0,0,0,0,0,0,0
0.14360477535475155,-0.0068178579352177505,0.775,0.0023561944901925314,0.26847357177734377,-0.069899169921875,0,0,1,0,-0.14360477535475155,0.0068178579352177505,0.22499999999999998,-0.0023561944901925314,-0.17331008338130496,0.029557446513979475,0.12354838709677415,-0.007169925169080461,0,0,0,0,0,0,0,0
0.16047485209497575,-0.01127216463188422,0.787,0.003106686068550024,0.25289302062988284,-0.06741065216064453,0,0,1,0,-0.16047485209497575,0.01127216463188422,0.21299999999999997,-0.003106686068550024,-0.17449471006955675,0.030369284127305888,0.10373333333333327,-0.0066804554892999895,0,0,0,0,0,0,0,0
0.17580753288099865,-0.01725508292776975,0.8,0.004502949470145401,0.22971029663085937,-0.09045784759521484,0,0,1,0,-0.17580753288099865,0.01725508292776975,0.19999999999999996,-0.004502949470145401,-0.16633417685864355,0.03897463725113243,0.09405797101449269,-0.01057365991186443,0,0,0,0,0,0,0,0
0.18847403710538274,-0.0235814505758691,0.812,0.0034557519189488684,0.18956832885742186,-0.0957500991821289,0,0,1,0,-0.18847403710538274,0.0235814505758691,0.18799999999999994,-0.0034557519189488684,-0.16651427444985284,0.04751767104646135,0.08265806451612896,0.0016113330061956433,0,0,0,0,0,0,0,0
0.19837770595359938,-0.030736152206376214,0.825,0.004956735075663965,0.1481832733154297,-0.107833251953125,0,0,1,0,-0.19837770595359938,0.030736152206376214,0.17500000000000004,-0.004956735075663965,-0.14961885817801138,0.05117667956539539,0.07500000000000055,-0.011389520033014378,0,0,0,0,0,0,0,0
0.20663085108067897,-0.038433016800583954,0.836,0.0017976891295541364,0.123223388671875,-0.11606517791748047,0,0,1,0,-0.20663085108067897,0.038433016800583954,0.16400000000000003,-0.0017976891295541364,-0.15020807019820204,0.06203617536725772,0.07008888888888887,0.01324538680430219,0,0,0,0,0,0,0,0
0.20899758009987532,-0.04617692835931131,0.844,0.0003490658503989552,0.035292060852050784,-0.11622230529785156,0,0,1,0,-0.20899758009987532,0.04617692835931131,0.15600000000000003,-0.0003490658503989552,-0.11861743622124094,0.06552684186085192,0.08104999999999998,0.006441355770640957,0,0,0,0,0,0,0,0
0.2105378905158926,-0.05409640459977343,0.853,0.00045378560551856406,0.023063188552856446,-0.11880020141601562,0,0,1,0,-0.2105378905158926,0.05409640459977343,0.14700000000000002,-0.00045378560551856406,-0.11500285894304428,0.07048132103326386,0.06838124999999999,-0.0009446594576417305,0,0,0,0,0,0,0,0
0.2091873804146332,-0.06175111877517848,0.858,0.0008377580409573149,-0.02030975341796875,-0.11481150817871094,0,0,1,0,-0.2091873804146332,0.06175111877517848,0.14200000000000002,-0.0008377580409573149,-0.09898928333565608,0.07102772853711202,0.08748059701492537,-0.0025570376026233634,0,0,0,0,0,0,0,0
0.20866854249109698,-0.06979806504866086,0.862,0.0003490658503989552,-0.007883687019348145,-0.1206976318359375,0,0,1,0,-0.20866854249109698,0.06979806504866086,0.138,-0.0003490658503989552,-0.1032142284496424,0.07714694002410848,0.0895044776119403,0.0018391081371757893,0,0,0,0,0,0,0,0
0.2050956539425225,-0.07684202708800679,0.868,-0.001274090353955759,-0.053630207061767576,-0.10564071655273438,0,0,1,0,-0.2050956539425225,0.07684202708800679,0.132,0.001274090353955759,-0.08376305968927758,0.07909568381263035,0.07117377049180326,0.009256825785208452,0,0,0,0,0,0,0,0
0.20127202452420137,-0.08337754312979097,0.875,-0.0017802358370341276,-0.0572294921875,-0.0981057357788086,0,0,1,0,-0.20127202452420137,0.08337754312979097,0.125,0.0017802358370341276,-0.0822074420401268,0.07666033499191886,0.06287878787878785,0.0040808971237539845,0,0,0,0,0,0,0,0
0.1964295596190627,-0.08900949732863361,0.879,-0.0031590459461097176,-0.07248646545410156,-0.08460848999023438,0,0,1,0,-0.1964295596190627,0.08900949732863361,0.121,0.0031590459461097176,-0.07370651722865157,0.07567498807902906,0.07492499999999998,0.009622218332401546,0,0,0,0,0,0,0,0
0.18853296635485786,-0.0941912710472395,0.884,-0.005131268000863276,-0.11820276641845703,-0.07810040283203125,0,0,1,0,-0.18853296635485786,0.0941912710472395,0.11599999999999999,0.005131268000863276,-0.0544890089335373,0.07500739470551548,0.06628484848484846,0.014095913704288542,0,0,0,0,0,0,0,0
0.18336967514927963,-0.0981169457707648,0.889,-0.006440264939859053,-0.07714619445800781,-0.05928175735473633,0,0,1,0,-0.18336967514927963,0.0981169457707648,0.11099999999999999,0.006440264939859053,-0.06652317096057865,0.0703738582169686,0.06228484848484846,0.012390251026203492,0,0,0,0,0,0,0,0
0.1763435779348735,-0.10209260354593344,0.893,-0.008185594191853274,-0.10500521087646485,-0.060312374114990235,0,0,1,0,-0.1763435779348735,0.10209260354593344,0.10699999999999998,0.008185594191853274,-0.052080102828521734,0.07335093281008108,0.06372499999999998,0.016366825060576184,0,0,0,0,0,0,0,0
0.168456869354402,-0.10546806728327723,0.9,-0.009983283321407521,-0.11788221740722657,-0.051598609924316405,0,0,1,0,-0.168456869354402,0.10546806728327723,0.09999999999999998,0.009983283321407521,-0.047245094585759866,0.0702479325546167,0.044999999999999964,0.017687665305211438,0,0,0,0,0,0,0,0
0.1622820591071879,-0.10744950871931876,0.906,-0.010053096491487223,-0.09232082366943359,-0.030644798278808595,0,0,1,0,-0.1622820591071879,0.10744950871931876,0.09399999999999997,0.010053096491487223,-0.04938896868833639,0.06543703575442013,0.04186666666666663,0.010385540158533425,0,0,0,0,0,0,0,0
0.15415854051370348,-0.10940769955905716,0.909,-0.011309733552923196,-0.12155133819580079,-0.03059635543823242,0,0,1,0,-0.15415854051370348,0.10940769955905716,0.09099999999999997,0.011309733552923196,-0.033868716354970255,0.06653025909756298,0.05586451612903222,0.017390235463097255,0,0,0,0,0,0,0,0
0.1482438639331602,-0.11022336515116414,0.91,-0.013386675362796363,-0.08857610321044922,-0.013237581253051758,0,0,1,0,-0.1482438639331602,0.11022336515116414,0.08999999999999997,0.013386675362796363,-0.04771834753028528,0.05998293407697244,0.06707042253521124,0.022162485827049182,0,0,0,0,0,0,0,0
0.14276857525979175,-0.11054447104143086,0.914,-0.012758356832078488,-0.0820574951171875,-0.005915562629699707,0,0,1,0,-0.14276857525979175,0.11054447104143086,0.08599999999999997,0.012758356832078488,-0.04380923337137217,0.05797616492980068,0.04657777777777773,0.009766363828660035,0,0,0,0,0,0,0,0
0.13807655340640795,-0.10963839067641648,0.918,-0.014276793281313592,-0.0705479965209961,0.01269218635559082,0,0,1,0,-0.13807655340640795,0.10963839067641648,0.08199999999999996,0.014276793281313592,-0.045479880175324845,0.05069220913441941,0.04301935483870964,0.02162406642277377,0,0,0,0,0,0,0,0
0.13646167131705675,-0.1082977999028324,0.927,-0.013823007675794917,-0.024507843017578124,0.01976099395751953,0,0,1,0,-0.13646167131705675,0.1082977999028324,0.07299999999999995,0.013823007675794917,-0.06306238693591448,0.04841151090518513,0.012747826086956453,0.01185002678223546,0,0,0,0,0,0,0,0
0.13477862415082426,-0.1047838612635928,0.932,-0.014119713648634067,-0.02597187042236328,0.05235508346557617,0,0,1,0,-0.13477862415082426,0.1047838612635928,0.06799999999999995,0.014119713648634067,-0.060837681198570276,0.03335661485578137,0.025711475409836003,0.015578923351121694,0,0,0,0,0,0,0,0
0.13341570462827343,-0.10000526345973426,0.936,-0.014206980111233778,-0.021453807830810547,0.07138317108154296,0,0,1,0,-0.13341570462827343,0.10000526345973426,0.06399999999999995,0.014206980111233778,-0.06278270911322302,0.02623343814388583,0.030304477611940245,0.014597725466157858,0,0,0,0,0,0,0,0
0.13385925515558528,-0.09436423238062071,0.941,-0.014014993893514457,0.005450496673583985,0.08470144653320312,0,0,1,0,-0.13385925515558528,0.09436423238062071,0.05900000000000005,0.014014993893514457,-0.07256472222168754,0.018523468593340142,0.0206848484848491,0.01314232926751754,0,0,0,0,0,0,0,0
0.13385222788040171,-0.08927786471917723,0.948,-0.01565560339038907,-0.001174644947052002,0.07628654479980469,0,0,1,0,-0.13385222788040171,0.08927786471917723,0.052000000000000046,0.01565560339038907,-0.07025433318271415,0.01769349045113596,0.0027111111111111225,0.02346802956598246,0,0,0,0,0,0,0,0
0.13477496952773707,-0.08346177772264347,0.952,-0.016563174601426086,0.012473669052124024,0.08744729614257812,0,0,1,0,-0.13477496952773707,0.08346177772264347,0.04800000000000004,0.016563174601426086,-0.07573702282164409,0.01225524425761745,0.01718787878787881,0.020688498287957983,0,0,0,0,0,0,0,0
0.13533939255943966,-0.07809770899059269,0.955,-0.014974924982111277,0.00713255500793457,0.08059021759033203,0,0,1,0,-0.13533939255943966,0.07809770899059269,0.04500000000000004,0.014974924982111277,-0.07412305675227636,0.012860024624064475,0.020558823529411782,0.007967941367487118,0,0,0,0,0,0,0,0
0.13662253285452594,-0.07427804838021489,0.957,-0.015184364492350605,0.01838699150085449,0.05757669830322266,0,0,1,0,-0.13662253285452594,0.07427804838021489,0.04300000000000004,0.015184364492350605,-0.0787542110938572,0.01835261916400198,0.023793939393939423,0.016136362266165737,0,0,0,0,0,0,0,0
0.13754039926701891,-0.07092563510497514,0.958,-0.01579522973054847,0.013002874374389649,0.050489452362060545,0,0,1,0,-0.13754039926701891,0.07092563510497514,0.04200000000000004,0.01579522973054847,-0.07775895870483285,0.017740294991299373,0.02786229508196724,0.018799485000374032,0,0,0,0,0,0,0,0
0.13887539824209003,-0.06844665091878505,0.959,-0.01570796326794887,0.019435169219970704,0.03749641036987305,0,0,1,0,-0.13887539824209003,0.06844665091878505,0.041000000000000036,0.01570796326794887,-0.08002756951961752,0.023208631757778146,0.027727536231884085,0.015328543865341913,0,0,0,0,0,0,0,0
0.13990910898131032,-0.06569040237495229,0.96,-0.015952309363228105,0.01485434913635254,0.04158218002319336,0,0,1,0,-0.13990910898131032,0.06569040237495229,0.040000000000000036,0.015952309363228105,-0.07951533839256654,0.019373872585477972,0.026531250000000024,0.01709768168484952,0,0,0,0,0,0,0,0
0.1399612844737141,-0.0651085307850106,0.964,-0.017104226669544358,0.0006433057785034179,0.008739447593688965,0,0,1,0,-0.1399612844737141,0.0651085307850106,0.03600000000000003,0.017104226669544358,-0.07426635998956353,0.03096456944486658,0.0065777777777777865,0.022589547175812227,0,0,0,0,0,0,0,0
0.13954414758121728,-0.06510043754184591,0.964,-0.017715091907742335,-0.006258214473724365,0.000014364048838615418,0,0,1,0,-0.13954414758121728,0.06510043754184591,0.03600000000000003,0.017715091907742335,-0.07164793725260862,0.03419319034243025,0.028800000000000027,0.020491752081369503,0,0,0,0,0,0,0,0
0.1390037399950937,-0.06558273531660529,0.963,-0.01846558348610005,-0.007976689338684083,-0.0073769245147705075,0,0,1,0,-0.1390037399950937,0.06558273531660529,0.03700000000000003,0.01846558348610005,-0.07081576770416524,0.03707818226350405,0.03490303030303034,0.021876908842271482,0,0,0,0,0,0,0,0
0.13845859845599048,-0.06648506269349974,0.963,-0.01912880860185772,-0.007925813198089599,-0.013683589935302734,0,0,1,0,-0.13845859845599048,0.06648506269349974,0.03700000000000003,0.01912880860185772,-0.07060947531349054,0.03980065580162108,0.02960000000000003,0.02214346821893804,0,0,0,0,0,0,0,0
0.13607433987416406,-0.06772580670151568,0.965,-0.0197222205475358,-0.03540134811401367,-0.019291833877563478,0,0,1,0,-0.13607433987416406,0.06772580670151568,0.03500000000000003,0.0197222205475358,-0.058933089962358284,0.042682148428110106,0.016709677419354856,0.02259356867178457,0,0,0,0,0,0,0,0
0.13495562983624235,-0.06895641168303354,0.966,-0.020786871391252338,-0.016413356781005858,-0.018786415100097657,0,0,1,0,-0.13495562983624235,0.06895641168303354,0.03400000000000003,0.020786871391252338,-0.06598977667993222,0.042864697613377856,0.02189696969696972,0.025626193408145693,0,0,0,0,0,0,0,0
0.13272539246631077,-0.0700709963840552,0.967,-0.021816615649929084,-0.033098827362060546,-0.017410503387451173,0,0,1,0,-0.13272539246631077,0.0700709963840552,0.03300000000000003,0.021816615649929084,-0.05974893215143798,0.04251802765841655,0.02140000000000002,0.02622980532997228,0,0,0,0,0,0,0,0
0.12950773568465626,-0.07153894854318268,0.967,-0.021118483949131284,-0.04777301788330078,-0.02306693458557129,0,0,1,0,-0.12950773568465626,0.07153894854318268,0.03300000000000003,0.021118483949131284,-0.050599330692028155,0.0462850578635749,0.026400000000000024,0.017627825445142287,0,0,0,0,0,0,0,0
0.1268079227829435,-0.07269501466644736,0.968,-0.02239257430308704,-0.04012197494506836,-0.018192300796508788,0,0,1,0,-0.1268079227829435,0.07269501466644736,0.03200000000000003,0.02239257430308704,-0.05378559239956488,0.04447866905728942,0.02029696969696972,0.02818389409379502,0,0,0,0,0,0,0,0
0.1239965488678659,-0.07421621827791029,0.969,-0.02181661564992908,-0.04164912414550781,-0.02375656318664551,0,0,1,0,-0.1239965488678659,0.07421621827791029,0.031000000000000028,0.02181661564992908,-0.05209389111413468,0.04710492807531802,0.019576119402985093,0.019237696307430753,0,0,0,0,0,0,0,0
0.12271885439441507,-0.07644731355321929,0.967,-0.0227241868609661,-0.018430789947509765,-0.033876556396484375,0,0,1,0,-0.12271885439441507,0.07644731355321929,0.03300000000000003,0.0227241868609661,-0.05912033577132313,0.05271702524219746,0.03751111111111115,0.02704595453257096,0,0,0,0,0,0,0,0
0.12117920516684653,-0.07831815631718143,0.967,-0.0235095850243635,-0.02245112991333008,-0.028580160140991212,0,0,1,0,-0.12117920516684653,0.07831815631718143,0.03300000000000003,0.0235095850243635,-0.05736398555339823,0.0512302987251274,0.026400000000000024,0.02707957667616986,0,0,0,0,0,0,0,0
0.11863000556934805,-0.07987195976630297,0.965,-0.023561944901923305,-0.03767953872680664,-0.024199487686157227,0,0,1,0,-0.11863000556934805,0.07987195976630297,0.03500000000000003,0.023561944901923305,-0.050389180169226694,0.05063454524682581,0.038937500000000035,0.023807381827984888,0,0,0,0,0,0,0,0
0.11677182439788804,-0.0805562380712819,0.965,-0.02387610416728235,-0.027623159408569336,-0.01091800022125244,0,0,1,0,-0.11677182439788804,0.0805562380712819,0.03500000000000003,0.02387610416728235,-0.05362410322564633,0.04616123749106838,0.028000000000000025,0.025304100828005282,0,0,0,0,0,0,0,0
0.11498036217319457,-0.08163123704287889,0.965,-0.025150194521238223,-0.02647930908203125,-0.016761924743652342,0,0,1,0,-0.11498036217319457,0.08163123704287889,0.03500000000000003,0.025150194521238223,-0.05285889156457085,0.049001133007485896,0.028000000000000025,0.031122493055406382,0,0,0,0,0,0,0,0
0.11354353325903825,-0.08171115301238366,0.968,-0.024958208303518904,-0.021515472412109375,-0.0017403512001037597,0,0,1,0,-0.11354353325903825,0.08171115301238366,0.03200000000000003,0.024958208303518904,-0.0547276185786945,0.04362394192170258,0.010382608695652188,0.02412348561778273,0,0,0,0,0,0,0,0
0.11292244151786889,-0.08207548279809862,0.967,-0.02488839513343909,-0.009177093505859374,-0.005695740699768067,0,0,1,0,-0.11292244151786889,0.08207548279809862,0.03300000000000003,0.02488839513343909,-0.05848619580316792,0.045386957667342985,0.03170303030303033,0.02457106254216721,0,0,0,0,0,0,0,0
0.10912682767907561,-0.08213794917322148,0.967,-0.025691246589356388,-0.05689325714111328,-0.002353560209274292,0,0,1,0,-0.10912682767907561,0.08213794917322148,0.03300000000000003,0.025691246589356388,-0.03886406356074058,0.0438849212862898,0.026400000000000024,0.029514348760391135,0,0,0,0,0,0,0,0
0.10716566395298954,-0.08150970272744747,0.97,-0.024975661596038687,-0.029649827957153322,0.008664898872375489,0,0,1,0,-0.10716566395298954,0.08150970272744747,0.030000000000000027,0.024975661596038687,-0.04814238558102796,0.039784855726694,0.007333333333333341,0.02156811400881154,0,0,0,0,0,0,0,0
0.10540557138686464,-0.08094967251775878,0.971,-0.02637192499763429,-0.026602939605712892,0.007738509654998779,0,0,1,0,-0.10540557138686464,0.08094967251775878,0.029000000000000026,0.02637192499763429,-0.049170069147618366,0.0401676359990184,0.018052941176470605,0.032531910592909004,0,0,0,0,0,0,0,0
0.10233622380529603,-0.08128512670695784,0.973,-0.02644173816771388,-0.04589152145385742,-0.006244091510772705,0,0,1,0,-0.10233622380529603,0.08128512670695784,0.027000000000000024,0.02644173816771388,-0.039707236141818585,0.04513271554010371,0.010488888888888902,0.026774181834759554,0,0,0,0,0,0,0,0
0.09927602665723959,-0.0802239739718556,0.973,-0.025987952562195427,-0.04630774307250977,0.014698114395141602,0,0,1,0,-0.09927602665723959,0.0802239739718556,0.027000000000000024,0.025987952562195427,-0.03906627254470843,0.037164127500544146,0.021600000000000022,0.02392529071892973,1425651069256,0,0,0,0,0,0,0
0.09614512481261042,-0.07961599049466482,0.975,-0.026406831582674196,-0.047184646606445314,0.007896324157714844,0,0,1,0,-0.09614512481261042,0.07961599049466482,0.025000000000000022,0.026406831582674196,-0.037189328256278464,0.03931585262278146,0.009393939393939404,0.02831082713030496,1425651069256,0,0,0,0,0,0,0
0.09358543446911005,-0.07886115291390412,0.978,-0.02656391121535361,-0.03868092727661133,0.010304834365844727,0,0,1,0,-0.09358543446911005,0.07886115291390412,0.02200000000000002,0.02656391121535361,-0.03920393596372646,0.03827224421610437,0.0019283582089552262,0.027267252854216655,1425651069256,0,0,0,0,0,0,0
0.09196453481406297,-0.07770062186337787,0.98,-0.0265464579228336,-0.02476728630065918,0.016756038665771484,0,0,1,0,-0.09196453481406297,0.07770062186337787,0.020000000000000018,0.0265464579228336,-0.04267178087939669,0.03513194950578181,0.004709677419354845,0.026462006507414204,1425651069256,0,0,0,0,0,0,0
0.09065054171355126,-0.07618962412741598,0.981,-0.026895523773232555,-0.020304555892944335,0.022133813858032227,0,0,1,0,-0.09065054171355126,0.07618962412741598,0.019000000000000017,0.026895523773232555,-0.04436161711788331,0.033085610893589655,0.009976119402985085,0.02845850519292937,1425651069256,0,0,0,0,0,0,0
0.08939519480480089,-0.07582346082266693,0.979,-0.027314402793711213,-0.01897109794616699,0.0049840760231018065,0,0,1,0,-0.08939519480480089,0.07582346082266693,0.02100000000000002,0.027314402793711213,-0.044697597402400445,0.037911730411333465,0.016800000000000016,0.027314402793711213,1425651069256,0,0,0,0,0,0,0
0.08944416176143785,-0.07455607983741747,0.98,-0.030037116426822264,0.00021502861380577086,0.01902368354797363,0,0,1,0,-0.08944416176143785,0.07455607983741747,0.020000000000000018,0.030037116426822264,-0.04503780600376978,0.03070734555432947,0.010776119402985085,0.04222837150045384,1425651069650,0,0,0,0,0,0,0
0.0893438994064896,-0.07450474425824037,0.982,-0.02988003679414285,-0.0015263830423355102,0.0007245192527770996,0,0,1,0,-0.0893438994064896,0.07450474425824037,0.018000000000000016,0.02988003679414285,-0.044240747633621846,0.03706926629031179,0.0034625000000000038,0.0291437260159581,1425651069714,0,0,0,0,0,0,0
0.08820524610928683,-0.07494079534267485,0.98,-0.03085742117525968,-0.016876766204833984,-0.007048115730285644,0,0,1,0,-0.08820524610928683,0.07494079534267485,0.020000000000000018,0.03085742117525968,-0.03784653647476426,0.04007607527671894,0.027290322580645184,0.03558670043872821,1425651069776,0,0,0,0,0,0,0
0.08897761784669303,-0.07672684924442764,0.977,-0.029827676916583046,0.012406624794006348,-0.026420610427856445,0,0,1,0,-0.08897761784669303,0.07672684924442764,0.02300000000000002,0.029827676916583046,-0.048877364051414476,0.048174609294281925,0.034553846153846185,0.02507501110730627,1425651069841,0,0,0,0,0,0,0
0.09066363212267556,-0.07977649667080754,0.98,-0.029914943379182758,0.026643220901489257,-0.04497012710571289,0,0,1,0,-0.09066363212267556,0.07977649667080754,0.020000000000000018,0.029914943379182758,-0.05008670434786824,0.04815461720508154,0.00816417910447762,0.030110316056644798,1425651069975,0,0,0,0,0,0,0
0.090498931970348,-0.08429888779759458,0.98,-0.02951351765122411,-0.00044039347767829896,-0.06787940979003906,0,0,1,0,-0.090498931970348,0.08429888779759458,0.020000000000000018,0.02951351765122411,-0.0447869050368005,0.06648833021272729,0.016000000000000014,0.02768885525141207,1425651070041,0,0,0,0,0,0,0
0.09178964795388918,-0.08847260591778175,0.982,-0.030787608005179868,0.021199756622314454,-0.06200718688964844,0,0,1,0,-0.09178964795388918,0.08847260591778175,0.018000000000000016,0.030787608005179868,-0.05376741205907744,0.06859434335960418,0.0029245901639344297,0.03705362613938852,1425651070102,0,0,0,0,0,0,0
0.09206020327561147,-0.0925179733743826,0.983,-0.03049090203234094,0.005924319267272949,-0.060526828765869144,0,0,1,0,-0.09206020327561147,0.0925179733743826,0.017000000000000015,0.03049090203234094,-0.0479328458803583,0.06725328135717559,0.008527536231884066,0.02920087606347603,1425651070171,0,0,0,0,0,0,0
0.0915844407909749,-0.09657138491391842,0.983,-0.02988003679414285,-0.005279524803161621,-0.060990474700927735,0,0,1,0,-0.0915844407909749,0.09657138491391842,0.017000000000000015,0.02988003679414285,-0.04393608249661765,0.06968882344632563,0.013600000000000013,0.02718504309621011,1425651070239,0,0,0,0,0,0,0
0.09059589654736742,-0.09948353870075151,0.984,-0.029740410453983224,-0.013516510009765625,-0.04410580825805664,0,0,1,0,-0.09059589654736742,0.09948353870075151,0.016000000000000014,0.029740410453983224,-0.04007979393530411,0.06761593656357079,0.006867796610169499,0.029030446012493598,1425651070298,0,0,0,0,0,0,0
0.08816040421616879,-0.1012523336678216,0.986,-0.03064798166502024,-0.035727275848388675,-0.02760651969909668,0,0,1,0,-0.08816040421616879,0.1012523336678216,0.014000000000000012,0.03064798166502024,-0.03225062006456333,0.06039778881031352,0.0009058823529411782,0.03465197230194826,0,0,0,0,0,0,0,0
0.08666365685188429,-0.10213421011370026,0.988,-0.03145083312093776,-0.022035314559936525,-0.013909911155700684,0,0,1,0,-0.08666365685188429,0.10213421011370026,0.01200000000000001,0.03145083312093776,-0.03564221986035221,0.05677629327637225,-0.0016903225806451597,0.03533559823021606,0,0,0,0,0,0,0,0
0.08408535784247956,-0.10200932046166324,0.994,-0.03227113786937506,-0.03871426773071289,0.0006562740802764892,0,0,1,0,-0.08408535784247956,0.10200932046166324,0.006000000000000005,0.03227113786937506,-0.02918514919693076,0.05114054621744973,-0.027018181818181837,0.035999795816817365,0,0,0,0,0,0,0,0
0.08116451017307882,-0.10027568772575926,0.997,-0.033248522250491894,-0.044628952026367186,0.02457731056213379,0,0,1,0,-0.08116451017307882,0.10027568772575926,0.0030000000000000027,0.033248522250491894,-0.025722638774216027,0.041666257154785336,-0.013753846153846162,0.03775952708641572,0,0,0,0,0,0,0,0
0.07885723669567822,-0.09765143438172198,1.002,-0.033719761148530356,-0.035898521423339845,0.03819155502319336,0,0,1,0,-0.07885723669567822,0.09765143438172198,-0.0020000000000000018,0.033719761148530356,-0.028296556530274845,0.03604571631925598,-0.027719402985074647,0.03582978606512048,1425651070626,0,0,0,0,0,0,0
0.07379599230383214,-0.09391211141962127,1.003,-0.03464478565208749,-0.07776648712158203,0.05349848556518555,0,0,1,0,-0.07379599230383214,0.09391211141962127,-0.0029999999999998916,0.03464478565208749,-0.009747322560958522,0.027169989137852815,-0.007955555555554855,0.039049664240454814,1425651070626,0,0,0,0,0,0,0
0.06962722673767407,-0.08885630187634684,1.004,-0.03546509040052469,-0.06512079620361329,0.07362567901611328,0,0,1,0,-0.06962722673767407,0.08885630187634684,-0.0040000000000000036,0.03546509040052469,-0.013379022672014233,0.018250267570149473,-0.00858461538461599,0.03925111231638866,1425651070626,0,0,0,0,0,0,0
0.0666784436931223,-0.08310761643891437,1.008,-0.0370533400198396,-0.047261455535888675,0.08460770416259765,0,0,1,0,-0.0666784436931223,0.08310761643891437,-0.008000000000000007,0.0370533400198396,-0.01899241437816173,0.012624750487902379,-0.027295522388059722,0.04416490547945861,1425651070626,0,0,0,0,0,0,0
0.06293824440942776,-0.07677911967763917,1.007,-0.03722787294503891,-0.0595810546875,0.09278396606445312,0,0,1,0,-0.06293824440942776,0.07677911967763917,-0.006999999999999895,0.03722787294503891,-0.011787171452118907,0.004381003927189653,-0.00004444444444373988,0.038058982112654675,1425651070626,0,0,0,0,0,0,0
0.05948272520113921,-0.06801598749880473,1.008,-0.03652974124424112,-0.05668923568725586,0.12942672729492188,0,0,1,0,-0.05948272520113921,0.06801598749880473,-0.008000000000000007,0.03652974124424112,-0.012552832281764029,-0.01126851176387958,-0.011703030303030902,0.03335641533152388,1425651070950,0,0,0,0,0,0,0
0.055376421189136195,-0.05823572880871263,1.006,-0.03595378259108316,-0.06691133117675781,0.14435647583007813,0,0,1,0,-0.055376421189136195,0.05823572880871263,-0.006000000000000005,0.03595378259108316,-0.006749530266853612,-0.022312563799569213,0.005969230769230773,0.03329551188420027,1425651071015,0,0,0,0,0,0,0
0.052295817962440545,-0.04890410461305003,1.006,-0.036110862223762565,-0.05121070861816406,0.13822286987304688,0,0,1,0,-0.052295817962440545,0.04890410461305003,-0.006000000000000005,0.036110862223762565,-0.011499611546902537,-0.02231260835222114,-0.004800000000000005,0.036803860603230536,1425651071083,0,0,0,0,0,0,0
0.04998667860303752,-0.03829882854143627,1.003,-0.03455751918948755,-0.040357746124267575,0.1577249298095703,0,0,1,0,-0.04998667860303752,0.03829882854143627,-0.0029999999999998916,0.03455751918948755,-0.014171910666233155,-0.0349598634152493,0.013271641791045456,0.027602251871838245,1425651071150,0,0,0,0,0,0,0
0.04750389082815757,-0.028798174217572487,1.002,-0.03422590663160872,-0.042143386840820314,0.14113800048828126,0,0,1,0,-0.04750389082815757,0.028798174217572487,-0.0020000000000000018,0.03422590663160872,-0.010776658821226902,-0.03880387883298139,0.004137704918032153,0.032595025199417725,1425651071211,0,0,0,0,0,0,0
0.04611036201551199,-0.01956580426471614,1.001,-0.03436553297176823,-0.025629558563232423,0.1376891632080078,0,0,1,0,-0.04611036201551199,0.01956580426471614,-0.0009999999999998899,0.03436553297176823,-0.017184178316465137,-0.03641435925188393,0.004347058823530075,0.034981531531295504,1425651071279,0,0,0,0,0,0,0
0.04340940428377456,-0.011418633270835029,1.003,-0.033353242005611496,-0.04468934631347656,0.1207433853149414,0,0,1,0,-0.04340940428377456,0.011418633270835029,-0.0029999999999998916,0.033353242005611496,-0.008028301414390484,-0.03822326085904407,-0.013511111111111033,0.02853280883343656,1425651071342,0,0,0,0,0,0,0
0.04186540836225264,-0.0033769567794046315,1.005,-0.03518583772020554,-0.027169551849365235,0.11978574371337891,0,0,1,0,-0.04186540836225264,0.0033769567794046315,-0.004999999999999893,0.03518583772020554,-0.013975012508129263,-0.04028117795959136,-0.014769230769230693,0.04364397178756266,1425651071407,0,0,0,0,0,0,0
0.03950334463419096,0.0027393943600847633,1.01,-0.033964107243809584,-0.03863649368286133,0.09044207000732422,0,0,1,0,-0.03950334463419096,-0.0027393943600847633,-0.010000000000000009,0.033964107243809584,-0.009325138537844307,-0.030621691848979102,-0.033000000000000584,0.02872811948782692,1425651071477,0,0,0,0,0,0,0
0.03842947566353677,0.007486164254080611,1.011,-0.03267256359733393,-0.018516576766967774,0.07061349487304687,0,0,1,0,-0.03842947566353677,-0.007486164254080611,-0.010999999999999899,0.03267256359733393,-0.014357344716074298,-0.03010730384539161,-0.01463333333333261,0.026214845364955643,1425651071537,0,0,0,0,0,0,0
0.036167118877776364,0.011405895058425902,1.01,-0.03281218993749333,-0.03583791351318359,0.05765602493286133,0,0,1,0,-0.036167118877776364,-0.011405895058425902,-0.010000000000000009,0.03281218993749333,-0.007870512170060663,-0.024560519230260345,-0.0028529411764711627,0.03342818849702012,1425651071605,0,0,0,0,0,0,0
0.034764917570924835,0.013367303523115624,1.007,-0.03195697860401612,-0.02198689651489258,0.028715274810791017,0,0,1,0,-0.034764917570924835,-0.013367303523115624,-0.006999999999999895,0.03195697860401612,-0.011400923797169107,-0.01577636938543473,0.010309090909091594,0.02806965436093788,1425651071671,0,0,0,0,0,0,0
0.03506571402729312,0.014127898119791833,1.004,-0.03153809958353735,0.004145110607147217,0.011547257423400879,0,0,1,0,-0.03506571402729312,-0.014127898119791833,-0.0040000000000000036,0.03153809958353735,-0.02070702330098895,-0.010057696630522417,0.013735483870967126,0.029511265613478794,1425651071733,0,0,0,0,0,0,0
0.03558950613519652,0.013019356674040774,1.001,-0.03319616237293197,0.008377306938171387,-0.016372102737426758,0,0,1,0,-0.03558950613519652,-0.013019356674040774,-0.0009999999999998899,0.03319616237293197,-0.021991064498035437,0.00048712813420084735,0.014641176470588907,0.040511145267320005,1425651071801,0,0,0,0,0,0,0
0.03569120280007616,0.01109411975275685,1,-0.03183480555637651,0.0024830906391143798,-0.028812013626098632,0,0,1,0,-0.03569120280007616,-0.01109411975275685,0,0.03183480555637651,-0.01994214666146549,0.006605413153726893,0.005645161290321958,0.02524759515368878,1425651071863,0,0,0,0,0,0,0
0.035946403406207784,0.0094989445380108,0.996,-0.03169517921621688,0.004587672233581543,-0.02379366111755371,0,0,1,0,-0.035946403406207784,-0.0094989445380108,0.0040000000000000036,0.03169517921621688,-0.02087271406251362,0.004987721017414173,0.024412121212121232,0.031060514033673124,1425651071929,0,0,0,0,0,0,0
0.03575033872292244,0.0073583426848748985,0.994,-0.03225368457685517,-0.0019219621419906616,-0.032186100006103516,0,0,1,0,-0.03575033872292244,-0.0073583426848748985,0.006000000000000005,0.03225368457685517,-0.01838884998337513,0.009120294189527558,0.015569230769230783,0.03483140162595497,1425651071994,0,0,0,0,0,0,0
0.03682243540617562,0.005202196452868921,0.994,-0.033807027611130074,0.01711606025695801,-0.03180677604675293,0,0,1,0,-0.03682243540617562,-0.005202196452868921,0.006000000000000005,0.033807027611130074,-0.025523815184290866,0.009766323629476879,0.004800000000000005,0.040660011585872284,1425651072062,0,0,0,0,0,0,0
0.03737928080188622,0.0014547075451390497,0.992,-0.03295181627765297,0.010247918128967285,-0.05589788818359375,0,0,1,0,-0.03737928080188622,-0.0014547075451390497,0.008000000000000007,0.03295181627765297,-0.023261731521816684,0.020414343726057403,0.017006060606060622,0.029064492034575236,1425651072128,0,0,0,0,0,0,0
0.038459005622521504,-0.0030184947595808115,0.994,-0.03277728335245344,0.018397682189941405,-0.06652802276611328,0,0,1,0,-0.038459005622521504,0.0030184947595808115,0.006000000000000005,0.03277728335245344,-0.027067228331489022,0.02844565378540598,-0.006675409836065579,0.031918924703931144,1425651072189,0,0,0,0,0,0,0
0.041377195693097876,-0.0065583014885882114,0.992,-0.03352777493081104,0.04548940658569336,-0.051634082794189455,0,0,1,0,-0.041377195693097876,0.0065583014885882114,0.008000000000000007,0.03352777493081104,-0.03783374027672214,0.023325673116542225,0.017006060606060622,0.03693910028698197,1425651072255,0,0,0,0,0,0,0
0.04286372614131064,-0.01038636696883716,0.991,-0.03384193419616998,0.024210262298583984,-0.056641250610351565,0,0,1,0,-0.04286372614131064,0.01038636696883716,0.009000000000000008,0.03384193419616998,-0.03125865129995388,0.027409383875841378,0.012668750000000012,0.03531455575254,1425651072319,0,0,0,0,0,0,0
0.046414162584417704,-0.014159180282028599,0.991,-0.032986722862692656,0.05514087677001953,-0.054757835388183594,0,0,1,0,-0.046414162584417704,0.014159180282028599,0.009000000000000008,0.032986722862692656,-0.043763111526929445,0.028377745823842147,0.007200000000000007,0.029099398619613914,1425651072385,0,0,0,0,0,0,0
0.04908986044853441,-0.017883601319044283,0.991,-0.033492868345771136,0.041956146240234374,-0.05451222610473633,0,0,1,0,-0.04908986044853441,0.017883601319044283,0.009000000000000008,0.033492868345771136,-0.04049459457526831,0.029995133812227924,0.007200000000000007,0.035793529632491494,1425651072451,0,0,0,0,0,0,0
0.05103473528712551,-0.020795196907454426,0.993,-0.03129375348825824,0.030619253158569337,-0.04267253112792969,0,0,1,0,-0.05103473528712551,0.020795196907454426,0.007000000000000006,0.03129375348825824,-0.037946421643528336,0.02763631128603402,-0.005337500000000005,0.02098540259366654,1425651072515,0,0,0,0,0,0,0
0.05370168126611856,-0.023218536005104814,0.996,-0.03248057737961429,0.0411219482421875,-0.03508061218261719,0,0,1,0,-0.05370168126611856,0.023218536005104814,0.0040000000000000036,0.03248057737961429,-0.04220890136951816,0.025233513021275137,-0.012017391304347834,0.037640681255075366,1425651072584,0,0,0,0,0,0,0
0.055206372226013545,-0.02483563079361242,0.998,-0.03302162944773256,0.02334618377685547,-0.023510658264160156,0,0,1,0,-0.055206372226013545,0.02483563079361242,0.0020000000000000018,0.03302162944773256,-0.03810040860726771,0.02304332310056795,-0.009875409836065583,0.03568254125815031,1425651072645,0,0,0,0,0,0,0
0.05791878274786471,-0.027307804632790523,1.003,-0.032236231284335164,0.04188828277587891,-0.03571911239624023,0,0,1,0,-0.05791878274786471,0.027307804632790523,-0.0029999999999998916,0.032236231284335164,-0.04546607578162289,0.02833045266010513,-0.029323076923076258,0.028611316684039476,1425651072710,0,0,0,0,0,0,0
0.05982663721620543,-0.027748646581476338,1.003,-0.03314380249537218,0.028816078186035158,-0.005686822891235351,0,0,1,0,-0.05982663721620543,0.027748646581476338,-0.0029999999999998916,0.03314380249537218,-0.041821203376469,0.017560665641865612,-0.0023999999999999135,0.037207554186582704,1425651072777,0,0,0,0,0,0,0
0.06087194089337675,-0.027894440318281557,1.002,-0.032236231284335164,0.015743412971496583,-0.0016661200523376465,0,0,1,0,-0.06087194089337675,0.027894440318281557,-0.0020000000000000018,0.032236231284335164,-0.038132913802663745,0.016145818748135386,0.003868749999999396,0.027981991232599146,1425651072841,0,0,0,0,0,0,0
0.06346791135783868,-0.027542742070380145,1.002,-0.031538099583537364,0.03874929428100586,0.006527780055999756,0,0,1,0,-0.06346791135783868,0.027542742070380145,-0.0020000000000000018,0.031538099583537364,-0.04773395119369552,0.013296803111984666,-0.0016000000000000016,0.028315953272162905,1425651072906,0,0,0,0,0,0,0
0.06439366816503982,-0.02678584698668498,1.001,-0.0325503905496941,0.013521440505981445,0.011785656929016113,0,0,1,0,-0.06439366816503982,0.02678584698668498,-0.0009999999999998899,0.0325503905496941,-0.039245227327122184,0.01075393725486591,0.004584615384616075,0.03722250270118673,1425651072971,0,0,0,0,0,0,0
0.0651110644825958,-0.025556342786727387,1.002,-0.033300882128051705,0.010155037879943847,0.018783004760742187,0,0,1,0,-0.0651110644825958,0.025556342786727387,-0.0020000000000000018,0.033300882128051705,-0.0385243065797246,0.007610978459362348,-0.006984615384615989,0.036764689412779106,1425651073036,0,0,0,0,0,0,0
0.06661082866591117,-0.024400779101464636,1,-0.03127630019573823,0.021906877517700197,0.018072858810424804,0,0,1,0,-0.06661082866591117,0.024400779101464636,0,0.03127630019573823,-0.043408543481444246,0.007541719121449075,0.010606060606060614,0.022073655048858803,1425651073102,0,0,0,0,0,0,0
0.06576459169160423,-0.023612811109248504,1,-0.03274237676741353,-0.013056957244873046,0.011416796684265137,0,0,1,0,-0.06576459169160423,0.023612811109248504,0,0.03274237676741353,-0.03051821643648592,0.009048168119120278,0,0.03950888402129954,1425651073167,0,0,0,0,0,0,0
0.06583376428139094,-0.023023914959954168,1.004,-0.03361504139341064,0.0007478564977645874,0.008862674713134766,0,0,1,0,-0.06583376428139094,0.023023914959954168,-0.0040000000000000036,0.03361504139341064,-0.03552472310020493,0.009840610897237523,-0.024738461538461556,0.037642724282628076,1425651073232,0,0,0,0,0,0,0
0.06601302780324884,-0.022362059590853852,1.002,-0.03284709652253325,0.002353772163391113,0.010012594223022461,0,0,1,0,-0.06601302780324884,0.022362059590853852,-0.0020000000000000018,0.03284709652253325,-0.036250060655743176,0.009131361214004605,0.009169230769230777,0.029302735580022218,1425651073297,0,0,0,0,0,0,0
0.06507620910892091,-0.021727485969622467,1.003,-0.03459242577452747,-0.01435730266571045,0.009051976203918457,0,0,1,0,-0.06507620910892091,0.021727485969622467,-0.0029999999999998916,0.03459242577452747,-0.02981427737273011,0.008975098988563409,-0.007784615384614705,0.04264779155296234,1425651073362,0,0,0,0,0,0,0
0.06563494798891949,-0.02083364312940494,1.004,-0.03384193419616998,0.007912358760833741,0.013689485549926758,0,0,1,0,-0.06563494798891949,0.02083364312940494,-0.0040000000000000036,0.03384193419616998,-0.03810081577597789,0.0072897427231119125,-0.008423880597015512,0.030481524143822998,1425651073429,0,0,0,0,0,0,0
0.06520524936916908,-0.021394209449679284,1.003,-0.03185225884889641,-0.006157283306121826,-0.008621766090393066,0,0,1,0,-0.06520524936916908,0.021394209449679284,-0.0029999999999998916,0.03185225884889641,-0.03265899830491648,0.015318643511090243,0.0030687500000006985,0.022525655658551566,1425651073493,0,0,0,0,0,0,0
0.06532638926381337,-0.01951981011250709,1.003,-0.032428217502054595,0.0009207703471183777,0.028159597396850585,0,0,1,0,-0.06532638926381337,0.01951981011250709,-0.0029999999999998916,0.032428217502054595,-0.035755006528117396,0.0013887333681740187,-0.0023999999999999135,0.03504621138004633,1425651073559,0,0,0,0,0,0,0
0.06589837557028115,-0.018164683129312808,1.002,-0.03269001688985373,0.007916234016418456,0.020594396591186524,0,0,1,0,-0.06589837557028115,0.018164683129312808,-0.0020000000000000018,0.03269001688985373,-0.03843073122889404,0.003584315145277608,0.003623880597014348,0.033862252954625964,1425651073626,0,0,0,0,0,0,0
0.06613568825914944,-0.016997062742979678,1.003,-0.03235840433197489,0.0029853475093841553,0.017621294021606445,0,0,1,0,-0.06613568825914944,0.016997062742979678,-0.0029999999999998916,0.03235840433197489,-0.036901530012947215,0.003704980638507222,-0.00786874999999931,0.03080397046691785,1425651073690,0,0,0,0,0,0,0
0.06612633072119625,-0.014762267715723214,1.002,-0.03146828641345777,-0.0012248163223266603,0.03349983596801758,0,0,1,0,-0.06612633072119625,0.014762267715723214,-0.0020000000000000018,0.03146828641345777,-0.03559584958332415,-0.0025195760091350494,0.003547058823528843,0.027541295596470484,1425651073758,0,0,0,0,0,0,0
0.06650091910336088,-0.011717235051292955,1,-0.03068288825006015,0.004178951740264893,0.045829662322998045,0,0,1,0,-0.06650091910336088,0.011717235051292955,0,0.03068288825006015,-0.03802115073593189,-0.01000382225842083,0.011475409836065584,0.026820274331711195,1425651073819,0,0,0,0,0,0,0
0.06637220808418647,-0.008227298800786403,1.001,-0.030874874467779697,-0.003535724401473999,0.05226517486572266,0,0,1,0,-0.06637220808418647,0.008227298800786403,-0.0009999999999998899,0.030874874467779697,-0.03517961600748991,-0.0125027894630458,-0.0060238805970142615,0.03173451424861348,1425651073886,0,0,0,0,0,0,0
0.06599644006617239,-0.004515036902132297,1,-0.02967059728390353,-0.007352795124053955,0.05548339080810547,0,0,1,0,-0.06599644006617239,0.004515036902132297,0,0.02967059728390353,-0.03374535335073197,-0.015517297977225201,0.00522388059701435,0.02427831138595054,1425651073953,0,0,0,0,0,0,0
0.06425858228713494,-0.001300162559003776,0.998,-0.02759365547403025,-0.02748699188232422,0.04742855453491211,0,0,1,0,-0.06425858228713494,0.001300162559003776,0.0020000000000000018,0.02759365547403025,-0.025068744578205536,-0.015880000339666266,0.01289032258064517,0.01754393703915955,1425651074015,0,0,0,0,0,0,0
0.06291087031309993,0.003100718752535634,0.997,-0.027192229746071602,-0.022029298782348633,0.06543033599853515,0,0,1,0,-0.06291087031309993,-0.003100718752535634,0.0030000000000000027,0.027192229746071602,-0.027207239905079866,-0.022923712775036135,0.007623880597014932,0.025394801113420937,1425651074082,0,0,0,0,0,0,0
0.06110105060567478,0.0072160400947181205,0.996,-0.02534218073895766,-0.028815624237060546,0.06096889495849609,0,0,1,0,-0.06110105060567478,-0.0072160400947181205,0.0040000000000000036,0.02534218073895766,-0.023484269630299794,-0.024501976808732145,0.008668750000000008,0.016670076018111064,1425651074146,0,0,0,0,0,0,0
0.058711481451351195,0.011736413968799616,0.995,-0.024591689160600057,-0.037550186157226564,0.06687557983398437,0,0,1,0,-0.058711481451351195,-0.011736413968799616,0.0050000000000000044,0.024591689160600057,-0.01915655561354106,-0.02898480608453563,0.009468750000000008,0.02107375988704879,1425651074210,0,0,0,0,0,0,0
0.05644960725312911,0.015359618373738795,0.995,-0.022951079663725442,-0.035254230499267576,0.053497367858886716,0,0,1,0,-0.05644960725312911,-0.015359618373738795,0.0050000000000000044,0.022951079663725442,-0.018950944466040398,-0.025595159595506706,0.0040000000000000036,0.015379035831996447,1425651074275,0,0,0,0,0,0,0
0.053798429431630324,0.019174794166238185,0.993,-0.022898719786165415,-0.041070514678955075,0.05629993438720703,0,0,1,0,-0.053798429431630324,-0.019174794166238185,0.007000000000000006,0.022898719786165415,-0.016393795635024945,-0.02735875689573555,0.015744927536231898,0.022671068144600084,1425651074344,0,0,0,0,0,0,0
0.04878461199688152,0.023123368820687135,0.994,-0.02288126649364563,-0.07654368591308594,0.057491092681884765,0,0,1,0,-0.04878461199688152,-0.023123368820687135,0.006000000000000005,0.02288126649364563,0.000488916638566303,-0.0319317968269206,-0.0007555555555555553,0.02279815557688474,1425651074407,0,0,0,0,0,0,0
0.04359310292523631,0.025733266491400304,0.994,-0.022148228207807923,-0.07874794006347656,0.03735654830932617,0,0,1,0,-0.04359310292523631,-0.025733266491400304,0.006000000000000005,0.022148228207807923,0.002320745999863344,-0.024951254895009677,0.004800000000000005,0.01886596722644506,1425651074474,0,0,0,0,0,0,0
0.038967439958882036,0.028826790462956157,0.994,-0.020071286397934755,-0.07039558410644531,0.04485485076904297,0,0,1,0,-0.038967439958882036,-0.028826790462956157,0.006000000000000005,0.020071286397934755,0.003602207681413498,-0.030345537463553743,0.004800000000000005,0.010021567963064592,1425651074536,0,0,0,0,0,0,0
0.0332572279769617,0.03075523591826707,0.991,-0.02148500309205003,-0.08621648406982421,0.027201801300048827,0,0,1,0,-0.0332572279769617,-0.03075523591826707,0.009000000000000008,0.02148500309205003,0.011070378241710102,-0.024250246386702746,0.02335384615384617,0.028009849372582066,1425651074601,0,0,0,0,0,0,0
0.027751654069224033,0.03210107321119754,0.992,-0.020193459445574262,-0.0829982452392578,0.018408727645874024,0,0,1,0,-0.027751654069224033,-0.03210107321119754,0.008000000000000007,0.020193459445574262,0.010983545436691635,-0.02138808861279401,0.0013275362318840604,0.014578052286983967,1425651074670,0,0,0,0,0,0,0
0.02197403502795095,0.033276125196560494,0.989,-0.018517943363659743,-0.0870025177001953,0.01587225341796875,0,0,1,0,-0.02197403502795095,-0.033276125196560494,0.01100000000000001,0.018517943363659743,0.018029570708205003,-0.02169793424353001,0.025466666666666686,0.010539295354542988,1425651074733,0,0,0,0,0,0,0
0.016769069336203354,0.0344368119722695,0.989,-0.019879300180215213,-0.07838348388671874,0.01596162033081055,0,0,1,0,-0.016769069336203354,-0.0344368119722695,0.01100000000000001,0.019879300180215213,0.01698809391382005,-0.02211975641035564,0.008800000000000007,0.02626066025781898,1425651074797,0,0,0,0,0,0,0
0.010139400019023439,0.033852323523058746,0.988,-0.02000147322785483,-0.09925111389160156,-0.010742362022399903,0,0,1,0,-0.010139400019023439,-0.033852323523058746,0.01200000000000001,0.02000147322785483,0.027529901235852514,-0.012354764895631424,0.014984615384615398,0.020565348832345374,1425651074862,0,0,0,0,0,0,0
0.00493945533581217,0.0344704703445282,0.987,-0.01973967384005581,-0.07816901397705078,0.007710353374481201,0,0,1,0,-0.00493945533581217,-0.0344704703445282,0.013000000000000012,0.01973967384005581,0.022428145671658697,-0.019161972492675827,0.015784615384615397,0.018531368973291093,1425651074927,0,0,0,0,0,0,0
-0.0010933253066586544,0.03524095490973618,0.985,-0.01942551457469676,-0.09070220184326172,0.009768856048583985,0,0,1,0,0.0010933253066586544,-0.03524095490973618,0.015000000000000013,0.01942551457469676,0.02943757400578554,-0.02032789391799976,0.022606060606060623,0.01799751791397381,1425651074993,0,0,0,0,0,0,0
-0.0050773249260640686,0.035552252070157546,0.983,-0.01973967384005581,-0.059839420318603516,0.0035077807903289796,0,0,1,0,0.0050773249260640686,-0.035552252070157546,0.017000000000000015,0.01973967384005581,0.020568177000350154,-0.018071922262223494,0.024206060606060627,0.02116767050077876,1425651075059,0,0,0,0,0,0,0
-0.007346578429759646,0.036170777408053266,0.984,-0.0211882971192111,-0.03421530151367187,0.008604201316833496,0,0,1,0,0.007346578429759646,-0.036170777408053266,0.016000000000000014,0.0211882971192111,0.012990214951760073,-0.02013607639536794,0.007331250000000008,0.027978718740251533,1425651075123,0,0,0,0,0,0,0
-0.0093865666283593,0.036070579435969835,0.99,-0.019949113350295027,-0.030561111450195313,-0.0021509418487548827,0,0,1,0,0.0093865666283593,-0.036070579435969835,0.010000000000000009,0.019949113350295027,0.012424543321697592,-0.016195870667876127,-0.023818181818181836,0.014316459855221961,1425651075189,0,0,0,0,0,0,0
-0.010243387855405402,0.0354236820873268,0.99,-0.0197222205475358,-0.012656198501586915,-0.009957904815673829,0,0,1,0,0.010243387855405402,-0.0354236820873268,0.010000000000000009,0.0197222205475358,0.006727131553858318,-0.012888726156959495,0.008000000000000007,0.018658660534601926,1425651075253,0,0,0,0,0,0,0
-0.00867392258866908,0.033783780442801725,0.988,-0.019565140914856276,0.024022506713867187,-0.02412947082519531,0,0,1,0,0.00867392258866908,-0.033783780442801725,0.01200000000000001,0.019565140914856276,-0.007060539245065956,-0.006932344390275147,0.020206060606060623,0.0188511425844948,1425651075319,0,0,0,0,0,0,0
-0.006466843838097166,0.030546635679000733,0.986,-0.019181168479417636,0.03404981231689453,-0.047900192260742186,0,0,1,0,0.006466843838097166,-0.030546635679000733,0.014000000000000012,0.019181168479417636,-0.011541094129819624,0.003136295874904058,0.021806060606060624,0.017435839227423817,1425651075385,0,0,0,0,0,0,0
-0.004101097277738259,0.027434663186964917,0.988,-0.020280725908174084,0.03637498474121094,-0.04599037551879883,0,0,1,0,0.004101097277738259,-0.027434663186964917,0.01200000000000001,0.020280725908174084,-0.013954813714246983,0.004526646724570647,-0.0013375000000000001,0.025434901355469934,1425651075449,0,0,0,0,0,0,0
-0.0007134124924094205,0.024206864599104563,0.988,-0.02069960492865274,0.051786685943603514,-0.04737652206420898,0,0,1,0,0.0007134124924094205,-0.024206864599104563,0.01200000000000001,0.02069960492865274,-0.020675503826417176,0.006223083645546426,0.00960000000000001,0.022603600476283,1425651075515,0,0,0,0,0,0,0
0.004635797599877514,0.02078298215687873,0.986,-0.02167698930976946,0.08128398132324219,-0.049686454772949216,0,0,1,0,-0.004635797599877514,-0.02078298215687873,0.014000000000000012,0.02167698930976946,-0.034191566025755134,0.0092406922782792,0.02196923076923079,0.02618799414569278,1425651075580,0,0,0,0,0,0,0
0.008871613140927662,0.017215457870534256,0.988,-0.022706733568446096,0.06468221282958984,-0.052123104095458984,0,0,1,0,-0.008871613140927662,-0.017215457870534256,0.01200000000000001,0.022706733568446096,-0.029314059290153106,0.010938715192760563,-0.0006941176470588225,0.027249722944960662,1425651075648,0,0,0,0,0,0,0
0.01446290290252748,0.013906860652562724,0.99,-0.022427480888126954,0.08497454071044921,-0.047711929321289065,0,0,1,0,-0.01446290290252748,-0.013906860652562724,0.010000000000000009,0.022427480888126954,-0.039525632658402025,0.01150515565922336,-0.002447761194029851,0.0211770957523696,1425651075715,0,0,0,0,0,0,0
0.018567553525612512,0.010650401186517135,0.99,-0.023317598806644184,0.06264969635009765,-0.047453868865966795,0,0,1,0,-0.018567553525612512,-0.010650401186517135,0.010000000000000009,0.023317598806644184,-0.03632466370547978,0.014839291893167798,0.008000000000000007,0.027768188399230335,1425651075775,0,0,0,0,0,0,0
0.022352079929632652,0.007668274340020925,0.99,-0.024644049038159855,0.05779541015625,-0.04339617156982422,0,0,1,0,-0.022352079929632652,-0.007668274340020925,0.010000000000000009,0.024644049038159855,-0.03466587955668473,0.013386963482680347,0.008000000000000007,0.030766127029770645,1425651075840,0,0,0,0,0,0,0
0.02775247104156982,0.005168049362059097,0.988,-0.02480112867083938,0.08190541076660156,-0.03549587631225586,0,0,1,0,-0.02775247104156982,-0.005168049362059097,0.01200000000000001,0.02480112867083938,-0.04608492418453741,0.012038860524390783,0.020369230769230785,0.025526111590898723,1425651075905,0,0,0,0,0,0,0
0.03217562674893917,0.002592932428956778,0.989,-0.02453932928304013,0.06728482055664063,-0.036969554901123046,0,0,1,0,-0.03217562674893917,-0.002592932428956778,0.01100000000000001,0.02453932928304013,-0.04269483763880044,0.013517880904293967,0.0034969696969697006,0.023349332065770823,1425651075971,0,0,0,0,0,0,0
0.03374988058504181,-0.0006045025446407381,0.988,-0.023160519173964653,0.024783523559570312,-0.04736767578125,0,0,1,0,-0.03374988058504181,0.0006045025446407381,0.01200000000000001,0.023160519173964653,-0.027920729902573358,0.017448273280773502,0.014600000000000012,0.0172513329922126,1425651076041,0,0,0,0,0,0,0
0.03608671277156205,-0.002990213254202505,0.989,-0.02270673356844609,0.035871822357177736,-0.034964302062988284,0,0,1,0,-0.03608671277156205,0.002990213254202505,0.01100000000000001,0.02270673356844609,-0.03487104993101797,0.016572393701296297,0.0029666666666666687,0.02043780554085327,1425651076101,0,0,0,0,0,0,0
0.038046830534206946,-0.006529710852898012,0.99,-0.02230530784048744,0.030599639892578124,-0.052411216735839844,0,0,1,0,-0.038046830534206946,0.006529710852898012,0.010000000000000009,0.02230530784048744,-0.032188466369631005,0.022383975522071914,0.002927536231884061,0.020559978588493316,1425651076170,0,0,0,0,0,0,0
0.03917035993836377,-0.010221674973437133,0.989,-0.020577431881013006,0.01808390235900879,-0.05498980712890625,0,0,1,0,-0.03917035993836377,0.010221674973437133,0.01100000000000001,0.020577431881013006,-0.028882839188103228,0.02616243514726083,0.014184615384615396,0.012602619760361772,1425651076235,0,0,0,0,0,0,0
0.040308612756497705,-0.015140646404432875,0.989,-0.017558012275062804,0.018588367462158202,-0.07341764068603515,0,0,1,0,-0.040308612756497705,0.015140646404432875,0.01100000000000001,0.017558012275062804,-0.029652809493813718,0.03565242908681254,0.008800000000000007,0.0034044828721712314,1425651076299,0,0,0,0,0,0,0
0.040492526160571495,-0.02068844694952411,0.993,-0.014730578886832033,0.004219326019287109,-0.08315574645996093,0,0,1,0,-0.040492526160571495,0.02068844694952411,0.007000000000000006,0.014730578886832033,-0.024551637741951956,0.04187847918311559,-0.016275000000000015,0.0014769848795002927,1425651076363,0,0,0,0,0,0,0
0.04073696003997736,-0.026316049242399466,0.996,-0.012950343049797794,0.004909533023834229,-0.08435086822509766,0,0,1,0,-0.04073696003997736,0.026316049242399466,0.0040000000000000036,0.012950343049797794,-0.02503089768555275,0.0451455384092628,-0.013206250000000011,0.0046054875636998005,1425651076427,0,0,0,0,0,0,0
0.03952168025718112,-0.03255251078000628,0.999,-0.010646508437165289,-0.017016237258911132,-0.093775146484375,0,0,1,0,-0.03952168025718112,0.03255251078000628,0.0010000000000000009,0.010646508437165289,-0.016568384893264326,0.051089925011870894,-0.015353846153846164,0.000013425609630652452,1425651076492,0,0,0,0,0,0,0
0.03820275823051594,-0.03822911321127114,0.999,-0.006998770300497212,-0.01887618637084961,-0.08535483551025391,0,0,1,0,-0.03820275823051594,0.03822911321127114,0.0010000000000000009,0.006998770300497212,-0.015788913804938298,0.04916801773324919,0.0008000000000000008,-0.008860960728494426,1425651076561,0,0,0,0,0,0,0
0.03686203601770993,-0.045716002417030624,0.999,-0.006492624817418843,-0.019324361801147463,-0.11244133758544922,0,0,1,0,-0.03686203601770993,0.045716002417030624,0.0010000000000000009,0.006492624817418843,-0.014138554299602398,0.06710254995566622,0.0008000000000000008,0.004003384736705556,1425651076622,0,0,0,0,0,0,0
0.03542769453479476,-0.052133422187987555,1.004,-0.005480333851262217,-0.020889684677124022,-0.09639895629882812,0,0,1,0,-0.03542769453479476,0.052133422187987555,-0.0040000000000000036,0.005480333851262217,-0.013755502838968533,0.06041998660797572,-0.02893529411764708,0.0010143442946888683,1425651076690,0,0,0,0,0,0,0
0.033990200061147315,-0.05900607757880893,1.005,-0.0061086523819799815,-0.020997129440307617,-0.10320645141601563,0,0,1,0,-0.033990200061147315,0.05900607757880893,-0.004999999999999893,0.0061086523819799815,-0.012454729004623653,0.06904406991376161,-0.009555555555554858,0.009100645385397906,1425651076753,0,0,0,0,0,0,0
0.03174682536285062,-0.06500342865986332,1.005,-0.005532693728821911,-0.03310046005249023,-0.09016414642333985,0,0,1,0,-0.03174682536285062,0.06500342865986332,-0.004999999999999893,0.005532693728821911,-0.00726004758720834,0.06619700774300637,-0.003999999999999915,0.0028744230219385075,1425651076818,0,0,0,0,0,0,0
0.029081657231201864,-0.06944055467654403,1.007,-0.004572762640224978,-0.03960867309570312,-0.06677705383300782,0,0,1,0,-0.029081657231201864,0.06944055467654403,-0.006999999999999895,0.004572762640224978,-0.0036751711882270187,0.060059495226797446,-0.016369230769230695,0.00014231146208529017,1425651076883,0,0,0,0,0,0,0
0.027753621317804164,-0.07435873071222329,1.006,-0.0034382986264287346,-0.01958298683166504,-0.07386296081542969,0,0,1,0,-0.027753621317804164,0.07435873071222329,-0.006000000000000005,0.0034382986264287346,-0.01033776125359991,0.06475667954685557,0.0005030303030297131,-0.0017183559817360089,1425651076949,0,0,0,0,0,0,0
0.026454433128042652,-0.07868162336252824,1.008,-0.004468042885105258,-0.019264757156372072,-0.06491001129150391,0,0,1,0,-0.026454433128042652,0.07868162336252824,-0.008000000000000007,0.004468042885105258,-0.00985860743719981,0.06381324991189684,-0.017006060606060622,0.009148698606362185,1425651077015,0,0,0,0,0,0,0
0.024392961811137023,-0.08278798327189185,1.01,-0.004991641660703636,-0.03064655113220215,-0.06173294448852539,0,0,1,0,-0.024392961811137023,0.08278798327189185,-0.010000000000000009,0.004991641660703636,-0.004459446349622845,0.06545163920889084,-0.018937500000000017,0.007446010921321029,1425651077079,0,0,0,0,0,0,0
0.021275972815756872,-0.0864712061400959,1.013,-0.005619960191421622,-0.04647847366333008,-0.05548103713989258,0,0,1,0,-0.021275972815756872,0.0864712061400959,-0.0129999999999999,0.005619960191421622,0.0020939003160284284,0.06413524707246725,-0.026071641791044133,0.00843332674687529,1425651077146,0,0,0,0,0,0,0
0.017634549260128182,-0.0890954121942526,1.016,-0.006161012259539897,-0.05439927291870117,-0.039669437408447264,0,0,1,0,-0.017634549260128182,0.0890954121942526,-0.016000000000000014,0.006161012259539897,0.007850854858337315,0.06084168625662794,-0.029466666666667307,0.008737450679150731,1425651077209,0,0,0,0,0,0,0
0.015449826775658631,-0.0904629270246555,1.017,-0.00671951762017807,-0.03264383697509766,-0.0207142333984375,0,0,1,0,-0.015449826775658631,0.0904629270246555,-0.016999999999999904,0.00671951762017807,0.00028853788915000206,0.05425819926604282,-0.018903030303029644,0.009258178350351583,1425651077275,0,0,0,0,0,0,0
0.012171833385542973,-0.09088051414331727,1.017,-0.006946410422937296,-0.04912670135498047,-0.006594060897827148,0,0,1,0,-0.012171833385542973,0.09088051414331727,-0.016999999999999904,0.006946410422937296,0.0077171499162360605,0.04948947852365687,-0.013599999999999925,0.007977741344570143,1425651077341,0,0,0,0,0,0,0
0.009548909157194377,-0.09011581609859695,1.016,-0.0075747289536553936,-0.03942259216308594,0.011196897506713868,0,0,1,0,-0.009548909157194377,0.09011581609859695,-0.016000000000000014,0.0075747289536553936,0.005983319321414769,0.042768384047117074,-0.007331250000000615,0.010519972066396474,1425651077405,0,0,0,0,0,0,0
0.006013056632961837,-0.08896929005208781,1.015,-0.008848819307611264,-0.05316653442382813,0.016795654296875,0,0,1,0,-0.006013056632961837,0.08896929005208781,-0.014999999999999902,0.008848819307611264,0.012442426122651905,0.04026129170556525,-0.006615384615383935,0.014729236325869127,1425651077470,0,0,0,0,0,0,0
0.003147072203909014,-0.08737780736748006,1.011,-0.010786134777324916,-0.04319932174682617,0.023490901947021484,0,0,1,0,-0.003147072203909014,0.08737780736748006,-0.010999999999999899,0.010786134777324916,0.010266390689278069,0.03712642557905771,0.012738461538461636,0.019727590791387924,1425651077535,0,0,0,0,0,0,0
0.0005573459091271857,-0.08553485642520163,1.008,-0.008936085770210865,-0.03914180374145508,0.02722366714477539,0,0,1,0,-0.0005573459091271857,0.08553485642520163,-0.008000000000000007,0.008936085770210865,0.010073347761907311,0.0349064879155989,0.009753846153845561,0.0003973980450690962,1425651077600,0,0,0,0,0,0,0
-0.0029936536724319528,-0.08381356939130225,1.003,-0.009738937226128274,-0.05349358749389648,0.025342300415039064,0,0,1,0,0.0029936536724319528,0.08381356939130225,-0.0029999999999998916,0.009738937226128274,0.016183406916972117,0.03516685400706055,0.023335294117647738,0.013280928943410958,1425651077668,0,0,0,0,0,0,0
-0.006586876233470086,-0.08098216668073485,1.001,-0.00938987137572943,-0.054309398651123046,0.041944122314453124,0,0,1,0,0.006586876233470086,0.08098216668073485,-0.0009999999999998899,0.00938987137572943,0.019669311762228022,0.026931721973736576,0.010311111111111208,0.007727653040496838,1425651077731,0,0,0,0,0,0,0
-0.00999502166710892,-0.07761406996755485,0.998,-0.009407324668249327,-0.051594310760498044,0.050039199829101565,0,0,1,0,0.00999502166710892,0.07761406996755485,0.0020000000000000018,0.009407324668249327,0.019769086016786428,0.022892232442671683,0.01775384615384557,0.009487878326033471,1425651077796,0,0,0,0,0,0,0
-0.013889864968257486,-0.07201519184519024,1.004,-0.009808750396207976,-0.05921010971069336,0.08342986297607421,0,0,1,0,0.013889864968257486,0.07201519184519024,-0.0040000000000000036,0.009808750396207976,0.024028594694806855,0.008585208440895841,-0.035018181818181844,0.011633412796020015,1425651077862,0,0,0,0,0,0,0
-0.017428074611605025,-0.06628341000757569,0.998,-0.011222467090323473,-0.053913902282714844,0.08545201873779297,0,0,1,0,0.017428074611605025,0.06628341000757569,0.0020000000000000018,0.011222467090323473,0.02420645379299641,0.004589981420388044,0.03390769230769233,0.017747313370856534,1425651077927,0,0,0,0,0,0,0
-0.01995797362192725,-0.05922182784010119,0.995,-0.012845623294678187,-0.03913479614257812,0.10549119567871093,0,0,1,0,0.01995797362192725,0.05922182784010119,0.0050000000000000044,0.012845623294678187,0.019848808596529453,-0.005486066814352077,0.019909090909090925,0.02022360604174507,1425651077993,0,0,0,0,0,0,0
-0.024055537555952154,-0.05089879909941047,0.994,-0.013386675362796351,-0.06306206130981445,0.12404561614990234,0,0,1,0,0.024055537555952154,0.05089879909941047,0.006000000000000005,0.013386675362796351,0.03090540775643128,-0.017683785157470492,0.01026875000000001,0.015922856932100243,1425651078057,0,0,0,0,0,0,0
-0.026635282604181312,-0.04190566085865497,0.988,-0.014521139376592595,-0.04049847793579102,0.1343669891357422,0,0,1,0,0.026635282604181312,0.04190566085865497,0.01200000000000001,0.014521139376592595,0.023694975325119966,-0.025061142699782723,0.04190769230769234,0.019757127132575256,1425651078122,0,0,0,0,0,0,0
-0.02955929919686843,-0.031178364655653115,0.984,-0.016388641676226764,-0.04619213104248047,0.16025559997558594,0,0,1,0,0.02955929919686843,0.031178364655653115,0.016000000000000014,0.016388641676226764,0.027029967020715112,-0.03974229850712248,0.03433846153846157,0.025007883059153704,1425651078187,0,0,0,0,0,0,0
-0.031755814179001106,-0.019850727747407322,0.981,-0.018535396656179638,-0.03572784423828125,0.16935179138183593,0,0,1,0,0.031755814179001106,0.019850727747407322,0.019000000000000017,0.018535396656179638,0.02405266413059554,-0.047701453097074034,0.031109090909090933,0.028293373837783603,1425651078253,0,0,0,0,0,0,0
-0.031843277102222116,-0.007103729598374926,0.979,-0.0203854456632938,-0.004855575561523437,0.19114781188964844,0,0,1,0,0.031843277102222116,0.007103729598374926,0.02100000000000002,0.0203854456632938,0.012933045176016487,-0.061597179380893353,0.027406060606060628,0.02879475933199454,1425651078319,0,0,0,0,0,0,0
-0.03227238266593515,0.006235503923739002,0.979,-0.022968532956245225,-0.010513856887817382,0.1999157257080078,0,0,1,0,0.03227238266593515,-0.006235503923739002,0.02100000000000002,0.022968532956245225,0.015051104802102228,-0.07362200273153206,0.016800000000000016,0.03507675464195503,1425651078383,0,0,0,0,0,0,0
-0.031205841512803645,0.01913590539865311,0.978,-0.024242623310201203,0.011549738883972168,0.19382240295410155,0,0,1,0,0.031205841512803645,-0.01913590539865311,0.02200000000000002,0.024242623310201203,0.0064485330694868115,-0.0765994087329752,0.022984615384615402,0.030123040328459562,1425651078448,0,0,0,0,0,0,0
-0.03062903898131082,0.031350400746896365,0.98,-0.026494098045273792,0.0042082595825195315,0.18337332153320313,0,0,1,0,0.03062903898131082,-0.031350400746896365,0.020000000000000018,0.026494098045273792,0.008864459567574364,-0.07803748639000894,0.005393939393939401,0.036728074113785564,1425651078514,0,0,0,0,0,0,0
-0.0283125688591387,0.04288468463744044,0.985,-0.030229102644541688,0.03015153694152832,0.1738740234375,0,0,1,0,0.0283125688591387,-0.04288468463744044,0.015000000000000013,0.030229102644541688,-0.0016898716782321015,-0.08116634689988367,-0.014923076923076931,0.04746758541039352,1425651078579,0,0,0,0,0,0,0
-0.02388869253867917,0.05445757774415743,0.986,-0.03207915165165563,0.0610810546875,0.17551972961425782,0,0,1,0,0.02388869253867917,-0.05445757774415743,0.014000000000000012,0.03207915165165563,-0.013851978332917333,-0.08358576767044129,0.006127536231884064,0.04012284298693365,1425651078648,0,0,0,0,0,0,0
-0.02048443839118693,0.06473083398771351,0.989,-0.03354522822333082,0.046095027923583984,0.15565736389160156,0,0,1,0,0.02048443839118693,-0.06473083398771351,0.01100000000000001,0.03354522822333082,-0.012634263313387527,-0.08900371349771392,-0.008413114754098368,0.04075544087091372,1425651078709,0,0,0,0,0,0,0
-0.017013816027521136,0.07385538281432692,0.991,-0.035779249665883625,0.04743963241577148,0.13853724670410156,0,0,1,0,0.017013816027521136,-0.07385538281432692,0.009000000000000008,0.035779249665883625,-0.012955686299302075,-0.08233611171650458,-0.0032477611940298513,0.04578233075194095,1425651078776,0,0,0,0,0,0,0
-0.014835225476606354,0.08259187432995574,0.996,-0.03771656513559728,0.02797016716003418,0.13213247680664061,0,0,1,0,0.014835225476606354,-0.08259187432995574,0.0040000000000000036,0.03771656513559728,-0.007819537280649831,-0.08686935067812415,-0.02414375000000002,0.04679773139988002,1425651078840,0,0,0,0,0,0,0
-0.010953395407822222,0.08961442433471473,0.997,-0.03851941659151479,0.05421398544311523,0.10745895385742188,0,0,1,0,0.010953395407822222,-0.08961442433471473,0.0030000000000000027,0.03851941659151479,-0.01874132744154923,-0.08047491787508221,-0.0029846153846153863,0.04222488484959561,1425651078905,0,0,0,0,0,0,0
-0.007787586866439278,0.09531305376578736,1,-0.042097341558103046,0.04416009902954102,0.08724475860595703,0,0,1,0,0.007787586866439278,-0.09531305376578736,0,0.042097341558103046,-0.016205308624617134,-0.07579341296996636,-0.01590909090909092,0.05836063686077694,1425651078971,0,0,0,0,0,0,0
-0.004995444898773353,0.10112682665985738,0.999,-0.0431619924018198,0.038174942016601564,0.08889193725585938,0,0,1,0,0.004995444898773353,-0.10112682665985738,0.0010000000000000009,0.0431619924018198,-0.016079330280841988,-0.08033908654179059,0.006268750000000005,0.0481525432317421,0,0,0,0,0,0,0,0
-0.002038128394401291,0.10677573047993694,1,-0.04375540434749777,0.040662300109863284,0.08656870269775391,0,0,1,0,0.002038128394401291,-0.10677573047993694,0,0.04375540434749777,-0.018211149310517434,-0.0818560465780099,-0.005384615384615389,0.04649422871216532,0,0,0,0,0,0,0,0
0.0007655998685606148,0.11024295672619253,1,-0.04621631859280968,0.03974074935913086,0.05379820251464844,0,0,1,0,-0.0007655998685606148,-0.11024295672619253,0,0.04621631859280968,-0.01855776273124234,-0.07163205148811938,0,0.05740229243513655,0,0,0,0,0,0,0,0
0.0025507854601917886,0.11249048823019298,1.001,-0.0471238898038467,0.0251916561126709,0.03491410446166992,0,0,1,0,-0.0025507854601917886,-0.11249048823019298,-0.0009999999999998899,0.0471238898038467,-0.014346465794035933,-0.066732193213734,-0.00626874999999931,0.05137812985558272,0,0,0,0,0,0,0,0
0.0041822720049691274,0.11383889155505579,0.996,-0.049323004661359596,0.023492353439331055,0.021356399536132813,0,0,1,0,-0.0041822720049691274,-0.11383889155505579,0.0040000000000000036,0.049323004661359596,-0.01392496838998821,-0.0622353769867061,0.029319402985074072,0.05916978760544719,0,0,0,0,0,0,0,0
0.006130078537977148,0.11402762872940926,0.989,-0.050789081233034786,0.0290419864654541,0.004268105506896973,0,0,1,0,-0.006130078537977148,-0.11402762872940926,0.01100000000000001,0.050789081233034786,-0.017032170978590874,-0.05639098171281393,0.04708125000000004,0.05766131516276224,0,0,0,0,0,0,0,0
0.006478255184058333,0.11323384634352258,0.987,-0.05415756668938394,0.0058203873634338375,-0.011626242637634277,0,0,1,0,-0.006478255184058333,-0.11323384634352258,0.013000000000000012,0.05415756668938394,-0.008433200515166033,-0.050761323250666235,0.021169230769230787,0.06970442264176467,0,0,0,0,0,0,0,0
0.006339853311781953,0.11330388842560098,0.983,-0.0561996019142172,-0.0021298561096191404,0.0009367131590843201,0,0,1,0,-0.006339853311781953,-0.11330388842560098,0.017000000000000015,0.0561996019142172,-0.005748082307908993,-0.05552135433899398,0.03513846153846157,0.06562437987498607,0,0,0,0,0,0,0,0
0.006272505618809301,0.11248585130575077,0.98,-0.05811946409141106,-0.00031938302516937257,-0.012307928085327149,0,0,1,0,-0.006272505618809301,-0.11248585130575077,0.020000000000000018,0.05811946409141106,-0.0061066423091768966,-0.0504713511326316,0.031909090909090936,0.06684611035138317,0,0,0,0,0,0,0,0
0.009210096846424395,0.11056464054442641,0.97,-0.06045820528908347,0.045663421630859374,-0.02620997619628906,0,0,1,0,-0.009210096846424395,-0.11056464054442641,0.030000000000000027,0.06045820528908347,-0.023516798741535068,-0.043733555164487035,0.07703030303030309,0.07108884709668534,0,0,0,0,0,0,0,0
0.011721693052907173,0.1088936632423829,0.954,-0.06127851003752067,0.03911955261230469,-0.0227425537109375,0,0,1,0,-0.011721693052907173,-0.1088936632423829,0.04600000000000004,0.06127851003752067,-0.022937255184574182,-0.044017840223200884,0.1243000000000001,0.06512368854582001,0,0,0,0,0,0,0,0
0.015434844563476524,0.10720867787194184,0.921,-0.06281439977927589,0.05714056396484375,-0.021816431045532228,0,0,1,0,-0.015434844563476524,-0.10720867787194184,0.07899999999999996,0.06281439977927589,-0.031062464583842,-0.043310192150618876,0.24089230769230718,0.06990312166429997,0,0,0,0,0,0,0,0
0.018607744667810195,0.10558034107075127,0.891,-0.06503096792930857,0.04903287506103516,-0.02138928985595703,0,0,1,0,-0.018607744667810195,-0.10558034107075127,0.10899999999999999,0.06503096792930857,-0.02949328840003948,-0.04300358552340603,0.2462909090909092,0.07510627770218439,0,0,0,0,0,0,0,0
0.02220181198099667,0.10267803110100043,0.855,-0.06721262949430157,0.05662615966796875,-0.03993921279907227,0,0,1,0,-0.02220181198099667,-0.10267803110100043,0.14500000000000002,0.06721262949430157,-0.03383143798057808,-0.03462646774495627,0.309846153846154,0.07728183671734618,0,0,0,0,0,0,0,0
0.025202395591106572,0.10138061203344963,0.811,-0.06894050545377589,0.046214187622070316,-0.016394464492797852,0,0,1,0,-0.025202395591106572,-0.10138061203344963,0.18899999999999995,0.06894050545377589,-0.03190787902998485,-0.04279223969821468,0.3845333333333329,0.07679448708775008,0,0,0,0,0,0,0,0
0.027582481422897254,0.09947451498751356,0.768,-0.06953391739945397,0.03758602905273437,-0.02606422233581543,0,0,1,0,-0.027582481422897254,-0.09947451498751356,0.23199999999999998,0.06953391739945397,-0.030219483315407268,-0.03835913927582703,0.42075625000000016,0.07231553589481997,0,0,0,0,0,0,0,0
0.03078854851297159,0.09897092970110961,0.719,-0.070441488610491,0.04849961471557617,-0.004194263458251953,0,0,1,0,-0.03078854851297159,-0.09897092970110961,0.281,0.070441488610491,-0.036089873201695925,-0.04588403287625704,0.48864615384615406,0.0746302788152773,0,0,0,0,0,0,0,0
0.03470539306213165,0.09942147360974775,0.669,-0.07007496946757215,0.058131301879882816,0.010876602172851562,0,0,1,0,-0.03470539306213165,-0.09942147360974775,0.33099999999999996,0.07007496946757215,-0.04189811722299715,-0.05131154753095671,0.5340307692307689,0.06838334265410052,0,0,0,0,0,0,0,0
0.038204451542063304,0.09993818104882723,0.619,-0.06970845032465352,0.05181438446044922,0.011406526565551758,0,0,1,0,-0.038204451542063304,-0.09993818104882723,0.381,0.06970845032465352,-0.0411377731335793,-0.051949969995330726,0.5699515151515153,0.06804245422047792,0,0,0,0,0,0,0,0
0.044528685237311925,0.09956506288460135,0.567,-0.06864379948093687,0.09502294158935547,0.0010242538452148438,0,0,1,0,-0.044528685237311925,-0.09956506288460135,0.43300000000000005,0.06864379948093687,-0.05931126869165626,-0.04711035171598099,0.622157575757576,0.063804477464043,0,0,0,0,0,0,0,0
0.04859514862082784,0.1012920042555551,0.512,-0.06688101693642251,0.0590765380859375,0.03002688980102539,0,0,1,0,-0.04859514862082784,-0.1012920042555551,0.488,0.06688101693642251,-0.049734825596523924,-0.05931723421009125,0.6865538461538458,0.05874509750020241,0,0,0,0,0,0,0,0
0.05766082186579924,0.10304686043141004,0.46,-0.06436774281355069,0.13392189025878906,0.03535203552246094,0,0,1,0,-0.05766082186579924,-0.10304686043141004,0.54,0.06436774281355069,-0.08048491700104053,-0.06026981362955573,0.707757575757576,0.05294376952776969,0,0,0,0,0,0,0,0
0.0684130570903749,0.10366379565792304,0.409,-0.06166248247295954,0.1603542785644531,0.019609153747558592,0,0,1,0,-0.0684130570903749,-0.10366379565792304,0.591,0.06166248247295954,-0.09663056541880996,-0.054712435114007654,0.7517062499999996,0.048981574626438505,0,0,0,0,0,0,0,0
0.07912498558100985,0.10245486624206644,0.363,-0.059096848472527906,0.16149102783203126,-0.008197893142700195,0,0,1,0,-0.07912498558100985,-0.10245486624206644,0.637,0.059096848472527906,-0.10091628946992971,-0.04429108161760821,0.7572923076923079,0.04725546077822807,0,0,0,0,0,0,0,0
0.09133390305004246,0.10041325427605101,0.314,-0.057176986295334145,0.184622802734375,-0.0197543888092041,0,0,1,0,-0.09133390305004246,-0.10041325427605101,0.6859999999999999,0.057176986295334145,-0.11414567293636227,-0.039019438191149086,0.8086484848484844,0.048450340035362506,0,0,0,0,0,0,0,0
0.1027619432034137,0.09593440171993822,0.274,-0.05496041814530124,0.1749796905517578,-0.05727702713012695,0,0,1,0,-0.1027619432034137,-0.09593440171993822,0.726,0.05496041814530124,-0.117678295939971,-0.02317441513676077,0.7995500000000002,0.044570254942022,0,0,0,0,0,0,0,0
0.11675272393113637,0.08574353551160106,0.242,-0.05262167694762894,0.2179420166015625,-0.14110389709472657,0,0,1,0,-0.11675272393113637,-0.08574353551160106,0.758,0.05262167694762894,-0.1332248794236239,0.009060929619170335,0.7687188405797103,0.04245323695774937,0,0,0,0,0,0,0,0
0.1349616015731052,0.06674243938768948,0.205,-0.048956485518440854,0.2877462158203125,-0.2702558288574219,0,0,1,0,-0.1349616015731052,-0.06674243938768948,0.795,0.048956485518440854,-0.17423731731321834,0.07409155007360255,0.8448709677419358,0.031221688280433986,0,0,0,0,0,0,0,0
0.1582500926129727,0.0389426964132709,0.158,-0.045535640184532,0.36931533813476564,-0.3994015197753906,0,0,1,0,-0.1582500926129727,-0.0389426964132709,0.842,0.045535640184532,-0.20859194132643602,0.1303927802041468,0.9266769230769226,0.029747123258798847,0,0,0,0,0,0,0,0
0.17992742334767522,0.011304973358057881,0.119,-0.04417428336797631,0.34369390869140626,-0.39933486938476564,0,0,1,0,-0.17992742334767522,-0.011304973358057881,0.881,0.04417428336797631,-0.20739137834976978,0.13888930890499504,0.9085313432835823,0.03807865583115978,0,0,0,0,0,0,0,0
0.19912538801150925,-0.016613900576874327,0.081,-0.039915679993110256,0.30618197631835936,-0.4056578674316406,0,0,1,0,-0.19912538801150925,0.016613900576874327,0.919,0.039915679993110256,-0.21053138149956865,0.16358790261009307,0.9463111111111113,0.019636616303271903,0,0,0,0,0,0,0,0
0.2119208643734994,-0.041618200950719796,0,-0.04220206131322275,0.20674624633789063,-0.367106689453125,0,0,1,0,-0.2119208643734994,0.041618200950719796,1,0.04220206131322275,-0.17931022787113887,0.15565078990811845,1.236153846153846,0.052754590482972735,0,0,0,0,0,0,0,0
