0,0,0.74,0,-0.001583662748336792,-0.022467552185058595,0,0,0.5,0,0,0,-0.24,0,0,0,-0.192,0,0,0,0,0,0,0,0,0
-0.0019991915384928384,-0.001174029541015625,0.739,0.0004886921905584707,-0.029987873077392577,-0.017610443115234374,0,0,0.5,0,0.0019991915384928384,0.001174029541015625,-0.239,-0.0004886921905584707,0.011933953977963764,0.006909475418255144,-0.18581538461538463,-0.002744194608520643,0,0,0,0,0,0,0,0
-0.0008841970921613284,-0.0011633814984917795,0.737,-0.0008901179185170083,0.016724992752075195,0.00015154728293418883,0,0,0.5,0,0.0008841970921613284,0.0011633814984917795,-0.237,0.0008901179185170083,-0.005468887737860367,0.0005258744528316329,-0.1788307692307692,0.007253856883480758,0,0,0,0,0,0,0,0
0.00025385522041461374,-0.0017427934331793464,0.736,-0.0010471975511963105,0.017078514099121093,-0.008675980567932128,0,0,0.5,0,-0.00025385522041461374,0.0017427934331793464,-0.236,0.0010471975511963105,-0.006253203554228649,0.003993959267045356,-0.18341538461538462,0.0017721804712546286,0,0,0,0,0,0,0,0
0.0040564227746656386,-0.0023164479259095384,0.732,-0.0012042771838758346,0.05704749298095703,-0.008545082092285156,0,0,0.5,0,-0.0040564227746656386,0.0023164479259095384,-0.23199999999999998,0.0012042771838758346,-0.02189339000931008,0.0041591306899360645,-0.16470447761194026,0.0019076188227393751,0,0,0,0,0,0,0,0
0.01029368571866567,-0.003918405898505242,0.727,-0.0005934119456780793,0.09358781433105469,-0.02391668128967285,0,0,0.5,0,-0.01029368571866567,0.003918405898505242,-0.22699999999999998,0.0005934119456780793,-0.03980580843782261,0.010865642212406861,-0.1538222222222222,-0.0023154701409778987,0,0,0,0,0,0,0,0
0.018113933310815067,-0.006168625942948204,0.723,-0.0007330382858374838,0.11732372283935547,-0.03368368530273438,0,0,0.5,0,-0.018113933310815067,0.006168625942948204,-0.22299999999999998,0.0007330382858374838,-0.05054743658825027,0.015028042097497335,-0.15718787878787877,0.0013677034683802311,0,0,0,0,0,0,0,0
0.030423287319830763,-0.008449881329851111,0.721,-0.001361356816555359,0.18466534423828124,-0.03408347320556641,0,0,0.5,0,-0.030423287319830763,0.008449881329851111,-0.22099999999999997,0.001361356816555359,-0.08153201574277097,0.01652485998220008,-0.1660307692307692,0.004261288496791705,0,0,0,0,0,0,0,0
0.0442835657628857,-0.012430777468910463,0.713,-0.0012391837689160743,0.20798527526855468,-0.05943035507202148,0,0,0.5,0,-0.0442835657628857,0.012430777468910463,-0.21299999999999997,0.0012391837689160743,-0.09800775721022043,0.028010106657236578,-0.12664999999999996,0.0006664976081069277,0,0,0,0,0,0,0,0
0.060962561870896236,-0.016033941145401902,0.705,-0.0015184364492348832,0.25025172424316405,-0.05373738861083984,0,0,0.5,0,-0.060962561870896236,0.016033941145401902,-0.20499999999999996,0.0015184364492348832,-0.11643808615618953,0.026597761208686274,-0.12282352941176465,0.002750433568288452,0,0,0,0,0,0,0,0
0.07784973887627974,-0.019922679510372902,0.701,-0.0012915436464757677,0.25339593505859376,-0.05794637680053711,0,0,0.5,0,-0.07784973887627974,0.019922679510372902,-0.20099999999999996,0.0012915436464757677,-0.13290059593893339,0.03161308831317405,-0.13857777777777774,0.00021110172857521773,0,0,0,0,0,0,0,0
0.0957880477599043,-0.02351074165764099,0.696,-0.0012915436464757677,0.2691439208984375,-0.053473365783691405,0,0,0.5,0,-0.0957880477599043,0.02351074165764099,-0.19599999999999995,0.0012915436464757677,-0.14470525657062877,0.031138633980404732,-0.12987692307692303,0.0012915436464757677,0,0,0,0,0,0,0,0
0.11404949719469412,-0.028538723291745092,0.686,-0.0006457718232377727,0.2740189208984375,-0.07506587982177734,0,0,0.5,0,-0.11404949719469412,0.028538723291745092,-0.18600000000000005,0.0006457718232377727,-0.15416137969737068,0.04101466468442737,-0.09576969696969756,-0.0022895546460258405,0,0,0,0,0,0,0,0
0.13167219439240108,-0.03274993452915121,0.677,-0.0002617993877989109,0.2643811950683594,-0.06299745178222656,0,0,0.5,0,-0.13167219439240108,0.03274993452915121,-0.17700000000000005,0.0002617993877989109,-0.16110874194182445,0.03915377160864267,-0.09313846153846153,-0.0015103810834573744,0,0,0,0,0,0,0,0
0.14830631791541218,-0.037178655227227526,0.67,-0.0016580627893947315,0.24952923583984374,-0.06636548614501953,0,0,0.5,0,-0.14830631791541218,0.037178655227227526,-0.17000000000000004,0.0016580627893947315,-0.16025201780111364,0.041512546572414204,-0.09997058823529413,0.00781804838467041,0,0,0,0,0,0,0,0
0.16208098526935735,-0.04044234191272634,0.664,-0.0011170107212761233,0.20670089721679688,-0.048612644195556644,0,0,0.5,0,-0.16208098526935735,0.04044234191272634,-0.16400000000000003,0.0011170107212761233,-0.15938324837172224,0.038798615961887564,-0.09732903225806452,-0.0015009831567171419,0,0,0,0,0,0,0,0
0.1777645432864953,-0.04462673995132915,0.658,-0.0015009831567152072,0.23532333374023437,-0.06250315093994141,0,0,0.5,0,-0.1777645432864953,0.04462673995132915,-0.15800000000000003,0.0015009831567152072,-0.1740302831844549,0.045027158675453385,-0.09409230769230771,0.0032731636279725177,0,0,0,0,0,0,0,0
0.18806727502878567,-0.04780119924405308,0.65,-0.00087266462599711,0.15461227416992188,-0.04738487243652344,0,0,0.5,0,-0.18806727502878567,0.04780119924405308,-0.15000000000000002,0.00087266462599711,-0.14949154430588824,0.040948816884352396,-0.07757575757575758,-0.001983328695448786,0,0,0,0,0,0,0,0
0.19547516972978823,-0.05184492353882058,0.646,-0.001692969374434305,0.11117131042480469,-0.06055887222290039,0,0,0.5,0,-0.19547516972978823,0.05184492353882058,-0.14600000000000002,0.001692969374434305,-0.13857551565798498,0.04794402445573334,-0.09526153846153845,0.005478991290298282,0,0,0,0,0,0,0,0
0.19832026236391195,-0.05586422450748073,0.641,-0.0013089969389956653,0.042778396606445314,-0.06021717834472656,0,0,0.5,0,-0.19832026236391195,0.05586422450748073,-0.14100000000000001,0.0013089969389956653,-0.11510469698431046,0.04921355226548239,-0.08668059701492536,-0.0004102826226698858,0,0,0,0,0,0,0,0
0.20094007864976285,-0.05869723364754786,0.638,-0.0016580627893947313,0.03935283660888672,-0.04244366073608399,0,0,0.5,0,-0.20094007864976285,0.05869723364754786,-0.138,0.0016580627893947313,-0.11600790288270987,0.045164293456045446,-0.09399375,0.003294308963140353,0,0,0,0,0,0,0,0
0.20002230382657654,-0.06180957550193495,0.633,-0.0017104226669544247,-0.013689196586608887,-0.04670788955688476,0,0,0.5,0,-0.20002230382657654,0.06180957550193495,-0.133,0.0017104226669544247,-0.09641004522281527,0.04802638570388826,-0.07947692307692307,0.0019520836403068558,0,0,0,0,0,0,0,0
0.19621807309525124,-0.0646650652305168,0.629,-0.0029845130209102946,-0.056990116119384766,-0.04292988586425781,0,0,0.5,0,-0.19621807309525124,0.0646650652305168,-0.129,0.0029845130209102946,-0.07909301671468534,0.048113112952396904,-0.08166153846153845,0.008864930039168155,0,0,0,0,0,0,0,0
0.19085660733765544,-0.06777640242324519,0.625,-0.0030717794835100056,-0.08028234100341797,-0.04690987014770508,0,0,0.5,0,-0.19085660733765544,0.06777640242324519,-0.125,0.0030717794835100056,-0.06815122895073883,0.05109047640189456,-0.07846153846153844,0.003474547772431749,0,0,0,0,0,0,0,0
0.18396273788615558,-0.06951018121618943,0.622,-0.0031939525311495123,-0.10332766723632812,-0.02632420539855957,0,0,0.5,0,-0.18396273788615558,0.06951018121618943,-0.122,0.0031939525311495123,-0.05768422939576749,0.044307636901067565,-0.08192835820895522,0.0037409960280428258,0,0,0,0,0,0,0,0
0.1762378803011208,-0.07128332160698944,0.617,-0.004782202150464209,-0.11578732299804688,-0.02696706199645996,0,0,0.5,0,-0.1762378803011208,0.07128332160698944,-0.11699999999999999,0.004782202150464209,-0.047029705861468464,0.04603284214199153,-0.0658222222222222,0.012345295575772287,0,0,0,0,0,0,0,0
0.16658778850007258,-0.07220561422195337,0.611,-0.005305800926062697,-0.14468356323242187,-0.014526458740234375,0,0,0.5,0,-0.16658778850007258,0.07220561422195337,-0.11099999999999999,0.005305800926062697,-0.03482122193274615,0.0415095327581935,-0.05745671641791041,0.007650273055608167,0,0,0,0,0,0,0,0
0.15703648438969955,-0.07319450203283448,0.606,-0.005201081170942867,-0.1431888427734375,-0.01559326457977295,0,0,0.5,0,-0.15703648438969955,0.07319450203283448,-0.10599999999999998,0.005201081170942867,-0.0283233061928752,0.04264085486461088,-0.057456249999999966,0.004710207318818664,0,0,0,0,0,0,0,0
0.14904531687310307,-0.07341122340132063,0.601,-0.0060039326268603865,-0.11984898376464843,-0.0038742144107818603,0,0,0.5,0,-0.14904531687310307,0.07341122340132063,-0.10099999999999998,0.0060039326268603865,-0.03362893269324284,0.038555913843234174,-0.053876923076923044,0.009709400884941245,0,0,0,0,0,0,0,0
0.1383756638529669,-0.07438252007061938,0.598,-0.005148721293382952,-0.15995443725585937,-0.015530079841613769,0,0,0.5,0,-0.1383756638529669,0.07438252007061938,-0.09799999999999998,0.005148721293382952,-0.015679188040089338,0.04299837507610042,-0.0627283582089552,0.0013194168151257819,0,0,0,0,0,0,0,0
0.12931335807525787,-0.07344482880370004,0.595,-0.005131268000863276,-0.1360052032470703,0.013365296363830567,0,0,0.5,0,-0.12931335807525787,0.07344482880370004,-0.09499999999999997,0.005131268000863276,-0.017408304367327772,0.03237459719241502,-0.05959374999999997,0.005049455692177296,0,0,0,0,0,0,0,0
0.12100305244415073,-0.07253721536505266,0.595,-0.005340707511102494,-0.12472280120849609,0.01297438907623291,0,0,0.5,0,-0.12100305244415073,0.07253721536505266,-0.09499999999999997,0.005340707511102494,-0.019481663977153556,0.03235612529161098,-0.07599999999999998,0.006278496362919887,0,0,0,0,0,0,0,0
0.11444772517534559,-0.07041840307769211,0.593,-0.005602506898901849,-0.0984982452392578,0.03125658226013184,0,0,0.5,0,-0.11444772517534559,0.07041840307769211,-0.09299999999999997,0.005602506898901849,-0.02326966192452068,0.02431116759938444,-0.06328888888888887,0.006829691529211326,0,0,0,0,0,0,0,0
0.10965782562193747,-0.06883881076932336,0.591,-0.004031710572106827,-0.07198011016845703,0.023290983200073244,0,0,0.5,0,-0.10965782562193747,0.06883881076932336,-0.09099999999999997,0.004031710572106827,-0.03157270773512246,0.026831799001362885,-0.062030769230769195,-0.0033313972097448368,0,0,0,0,0,0,0,0
0.10485249377146041,-0.0668193004112291,0.585,-0.004450589592585485,-0.07220152282714844,0.03000180435180664,0,0,0.5,0,-0.10485249377146041,0.0668193004112291,-0.08499999999999996,0.004450589592585485,-0.02992957999082954,0.023822628823534572,-0.0366567164179104,0.006326167296221263,0,0,0,0,0,0,0,0
0.10083884103003646,-0.06527364519583594,0.583,-0.0028274333882307703,-0.060307380676269534,0.02291665267944336,0,0,0.5,0,-0.10083884103003646,0.06527364519583594,-0.08299999999999996,0.0028274333882307703,-0.03079069112020278,0.02505363116857965,-0.05528888888888885,-0.0049018818706012025,0,0,0,0,0,0,0,0
0.09798232852032032,-0.06321852186968469,0.58,-0.0024260076602720107,-0.042934677124023435,0.030705577850341798,0,0,0.5,0,-0.09798232852032032,0.06321852186968469,-0.07999999999999996,0.0024260076602720107,-0.036577001587846956,0.021756385873744444,-0.04809090909090905,0.000601345260459467,1425653276469,0,0,0,0,0,0,0
0.0956692862398139,-0.061443739519302765,0.577,-0.0025307274153918416,-0.03476011657714844,0.026537485122680664,0,0,0.5,0,-0.0956692862398139,0.061443739519302765,-0.07699999999999996,0.0025307274153918416,-0.03836566127080594,0.022396204256322064,-0.045690909090909046,0.0030067263023001636,1425653276469,0,0,0,0,0,0,0
0.09304836587390966,-0.05917760643324435,0.574,-0.0024434609527916864,-0.03939970397949219,0.03389239501953125,0,0,0.5,0,-0.09304836587390966,0.05917760643324435,-0.07399999999999995,0.0024434609527916864,-0.035047727096690226,0.018319820652386853,-0.04279374999999995,0.0020343994093534592,1425653276469,0,0,0,0,0,0,0
0.09057879971839103,-0.056757689092574115,0.571,-0.0017104226669544245,-0.03713207626342773,0.03620813751220703,0,0,0.5,0,-0.09057879971839103,0.056757689092574115,-0.07099999999999995,0.0017104226669544245,-0.03530607134292249,0.01689944570581851,-0.041128358208955176,-0.00157183831440645,1425653276469,0,0,0,0,0,0,0
0.09018804330635609,-0.05515462682848782,0.569,-0.0014486232791552913,-0.0059024662971496585,0.024035873413085936,0,0,0.5,0,-0.09018804330635609,0.05515462682848782,-0.06899999999999995,0.0014486232791552913,-0.04596596110003224,0.020143250593825636,-0.04443076923076919,0.00024031841239006155,1425653276469,0,0,0,0,0,0,0
0.08986238328275652,-0.05410868691368682,0.564,-0.0008901179185170074,-0.004907622814178467,0.015682005882263185,0,0,0.5,0,-0.08986238328275652,0.05410868691368682,-0.06399999999999995,0.0008901179185170074,-0.04493119164137826,0.02705434345684341,-0.05119999999999996,0.0008901179185170074,1425653276469,0,0,0,0,0,0,0
0.08835514505007551,-0.053122865635175716,0.561,-0.0025307274153918416,-0.022621726989746092,0.014767189025878907,0,0,0.5,0,-0.08835514505007551,0.053122865635175716,-0.061000000000000054,0.0025307274153918416,-0.03624295689897758,0.02136865379559063,-0.03289090909090971,0.009988043310277452,1425653276861,0,0,0,0,0,0,0
0.08678479560517324,-0.05279868405527591,0.558,-0.0034557519189486454,-0.023567472457885742,0.004803096294403076,0,0,0.5,0,-0.08678479560517324,0.05279868405527591,-0.05800000000000005,0.0034557519189486454,-0.034918405940697714,0.024695326261675466,-0.02999375000000003,0.007791804279371164,1425653276925,0,0,0,0,0,0,0
0.08809881748781435,-0.05367446351359274,0.556,-0.004590215932745111,0.01975560760498047,-0.013068499565124512,0,0,0.5,0,-0.08809881748781435,0.05367446351359274,-0.05600000000000005,0.004590215932745111,-0.051086585033326304,0.031517013216030634,-0.03435223880597019,0.009669905546759136,1425653276992,0,0,0,0,0,0,0
0.08939095215466586,-0.05556997114241112,0.553,-0.004782202150464209,0.019512327194213867,-0.028343347549438475,0,0,0.5,0,-0.08939095215466586,0.05556997114241112,-0.05300000000000005,0.004782202150464209,-0.051991930618693276,0.038291421837505904,-0.025993750000000027,0.00568213754602248,1425653277056,0,0,0,0,0,0,0
0.09207756382985859,-0.057205544574190796,0.552,-0.006597344572538243,0.040416038513183594,-0.02434060287475586,0,0,0.5,0,-0.09207756382985859,0.057205544574190796,-0.052000000000000046,0.006597344572538243,-0.06102021223650681,0.03772430496186782,-0.03613125000000003,0.01510582467601028,1425653277120,0,0,0,0,0,0,0
0.09417542645524746,-0.059242098463821787,0.552,-0.0063879050622992475,0.03166879081726074,-0.03034004020690918,0,0,0.5,0,-0.09417542645524746,0.059242098463821787,-0.052000000000000046,0.0063879050622992475,-0.058563920805983376,0.04063704647709171,-0.04160000000000004,0.0054359072884856315,1425653277186,0,0,0,0,0,0,0
0.0984744638645175,-0.060652235578170524,0.55,-0.005864306286700981,0.06461936187744141,-0.02073970031738281,0,0,0.5,0,-0.0984744638645175,0.060652235578170524,-0.050000000000000044,0.005864306286700981,-0.072451329237957,0.03806023836809937,-0.029393939393939424,0.0034843118521634075,1425653277252,0,0,0,0,0,0,0
0.10149404164517807,-0.06227029273425846,0.547,-0.005201081170942867,0.045435218811035155,-0.024004825592041014,0,0,0.5,0,-0.10149404164517807,0.06227029273425846,-0.04700000000000004,0.005201081170942867,-0.0672430910137532,0.04001297162129822,-0.021690909090909115,0.0021864215538605312,0,0,0,0,0,0,0,0
0.10399657865949175,-0.0635510442753464,0.544,-0.005131268000863276,0.03763746643066406,-0.019015775680541993,0,0,0.5,0,-0.10399657865949175,0.0635510442753464,-0.04400000000000004,0.005131268000863276,-0.06644994830511924,0.03922806475834378,-0.01853333333333335,0.004798824333817604,0,0,0,0,0,0,0,0
0.10524551433410177,-0.06500730279702038,0.544,-0.0037000980142278816,0.01884587478637695,-0.02174746131896973,0,0,0.5,0,-0.10524551433410177,0.06500730279702038,-0.04400000000000004,0.0037000980142278816,-0.059864038498023596,0.040606395569132585,-0.03520000000000003,-0.002805220106842093,0,0,0,0,0,0,0,0
0.1073525206223048,-0.06512960165163456,0.545,-0.004590215932745112,0.031611665725708005,-0.0017175285816192628,0,0,0.5,0,-0.1073525206223048,0.06512960165163456,-0.04500000000000004,0.004590215932745112,-0.0655387687717593,0.033636501996091396,-0.04130303030303034,0.008636206471459795,0,0,0,0,0,0,0,0
0.10762537283130154,-0.06508172670213459,0.544,-0.004555309347705094,0.004089443683624267,0.0007369033694267273,0,0,0.5,0,-0.10762537283130154,0.06508172670213459,-0.04400000000000004,0.004555309347705094,-0.05606271743780459,0.03274384616430794,-0.029731250000000025,0.004391684730330012,0,0,0,0,0,0,0,0
0.1080966318675166,-0.06460108458056564,0.544,-0.004921828490624058,0.007035970211029053,0.0072417578697204586,0,0,0.5,0,-0.1080966318675166,0.06460108458056564,-0.04400000000000004,0.004921828490624058,-0.057413997905217715,0.030219258976284427,-0.03520000000000003,0.0066134553040962,0,0,0,0,0,0,0,0
0.10621617834320488,-0.06440176857554121,0.545,-0.004241150082346046,-0.028221176147460936,0.0028508753776550293,0,0,0.5,0,-0.10621617834320488,0.06440176857554121,-0.04500000000000004,0.004241150082346046,-0.04403422314136053,0.03169320028880294,-0.04130303030303034,0.0011471573174459885,0,0,0,0,0,0,0,0
0.10384022587554743,-0.063465453428288,0.544,-0.006038839211900182,-0.03569853210449219,0.013893449783325195,0,0,0.5,0,-0.10384022587554743,0.063465453428288,-0.04400000000000004,0.006038839211900182,-0.04028713554492784,0.0273586011298924,-0.029896969696969724,0.014210153437146256,0,0,0,0,0,0,0,0
0.09939641805323714,-0.06228892730509596,0.543,-0.006510078109938755,-0.0667624740600586,0.017245040893554688,0,0,0.5,0,-0.09939641805323714,0.06228892730509596,-0.04300000000000004,0.006510078109938755,-0.026801391273768117,0.025440992806773085,-0.029015384615384644,0.008685026870116783,1425653277839,0,0,0,0,0,0,0
0.09631822542771866,-0.06083460022846526,0.541,-0.007435102613495781,-0.04631392669677734,0.021513856887817383,0,0,0.5,0,-0.09631822542771866,0.06083460022846526,-0.041000000000000036,0.007435102613495781,-0.03241826867076466,0.023134552875621515,-0.02186250000000002,0.01177115497391934,1425653277839,0,0,0,0,0,0,0
0.09061315925250737,-0.05955954976443721,0.539,-0.0075747289536554074,-0.08571582794189453,0.018488967895507812,0,0,0.5,0,-0.09061315925250737,0.05955954976443721,-0.039000000000000035,0.0075747289536554074,-0.015738912960185793,0.02362343620651208,-0.020430769230769252,0.008219158215930607,1425653277839,0,0,0,0,0,0,0
0.08547534395967119,-0.05855662764570045,0.536,-0.009128071987930308,-0.07717897033691407,0.01445964241027832,0,0,0.5,0,-0.08547534395967119,0.05855662764570045,-0.03600000000000003,0.009128071987930308,-0.016700015948789785,0.024707752478915903,-0.012890909090909106,0.016188722143725312,1425653277839,0,0,0,0,0,0,0
0.0781803761416157,-0.05724224935273965,0.534,-0.009058258817850495,-0.10959992218017578,0.018716032028198243,0,0,0.5,0,-0.0781803761416157,0.05724224935273965,-0.03400000000000003,0.009058258817850495,-0.0010687435301612383,0.02232887560427395,-0.01643076923076925,0.008736044186712895,1425653277839,0,0,0,0,0,0,0
0.07293516742525583,-0.055625982525296935,0.532,-0.010140362954087044,-0.07889450836181641,0.023530330657958985,0,0,0.5,0,-0.07293516742525583,0.055625982525296935,-0.03200000000000003,0.010140362954087044,-0.010375257636845985,0.020192248256848885,-0.015152238805970168,0.014985605355146217,1425653278166,0,0,0,0,0,0,0
0.0661393179405218,-0.05412445018228804,0.531,-0.010855947947404852,-0.102160888671875,0.0214881591796875,0,0,0.5,0,-0.0661393179405218,0.05412445018228804,-0.031000000000000028,0.010855947947404852,0.0027447957709923615,0.019707801652108108,-0.01933125000000002,0.014210252603582078,1425653278230,0,0,0,0,0,0,0
0.060078878210536195,-0.052292030989682145,0.534,-0.01303760951239763,-0.09119962310791016,0.026497810363769532,0,0,0.5,0,-0.060078878210536195,0.052292030989682145,-0.03400000000000003,0.01303760951239763,0.0012042995031239373,0.01717021430120811,-0.04335384615384619,0.023106816735441217,1425653278295,0,0,0,0,0,0,0
0.05382093094594155,-0.0503783599658828,0.532,-0.013665928043115281,-0.09423546600341796,0.027478830337524414,0,0,0.5,0,-0.05382093094594155,0.0503783599658828,-0.03200000000000003,0.013665928043115281,0.005361791639739676,0.015808614863013864,-0.014830769230769248,0.016565859723350597,1425653278360,0,0,0,0,0,0,0
0.04882099098595765,-0.04979992931355149,0.529,-0.014276793281313701,-0.07511066436767579,0.007650749206542969,0,0,0.5,0,-0.04882099098595765,0.04979992931355149,-0.029000000000000026,0.014276793281313701,0.0010561424892252085,0.02274152533726834,-0.007046153846153858,0.017096171303767945,1425653278425,0,0,0,0,0,0,0
0.04330007812738628,-0.0488130583679569,0.53,-0.015184364492350385,-0.08301658630371093,0.013619281768798829,0,0,0.5,0,-0.04330007812738628,0.0488130583679569,-0.030000000000000027,0.015184364492350385,0.005705423795184187,0.02024012521860452,-0.029223880597014952,0.019248116183559417,1425653278492,0,0,0,0,0,0,0
0.03833093614829213,-0.04816347872054932,0.528,-0.015533430342749451,-0.07467648315429687,0.00861081600189209,0,0,0.5,0,-0.03833093614829213,0.04816347872054932,-0.028000000000000025,0.015533430342749451,0.0064998686240663045,0.02154906730897101,-0.011462500000000011,0.017169676516495074,1425653278556,0,0,0,0,0,0,0
0.03490863125917872,-0.04701082660442662,0.527,-0.016353735091186872,-0.05159693908691406,0.016490325927734376,0,0,0.5,0,-0.03490863125917872,0.04701082660442662,-0.027000000000000024,0.016353735091186872,-0.0005588691831020787,0.018349098667378994,-0.01621538461538463,0.020139757007051888,1425653278621,0,0,0,0,0,0,0
0.030734189563395117,-0.046476349494188295,0.527,-0.01745329251994332,-0.0627393569946289,0.006992114543914795,0,0,0.5,0,-0.030734189563395117,0.046476349494188295,-0.027000000000000024,0.01745329251994332,0.005558341862105343,0.021440704386500767,-0.021600000000000022,0.022528172960357695,1425653278686,0,0,0,0,0,0,0
0.028269864002341463,-0.046210727919320696,0.525,-0.01841322360854014,-0.03702878952026367,0.0033385906219482423,0,0,0.5,0,-0.028269864002341463,0.046210727919320696,-0.025000000000000022,0.01841322360854014,-0.0024361884175152365,0.02278561422421074,-0.00923076923076924,0.022843674786679317,1425653278751,0,0,0,0,0,0,0
0.025160630604358324,-0.04639674626487377,0.523,-0.018448130193579937,-0.04657921981811523,-0.0036485188007354735,0,0,0.5,0,-0.025160630604358324,0.04639674626487377,-0.02300000000000002,0.018448130193579937,0.0023207358652254668,0.025325976191427454,-0.007793939393939403,0.01860679648921537,1425653278817,0,0,0,0,0,0,0
0.02330979144691478,-0.04651297399627546,0.524,-0.019477874452256794,-0.027725702285766603,-0.0022552580833435057,0,0,0.5,0,-0.02330979144691478,0.04651297399627546,-0.02400000000000002,0.019477874452256794,-0.003135345109007863,0.025063017843201363,-0.024668750000000024,0.02430480066480456,1425653278881,0,0,0,0,0,0,0
0.019727339692703065,-0.046611849409047605,0.525,-0.020751964806212442,-0.05369769668579102,-0.0025294618606567384,0,0,0.5,0,-0.019727339692703065,0.046611849409047605,-0.025000000000000022,0.020751964806212442,0.007518934293360211,0.025031938274249765,-0.025303030303030324,0.02654328459691993,1425653278947,0,0,0,0,0,0,0
0.01738382013191369,-0.04659297226477411,0.524,-0.021851522234969112,-0.035151100158691405,-0.0004463409781455994,0,0,0.5,0,-0.01738382013191369,0.04659297226477411,-0.02400000000000002,0.021851522234969112,0.002300495860113933,0.02442679966245712,-0.01381538461538463,0.02692640267538451,1425653279012,0,0,0,0,0,0,0
0.01453208560322482,-0.04624821326568048,0.523,-0.022776546738525912,-0.04287879943847656,0.004235503673553467,0,0,0.5,0,-0.01453208560322482,0.04624821326568048,-0.02300000000000002,0.022776546738525912,0.0064534594036597046,0.02252973305250152,-0.013015384615384628,0.02704589060109576,1425653279077,0,0,0,0,0,0,0
0.013411324537340005,-0.046378412480712825,0.523,-0.022951079663725553,-0.016762577056884765,-0.0023353545665740967,0,0,0.5,0,-0.013411324537340005,0.046378412480712825,-0.02300000000000002,0.022951079663725553,-0.0024070752587658133,0.02517228740550639,-0.018400000000000017,0.023744411141905737,1425653279143,0,0,0,0,0,0,0
0.012227590242925628,-0.045529911423691796,0.523,-0.024068090385001677,-0.01804342269897461,0.012316679954528809,0,0,0.5,0,-0.012227590242925628,0.045529911423691796,-0.02300000000000002,0.024068090385001677,-0.001292916741579186,0.019446485481976014,-0.018400000000000017,0.029304078140983507,1425653279207,0,0,0,0,0,0,0
0.009876648509330626,-0.04460719248683015,0.523,-0.02480112867083916,-0.03558700180053711,0.012988117218017578,0,0,0.5,0,-0.009876648509330626,0.04460719248683015,-0.02300000000000002,0.02480112867083916,0.00606150440815863,0.0186858742611442,-0.018400000000000017,0.028184382297781394,1425653279272,0,0,0,0,0,0,0
0.00929579315596503,-0.04415313331180941,0.523,-0.025499260371637293,-0.008879051208496094,0.006592727184295654,0,0,0.5,0,-0.00929579315596503,0.04415313331180941,-0.02300000000000002,0.025499260371637293,-0.003185344535791354,0.02101109677404523,-0.018400000000000017,0.02872140668301329,1425653279337,0,0,0,0,0,0,0
0.00686309484951444,-0.04414389952081675,0.526,-0.02687807048071255,-0.03648214340209961,-0.0007919174432754517,0,0,0.5,0,-0.00686309484951444,0.04414389952081675,-0.026000000000000023,0.02687807048071255,0.0076068491533744665,0.023432754088966865,-0.03647164179104481,0.03305184708851221,1425653279404,0,0,0,0,0,0,0
0.005398294240568447,-0.044135656872408405,0.522,-0.02658136450787362,-0.021967395782470703,-0.000466899037361145,0,0,0.5,0,-0.005398294240568447,0.044135656872408405,-0.02200000000000002,0.02658136450787362,0.0031668680352923036,0.023464455836819935,0.002988235294117649,0.025272367568878348,1425653279472,0,0,0,0,0,0,0
0.004341066519141142,-0.044381671659386016,0.52,-0.02630211182755437,-0.01575473403930664,-0.004110406875610351,0,0,0.5,0,-0.004341066519141142,0.044381671659386016,-0.020000000000000018,0.02630211182755437,0.002219479643156598,0.02506852169939062,-0.0045245901639344305,0.0249287379899187,1425653279533,0,0,0,0,0,0,0
0.0034141456675716797,-0.0450794634898922,0.519,-0.027017696820871955,-0.01362373447418213,-0.010828914642333985,0,0,0.5,0,-0.0034141456675716797,0.0450794634898922,-0.019000000000000017,0.027017696820871955,0.0015301154004701955,0.027736021029778117,-0.009896969696969706,0.030270355881406436,1425653279599,0,0,0,0,0,0,0
0.002512735922667813,-0.04518345043503428,0.519,-0.02827433388230815,-0.013474074363708496,-0.0019245007038116455,0,0,0.5,0,-0.002512735922667813,0.04518345043503428,-0.019000000000000017,0.02827433388230815,0.0019174424104404742,0.024676902227361807,-0.015200000000000014,0.03407419724278289,1425653279664,0,0,0,0,0,0,0
0.0007914838414959589,-0.0459465263527824,0.519,-0.02862339973270677,-0.025484872817993165,-0.012171475410461426,0,0,0.5,0,-0.0007914838414959589,0.0459465263527824,-0.019000000000000017,0.02862339973270677,0.007192089643357055,0.02863724605009004,-0.015200000000000014,0.03023447288839272,1425653279729,0,0,0,0,0,0,0
-0.0003725502104989092,-0.04556570058040189,0.516,-0.030281462522101725,-0.017616844177246092,0.005210335731506348,0,0,1,0,0.0003725502104989092,0.04556570058040189,0.484,0.030281462522101725,0.0001862751052494546,0.022782850290200943,0.3872,0.030281462522101725,0,0,0,0,0,0,0,0
-0.0022520436053875196,-0.045189080368486984,0.515,-0.0340339204138893,-0.02835051918029785,0.004793136596679687,0,0,1,0,0.0022520436053875196,0.045189080368486984,0.485,0.0340339204138893,0.011405942613898294,0.020563819411769695,0.39346875000000003,0.05162356678164356,0,0,0,0,0,0,0,0
-0.003206324652863312,-0.045253767968283086,0.517,-0.03579670295840364,-0.01427290916442871,-0.00145682692527771,0,0,1,0,0.003206324652863312,0.045253767968283086,0.483,0.03579670295840364,0.0067451241548485,0.023033537789812694,0.37563076923076927,0.04393262239462367,0,0,0,0,0,0,0,0
-0.005598166297815099,-0.0463054456556904,0.518,-0.03595378259108294,-0.03529006195068359,-0.01704908561706543,0,0,1,0,0.005598166297815099,0.0463054456556904,0.482,0.03595378259108294,0.015685394694904098,0.028904037183406756,0.3802153846153846,0.03667876551114126,0,0,0,0,0,0,0,0
-0.00866200806485607,-0.049283007149687294,0.524,-0.03591887600604315,-0.044322452545166015,-0.04628655242919922,0,0,1,0,0.00866200806485607,0.049283007149687294,0.476,0.03591887600604315,0.02084140807953158,0.04079499545899641,0.3484923076923077,0.03575776869047486,0,0,0,0,0,0,0,0
-0.01041616542730895,-0.05200764926656582,0.531,-0.03661700770684106,-0.02482771301269531,-0.04178817749023438,0,0,1,0,0.01041616542730895,0.05200764926656582,0.469,0.03661700770684106,0.014391364686586791,0.04039234330140162,0.3386328358208955,0.039742970546234685,0,0,0,0,0,0,0,0
-0.011108235630498243,-0.05505469841970782,0.543,-0.037035886727319715,-0.00870086097717285,-0.04605513763427734,0,0,1,0,0.011108235630498243,0.05505469841970782,0.45699999999999996,0.037035886727319715,0.00936575937284793,0.04438144785303516,0.29997499999999994,0.03899938213581342,0,0,0,0,0,0,0,0
-0.012482257384187626,-0.05811802105160724,0.557,-0.03530801076784518,-0.01889478874206543,-0.04668147659301758,0,0,1,0,0.012482257384187626,0.05811802105160724,0.44299999999999995,0.03530801076784518,0.013674703467012958,0.045782149998189164,0.27901538461538455,0.02733319864719346,0,0,0,0,0,0,0,0
-0.013329395832866502,-0.06075856437979817,0.572,-0.03598868917612319,-0.011300962448120117,-0.04003203201293945,0,0,1,0,0.013329395832866502,0.06075856437979817,0.42800000000000005,0.03598868917612319,0.011269872848587183,0.044865410786085844,0.2616307692307698,0.039130281829714016,0,0,0,0,0,0,0,0
-0.012347859787473723,-0.06242986102153483,0.589,-0.036896260387160096,0.015615529060363769,-0.024523468017578126,0,0,1,0,0.012347859787473723,0.06242986102153483,0.41100000000000003,0.036896260387160096,0.0009404221205206601,0.040522617897248994,0.2372615384615384,0.04108505059194582,0,0,0,0,0,0,0,0
-0.012011496759128094,-0.06432455533898983,0.602,-0.03490658503988664,0.006090380668640137,-0.028214956283569338,0,0,1,0,0.012011496759128094,0.06432455533898983,0.398,0.03490658503988664,0.004308362102425055,0.04241142978092996,0.2504895522388059,0.025997590947617433,0,0,0,0,0,0,0,0
-0.009407190130231469,-0.06495586523516225,0.618,-0.03370230785601058,0.03937128829956055,-0.008100544929504395,0,0,1,0,0.009407190130231469,0.06495586523516225,0.382,0.03370230785601058,-0.009472952189790412,0.03632347559523204,0.21809999999999996,0.028057258556591566,0,0,0,0,0,0,0,0
-0.007647575933978578,-0.06463622271795463,0.634,-0.03380702761113019,0.02621766471862793,0.0056812925338745116,0,0,1,0,0.007647575933978578,0.06463622271795463,0.366,0.03380702761113019,-0.005580332158912309,0.031032039870968618,0.20664615384615379,0.03429034955783608,0,0,0,0,0,0,0,0
-0.005222925594385311,-0.06323998311715322,0.652,-0.03275983005993344,0.035641067504882815,0.022160945892333986,0,0,1,0,0.005222925594385311,0.06323998311715322,0.348,0.03275983005993344,-0.01037022627582846,0.024577964840242845,0.18147692307692298,0.027926610592871492,0,0,0,0,0,0,0,0
-0.0011944933314630424,-0.060899413845305825,0.668,-0.03265511030481383,0.059244117736816405,0.03706890869140625,0,0,1,0,0.0011944933314630424,0.060899413845305825,0.33199999999999996,0.03265511030481383,-0.01976188538198658,0.019095461206745545,0.18444057971014488,0.032199807021685095,0,0,0,0,0,0,0,0
0.0028056196710519086,-0.058911159327380266,0.683,-0.03134611336581816,0.05899597930908203,0.03176693153381348,0,0,1,0,-0.0028056196710519086,0.058911159327380266,0.31699999999999995,0.03134611336581816,-0.02286875885358977,0.019306093163803967,0.17283076923076915,0.025304589031992012,0,0,0,0,0,0,0,0
0.007172267784637924,-0.05533469736718039,0.697,-0.03038618227722134,0.06378619766235352,0.05567340087890625,0,0,1,0,-0.007172267784637924,0.05533469736718039,0.30300000000000005,0.03038618227722134,-0.028167892602143092,0.008068450947793144,0.16336774193548448,0.025741354429172206,0,0,0,0,0,0,0,0
0.010590779824301622,-0.05218825902143899,0.713,-0.02872811948782661,0.049820106506347654,0.04873268127441406,0,0,1,0,-0.010590779824301622,0.05218825902143899,0.28700000000000003,0.02872811948782661,-0.023362178574993613,0.010033722745824949,0.14475151515151513,0.021191470445123282,0,0,0,0,0,0,0,0
0.01447859429777573,-0.048236294678252724,0.728,-0.02869321290278659,0.056590400695800784,0.060930118560791016,0,0,1,0,-0.01447859429777573,0.048236294678252724,0.272,0.02869321290278659,-0.028448364576282255,0.003161964695109192,0.13556874999999996,0.02852958828541151,0,0,0,0,0,0,0,0
0.017566122902188303,-0.044550902578678234,0.743,-0.027593655474030143,0.044707897186279294,0.05658681106567383,0,0,1,0,-0.017566122902188303,0.044550902578678234,0.257,0.027593655474030143,-0.02511549486846519,0.003417231260231777,0.12605454545454542,0.022595667161500833,0,0,0,0,0,0,0,0
0.020275319945418886,-0.040887874784422025,0.754,-0.026616271092913424,0.03910653305053711,0.05604570770263672,0,0,1,0,-0.020275319945418886,0.040887874784422025,0.246,0.026616271092913424,-0.024477171367703596,0.0017313019492704584,0.13846666666666663,0.022173614815110154,0,0,0,0,0,0,0,0
0.022780350918412677,-0.03731895785416521,0.765,-0.02597049926967565,0.03613745498657227,0.054514793395996096,0,0,1,0,-0.022780350918412677,0.03731895785416521,0.235,0.02597049926967565,-0.025293923197001616,-0.0004318144578314212,0.12688888888888883,0.02289539534949578,0,0,0,0,0,0,0,0
0.023332317519341055,-0.03511266311419457,0.774,-0.024766222085799598,0.007417325019836426,0.03329825973510742,0,0,1,0,-0.023332317519341055,0.03511266311419457,0.22599999999999998,0.024766222085799598,-0.014640361616151782,0.006435129082570112,0.1323384615384615,0.01920801969867935,0,0,0,0,0,0,0,0
0.024401773691685797,-0.032557985908420746,0.784,-0.025534166956676877,0.015087974548339845,0.03870566177368164,0,0,1,0,-0.024401773691685797,0.032557985908420746,0.21599999999999997,0.025534166956676877,-0.017890425511514832,0.0035117967135452673,0.11976969696969691,0.02902482546066451,0,0,0,0,0,0,0,0
0.024263847873246452,-0.029868362285890137,0.787,-0.02445206282044055,-0.0030982604026794434,0.04027838134765625,0,0,1,0,-0.024263847873246452,0.029868362285890137,0.21299999999999997,0.02445206282044055,-0.011423198129801637,0.001251341237741897,0.15424615384615384,0.01945773603781134,0,0,0,0,0,0,0,0
0.023594238450094732,-0.027232335341969418,0.792,-0.023614304779483234,-0.01100788688659668,0.039283008575439454,0,0,1,0,-0.023594238450094732,0.027232335341969418,0.20799999999999996,0.023614304779483234,-0.00845078138893439,0.001063555649055534,0.14103768115942025,0.01997187851445143,0,0,0,0,0,0,0,0
0.024242843118386554,-0.026221283035713385,0.798,-0.022026055160168312,0.009368261337280274,0.01539128017425537,0,0,1,0,-0.024242843118386554,0.026221283035713385,0.20199999999999996,0.022026055160168312,-0.015848161789703327,0.008237884514456973,0.12772903225806445,0.014340976357031592,0,0,0,0,0,0,0,0
0.02332951907399066,-0.025028132807599298,0.804,-0.022183134792847836,-0.01409071159362793,0.017591182708740234,0,0,1,0,-0.02332951907399066,0.025028132807599298,0.19599999999999995,0.022183134792847836,-0.006750211825759183,0.006839840437165806,0.12398749999999994,0.022919445571033106,0,0,0,0,0,0,0,0
0.022647247156354983,-0.024258683703323687,0.809,-0.02118829711921122,-0.010487571716308593,0.011311891555786133,0,0,1,0,-0.022647247156354983,0.024258683703323687,0.19099999999999995,0.02118829711921122,-0.007854883357900966,0.008976899266892265,0.12668059701492532,0.016733800073077114,0,0,0,0,0,0,0,0
0.02303661340200911,-0.024164547288340475,0.814,-0.020437805540853393,0.005809266090393067,0.0015354701280593872,0,0,1,0,-0.02303661340200911,0.024164547288340475,0.18600000000000005,0.020437805540853393,-0.013757763601651506,0.01244999809644163,0.12145625000000063,0.016919876267301084,0,0,0,0,0,0,0,0
0.021907387231327787,-0.023714444670926847,0.82,-0.02050761871093343,-0.017072832107543946,0.006403969764709473,0,0,1,0,-0.021907387231327787,0.023714444670926847,0.18000000000000005,0.02050761871093343,-0.0051795391271711915,0.010404361655331098,0.11265671641791047,0.020820214994873885,0,0,0,0,0,0,0,0
0.021351638617176948,-0.02301531243384906,0.826,-0.019181168479417643,-0.008549524307250976,0.010313834190368652,0,0,1,0,-0.021351638617176948,0.02301531243384906,0.17400000000000004,0.019181168479417643,-0.0077265667342502255,0.008536509529632733,0.10586666666666669,0.01286473880553295,0,0,0,0,0,0,0,0
0.020574147246264732,-0.022854819745428585,0.833,-0.01823869068334072,-0.011706398963928224,0.0021832633018493653,0,0,1,0,-0.020574147246264732,0.022854819745428585,0.16700000000000004,0.01823869068334072,-0.006252194548122564,0.01149099540283533,0.0959076923076923,0.013888793162985687,0,0,0,0,0,0,0,0
0.01867731913755053,-0.02230003688817878,0.839,-0.017662732030182537,-0.028599458694458006,0.00780145263671875,0,0,1,0,-0.01867731913755053,0.02230003688817878,0.16100000000000003,0.017662732030182537,0.0005563374185351914,0.009150483094146341,0.09698181818181818,0.015044738152190802,0,0,0,0,0,0,0,0
0.017378308009945116,-0.02155314218422146,0.846,-0.01666789435654592,-0.01968000030517578,0.010857529640197754,0,0,1,0,-0.017378308009945116,0.02155314218422146,0.15400000000000003,0.01666789435654592,-0.0018697145555289325,0.0077113348745685385,0.08550769230769231,0.012076335862838457,0,0,0,0,0,0,0,0
0.014467807345775744,-0.020104856803024942,0.85,-0.016982053621904747,-0.044013526916503905,0.020993618011474608,0,0,1,0,-0.014467807345775744,0.020104856803024942,0.15000000000000002,0.016982053621904747,0.007785274990296825,0.0034567332498718073,0.0991044776119403,0.018388736899630834,0,0,0,0,0,0,0,0
0.012053030907156287,-0.019276185520106952,0.856,-0.017086773377024578,-0.0364275016784668,0.011813188552856445,0,0,1,0,-0.012053030907156287,0.019276185520106952,0.14400000000000002,0.017086773377024578,0.007196386511978593,0.00601648215751893,0.08186666666666667,0.0175854388775952,0,0,0,0,0,0,0,0
0.009254086371715807,-0.017999110536104673,0.861,-0.01712167996206437,-0.04230533981323242,0.018435989379882813,0,0,1,0,-0.009254086371715807,0.017999110536104673,0.139,0.01712167996206437,0.010245658770778198,0.003116815830744535,0.08427692307692308,0.01728278727763264,0,0,0,0,0,0,0,0
0.006131198389336439,-0.016369467546660327,0.868,-0.016441001553786576,-0.04725496673583984,0.02363906478881836,0,0,1,0,-0.006131198389336439,0.016369467546660327,0.132,0.016441001553786576,0.013292585968339906,0.0005473096346250116,0.06847878787878786,0.013347008788887511,0,0,0,0,0,0,0,0
0.002745035760388741,-0.014946739946691434,0.876,-0.01652826801638606,-0.05113642501831055,0.020502988815307616,0,0,1,0,-0.002745035760388741,0.014946739946691434,0.124,0.01652826801638606,0.016380008987983346,0.0009430892635570324,0.056775757575757556,0.01692493375547463,0,0,0,0,0,0,0,0
-0.00017402196427754565,-0.013139233015854634,0.879,-0.01630137521362717,-0.04422798919677735,0.026385229110717775,0,0,1,0,0.00017402196427754565,0.013139233015854634,0.121,0.01630137521362717,0.015362581242714519,-0.0019924887596431424,0.08089090909090907,0.015270044291995853,0,0,0,0,0,0,0,0
-0.003665174915719492,-0.011431066874884889,0.882,-0.016964600329384842,-0.052777999877929686,0.024765466690063475,0,0,1,0,0.003665174915719492,0.011431066874884889,0.118,0.016964600329384842,0.021025909383109873,-0.0027439181251083487,0.07773333333333332,0.020122815166326132,0,0,0,0,0,0,0,0
-0.008009365626033492,-0.00882288382478395,0.887,-0.01729621288726379,-0.06581715393066406,0.0380117073059082,0,0,1,0,0.008009365626033492,0.00882288382478395,0.11299999999999999,0.01729621288726379,0.02719971278370631,-0.008596525458862941,0.06347692307692306,0.01882673238516662,0,0,0,0,0,0,0,0
-0.009542201555018205,-0.007883614333282324,0.893,-0.018151424220741,-0.023232774734497072,0.013689270973205566,0,0,1,0,0.009542201555018205,0.007883614333282324,0.10699999999999998,0.018151424220741,0.012709307849744523,0.000002130982167823127,0.05378181818181815,0.02203874846381924,0,0,0,0,0,0,0,0
-0.010870460248608212,-0.006492593653876798,0.896,-0.018430676901060254,-0.020299312591552734,0.020500246047973632,0,0,1,0,0.010870460248608212,0.006492593653876798,0.10399999999999998,0.018430676901060254,0.012295732421695314,-0.003084744484607704,0.06729090909090907,0.01970000726614777,0,0,0,0,0,0,0,0
-0.010874183435147098,-0.004791261808831131,0.898,-0.019111355309337823,-0.0005261621475219727,0.025514614105224608,0,0,1,0,0.010874183435147098,0.004791261808831131,0.10199999999999998,0.019111355309337823,0.0052809140593434315,-0.005716688899094465,0.07083076923076921,0.0222529479629266,0,0,0,0,0,0,0,0
-0.012118295485926987,-0.0038267283008743772,0.901,-0.020141099568014457,-0.018934759140014648,0.014108732223510742,0,0,1,0,0.012118295485926987,0.0038267283008743772,0.09899999999999998,0.020141099568014457,0.01229468050657263,-0.00199984655337786,0.06375882352941174,0.024684088944529024,1425653282797,0,0,0,0,0,0,0
-0.01193540768136949,-0.0035668644625131882,0.903,-0.02010619298297444,0.0026642568111419677,0.003952416658401489,0,0,1,0,0.01193540768136949,0.0035668644625131882,0.09699999999999998,0.02010619298297444,0.0047911946440544854,0.00139329136387602,0.06648888888888888,0.019939971149450546,1425653282797,0,0,0,0,0,0,0
-0.010726387138692462,-0.003694195189014586,0.906,-0.019966566642815035,0.018170042037963866,-0.0015449674129486084,0,0,1,0,0.010726387138692462,0.003694195189014586,0.09399999999999997,0.019966566642815035,-0.0014022384736275036,0.003599348913497702,0.05879374999999998,0.019312068173317827,1425653282797,0,0,0,0,0,0,0
-0.007886843162013183,-0.0037963947434910693,0.907,-0.0204901654184133,0.04261527633666992,-0.0006823050975799561,0,0,1,0,0.007886843162013183,0.0037963947434910693,0.09299999999999997,0.0204901654184133,-0.01149490510326603,0.0035068817300996035,0.06901538461538459,0.02290677515194376,1425653282797,0,0,0,0,0,0,0
-0.0049924590054050725,-0.004966400599410313,0.909,-0.018989182261698316,0.04376622772216797,-0.016656869888305663,0,0,1,0,0.0049924590054050725,0.004966400599410313,0.09099999999999997,0.018989182261698316,-0.012330458968140622,0.009479818493771754,0.06265507246376809,0.012463168536850554,1425653282797,0,0,0,0,0,0,0
-0.0014632819226065273,-0.006745637425778495,0.913,-0.01768018532270243,0.05343487548828125,-0.025678558349609373,0,0,1,0,0.0014632819226065273,0.006745637425778495,0.08699999999999997,0.01768018532270243,0.0007316409613032636,0.0033728187128892473,0.06959999999999998,0.01768018532270243,1425653282797,0,0,0,0,0,0,0
0.0022790762783547977,-0.009168267727537361,0.916,-0.016790067404185198,0.056769054412841795,-0.03534134292602539,0,0,1,0,-0.0022790762783547977,0.009168267727537361,0.08399999999999996,0.016790067404185198,-0.02129217908239623,0.017635025631877785,0.051046153846153804,0.012681830857182597,1425653283185,0,0,0,0,0,0,0
0.005511491356631602,-0.012319209033830119,0.915,-0.017243853009704095,0.04927292251586914,-0.046443408966064456,0,0,1,0,-0.005511491356631602,0.012319209033830119,0.08499999999999996,0.017243853009704095,-0.020166121507230565,0.023140178410694025,0.07338461538461537,0.019338248112099006,1425653283250,0,0,0,0,0,0,0
0.009817406742490981,-0.015541979137910165,0.915,-0.01492256510455147,0.06541268157958985,-0.047220661163330076,0,0,1,0,-0.009817406742490981,0.015541979137910165,0.08499999999999996,0.01492256510455147,-0.02810584678614135,0.02514843619879755,0.06799999999999998,0.004208928619231665,1425653283315,0,0,0,0,0,0,0
0.01287978582189338,-0.018622642710589946,0.915,-0.01335176877775645,0.0466201171875,-0.04551935577392578,0,0,1,0,-0.01287978582189338,0.018622642710589946,0.08499999999999996,0.01335176877775645,-0.022699727810371457,0.025684533725180966,0.06799999999999998,0.006211785474142719,1425653283381,0,0,0,0,0,0,0
0.017625152341297468,-0.021243280468777142,0.917,-0.011536626355682415,0.07169898986816406,-0.03835570526123047,0,0,1,0,-0.017625152341297468,0.021243280468777142,0.08299999999999996,0.011536626355682415,-0.0343959519276804,0.02478293484745554,0.05563076923076919,0.00315904594610995,1425653283446,0,0,0,0,0,0,0
0.02178723126397944,-0.02494238267330025,0.92,-0.008848819307611049,0.06306714248657226,-0.05476261138916016,0,0,1,0,-0.02178723126397944,0.02494238267330025,0.07999999999999996,0.008848819307611049,-0.031173032725880137,0.030521064902546025,0.04941666666666663,-0.0023503767260196467,1425653283518,0,0,0,0,0,0,0
0.023798380733665726,-0.027189866237171196,0.922,-0.006352998477259224,0.03046437072753906,-0.03344399261474609,0,0,1,0,-0.023798380733665726,0.027189866237171196,0.07799999999999996,0.006352998477259224,-0.02409632922500915,0.027241230795818756,0.05033103448275858,-0.0065564196107674565,1425653283576,0,0,0,0,0,0,0
0.028880221582063756,-0.029078511539708946,0.925,-0.0031241393610696934,0.07640605163574218,-0.027844837188720703,0,0,1,0,-0.028880221582063756,0.029078511539708946,0.07499999999999996,0.0031241393610696934,-0.04106728240290144,0.02450869278392697,0.044328358208955185,-0.011333438771122233,1425653283643,0,0,0,0,0,0,0
0.03312151737936007,-0.030447763396162186,0.93,0.000506145483078375,0.06368329238891601,-0.020339921951293947,0,0,1,0,-0.03312151737936007,0.030447763396162186,0.06999999999999995,-0.000506145483078375,-0.039856784659072254,0.02283484382013546,0.028656249999999946,-0.017523105690022446,1425653283707,0,0,0,0,0,0,0
0.037130098047971426,-0.03154739832873798,0.931,0.0017278759594745515,0.06012035369873047,-0.016524955749511717,0,0,1,0,-0.037130098047971426,0.03154739832873798,0.06899999999999995,-0.0017278759594745515,-0.040275288304321456,0.021838182180766493,0.049815384615384574,-0.0073666320043799804,1425653283772,0,0,0,0,0,0,0
0.04095249921639731,-0.032124581014333416,0.933,0.002949606435870728,0.057320972442626954,-0.008756796836853027,0,0,1,0,-0.04095249921639731,0.032124581014333416,0.06699999999999995,-0.002949606435870728,-0.041210603012026364,0.01933445009440623,0.042830769230769186,-0.008588362480776157,1425653283837,0,0,0,0,0,0,0
0.04432229619520278,-0.031975959936047654,0.935,0.004118977034706767,0.05055331039428711,0.0020802130699157716,0,0,1,0,-0.04432229619520278,0.031975959936047654,0.06499999999999995,-0.004118977034706767,-0.039946454355663435,0.015397277912665258,0.0415522388059701,-0.009354964790689032,1425653283904,0,0,0,0,0,0,0
0.046899245727487396,-0.03282404277191072,0.94,0.0043633231299857805,0.038601516723632816,-0.012880350112915039,0,0,1,0,-0.046899245727487396,0.03282404277191072,0.06000000000000005,-0.0043633231299857805,-0.03732810702960956,0.021116770944052392,0.021484848484849096,-0.005473987199435841,1425653283970,0,0,0,0,0,0,0
0.05000306118426298,-0.031247902972560485,0.944,0.004450589592585714,0.04665994644165039,0.02343872833251953,0,0,1,0,-0.05000306118426298,0.031247902972560485,0.05600000000000005,-0.004450589592585714,-0.04248929443176717,0.007094646026575852,0.0225777777777778,-0.004866144176394919,1425653284033,0,0,0,0,0,0,0
0.052522869922279794,-0.029886674639313892,0.942,0.004677482395344607,0.03788763046264648,0.020250003814697267,0,0,1,0,-0.052522869922279794,0.029886674639313892,0.05800000000000005,-0.004677482395344607,-0.040108120358929855,0.007860099391906572,0.05716923076923082,-0.0057246799465394994,1425653284098,0,0,0,0,0,0,0
0.05556102209009124,-0.028561068900169136,0.942,0.0037175513067480076,0.045664791107177735,0.019670705795288086,0,0,1,0,-0.05556102209009124,0.028561068900169136,0.05800000000000005,-0.0037175513067480076,-0.044454391113780634,0.007407675185359961,0.046400000000000045,0.0007128998713901435,1425653284163,0,0,0,0,0,0,0
0.05777927369841893,-0.026421166915935396,0.942,0.0025307274153918485,0.03339287185668945,0.03197461128234863,0,0,1,0,-0.05777927369841893,0.026421166915935396,0.05800000000000005,-0.0025307274153918485,-0.04118622427939746,0.0019702258627977715,0.046400000000000045,0.00294692131394427,1425653284228,0,0,0,0,0,0,0
0.060222703035555575,-0.024483949589402535,0.942,0.0009424777960769298,0.03672486114501953,0.02896541213989258,0,0,1,0,-0.060222703035555575,0.024483949589402535,0.05800000000000005,-0.0009424777960769298,-0.04308093317826062,0.0025698438975010948,0.046400000000000045,0.006064505818547711,1425653284296,0,0,0,0,0,0,0
0.06129353701137418,-0.0217164324194684,0.944,-0.0017976891295541303,0.016101627349853515,0.04149760055541992,0,0,1,0,-0.06129353701137418,0.0217164324194684,0.05600000000000005,0.0017976891295541303,-0.037027568208544026,-0.004204357189939667,0.03368888888888892,0.014846103061130607,1425653284359,0,0,0,0,0,0,0
0.06432932451328488,-0.019683003832417896,0.946,-0.0039793506945469065,0.04548190689086914,0.030583240509033202,0,0,1,0,-0.06432932451328488,0.019683003832417896,0.05400000000000005,0.0039793506945469065,-0.04898474646420775,-0.0007824129957997236,0.03243076923076926,0.01404855791759049,1425653284424,0,0,0,0,0,0,0
0.06590910373212998,-0.017340636155470372,0.947,-0.00424115008234604,0.023556684494018553,0.03522953414916992,0,0,1,0,-0.06590910373212998,0.017340636155470372,0.05300000000000005,0.00424115008234604,-0.04197743238993373,-0.0036058435971410077,0.03701538461538465,0.00544945494911127,1425653284489,0,0,0,0,0,0,0
0.0676978158422481,-0.014703237315824744,0.947,-0.0035255650890284535,0.026662656784057617,0.03967441940307617,0,0,1,0,-0.0676978158422481,0.014703237315824744,0.05300000000000005,0.0035255650890284535,-0.04361792592281391,-0.005876642754635888,0.04240000000000004,0.00036857247145086766,1425653284557,0,0,0,0,0,0,0
0.06922242567024285,-0.011038351398787477,0.95,-0.0034557519189486402,0.022675193786621094,0.05505357360839844,0,0,1,0,-0.06922242567024285,0.011038351398787477,0.050000000000000044,0.0034557519189486402,-0.043428056499715914,-0.013861064907720176,0.02384615384615387,0.0031335372878110407,1425653284622,0,0,0,0,0,0,0
0.07035845537768481,-0.006466013963995387,0.952,-0.002111848394913179,0.01680333137512207,0.06864353942871093,0,0,1,0,-0.07035845537768481,0.006466013963995387,0.04800000000000004,0.002111848394913179,-0.04204432569209549,-0.02141406463095938,0.02746250000000003,-0.004187699374003046,1425653284686,0,0,0,0,0,0,0
0.07080884906813387,-0.0014322498202158267,0.954,-0.000820304748437189,0.006596432209014892,0.07552056121826171,0,0,1,0,-0.07080884906813387,0.0014322498202158267,0.04600000000000004,0.000820304748437189,-0.03856526823279365,-0.026453457377739444,0.025862500000000024,-0.005233806094419014,1425653284750,0,0,0,0,0,0,0
0.0702286181589502,0.0035314465049008687,0.955,0.0005410520681183921,-0.00876453685760498,0.07444828033447265,0,0,1,0,-0.0702286181589502,-0.0035314465049008687,0.04500000000000004,-0.0005410520681183921,-0.032733390605142174,-0.028136798916013717,0.03061538461538464,-0.006824237375297998,1425653284815,0,0,0,0,0,0,0
0.06873412982145534,0.007818820095716487,0.957,0.0022340214425526977,-0.022382526397705077,0.06432272338867187,0,0,1,0,-0.06873412982145534,-0.007818820095716487,0.04300000000000004,-0.0022340214425526977,-0.027107899006795264,-0.026643830144401026,0.023630769230769257,-0.010047726247634108,1425653284880,0,0,0,0,0,0,0
0.06820216079801528,0.012118082865364716,0.959,0.0034382986264287546,-0.007835445880889892,0.06450660705566406,0,0,1,0,-0.06820216079801528,-0.012118082865364716,0.041000000000000036,-0.0034382986264287546,-0.03206904220604288,-0.028865356938340136,0.022030769230769253,-0.008996501013549017,1425653284945,0,0,0,0,0,0,0
0.06671446215253155,0.016323622108710287,0.963,0.004764748857944763,-0.02209844970703125,0.06315944290161132,0,0,1,0,-0.06671446215253155,-0.016323622108710287,0.03700000000000003,-0.004764748857944763,-0.026797848367143315,-0.028857372860264872,0.009600000000000015,-0.010369468146040573,1425653285015,0,0,0,0,0,0,0
0.06522085661779395,0.020326853148375394,0.965,0.004764748857944764,-0.022117713928222656,0.06015453338623047,0,0,1,0,-0.06522085661779395,-0.020326853148375394,0.03500000000000003,-0.004764748857944764,-0.024959455727465135,-0.03281304996809807,0.01652459016393444,-0.004764748857944768,1425653285076,0,0,0,0,0,0,0
0.06360655957053146,0.02317247770499296,0.967,0.004904375198104168,-0.02401080131530762,0.042799259185791014,0,0,1,0,-0.06360655957053146,-0.02317247770499296,0.03300000000000003,-0.004904375198104168,-0.02407115057379086,-0.026604159699009387,0.015630769230769247,-0.005548804460378342,1425653285141,0,0,0,0,0,0,0
0.06050181522201601,0.023475604609379495,0.966,0.005567600313861839,-0.04654830551147461,0.004775250434875488,0,0,1,0,-0.06050181522201601,-0.023475604609379495,0.03400000000000003,-0.005567600313861839,-0.014532619111142245,-0.01308061032064705,0.03258461538461541,-0.008628639309666473,1425653285206,0,0,0,0,0,0,0
0.05615526577778395,0.02165749853161564,0.969,0.005340707511102724,-0.06534906768798829,-0.026908172607421874,0,0,1,0,-0.05615526577778395,-0.02165749853161564,0.031000000000000028,-0.005340707511102724,-0.005709202488692354,-0.0007636109057701148,0.008646153846153859,-0.004293509959906806,1425653285271,0,0,0,0,0,0,0
0.0494673848370031,0.01945605994829859,0.967,0.004939281783143964,-0.1004931411743164,-0.0324853401184082,0,0,1,0,-0.0494673848370031,-0.01945605994829859,0.03300000000000003,-0.004939281783143964,0.009133789308144881,0.002034323169443032,0.03684776119402988,-0.0031418531504928014,1425653285338,0,0,0,0,0,0,0
0.04405866792844673,0.015621064711618792,0.965,0.003944444109507347,-0.08141389465332032,-0.05712350082397461,0,0,1,0,-0.04405866792844673,-0.015621064711618792,0.03500000000000003,-0.003944444109507347,0.006452179326925506,0.013414401206050175,0.038937500000000035,0.0007188574856642959,1425653285402,0,0,0,0,0,0,0
0.0373679232733143,0.008423829456597337,0.96,0.0024085543677521215,-0.10078622436523438,-0.10756182098388672,0,0,1,0,-0.0373679232733143,-0.008423829456597337,0.040000000000000036,-0.0024085543677521215,0.016221428515255674,0.034789256824706224,0.05892307692307697,0.004680167517271994,1425653285467,0,0,0,0,0,0,0
0.03037977381777576,-0.0015330718426741236,0.957,-0.000104719755119379,-0.10518166351318359,-0.14910061645507813,0,0,1,0,-0.03037977381777576,0.0015330718426741236,0.04300000000000004,0.000104719755119379,0.02129716685376858,0.05462844420930895,0.0505538461538462,0.011704446476064764,1425653285532,0,0,0,0,0,0,0
0.02506030982359085,-0.014597067677094884,0.957,-0.0017802358370340087,-0.07977143859863281,-0.1959682922363281,0,0,1,0,-0.02506030982359085,0.014597067677094884,0.04300000000000004,0.0017802358370340087,0.014955380242186915,0.07790043925592875,0.034400000000000035,0.009513386984332298,1425653285597,0,0,0,0,0,0,0
0.01863292399863881,-0.02674897475482743,0.956,-0.0033684854563489275,-0.09608613586425781,-0.182449951171875,0,0,1,0,-0.01863292399863881,0.02674897475482743,0.04400000000000004,0.0033684854563489275,0.02308921753508393,0.07712983325340284,0.04042388059701496,0.010480050915967966,1425653285664,0,0,0,0,0,0,0
0.01238482533745547,-0.04110492204625024,0.954,-0.0045553093477050865,-0.09299558258056641,-0.2156536865234375,0,0,1,0,-0.01238482533745547,0.04110492204625024,0.04600000000000004,0.0045553093477050865,0.02679873403031028,0.09936308919909692,0.047737500000000044,0.010118546338437083,1425653285728,0,0,0,0,0,0,0
0.0057657621892694055,-0.05571206883868866,0.952,-0.007278022980816249,-0.09828681945800781,-0.2195572052001953,0,0,1,0,-0.0057657621892694055,0.05571206883868866,0.04800000000000004,0.007278022980816249,0.03157633756509732,0.10684765603399195,0.04916923076923081,0.01984439359517546,1425653285793,0,0,0,0,0,0,0
0.00022216335948737302,-0.06893154450794088,0.949,-0.008726646259971764,-0.0817086181640625,-0.19889207458496094,0,0,1,0,-0.00022216335948737302,0.06893154450794088,0.051000000000000045,0.008726646259971764,0.02855703085932142,0.10603012409385335,0.0569538461538462,0.015412599856074141,1425653285858,0,0,0,0,0,0,0
-0.005251378101662791,-0.08144718224005426,0.947,-0.01199041196120109,-0.08046172332763672,-0.1884438934326172,0,0,1,0,0.005251378101662791,0.08144718224005426,0.05300000000000005,0.01199041196120109,0.030473476187835507,0.10753071219013091,0.053006060606060654,0.026825710603152572,1425653285924,0,0,0,0,0,0,0
-0.008755609837948835,-0.09427347495310394,0.948,-0.013910274138394955,-0.05025286483764648,-0.19301080322265626,0,0,1,0,0.008755609837948835,0.09427347495310394,0.052000000000000046,0.013910274138394955,0.021788061611464876,0.11565349181781727,0.03629696969696973,0.02263692039836707,1425653285990,0,0,0,0,0,0,0
-0.011823566567268103,-0.10692491054237911,0.949,-0.016214108751027016,-0.04337520980834961,-0.19039329528808593,0,0,1,0,0.011823566567268103,0.10692491054237911,0.051000000000000045,0.016214108751027016,0.021524448335826927,0.12321696100121139,0.035331250000000036,0.0270133334977398,0,0,0,0,0,0,0,0
-0.01437854838154219,-0.11879513907633057,0.949,-0.017121679962064363,-0.035432838439941404,-0.17865139770507812,0,0,1,0,0.01437854838154219,0.11879513907633057,0.051000000000000045,0.017121679962064363,0.019790991320500002,0.12395836891255371,0.04080000000000004,0.021310470166852117,0,0,0,0,0,0,0,0
-0.016725730965826562,-0.12669675378257914,0.951,-0.018867009214058584,-0.03317334365844726,-0.11910963439941406,0,0,1,0,0.016725730965826562,0.12669675378257914,0.049000000000000044,0.018867009214058584,0.01985653540705613,0.10662207008339027,0.028430769230769263,0.026922374992493447,0,0,0,0,0,0,0,0
-0.01921281448550064,-0.1339115436426768,0.953,-0.02019345944557437,-0.035257911682128905,-0.10890640258789062,0,0,1,0,0.01921281448550064,0.1339115436426768,0.04700000000000004,0.02019345944557437,0.02186587822533024,0.10661821988368658,0.02683076923076926,0.026315537437185687,0,0,0,0,0,0,0,0
-0.018482884270941354,-0.13976830651604458,0.953,-0.02138028333693053,0.012720624923706054,-0.0876124496459961,0,0,1,0,0.018482884270941354,0.13976830651604458,0.04700000000000004,0.02138028333693053,0.004364499545086318,0.10093787831603958,0.037600000000000036,0.026616271092913583,0,0,0,0,0,0,0,0
-0.017867552412937946,-0.1435559632690589,0.952,-0.020874137853852164,0.010442493438720703,-0.05660454177856445,0,0,1,0,0.017867552412937946,0.1435559632690589,0.04800000000000004,0.020874137853852164,0.004406573603271703,0.09381958144146535,0.043955555555555595,0.01846392126776471,0,0,0,0,0,0,0,0
-0.016031871455623375,-0.14510783768092753,0.954,-0.02254965393576657,0.028015090942382814,-0.022698312759399413,0,0,1,0,0.016031871455623375,0.14510783768092753,0.04600000000000004,0.02254965393576657,-0.0029667717606998026,0.08200354805828483,0.026030769230769257,0.030282805083063837,0,0,0,0,0,0,0,0
-0.012513178289578078,-0.14647861630414635,0.955,-0.022392574303087043,0.05323059844970703,-0.01936637306213379,0,0,1,0,0.012513178289578078,0.14647861630414635,0.04500000000000004,0.022392574303087043,-0.013493160208653644,0.0816986470011918,0.030696969696969726,0.021678575972725555,0,0,0,0,0,0,0,0
-0.00890020670699207,-0.14672448644259836,0.958,-0.021293016874330817,0.054263565063476564,-0.002473672866821289,0,0,1,0,0.00890020670699207,0.14672448644259836,0.04200000000000004,0.021293016874330817,-0.01608858674675407,0.0759715885390561,0.017446153846153868,0.016218136433917466,0,0,0,0,0,0,0,0
-0.004851897891210172,-0.14619631161312296,0.96,-0.02118829711921121,0.06054218292236328,0.009213739395141602,0,0,1,0,0.004851897891210172,0.14619631161312296,0.040000000000000036,0.02118829711921121,-0.020453710984378218,0.0716345942841809,0.02123076923076925,0.020704975172505323,0,0,0,0,0,0,0,0
-0.0009898553775159232,-0.1456967007802589,0.964,-0.019669860669976103,0.057758857727050784,0.008719840049743653,0,0,1,0,0.0009898553775159232,0.1456967007802589,0.03600000000000003,0.019669860669976103,-0.021381116439373377,0.0716332978588555,0.007261538461538472,0.012661692442737155,0,0,0,0,0,0,0,0
0.0029482767845790217,-0.1444658742389047,0.97,-0.01909390201681792,0.058697425842285156,0.019620689392089843,0,0,1,0,-0.0029482767845790217,0.1444658742389047,0.030000000000000027,0.01909390201681792,-0.023761812391719192,0.06717447205302526,-0.008307692307692308,0.016435631309934005,0,0,0,0,0,0,0,0
0.0058524024326278516,-0.14368061193074688,0.973,-0.0182910505609004,0.043329051971435543,0.012608503341674805,0,0,1,0,-0.0058524024326278516,0.14368061193074688,0.027000000000000024,0.0182910505609004,-0.01964995189399958,0.06927442532160497,0.0054461538461538575,0.014585582302819524,0,0,0,0,0,0,0,0
0.007954139639410596,-0.14177453124859327,0.979,-0.017418385934903288,0.03099785041809082,0.029163040161132813,0,0,1,0,-0.007954139639410596,0.14177453124859327,0.02100000000000002,0.017418385934903288,-0.016047774342146232,0.06268757153008264,-0.014543283582089561,0.013510932385662495,0,0,0,0,0,0,0,0
0.009206904951049765,-0.13983424869305602,0.983,-0.017174039839624053,0.018281705856323244,0.0294271240234375,0,0,1,0,-0.009206904951049765,0.13983424869305602,0.017000000000000015,0.017174039839624053,-0.012551885500624468,0.06115314183773051,-0.008275000000000006,0.016028667518002637,0,0,0,0,0,0,0,0
0.010107462362793638,-0.13692953378895176,0.986,-0.01614429558094764,0.0127581205368042,0.043796279907226565,0,0,1,0,-0.010107462362793638,0.13692953378895176,0.014000000000000012,0.01614429558094764,-0.011006829053010987,0.054759936247674064,-0.004953846153846154,0.01139162977167189,0,0,0,0,0,0,0,0
0.010025391819138824,-0.13362402292542735,0.989,-0.01506219144471109,-0.0020313401222229006,0.04955632781982422,0,0,1,0,-0.010025391819138824,0.13362402292542735,0.01100000000000001,0.01506219144471109,-0.005681236679873089,0.051035904341628045,-0.007353846153846157,0.010067864662080858,0,0,0,0,0,0,0,0
0.010050251470933844,-0.1308216662958441,0.992,-0.0129852496348377,-0.0002602680623531342,0.04203619766235352,0,0,1,0,-0.010050251470933844,0.1308216662958441,0.008000000000000007,0.0129852496348377,-0.006275977144725808,0.0524290521388426,-0.009753846153846158,0.0033993643584989807,0,0,0,0,0,0,0,0
0.009681256970043914,-0.12671337255996878,0.995,-0.012479104151759332,-0.006334636688232422,0.061547340393066405,0,0,1,0,-0.009681256970043914,0.12671337255996878,0.0050000000000000044,0.012479104151759332,-0.004119424606198584,0.045011748573153224,-0.011000000000000008,0.01030990922428061,0,0,0,0,0,0,0,0
0.01043138623073892,-0.12171764609473117,0.999,-0.01092576111748443,0.010315954208374023,0.07507047271728516,0,0,1,0,-0.01043138623073892,0.12171764609473117,0.0010000000000000009,0.01092576111748443,-0.010649845234846519,0.034465597475288365,-0.022150819672131165,0.0032863691456406453,0,0,0,0,0,0,0,0
0.009380561823627969,-0.11817423533151249,1.001,-0.009407324668249324,-0.016342130661010743,0.05297577667236328,0,0,1,0,-0.009380561823627969,0.11817423533151249,-0.0009999999999998899,0.009407324668249324,-0.00016822477916739968,0.042354805545745895,-0.011569230769230093,0.002399156441010376,0,0,0,0,0,0,0,0
0.007161244755613784,-0.11476468052750886,1.003,-0.007557275661135272,-0.0337693977355957,0.05082789611816406,0,0,1,0,-0.007161244755613784,0.11476468052750886,-0.0029999999999998916,0.007557275661135272,0.007228662504458261,0.041445388043398805,-0.01316923076923069,-0.0009814120640065042,0,0,0,0,0,0,0,0
0.006527065812589413,-0.11082191877121236,1.007,-0.005846852994180847,-0.009959356307983398,0.0590678482055664,0,0,1,0,-0.006527065812589413,0.11082191877121236,-0.006999999999999895,0.005846852994180847,-0.0010456545628325796,0.03699770581269743,-0.026812121212121145,-0.0019277954919756316,0,0,0,0,0,0,0,0
0.00607795185542436,-0.10758903666564139,1.003,-0.00464257581030479,-0.007020125389099121,0.048453014373779295,0,0,1,0,-0.00607795185542436,0.10758903666564139,-0.0029999999999998916,0.00464257581030479,-0.0018766847879171135,0.039723176009204476,0.01818823529411775,-0.0006704117656189902,0,0,0,0,0,0,0,0
0.0039871813764330195,-0.10443260550106913,1.002,-0.002007128639793338,-0.03158102798461914,0.04720035934448242,0,0,1,0,-0.0039871813764330195,0.10443260550106913,-0.0020000000000000018,0.002007128639793338,0.008469964121266696,0.03731485864322534,0.003955555555554941,-0.010542619791213573,0,0,0,0,0,0,0,0
0.003065229895936813,-0.10101916291585888,1.001,-0.0004363323129985392,-0.013932012557983398,0.051173778533935545,0,0,1,0,-0.003065229895936813,0.10101916291585888,-0.0009999999999998899,0.0004363323129985392,0.002277910037879355,0.03482945303975924,0.004584615384616075,-0.00681349688759284,0,0,0,0,0,0,0,0
0.0024762040874885083,-0.09622528209647922,1.008,-0.000628318530717637,-0.008866762161254883,0.07190435028076173,0,0,1,0,-0.0024762040874885083,0.09622528209647922,-0.008000000000000007,0.000628318530717637,0.0008277189356903779,0.02465763653845303,-0.044681250000000644,0.0015282539262759082,1425653287749,0,0,0,0,0,0,0
0.002317947716355603,-0.09241431434493685,1.006,-0.0007330382858374679,-0.0024097626209259033,0.057163013458251956,0,0,1,0,-0.002317947716355603,0.09241431434493685,-0.006000000000000005,0.0007330382858374679,-0.0014766792824222256,0.028820004370831587,0.005806060606060609,0.0012090371727457902,1425653287749,0,0,0,0,0,0,0
0.002502188741841073,-0.08868451167166665,1.004,-0.0015009831567151916,0.0027226033210754393,0.055949050903320315,0,0,1,0,-0.002502188741841073,0.08868451167166665,-0.0040000000000000036,0.0015009831567151916,-0.003372167711595078,0.0277401553117263,0.007247761194029855,0.004939542280048282,1425653287749,0,0,0,0,0,0,0
0.0019937193127179407,-0.08415204271928776,1,-0.002652900463031111,-0.007729080200195313,0.06797550964355469,0,0,1,0,-0.0019937193127179407,0.08415204271928776,0,0.002652900463031111,0.0006680942398023348,0.01983059736926908,0.02222222222222224,0.008138220969297394,1425653287749,0,0,0,0,0,0,0
0.00170241530757147,-0.08045391524154927,1.003,-0.004276056667386047,-0.004516705989837646,0.055460124969482424,0,0,1,0,-0.00170241530757147,0.08045391524154927,-0.0029999999999998916,0.004276056667386047,-0.00044363046165776603,0.023301217633178807,-0.01855384615384548,0.011767546841331904,1425653287749,0,0,0,0,0,0,0
0.003737188667835511,-0.07720516520806667,1.008,-0.005986479334340472,0.030312944412231445,0.0488613166809082,0,0,1,0,-0.003737188667835511,0.07720516520806667,-0.008000000000000007,0.005986479334340472,-0.013822508503301327,0.02441257226184549,-0.03291515151515213,0.01376112782049695,1425653288076,0,0,0,0,0,0,0
0.004068798861916566,-0.07328652326103738,1.005,-0.006527531402458636,0.004622182846069336,0.058808353424072264,0,0,1,0,-0.004068798861916566,0.07328652326103738,-0.004999999999999893,0.006527531402458636,-0.004932866964932712,0.019260055499709588,0.011671641791045453,0.008950152602987729,1425653288143,0,0,0,0,0,0,0
0.004624718746961813,-0.06969073103339471,1,-0.006841690667817907,0.00798654842376709,0.05399016571044922,0,0,1,0,-0.004624718746961813,0.06969073103339471,0,0.006841690667817907,-0.006474955681636733,0.01861601784594991,0.026923076923076345,0.008291656507937617,1425653288208,0,0,0,0,0,0,0
0.005497255924730617,-0.06629986451113451,0.998,-0.007295476273336138,0.012739765167236327,0.050951351165771486,0,0,1,0,-0.005497255924730617,0.06629986451113451,0.0020000000000000018,0.007295476273336138,-0.008693015439607862,0.017781173353341614,0.01253750000000001,0.009422596299202845,1425653288272,0,0,0,0,0,0,0
0.005623661102224527,-0.06061916324515546,0.996,-0.007871434926494319,0.001274381399154663,0.08522208404541015,0,0,1,0,-0.005623661102224527,0.06061916324515546,0.0040000000000000036,0.007871434926494319,-0.004668828980576859,0.0029356350378770338,0.01396923076923078,0.01052970563337823,1425653288337,0,0,0,0,0,0,0
0.006627720985852372,-0.05631145967535065,0.992,-0.008953539062730869,0.014551819801330567,0.06473210144042969,0,0,1,0,-0.006627720985852372,0.05631145967535065,0.008000000000000007,0.008953539062730869,-0.009119212717302677,0.011574862849369035,0.02482105263157897,0.013225002758401463,1425653288413,0,0,0,0,0,0,0
0.008175947003310466,-0.051277559191873046,0.99,-0.010454522219445855,0.02254640007019043,0.07571340942382812,0,0,1,0,-0.008175947003310466,0.051277559191873046,0.010000000000000009,0.010454522219445855,-0.01461685099370109,-0.0014512235390427147,0.020068965517241397,0.0182182282024544,1425653288471,0,0,0,0,0,0,0
0.009916497080774512,-0.047368479122408345,0.989,-0.01031489587928645,0.02549382209777832,0.058905941009521484,0,0,1,0,-0.009916497080774512,0.047368479122408345,0.01100000000000001,0.01031489587928645,-0.015976216972992355,0.004933203070525163,0.014445161290322592,0.009639284555934493,1425653288533,0,0,0,0,0,0,0
0.010676902101104918,-0.04351164714194579,0.987,-0.010576695267085583,0.01080873680114746,0.0579670524597168,0,0,1,0,-0.010676902101104918,0.04351164714194579,0.013000000000000012,0.010576695267085583,-0.010696031734266174,0.004007972130223754,0.02133750000000002,0.01180387989739402,1425653288597,0,0,0,0,0,0,0
0.012195957458580793,-0.039925795739187066,0.986,-0.010663961729685072,0.022215669631958007,0.0540257568359375,0,0,1,0,-0.012195957458580793,0.039925795739187066,0.014000000000000012,0.010663961729685072,-0.015360740382669961,0.004317568696193631,0.016503030303030318,0.011060627468773659,1425653288663,0,0,0,0,0,0,0
0.013423357647057094,-0.036298842092365884,0.986,-0.00952949771588905,0.01782980155944824,0.05459754180908203,0,0,1,0,-0.013423357647057094,0.036298842092365884,0.014000000000000012,0.00952949771588905,-0.014065241176967459,0.0034106114791350173,0.01120000000000001,0.004667509085334673,1425653288733,0,0,0,0,0,0,0
0.015336715418739884,-0.032837258963700586,0.984,-0.009983283321407504,0.028204263687133788,0.05219488525390625,0,0,1,0,-0.015336715418739884,0.032837258963700586,0.016000000000000014,0.009983283321407504,-0.020055374817828202,-0.0003582777462610709,0.024466666666666692,0.012252211348999769,1425653288793,0,0,0,0,0,0,0
0.01752707673603446,-0.030389585289272845,0.982,-0.008936085770210751,0.03248725128173828,0.03704127502441406,0,0,1,0,-0.01752707673603446,0.030389585289272845,0.018000000000000016,0.008936085770210751,-0.021616422119170184,0.005650423125943714,0.02500606060606063,0.0041760969011346025,1425653288859,0,0,0,0,0,0,0
0.01837556615940501,-0.02897568998679637,0.98,-0.0072256631032563265,0.012537315368652343,0.021321313858032227,0,0,1,0,-0.01837556615940501,0.02897568998679637,0.020000000000000018,0.0072256631032563265,-0.015077051287056643,0.01020986764829863,0.026937500000000024,-0.0007919431480925372,1425653288923,0,0,0,0,0,0,0
0.020155858936866167,-0.02653303285355961,0.984,-0.005899212871740762,0.026438949584960937,0.03683185577392578,0,0,1,0,-0.020155858936866167,0.02653303285355961,0.016000000000000014,0.005899212871740762,-0.02078127055577037,0.003784806021314169,-0.008412121212121215,-0.00013010636242089414,1425653288989,0,0,0,0,0,0,0
0.02127711889820695,-0.02468636091549728,0.982,-0.004433136300065572,0.01665519905090332,0.02779881477355957,0,0,1,0,-0.02127711889820695,0.02468636091549728,0.018000000000000016,0.004433136300065572,-0.017861072440335843,0.0060382906006546545,0.02500606060606063,-0.0022308481166398372,1425653289054,0,0,0,0,0,0,0
0.022324074490715582,-0.02411910846241981,0.984,-0.002007128639793338,0.01566645908355713,0.008578322410583495,0,0,1,0,-0.022324074490715582,0.02411910846241981,0.016000000000000014,0.002007128639793338,-0.01817830048823103,0.0124608959980647,0.001862500000000003,-0.009364782267732758,1425653289119,0,0,0,0,0,0,0
0.024585358895107535,-0.023925607925951935,0.986,0.00012217304763974474,0.03391337203979492,0.0029705824851989746,0,0,1,0,-0.024585358895107535,0.023925607925951935,0.014000000000000012,-0.00012217304763974474,-0.025591290351026554,0.014455959275287528,0.0005939393939393967,-0.009800817081426483,1425653289185,0,0,0,0,0,0,0
0.02581244558564984,-0.024811664451801586,0.987,0.0023561944901924364,0.01840467643737793,-0.013293096542358399,0,0,1,0,-0.02581244558564984,0.024811664451801586,0.013000000000000012,-0.0023561944901924364,-0.020940324280115406,0.020786627837743557,0.004931250000000005,-0.012828170002158178,1425653289249,0,0,0,0,0,0,0
0.0270236999995809,-0.026235360297885015,0.988,0.004415683007545705,0.01811844825744629,-0.021398187637329102,0,0,1,0,-0.0270236999995809,0.026235360297885015,0.01200000000000001,-0.004415683007545705,-0.021180875458160556,0.02410764893285054,0.0043761194029850806,-0.013637273383754367,1425653289316,0,0,0,0,0,0,0
0.027266983586130725,-0.027756607947034807,0.988,0.003455751918948883,0.0035484583377838135,-0.022834606170654297,0,0,1,0,-0.027266983586130725,0.027756607947034807,0.01200000000000001,-0.003455751918948883,-0.01630278090274392,0.025640430941607,0.00960000000000001,0.0009746992591902924,1425653289381,0,0,0,0,0,0,0
0.02789802544106208,-0.02955619197058153,0.99,0.002722713633111177,0.009372287750244141,-0.027026309967041015,0,0,1,0,-0.02789802544106208,0.02955619197058153,0.010000000000000009,-0.002722713633111177,-0.01872436468418528,0.028058168801837022,-0.0027692307692307704,0.0006605399938320812,1425653289446,0,0,0,0,0,0,0
0.027776134121008225,-0.031080007047797908,0.994,0.0027750735106710925,-0.001890596628189087,-0.022852163314819336,0,0,1,0,-0.027776134121008225,0.031080007047797908,0.006000000000000005,-0.0027750735106710925,-0.014616684913051688,0.02748326342938512,-0.017075000000000014,-0.003020510436733196,1425653289510,0,0,0,0,0,0,0
0.027574331852618296,-0.031419351697598304,0.997,0.0009075712110371429,-0.0030411479473114013,-0.00508174991607666,0,0,1,0,-0.027574331852618296,0.031419351697598304,0.0030000000000000027,-0.0009075712110371429,-0.014130412449931915,0.02113986378394138,-0.013509090909090919,0.00758107560548081,1425653289576,0,0,0,0,0,0,0
0.02813333082557864,-0.03193732424473676,1.001,-0.0006108652381979626,0.0083779296875,-0.00777719497680664,0,0,1,0,-0.02813333082557864,0.03193732424473676,-0.0009999999999998899,0.0006108652381979626,-0.018555106446009398,0.022452397351127976,-0.022674999999999324,0.007728536093987519,1425653289640,0,0,0,0,0,0,0
0.027470811650351215,-0.033656778915292535,1.003,-0.002513274122871708,-0.009922030448913575,-0.025797885894775392,0,0,1,0,-0.027470811650351215,0.033656778915292535,-0.0029999999999998916,0.002513274122871708,-0.011775476210329278,0.029352483262647763,-0.012694117647058745,0.010906254496432347,1425653289708,0,0,0,0,0,0,0
0.02543726666653643,-0.03496837791080891,1.002,-0.0040142572795869155,-0.03045363235473633,-0.019750585556030275,0,0,1,0,-0.02543726666653643,0.03496837791080891,-0.0020000000000000018,0.0040142572795869155,-0.002887282230729201,0.028466839590948895,0.003955555555554941,0.011161796121087905,1425653289771,0,0,0,0,0,0,0
0.022314474343015048,-0.03627161330189214,1.001,-0.004223696789826134,-0.04676303482055664,-0.019736408233642578,0,0,1,0,-0.022314474343015048,0.03627161330189214,-0.0009999999999998899,0.004223696789826134,0.004177172978596228,0.028872794085536654,0.004584615384616075,0.005190340683237912,1425653289836,0,0,0,0,0,0,0
0.021891760423840285,-0.03856811039998409,1.003,-0.0039968039870670186,-0.006195157051086426,-0.03447393035888672,0,0,1,0,-0.021891760423840285,0.03856811039998409,-0.0029999999999998916,0.0039968039870670186,-0.010199289488991715,0.0352074699528474,-0.013006060606060528,0.0029654730654346756,1425653289902,0,0,0,0,0,0,0
0.019703025687127212,-0.03994195859680994,1.003,-0.003944444109507103,-0.03274839401245117,-0.020738777160644532,0,0,1,0,-0.019703025687127212,0.03994195859680994,-0.0029999999999998916,0.003944444109507103,0.00042610092591904153,0.03113960675910006,-0.0023999999999999135,0.0037027831361536472,1425653289967,0,0,0,0,0,0,0
0.01746486686874343,-0.040287804178155195,1.002,-0.004223696789826135,-0.033551658630371094,-0.0053200674057006835,0,0,1,0,-0.01746486686874343,0.040287804178155195,-0.0020000000000000018,0.004223696789826135,0.0016171828237139304,0.025775504961818702,0.0037030303030297163,0.005493027154912643,1425653290033,0,0,0,0,0,0,0
0.017074351426672005,-0.04152655226788243,1,-0.0030717794835099935,-0.005779198169708252,-0.018605796813964844,0,0,1,0,-0.017074351426672005,0.04152655226788243,0,0.0030717794835099935,-0.007931879753219006,0.031361830017786585,0.01093750000000001,-0.0023278328898469194,1425653290097,0,0,0,0,0,0,0
0.013320784223715453,-0.041684034173250284,0.995,-0.0033684854563489222,-0.05629598617553711,-0.0025351691246032716,0,0,1,0,-0.013320784223715453,0.041684034173250284,0.0050000000000000044,0.0033684854563489222,0.01201212972291333,0.025541241467429563,0.030923076923076945,0.00473789763868244,1425653290162,0,0,0,0,0,0,0
0.009983585532732542,-0.04063995513803668,0.994,-0.0035430183815483443,-0.05011045074462891,0.015492477416992188,0,0,1,0,-0.009983585532732542,0.04063995513803668,0.006000000000000005,0.0035430183815483443,0.011159889979241033,0.018661262067275194,0.010103030303030312,0.0043363498597275354,1425653290228,0,0,0,0,0,0,0
0.008159941708806136,-0.0393612363188365,0.992,-0.0044505895925854725,-0.027422443389892578,0.019083744049072267,0,0,1,0,-0.008159941708806136,0.0393612363188365,0.008000000000000007,0.0044505895925854725,0.004342275905092698,0.016590883068914583,0.017337500000000016,0.00870482964432201,1425653290292,0,0,0,0,0,0,0
0.0029226061196252003,-0.036332017952148035,0.992,-0.004956735075663841,-0.07876148223876953,0.04508818817138672,0,0,1,0,-0.0029226061196252003,0.036332017952148035,0.008000000000000007,0.004956735075663841,0.024345149155863503,0.006269334830234154,0.006400000000000006,0.007223058134223699,1425653290359,0,0,0,0,0,0,0
-0.0011842393741059005,-0.033706915802161314,0.992,-0.006143558967019778,-0.06179710388183594,0.03907070159912109,0,0,1,0,0.0011842393741059005,0.033706915802161314,0.008000000000000007,0.006143558967019778,0.021499425345392415,0.006446603848479402,0.006400000000000006,0.011706795957750732,1425653290423,0,0,0,0,0,0,0
-0.005464347083953292,-0.029682821289387894,0.993,-0.009424777960769222,-0.06457123565673828,0.05996585464477539,0,0,1,0,0.005464347083953292,0.029682821289387894,0.007000000000000006,0.009424777960769222,0.024230453554333904,-0.002858323413955425,0.00021538461538461642,0.024568865624228192,1425653290488,0,0,0,0,0,0,0
-0.010159317228701002,-0.02624572157235039,0.993,-0.011431906600562576,-0.07090732574462891,0.050890480041503906,0,0,1,0,0.010159317228701002,0.02624572157235039,0.007000000000000006,0.011431906600562576,0.028818416832369673,-0.0013990723456433762,0.005600000000000005,0.02069557724576267,1425653290553,0,0,0,0,0,0,0
-0.015431059640123526,-0.02108300358250436,0.992,-0.012897983172237986,-0.07995624542236328,0.07653173828125,0,0,1,0,0.015431059640123526,0.02108300358250436,0.008000000000000007,0.012897983172237986,0.0333181409810043,-0.012031448066343986,0.011547058823529422,0.019365968047276562,1425653290621,0,0,0,0,0,0,0
-0.01955988596103548,-0.015040796800511643,0.992,-0.016842427281745103,-0.06309619522094727,0.0898267822265625,0,0,1,0,0.01955988596103548,0.015040796800511643,0.008000000000000007,0.016842427281745103,0.031198832580595623,-0.022038078027840087,0.006400000000000006,0.03562549446987423,1425653290684,0,0,0,0,0,0,0
-0.025374749622908838,-0.00760441813706399,0.993,-0.01893682238413839,-0.08908919525146484,0.11006088256835937,0,0,1,0,0.025374749622908838,0.00760441813706399,0.007000000000000006,0.01893682238413839,0.042495638326885014,-0.03222554798928555,0.00021538461538461642,0.028603261318261256,1425653290749,0,0,0,0,0,0,0
-0.02881432083912588,0.001282661164010883,0.997,-0.022532200643246663,-0.054108562469482424,0.13230532836914063,0,0,1,0,0.02881432083912588,-0.001282661164010883,0.0030000000000000027,0.022532200643246663,0.030627888717587634,-0.042370240824391704,-0.01818823529411766,0.038394163551077276,1425653290817,0,0,0,0,0,0,0
-0.03257352431263516,0.010463468090938285,1.004,-0.026127578902355154,-0.059476432800292967,0.13640670776367186,0,0,1,0,0.03257352431263516,-0.010463468090938285,-0.0040000000000000036,0.026127578902355154,0.03570880013878973,-0.052229399268124144,-0.04208888888888892,0.04324842775525273,1425653290880,0,0,0,0,0,0,0
-0.03366777364930948,0.019651953702589656,1.006,-0.030525808617380724,-0.020008821487426758,0.1373514404296875,0,0,1,0,0.03366777364930948,-0.019651953702589656,-0.006000000000000005,0.030525808617380724,0.02128545693114244,-0.05530839390229713,-0.015569230769230783,0.050825330379037206,1425653290945,0,0,0,0,0,0,0
-0.0361625600768545,0.030075201728489855,1.003,-0.032969269570172856,-0.042176292419433596,0.15513372802734374,0,0,1,0,0.0361625600768545,-0.030075201728489855,-0.0029999999999998916,0.032969269570172856,0.030097709375191753,-0.06718828748847981,0.013753846153846852,0.04424678165998269,1425653291010,0,0,0,0,0,0,0
-0.03834632680204402,0.039930889605030113,1.006,-0.03607595563872288,-0.0376118392944336,0.14667521667480468,0,0,1,0,0.03834632680204402,-0.039930889605030113,-0.006000000000000005,0.03607595563872288,0.02953979637598594,-0.06908599339305507,-0.02095384615384677,0.05041450672433838,1425653291075,0,0,0,0,0,0,0
-0.04017217321457237,0.04807364201480223,1.002,-0.03750712562535783,-0.031775283813476565,0.12107398986816406,0,0,1,0,0.04017217321457237,-0.04807364201480223,-0.0020000000000000018,0.03750712562535783,0.028403008166022082,-0.06330127241477944,0.019612121212121227,0.04401244374642579,1425653291141,0,0,0,0,0,0,0
-0.040525380227960595,0.057251876580197966,0.999,-0.039374627924991995,-0.010456906318664552,0.13737802124023438,0,0,1,0,0.040525380227960595,-0.057251876580197966,0.0010000000000000009,0.039374627924991995,0.020825318233791627,-0.07416760368259848,0.016953846153846167,0.04799386930791891,1425653291206,0,0,0,0,0,0,0
-0.0394321762882888,0.06660532118823786,0.993,-0.04148647631990518,0.01086245059967041,0.14083842468261717,0,0,1,0,0.0394321762882888,-0.06660532118823786,0.007000000000000006,0.04148647631990518,0.012515980508219962,-0.07983105813655166,0.03790769230769234,0.051233468911812186,1425653291271,0,0,0,0,0,0,0
-0.037781203304489856,0.07330562619981218,0.988,-0.04277801996638095,0.02057490158081055,0.10144519805908203,0,0,1,0,0.037781203304489856,-0.07330562619981218,0.01200000000000001,0.04277801996638095,0.008572398233363766,-0.06950571753955427,0.03694375000000003,0.04883213080923611,1425653291335,0,0,0,0,0,0,0
-0.034828937813657805,0.08013427648257311,0.983,-0.04482005519121432,0.03986306381225586,0.10422985076904297,0,0,1,0,0.034828937813657805,-0.08013427648257311,0.017000000000000015,0.04482005519121432,0.0004920577315822364,-0.07254317764964385,0.04011515151515155,0.054102033485911465,1425653291401,0,0,0,0,0,0,0
-0.03261420727375469,0.08472727945593578,0.982,-0.046844637123527794,0.03010074996948242,0.07031432342529297,0,0,1,0,0.03261420727375469,-0.08472727945593578,0.018000000000000016,0.046844637123527794,0.0034930094459608343,-0.0626772061498641,0.01962388059701494,0.05590992935776723,1425653291468,0,0,0,0,0,0,0
-0.02859011562796055,0.08829129534983786,0.979,-0.049392817831439534,0.057791748046875,0.05622816467285156,0,0,1,0,0.02859011562796055,-0.08829129534983786,0.02100000000000002,0.049392817831439534,-0.00893800199585479,-0.06001313333103495,0.033206250000000034,0.061337414899775816,1425653291532,0,0,0,0,0,0,0
-0.026095554316240763,0.09023135636663293,0.975,-0.051923545246831154,0.03593599319458008,0.030912874221801757,0,0,1,0,0.026095554316240763,-0.09023135636663293,0.025000000000000022,0.051923545246831154,-0.001593822570425122,-0.051997584699421104,0.04153846153846157,0.06360382562556172,1425653291597,0,0,0,0,0,0,0
-0.021868472384481676,0.08997203743117889,0.973,-0.054506632539782905,0.06352265548706054,-0.0005937446355819702,0,0,1,0,0.021868472384481676,-0.08997203743117889,0.027000000000000024,0.054506632539782905,-0.012677020705088513,-0.04010564820540901,0.032206060606060634,0.06624793841683632,1425653291663,0,0,0,0,0,0,0
-0.016448026721038483,0.08856983166179659,0.972,-0.057630771900852605,0.0823318099975586,-0.016572290420532227,0,0,1,0,0.016448026721038483,-0.08856983166179659,0.028000000000000025,0.057630771900852605,-0.022147223852779077,-0.033286953125948,0.027784615384615408,0.07204987664425122,1425653291728,0,0,0,0,0,0,0
-0.012600792873860364,0.08603810692322024,0.969,-0.060510565166643514,0.059800067901611326,-0.034588878631591796,0,0,1,0,0.012600792873860364,-0.08603810692322024,0.031000000000000028,0.060510565166643514,-0.015591509711880511,-0.0259949903074227,0.04095384615384619,0.07380191870106309,1425653291793,0,0,0,0,0,0,0
-0.007564575411418214,0.08263098249613929,0.967,-0.06333799855487407,0.07849562072753906,-0.04644495391845703,0,0,1,0,0.007564575411418214,-0.08263098249613929,0.03300000000000003,0.06333799855487407,-0.02450692093589048,-0.019631447602095335,0.0371692307692308,0.07638769111593817,1425653291858,0,0,0,0,0,0,0
-0.002813504630390687,0.07845188385360005,0.962,-0.06599089901790542,0.0750909423828125,-0.05804994964599609,0,0,1,0,0.002813504630390687,-0.07845188385360005,0.038000000000000034,0.06599089901790542,-0.025345222340777285,-0.013436107768247482,0.05732307692307697,0.07823505500112703,1425653291923,0,0,0,0,0,0,0
-0.00021200539422931388,0.07369861874565556,0.962,-0.06822492046045811,0.04363922119140625,-0.06857052612304687,0,0,1,0,0.00021200539422931388,-0.07369861874565556,0.038000000000000034,0.06822492046045811,-0.015071218144533972,-0.008015713733508536,0.030400000000000028,0.07853578865685515,1425653291988,0,0,0,0,0,0,0
0.0016196698112224796,0.06840372289561192,0.961,-0.06972590361717311,0.03282566452026367,-0.07736563110351563,0,0,1,0,-0.0016196698112224796,-0.06840372289561192,0.039000000000000035,0.06972590361717311,-0.011842902213431738,-0.0024962550016811406,0.03658461538461542,0.07665351818662695,1425653292053,0,0,0,0,0,0,0
0.004653588745426099,0.0645441126126844,0.967,-0.0717679388420067,0.04943165588378906,-0.054582908630371095,0,0,1,0,-0.004653588745426099,-0.0645441126126844,0.03300000000000003,0.0717679388420067,-0.01958903060323045,-0.008652396340370929,-0.0054181818181818185,0.08104991713670485,1425653292119,0,0,0,0,0,0,0
0.007198127047270437,0.06173572020623375,0.967,-0.07440338601251817,0.04109051513671875,-0.03928055191040039,0,0,1,0,-0.007198127047270437,-0.06173572020623375,0.03300000000000003,0.07440338601251817,-0.01847837457856828,-0.012633845685720431,0.026400000000000024,0.0865669883379557,1425653292184,0,0,0,0,0,0,0
0.008919999462273873,0.059611235236534,0.964,-0.07536331710111521,0.02812547492980957,-0.02985918426513672,0,0,1,0,-0.008919999462273873,-0.059611235236534,0.03600000000000003,0.07536331710111521,-0.014915369395038697,-0.015292929009356051,0.04495384615384619,0.07979376827925541,1425653292249,0,0,0,0,0,0,0
0.01004486458478478,0.058741184630999865,0.962,-0.07696902001295003,0.017807701110839843,-0.011743314743041992,0,0,1,0,-0.01004486458478478,-0.058741184630999865,0.038000000000000034,0.07696902001295003,-0.012269676466391412,-0.02165073205287555,0.041169230769230805,0.08437995652911072,1425653292314,0,0,0,0,0,0,0
0.009174745903686254,0.059909012865482524,0.965,-0.07899360194526328,-0.014360106468200684,0.016461969375610352,0,0,1,0,-0.009174745903686254,-0.059909012865482524,0.03500000000000003,0.07899360194526328,-0.0010983602297056742,-0.03324678078241601,0.01184615384615386,0.08833782624824751,1425653292379,0,0,0,0,0,0,0
0.010400559501944608,0.06188242991925235,0.963,-0.08164650240829463,0.01599398708343506,0.030959909439086913,0,0,1,0,-0.010400559501944608,-0.06188242991925235,0.03700000000000003,0.08164650240829463,-0.01271292854289854,-0.03814455714277187,0.03989411764705886,0.09335047503931529,1425653292447,0,0,0,0,0,0,0
0.011146689147754093,0.06462375546369413,0.963,-0.08356636458548872,0.007801095962524414,0.041895671844482424,0,0,1,0,-0.011146689147754093,-0.06462375546369413,0.03700000000000003,0.08356636458548872,-0.010928845781989958,-0.044628225579835375,0.02960000000000003,0.09270856542927008,1425653292510,0,0,0,0,0,0,0
0.011800444137604739,0.0690090803390368,0.967,-0.08470082859928474,0.004281515121459961,0.06636885070800781,0,0,1,0,-0.011800444137604739,-0.0690090803390368,0.03300000000000003,0.08470082859928474,-0.010638448042781997,-0.055249445352023877,0.004861538461538469,0.08993681635526637,1425653292575,0,0,0,0,0,0,0
0.012478741823733637,0.07436566709592446,0.968,-0.08562585310284156,0.003340514659881592,0.0809215087890625,0,0,1,0,-0.012478741823733637,-0.07436566709592446,0.03200000000000003,0.08562585310284156,-0.011117861047991695,-0.0632059480839377,0.020215384615384635,0.08989519696541148,1425653292640,0,0,0,0,0,0,0
0.01191648997569917,0.08034668742982128,0.973,-0.08651597102135879,-0.0160754451751709,0.08866535186767578,0,0,1,0,-0.01191648997569917,-0.08034668742982128,0.027000000000000024,0.08651597102135879,-0.004164598735425162,-0.06961101824314941,-0.00532307692307692,0.09062420756836138,1425653292705,0,0,0,0,0,0,0
0.012709167005601204,0.08704939848258615,0.976,-0.08838347332099296,0.0031581580638885497,0.10119203186035156,0,0,1,0,-0.012709167005601204,-0.08704939848258615,0.02400000000000002,0.08838347332099296,-0.011800425561641244,-0.07635901209220039,0.003290909090909098,0.09687212013751192,1425653292771,0,0,0,0,0,0,0
0.013530256619478489,0.09352069799326414,0.979,-0.089762283430068,0.003700096607208252,0.09777774810791015,0,0,1,0,-0.013530256619478489,-0.09352069799326414,0.02100000000000002,0.089762283430068,-0.012437426492327534,-0.07895622937961742,0.0006461538461538519,0.0961260223950297,1425653292836,0,0,0,0,0,0,0
0.016061541123940114,0.10179443512369463,0.982,-0.09101892049150397,0.026691316604614258,0.12701004791259765,0,0,1,0,-0.016061541123940114,-0.10179443512369463,0.018000000000000016,0.09101892049150397,-0.022922250464819972,-0.09286469766479193,-0.001753846153846151,0.09681878385197769,0,0,0,0,0,0,0,0
0.018214963766906046,0.10964126784147976,0.983,-0.09178686536238147,0.02146926498413086,0.12015125274658203,0,0,1,0,-0.018214963766906046,-0.10964126784147976,0.017000000000000015,0.09178686536238147,-0.021976160720082315,-0.09456066477969109,0.008215384615384624,0.09533122630489302,0,0,0,0,0,0,0,0
0.0203523907441929,0.11724476012876657,0.988,-0.09065240134858522,0.021472625732421875,0.11651097106933593,0,0,1,0,-0.0203523907441929,-0.11724476012876657,0.01200000000000001,0.09065240134858522,-0.02279779412479007,-0.09650916630066943,-0.016915151515151522,0.08549574674042049,0,0,0,0,0,0,0,0
0.020953572001565154,0.12320198599709932,0.991,-0.08977973672258811,0.0008912289142608643,0.08980783081054687,0,0,1,0,-0.020953572001565154,-0.12320198599709932,0.009000000000000008,0.08977973672258811,-0.014965456505389512,-0.09083889183901933,-0.008709090909090915,0.08581307933169216,0,0,0,0,0,0,0,0
0.023964003393965764,0.127555521857152,0.984,-0.08981464330762814,0.03911958694458008,0.0690887222290039,0,0,1,0,-0.023964003393965764,-0.127555521857152,0.016000000000000014,0.08981464330762814,-0.027349242609879205,-0.08183647778891977,0.04546666666666671,0.08995426964778827,0,0,0,0,0,0,0,0
0.027459127531614922,0.1308749208084563,0.961,-0.08918632477691027,0.04774959945678711,0.05429266738891601,0,0,1,0,-0.027459127531614922,-0.1308749208084563,0.039000000000000035,0.08918632477691027,-0.0373049264254107,-0.08437510566270731,0.1775636363636365,0.0857591327911764,0,0,0,0,0,0,0,0
0.029071589963421123,0.1346831559749943,0.935,-0.08838347332099297,0.019002920150756837,0.05905077743530274,0,0,1,0,-0.029071589963421123,-0.1346831559749943,0.06499999999999995,0.08838347332099297,-0.02470621832506318,-0.08606825866086844,0.19418749999999946,0.08462010712138064,0,0,0,0,0,0,0,0
0.031582442634321056,0.13780571968489008,0.905,-0.08916887148439015,0.03338142395019531,0.04998006820678711,0,0,1,0,-0.031582442634321056,-0.13780571968489008,0.09499999999999997,0.08916887148439015,-0.030683995244515705,-0.08370663275835331,0.23753846153846167,0.09279378608468482,0,0,0,0,0,0,0,0
0.03227625908185707,0.13964590793164708,0.864,-0.09126326658678345,0.00790784740447998,0.028419933319091796,0,0,1,0,-0.03227625908185707,-0.13964590793164708,0.136,0.09126326658678345,-0.021156966919811362,-0.07751940872538832,0.32297910447761213,0.10064115510496241,0,0,0,0,0,0,0,0
0.032515144557683076,0.13987940393976775,0.825,-0.09496336460101155,0.0032491693496704104,0.003814432621002197,0,0,1,0,-0.032515144557683076,-0.13987940393976775,0.17500000000000004,0.09496336460101155,-0.01897921001799153,-0.06938968716529124,0.3532812500000002,0.11230757404270579,0,0,0,0,0,0,0,0
0.03359781713031107,0.13743513707503208,0.782,-0.0992219679758775,0.019643423080444335,-0.034958911895751954,0,0,1,0,-0.03359781713031107,-0.13743513707503208,0.21799999999999997,0.0992219679758775,-0.024065755330590577,-0.053818518313650934,0.40593846153846114,0.11887706047525877,0,0,0,0,0,0,0,0
0.03500016279772235,0.1360916376498295,0.733,-0.10424851622162117,0.022928014755249023,-0.017969642639160156,0,0,1,0,-0.03500016279772235,-0.1360916376498295,0.267,0.10424851622162117,-0.026510994934332423,-0.0591624374553157,0.4774461538461541,0.12744796966351501,0,0,0,0,0,0,0,0
0.035771743320240246,0.1344293681903441,0.68,-0.11047934165124111,0.01410550594329834,-0.02359431838989258,0,0,1,0,-0.035771743320240246,-0.1344293681903441,0.31999999999999995,0.11047934165124111,-0.02352360912547748,-0.0567022277841429,0.5413846153846149,0.13923699748025625,0,0,0,0,0,0,0,0
0.03620474482858313,0.13221495827394786,0.627,-0.11653563415566143,0.010117662429809571,-0.03229753494262695,0,0,1,0,-0.03620474482858313,-0.13221495827394786,0.373,0.11653563415566143,-0.02187165088457521,-0.05306647555681005,0.5752656716417912,0.14365336178739418,0,0,0,0,0,0,0,0
0.03756746435930792,0.12964757610268363,0.575,-0.12192870154432384,0.02477987289428711,-0.03587283706665039,0,0,1,0,-0.03756746435930792,-0.12964757610268363,0.42500000000000004,0.12192870154432384,-0.027767478082868162,-0.049393200666882145,0.6243750000000003,0.14720870492867888,0,0,0,0,0,0,0,0
0.04082946814261925,0.1224888444525962,0.524,-0.12742648868810585,0.06162720108032226,-0.10063256072998047,0,0,1,0,-0.04082946814261925,-0.1224888444525962,0.476,0.12742648868810585,-0.03876359693448854,-0.02362631647287864,0.6394956521739127,0.1513299110523755,0,0,0,0,0,0,0,0
0.048976295981098344,0.10907039225891525,0.471,-0.13267992973660866,0.14679026794433594,-0.1841151580810547,0,0,1,0,-0.048976295981098344,-0.10907039225891525,0.529,0.13267992973660866,-0.06994665460572431,0.020082858086375444,0.7130437500000002,0.1573054346514656,0,0,0,0,0,0,0,0
0.05772115999588817,0.09118559185466028,0.422,-0.13768902468983266,0.16551004028320312,-0.24856114196777343,0,0,1,0,-0.05772115999588817,-0.09118559185466028,0.5780000000000001,0.13768902468983266,-0.07686392693013877,0.0504265538710989,0.7222484848484851,0.16045763811357808,0,0,0,0,0,0,0,0
0.06574160856520969,0.06906157077640235,0.372,-0.14104005685366172,0.1647174072265625,-0.3122069091796875,0,0,1,0,-0.06574160856520969,-0.06906157077640235,0.628,0.14104005685366172,-0.07772963515194234,0.08572938014935322,0.7716307692307689,0.15650635914825742,0,0,0,0,0,0,0,0
0.07755210607288322,0.044468609221186534,0.321,-0.14385003694937282,0.22725491333007813,-0.340327880859375,0,0,1,0,-0.07755210607288322,-0.044468609221186534,0.679,0.14385003694937282,-0.10716809880342912,0.117700180707597,0.8311032258064519,0.15744671483184586,0,0,0,0,0,0,0,0
0.08919457789786518,0.01984374529633729,0.27,-0.14627604460964483,0.22578457641601563,-0.34052285766601564,0,0,1,0,-0.08919457789786518,-0.01984374529633729,0.73,0.14627604460964483,-0.10811642067761859,0.12175468081370357,0.854454545454545,0.15730335215633579,0,0,0,0,0,0,0,0
0.1001613164956574,-0.003995501281392394,0.22,-0.1476723080112402,0.21486465454101564,-0.32979306030273436,0,0,1,0,-0.1001613164956574,0.003995501281392394,0.78,0.1476723080112402,-0.1118978640356923,0.13346134134387447,0.8974375000000003,0.15421729270621853,0,0,0,0,0,0,0,0
0.11036588286665369,-0.02660971980828484,0.177,-0.14917329116795544,0.2013130798339844,-0.31299945068359375,0,0,1,0,-0.11036588286665369,0.02660971980828484,0.823,0.14917329116795544,-0.11121376169188349,0.13433901942789483,0.8864303030303026,0.15599594188029742,0,0,0,0,0,0,0,0
0.11945633396631722,-0.047338054518884995,0.147,-0.1502903018892318,0.18105230712890624,-0.28720654296875,0,0,1,0,-0.11945633396631722,0.047338054518884995,0.853,0.1502903018892318,-0.10992964137718657,0.13473353087338497,0.8414909090909092,0.15536762334957882,0,0,0,0,0,0,0,0
0.1272555193599569,-0.06600827485467739,0.113,-0.14857987922227714,0.15760008239746093,-0.25938043212890627,0,0,1,0,-0.1272555193599569,0.06600827485467739,0.887,0.14857987922227714,-0.10835553507813302,0.13629066669688533,0.8955375000000001,0.14056227297092722,0,0,0,0,0,0,0,0
0.13351601815541217,-0.08193802654995279,0.105,-0.14697417631044254,0.12824496459960938,-0.2224121551513672,0,0,1,0,-0.13351601815541217,0.08193802654995279,0.895,0.14697417631044254,-0.10212172475076013,0.1266828101404751,0.7584242424242426,0.13967552671119438,0,0,0,0,0,0,0,0
0.13490608283534064,-0.08962156922302307,0,-0.15676547341413097,0.03750448608398437,-0.11095703125,0,0,1,0,-0.13490608283534064,0.08962156922302307,1,0.15676547341413097,-0.07730539837771386,0.08812535731487231,1.3742187499999998,0.20266217858767044,0,0,0,0,0,0,0,0
