0,0,0.715,0,0.0015055931806564331,-0.0045923652648925785,0,0,0.5,0,0,0,-0.21499999999999997,0,0,0,-0.172,0,0,0,0,0,0,0,0,0
0.00037406915028889975,-0.0005311182975769043,0.713,-0.0008901179185170083,0.005611037254333496,-0.007966774463653565,0,0,0.5,0,-0.00037406915028889975,0.0005311182975769043,-0.21299999999999997,0.0008901179185170083,-0.0022654321847585747,0.0032165509620765047,-0.16063078888888888,0.005128774673359904,0,0,0,0,0,0,0,0
0.0009591496823327575,-0.0005463026474267508,0.707,-0.0014486232791552922,0.008776407241821289,-0.0002199532985687256,0,0,0.5,0,-0.0009591496823327575,0.0005463026474267508,-0.20699999999999996,0.0014486232791552922,-0.0036308675861068873,0.00035560290876854187,-0.13597970769230766,0.0040263403282550635,0,0,0,0,0,0,0,0
0.002480029046556275,-0.0011280526673564195,0.702,-0.0022514747350725894,0.022825807571411134,-0.008693193435668945,0,0,0.5,0,-0.002480029046556275,0.0011280526673564195,-0.20199999999999996,0.0022514747350725894,-0.009307779809037835,0.0036504985341624815,-0.1391054484848484,0.005900799534696667,0,0,0,0,0,0,0,0
0.0044357588336944,-0.002742229470779068,0.696,-0.003019419605950313,0.0293903865814209,-0.024146541595458985,0,0,0.5,0,-0.0044357588336944,0.002742229470779068,-0.19599999999999995,0.003019419605950313,-0.012918611505941308,0.010201833371977198,-0.12926249999999995,0.006619161188189643,0,0,0,0,0,0,0,0
0.0051013584912194985,-0.004544840467750333,0.689,-0.00293215314335038,0.01006559181213379,-0.02700889587402344,0,0,0.5,0,-0.0051013584912194985,0.004544840467750333,-0.18899999999999995,0.00293215314335038,-0.006036445107806499,0.011695279130902533,-0.12117413582089546,0.0025414077884253067,0,0,0,0,0,0,0,0
0.008267205025786263,-0.008276636039056765,0.681,-0.0021467549799529806,0.04765162658691406,-0.05583745193481445,0,0,0.5,0,-0.008267205025786263,0.008276636039056765,-0.18100000000000005,0.0021467549799529806,-0.02173559988107968,0.0248819642045855,-0.10803715555555618,-0.00159323627432035,0,0,0,0,0,0,0,0
0.012753548707657866,-0.013715970706421117,0.674,-0.0020769418098731673,0.06747015380859375,-0.08144536590576172,0,0,0.5,0,-0.012753548707657866,0.013715970706421117,-0.17400000000000004,0.0020769418098731673,-0.030556260435604624,0.036167074432819676,-0.11032029230769233,0.0017547271787355678,0,0,0,0,0,0,0,0
0.019295310866448954,-0.023031175751265405,0.667,-0.0008203047484374171,0.0984164276123047,-0.1395239715576172,0,0,0.5,0,-0.019295310866448954,0.023031175751265405,-0.16700000000000004,0.0008203047484374171,-0.044907321419706735,0.061709718482833645,-0.1058057923076923,-0.004979558612035276,0,0,0,0,0,0,0,0
0.026186048288155725,-0.03355987765538706,0.66,-0.00043633231299855524,0.10349057769775391,-0.15784568786621095,0,0,0.5,0,-0.026186048288155725,0.03355987765538706,-0.16000000000000003,0.00043633231299855524,-0.0491417511365706,0.07183843974630338,-0.10240293582089553,-0.00128294724866799,0,0,0,0,0,0,0,0
0.03322835110628037,-0.04558228548701019,0.65,0.001099557428756448,0.10571321868896484,-0.1802900085449219,0,0,0.5,0,-0.03322835110628037,0.04558228548701019,-0.15000000000000002,-0.001099557428756448,-0.0546082035550676,0.0876146327292647,-0.07809894615384616,-0.00818827931377954,0,0,0,0,0,0,0,0
0.04049186949010668,-0.0588875677811885,0.642,0.0018500490071140518,0.10873326110839844,-0.19969891357421876,0,0,0.5,0,-0.04049186949010668,0.0588875677811885,-0.14200000000000002,-0.0018500490071140518,-0.06006815160741029,0.10233218229574305,-0.08270389999999997,-0.00536797828066532,0,0,0,0,0,0,0,0
0.04736920858344955,-0.07173725344922957,0.635,0.0027227136331111623,0.10280332183837891,-0.19293580627441406,0,0,0.5,0,-0.04736920858344955,0.07173725344922957,-0.135,-0.0027227136331111623,-0.06084707086534169,0.10523100693382373,-0.0840390923076923,-0.006750396522328595,0,0,0,0,0,0,0,0
0.053535837586533304,-0.08366742748440557,0.626,0.002670353755551247,0.09201185607910156,-0.17920379638671874,0,0,0.5,0,-0.053535837586533304,0.08366742748440557,-0.126,-0.002670353755551247,-0.0601382831753042,0.10629926129461853,-0.0668888615384615,-0.002428692782197791,0,0,0,0,0,0,0,0
0.05785313934943521,-0.0971492807869138,0.619,0.004031710572106827,0.06421927642822266,-0.20240000915527342,0,0,0.5,0,-0.05785313934943521,0.0971492807869138,-0.119,-0.004031710572106827,-0.05237662268866077,0.12145853103324997,-0.07283159230769229,-0.01031489587928643,0,0,0,0,0,0,0,0
0.06323294911135137,-0.10905651570540636,0.613,0.003961897402027014,0.0799763946533203,-0.17893241882324218,0,0,0.5,0,-0.06323294911135137,0.10905651570540636,-0.11299999999999999,-0.003961897402027014,-0.059965367983880066,0.11709259510701722,-0.07513771641791042,-0.0036493011180875516,0,0,0,0,0,0,0,0
0.06871245902768951,-0.1202429295788091,0.608,0.0008901179185170074,0.08152721405029296,-0.1681205291748047,0,0,0.5,0,-0.06871245902768951,0.1202429295788091,-0.10799999999999998,-0.0008901179185170074,-0.06508664971776536,0.12270632537566763,-0.0753836222222222,0.013737403431530643,0,0,0,0,0,0,0,0
0.07283050810253106,-0.1300410999835559,0.604,-0.002565634000431639,0.061639888763427735,-0.14702748107910157,0,0,0.5,0,-0.07283050810253106,0.1300410999835559,-0.10399999999999998,0.002565634000431639,-0.05859015966635034,0.11750448853353088,-0.07943567878787877,0.01827359726838003,0,0,0,0,0,0,0,0
0.07705096274793302,-0.13932255294004584,0.601,-0.004572762640225215,0.06366380310058593,-0.1390589141845703,0,0,0.5,0,-0.07705096274793302,0.13932255294004584,-0.10099999999999998,0.004572762640225215,-0.06163785609528974,0.12025283448165958,-0.08275045384615382,0.013836433285426334,0,0,0,0,0,0,0,0
0.07991437285322651,-0.14824019233827823,0.599,-0.007347836150896072,0.043562374114990234,-0.13356678771972658,0,0,0.5,0,-0.07991437285322651,0.14824019233827823,-0.09899999999999998,0.007347836150896072,-0.0555815301786913,0.12212295028694267,-0.08735163939393938,0.019961806653945417,0,0,0,0,0,0,0,0
0.08118468331092657,-0.15404476965319236,0.598,-0.009285151620609835,0.01969390296936035,-0.08692630004882812,0,0,0.5,0,-0.08118468331092657,0.15404476965319236,-0.09799999999999998,0.009285151620609835,-0.04772227873914954,0.10816035578899696,-0.09259041940298507,0.017959698499925188,0,0,0,0,0,0,0,0
0.08199436205113796,-0.15819373301527667,0.599,-0.011693705988361948,0.012722505569458007,-0.06211899948120117,0,0,0.5,0,-0.08199436205113796,0.15819373301527667,-0.09899999999999998,0.011693705988361948,-0.046041039628579576,0.1030618771686098,-0.10479355555555556,0.023163012501467253,0,0,0,0,0,0,0,0
0.08164474163085991,-0.16164015377054425,0.599,-0.013805554383275133,-0.004639440059661866,-0.05175410079956055,0,0,0.5,0,-0.08164474163085991,0.16164015377054425,-0.09899999999999998,0.013805554383275133,-0.03956785204122767,0.10011844729388474,-0.09989139999999999,0.023404865269244155,0,0,0,0,0,0,0,0
0.08114643964848615,-0.16308160079860354,0.599,-0.016598081186466107,-0.007175327301025391,-0.02172283172607422,0,0,0.5,0,-0.08114643964848615,0.16308160079860354,-0.09899999999999998,0.016598081186466107,-0.03858379487091334,0.0903143682322763,-0.10054479999999999,0.02929138483733417,0,0,0,0,0,0,0,0
0.08050336687862318,-0.16273116214143224,0.6,-0.019460421159736674,-0.00973200798034668,0.005095756530761718,0,0,0.5,0,-0.08050336687862318,0.16273116214143224,-0.09999999999999998,0.019460421159736674,-0.03743948694318414,0.08068279817104423,-0.10745355,0.032877639784442456,0,0,0,0,0,0,0,0
0.0789296588336116,-0.16154086746542476,0.6,-0.022060961745208333,-0.023948583602905273,0.017391693115234374,0,0,0.5,0,-0.0789296588336116,0.16154086746542476,-0.09999999999999998,0.022060961745208333,-0.03187610925487766,0.07579856047556992,-0.1026448,0.03388160077007951,0,0,0,0,0,0,0,0
0.07664223831890091,-0.15872908903291763,0.597,-0.02389355745980226,-0.03523334121704102,0.041409534454345705,0,0,0.5,0,-0.07664223831890091,0.15872908903291763,-0.09699999999999998,0.02389355745980226,-0.026617540541041346,0.06542951330992737,-0.08445934999999997,0.032483849871961304,0,0,0,0,0,0,0,0
0.07409982613341277,-0.15397415634127767,0.596,-0.026982790235832166,-0.03982931900024414,0.07039250946044921,0,0,0.5,0,-0.07409982613341277,0.15397415634127767,-0.09599999999999997,0.026982790235832166,-0.024213918507095054,0.05292555974428742,-0.09530498461538459,0.041240787663662494,0,0,0,0,0,0,0,0
0.06988472381030963,-0.15049657773656128,0.594,-0.029496064358704107,-0.06461087036132812,0.05043886947631836,0,0,0.5,0,-0.06988472381030963,0.15049657773656128,-0.09399999999999997,0.029496064358704107,-0.013144999367323995,0.05816265368550793,-0.0889313692307692,0.04109579107965153,0,0,0,0,0,0,0,0
0.06670273217876528,-0.1457790980355345,0.593,-0.031066860685499128,-0.04979601669311524,0.0693237762451172,0,0,0.5,0,-0.06670273217876528,0.1457790980355345,-0.09299999999999997,0.031066860685499128,-0.017160264051246092,0.04922227973012322,-0.0941204846153846,0.038316689886091534,0,0,0,0,0,0,0,0
0.06329685429209149,-0.14001756782163652,0.591,-0.033475415053251245,-0.053747974395751956,0.08479435729980468,0,0,0.5,0,-0.06329685429209149,0.14001756782163652,-0.09099999999999997,0.033475415053251245,-0.014841635685218613,0.041739594274877515,-0.08806703880597012,0.044259986849156246,0,0,0,0,0,0,0,0
0.06015300469539459,-0.1339365563141071,0.588,-0.03501130479500647,-0.05018421936035156,0.08958573913574219,0,0,0.5,0,-0.06015300469539459,0.1339365563141071,-0.08799999999999997,0.03501130479500647,-0.013907180735936484,0.03562682212884925,-0.08027174999999998,0.04221078795948409,0,0,0,0,0,0,0,0
0.05552109700588213,-0.12763802760852103,0.586,-0.03637266161156161,-0.07274315643310547,0.09198799133300781,0,0,0.5,0,-0.05552109700588213,0.12763802760852103,-0.08599999999999997,0.03637266161156161,-0.004257651458816607,0.03241604196585002,-0.08503953939393935,0.04246828914837565,0,0,0,0,0,0,0,0
0.051846527094427323,-0.12211153535374816,0.583,-0.037995817815916544,-0.058096626281738284,0.08083818817138672,0,0,0.5,0,-0.051846527094427323,0.12211153535374816,-0.08299999999999996,0.037995817815916544,-0.006601899367622361,0.03242827994722757,-0.0771018333333333,0.045849799449892044,0,0,0,0,0,0,0,0
0.048486737201263834,-0.11718939992385556,0.58,-0.039845866823030374,-0.053165107727050784,0.07186433410644531,0,0,0.5,0,-0.048486737201263834,0.11718939992385556,-0.07999999999999996,0.039845866823030374,-0.008076216473385411,0.035415115177932166,-0.07647132352941173,0.04800784773676786,0,0,0,0,0,0,0,0
0.04501258813742461,-0.11248598075924725,0.576,-0.041329396687225683,-0.05488130569458008,0.06841938018798828,0,0,0.5,0,-0.04501258813742461,0.11248598075924725,-0.07599999999999996,0.041329396687225683,-0.004954479840971398,0.0331449388841122,-0.0676680384615384,0.04817645759889634,0,0,0,0,0,0,0,0
0.04031280353900784,-0.10924677352601278,0.573,-0.043580871422298495,-0.0724441146850586,0.04563385772705078,0,0,0.5,0,-0.04031280353900784,0.10924677352601278,-0.07299999999999995,0.043580871422298495,0.0035849496534246864,0.039745927216429576,-0.07137920909090906,0.05381484749081127,0,0,0,0,0,0,0,0
0.03659479083928598,-0.10582160085141994,0.571,-0.04431390970813598,-0.05795560836791992,0.04889906311035156,0,0,0.5,0,-0.03659479083928598,0.10582160085141994,-0.07099999999999995,0.04431390970813598,0.0011534272515034832,0.03624888552223552,-0.07502448888888885,0.047804568212124,0,0,0,0,0,0,0,0
0.03304307002789731,-0.10286996242527062,0.568,-0.04619886530028983,-0.05518484878540039,0.041871025085449216,0,0,0.5,0,-0.03304307002789731,0.10286996242527062,-0.06799999999999995,0.04619886530028983,0.0013768340749758974,0.03797523118654309,-0.0680237538461538,0.05489866034099993,0,0,0,0,0,0,0,0
0.029374512264858717,-0.10049419016271559,0.566,-0.04799655442984419,-0.05661543655395508,0.03305721664428711,0,0,0.5,0,-0.029374512264858717,0.10049419016271559,-0.06599999999999995,0.04799655442984419,0.0038211415708687656,0.03995348408284057,-0.07223736923076918,0.05629358118163354,0,0,0,0,0,0,0,0
0.025851883017457198,-0.09915099647881102,0.562,-0.04970697709679862,-0.053745246887207034,0.01758956527709961,0,0,0.5,0,-0.025851883017457198,0.09915099647881102,-0.062000000000000055,0.04970697709679862,0.004492231026881278,0.04501694996527582,-0.059003678787879404,0.057481625582955095,1425655310308,0,0,0,0,0,0,0
0.022011654004803566,-0.09811340810624765,0.559,-0.05077162794051505,-0.05830559921264648,0.012682488441467285,0,0,0.5,0,-0.022011654004803566,0.09811340810624765,-0.05900000000000005,0.05077162794051505,0.008395584534774984,0.04609791198904521,-0.06204545384615388,0.05568540106536011,1425655310308,0,0,0,0,0,0,0
0.018407360933077408,-0.09594613176637726,0.556,-0.05159193268895224,-0.05564456176757813,0.02972349548339844,0,0,0.5,0,-0.018407360933077408,0.09594613176637726,-0.05600000000000005,0.05159193268895224,0.008915341988729777,0.03899370359618192,-0.06000945384615388,0.05537795460481622,1425655310308,0,0,0,0,0,0,0
0.015478434095378479,-0.09466896887880215,0.554,-0.05284856975038822,-0.044863376617431644,0.016866323471069335,0,0,0.5,0,-0.015478434095378479,0.09466896887880215,-0.05400000000000005,0.05284856975038822,0.006733157011424478,0.043209575571447875,-0.06414506923076926,0.05864843311086197,1425655310308,0,0,0,0,0,0,0
0.011792713539064071,-0.0933626024306895,0.555,-0.054785885220101985,-0.05624373245239258,0.016647722244262694,0,0,0.5,0,-0.011792713539064071,0.0933626024306895,-0.05500000000000005,0.054785885220101985,0.012643395126018479,0.042459828097615525,-0.08145641538461543,0.0637273412341655,1425655310308,0,0,0,0,0,0,0
0.00831620442978379,-0.09185036650825673,0.553,-0.05590289594137833,-0.0533115119934082,0.01979397964477539,0,0,0.5,0,-0.00831620442978379,0.09185036650825673,-0.05300000000000005,0.05590289594137833,-0.004158102214891895,0.045925183254128366,-0.04240000000000004,0.05590289594137833,1425655310308,0,0,0,0,0,0,0
0.00460606646102155,-0.08860791353608216,0.551,-0.06117379028240124,-0.05828265380859375,0.04545132446289062,0,0,0.5,0,-0.00460606646102155,0.08860791353608216,-0.051000000000000045,0.06117379028240124,0.017671638811932393,0.026902189753976465,-0.03036226923076926,0.0855009949332762,1425655310699,0,0,0,0,0,0,0
0.0018337104953578432,-0.08626066509363665,0.549,-0.0638441440379525,-0.04366006088256836,0.03260052108764649,0,0,0.5,0,-0.0018337104953578432,0.08626066509363665,-0.049000000000000044,0.0638441440379525,0.014007029481642466,0.03060496704822107,-0.02908076923076926,0.07616885367895829,1425655310764,0,0,0,0,0,0,0
-0.0017634237758058695,-0.0840173246916687,0.549,-0.0653800337797075,-0.05599398803710937,0.030139049530029296,0,0,0.5,0,0.0017634237758058695,0.0840173246916687,-0.049000000000000044,0.0653800337797075,0.020247856795370934,0.030097412941627336,-0.040168500000000044,0.07246875566473059,1425655310829,0,0,0,0,0,0,0
-0.006341815863378614,-0.08166467581718574,0.548,-0.06606071218798551,-0.07083475494384765,0.030727502822875976,0,0,0.5,0,0.006341815863378614,0.08166467581718574,-0.04800000000000004,0.06606071218798551,0.02782487095397868,0.028385586460893945,-0.03429588461538465,0.06920230484157634,1425655310894,0,0,0,0,0,0,0
-0.009154921414036503,-0.07998638269474255,0.547,-0.06647959120846417,-0.043766372680664065,0.022333976745605468,0,0,0.5,0,0.009154921414036503,0.07998638269474255,-0.04700000000000004,0.06647959120846417,0.01928000455854621,0.03150093722178224,-0.03397151940298511,0.06835516891209995,1425655310961,0,0,0,0,0,0,0
-0.010295632474544746,-0.07894689662826826,0.55,-0.06747442888210078,-0.018108675003051758,0.014421175956726075,0,0,0.5,0,0.010295632474544746,0.07894689662826826,-0.050000000000000044,0.06747442888210078,0.011498802503312804,0.03402321102033165,-0.05857706666666672,0.07221175113751324,1425655311024,0,0,0,0,0,0,0
-0.012321279614518324,-0.078102640304108,0.55,-0.0684692665557374,-0.031169403076171876,0.010586392402648926,0,0,0.5,0,0.012321279614518324,0.078102640304108,-0.050000000000000044,0.0684692665557374,0.01708968198926267,0.03488077657434089,-0.04223540000000004,0.07306082504944486,1425655311089,0,0,0,0,0,0,0
-0.014198932695590288,-0.07822470533196395,0.55,-0.06904522520889558,-0.027973535537719727,-0.003753601789474487,0,0,0.5,0,0.014198932695590288,0.07822470533196395,-0.050000000000000044,0.06904522520889558,0.017087800259176694,0.04018674752708041,-0.04256540000000004,0.07166321908688732,1425655311155,0,0,0,0,0,0,0
-0.01580823950418474,-0.07915805663923474,0.551,-0.06928957130417505,-0.023116201400756837,-0.015632311820983888,0,0,0.5,0,0.01580823950418474,0.07915805663923474,-0.051000000000000045,0.06928957130417505,0.016610976031772785,0.04508329918425218,-0.04908151538461543,0.07041732251315723,1425655311220,0,0,0,0,0,0,0
-0.017102718479513872,-0.08051775698406086,0.549,-0.06991788983489293,-0.017958526611328126,-0.02169089698791504,0,0,0.5,0,0.017102718479513872,0.08051775698406086,-0.049000000000000044,0.06991788983489293,0.015468666346315853,0.048001085399547186,-0.03181423939393943,0.07277388315633782,1425655311286,0,0,0,0,0,0,0
-0.017646767150364298,-0.08222645727153256,0.548,-0.07023204910025176,-0.006350220203399658,-0.026137998580932617,0,0,0.5,0,0.017646767150364298,0.08222645727153256,-0.04800000000000004,0.07023204910025176,0.011862589548624564,0.05104198304139407,-0.03645875000000004,0.07170467065662126,1425655311350,0,0,0,0,0,0,0
-0.018011135496168482,-0.08521407826398249,0.546,-0.07127924665144829,-0.002307236909866333,-0.04508737564086914,0,0,0.5,0,0.018011135496168482,0.08521407826398249,-0.04600000000000004,0.07127924665144829,0.011043198191369969,0.059333917950725464,-0.02985726923076926,0.0761124661185092,1425655311415,0,0,0,0,0,0,0
-0.018192034606053776,-0.08768437701604768,0.545,-0.07120943348136871,-0.00006761679053306579,-0.03715364074707031,0,0,0.5,0,0.018192034606053776,0.08768437701604768,-0.04500000000000004,0.07120943348136871,0.010157561298474062,0.0578404808774392,-0.034734384615384646,0.0708872188502322,1425655311480,0,0,0,0,0,0,0
-0.017957043037234728,-0.09097421671713928,0.542,-0.07080800775340995,0.007026985645294189,-0.04897174072265625,0,0,0.5,0,0.017957043037234728,0.09097421671713928,-0.04200000000000004,0.07080800775340995,0.007831677621913492,0.06368995467305272,-0.022087109090909114,0.0689833453535974,1425655311546,0,0,0,0,0,0,0
-0.01744309103270616,-0.09366364395232517,0.54,-0.07077310116836993,0.01054407024383545,-0.03969489669799805,0,0,0.5,0,0.01744309103270616,0.09366364395232517,-0.040000000000000036,0.07077310116836993,0.00610687841581668,0.06191248079463914,-0.02605413939393942,0.07061443487273349,1425655311612,0,0,0,0,0,0,0
-0.017232763128913007,-0.09539968955517122,0.539,-0.0718726585971266,0.004988462448120117,-0.025752397537231447,0,0,0.5,0,0.017232763128913007,0.09539968955517122,-0.039000000000000035,0.0718726585971266,0.007588015762771948,0.05807344466195605,-0.030641050000000034,0.0770268340444235,1425655311676,0,0,0,0,0,0,0
-0.016805564963751147,-0.09700012184162889,0.535,-0.07246607054280446,0.008115353584289551,-0.023484344482421874,0,0,0.5,0,0.016805564963751147,0.09700012184162889,-0.03500000000000003,0.07246607054280446,0.006235273208876256,0.05806042380551267,-0.011598838461538474,0.0752048949074715,1425655311741,0,0,0,0,0,0,0
-0.014966614371666784,-0.09851587800748202,0.533,-0.07080800775340995,0.029158035278320314,-0.02067949676513672,0,0,0.5,0,0.014966614371666784,0.09851587800748202,-0.03300000000000003,0.07080800775340995,-0.002276217625099358,0.05842638886742739,-0.020982569230769254,0.06315541026389683,1425655311806,0,0,0,0,0,0,0
-0.012754430233190341,-0.09990234198493297,0.531,-0.07115707360380902,0.034570972442626954,-0.018397203445434572,0,0,0.5,0,0.012754430233190341,0.09990234198493297,-0.031000000000000028,0.07115707360380902,-0.0052031296429222015,0.05837625291836688,-0.019750339393939415,0.07274373656016841,1425655311872,0,0,0,0,0,0,0
-0.011225545238932518,-0.10035770871987298,0.529,-0.07202973822980613,0.023360868453979493,-0.0051827278137207035,0,0,0.5,0,0.011225545238932518,0.10035770871987298,-0.029000000000000026,0.07202973822980613,-0.0022154841590881855,0.05369749691537601,-0.01850293880597017,0.07593719177904693,0,0,0,0,0,0,0,0
-0.008523138941538923,-0.10091225685634032,0.527,-0.07267551005304368,0.041029624938964844,-0.005379372596740722,0,0,0.5,0,0.008523138941538923,0.10091225685634032,-0.027000000000000024,0.07267551005304368,-0.010587973392534403,0.05474038723462412,-0.016409688888888906,0.0757506139732225,0,0,0,0,0,0,0,0
-0.005375830122114899,-0.10023268113969189,0.525,-0.07204719152232603,0.046344837188720706,0.013594692230224609,0,0,0.5,0,0.005375830122114899,0.10023268113969189,-0.025000000000000022,0.07204719152232603,-0.014091812683020018,0.047725673779790395,-0.015314069230769247,0.0691472598420907,0,0,0,0,0,0,0,0
-0.0026461749561081465,-0.09965667387132814,0.524,-0.071767938842007,0.04021664810180664,0.011565102577209472,0,0,0.5,0,0.0026461749561081465,0.09965667387132814,-0.02400000000000002,0.071767938842007,-0.013206015964670458,0.04806012324361934,-0.020054684615384635,0.07047908031745762,1425655312132,0,0,0,0,0,0,0
0.0008549778191795516,-0.09942735314069513,0.522,-0.07182029871956669,0.052135444641113284,0.007196779251098633,0,0,0.5,0,-0.0008549778191795516,0.09942735314069513,-0.02200000000000002,0.07182029871956669,-0.019111365984024947,0.04987686432254832,-0.013213069230769245,0.07206195969291912,1425655312132,0,0,0,0,0,0,0
0.004365315196783324,-0.09782422702974622,0.52,-0.07143632628412783,0.05079374694824219,0.027763351440429688,0,0,0.5,0,-0.004365315196783324,0.09782422702974622,-0.020000000000000018,0.07143632628412783,-0.020354681652146284,0.04200110804780749,-0.012068538805970162,0.06971704672246128,1425655312132,0,0,0,0,0,0,0
0.008606133688255456,-0.09575904668899433,0.519,-0.07033676885537138,0.06123898315429688,0.03543906021118164,0,0,0.5,0,-0.008606133688255456,0.09575904668899433,-0.019000000000000017,0.07033676885537138,-0.02733499163284046,0.03811038806437965,-0.016369150000000016,0.06518259340807553,1425655312132,0,0,0,0,0,0,0
0.01181323666177046,-0.09400454399341822,0.517,-0.06970845032465373,0.04613803100585938,0.029633337020874024,0,0,0.5,0,-0.01181323666177046,0.09400454399341822,-0.017000000000000015,0.06970845032465373,-0.022761727984045157,0.03928495374272563,-0.009744039393939407,0.06685245700320985,1425655312132,0,0,0,0,0,0,0
0.012784040771742455,-0.0923827033939059,0.517,-0.06969099703213359,0.012832228660583495,0.025282802581787108,0,0,0.5,0,-0.012784040771742455,0.0923827033939059,-0.017000000000000015,0.06969099703213359,-0.01155703254804577,0.038967898555947095,-0.02045890000000002,0.06960918472344546,1425655312458,0,0,0,0,0,0,0
0.014622317521898368,-0.09023442564429332,0.516,-0.0697782634947333,0.025263299942016603,0.03406605911254883,0,0,0.5,0,-0.014622317521898368,0.09023442564429332,-0.016000000000000014,0.0697782634947333,-0.0169251739877117,0.03543037317512772,-0.014461469696969712,0.0701749292338229,1425655312524,0,0,0,0,0,0,0
0.01588066153870026,-0.08767169975846283,0.515,-0.06962118386205378,0.016149065017700196,0.03966334915161133,0,0,0.5,0,-0.01588066153870026,0.08767169975846283,-0.015000000000000013,0.06962118386205378,-0.01448942637403262,0.03200904252865506,-0.013760469696969712,0.06890718553169231,1425655312590,0,0,0,0,0,0,0
0.015722901949619148,-0.08515612284500125,0.514,-0.06923721142661514,-0.00498560094833374,0.03747762298583984,0,0,0.5,0,-0.015722901949619148,0.08515612284500125,-0.014000000000000012,0.06923721142661514,-0.006884825031215194,0.030638905775971365,-0.012884350000000013,0.06743734063549651,1425655312654,0,0,0,0,0,0,0
0.015673092562443165,-0.08330398489814585,0.513,-0.06846926655573742,-0.0026673672199249267,0.02766381645202637,0,0,0.5,0,-0.015673092562443165,0.08330398489814585,-0.013000000000000012,0.06846926655573742,-0.007464651208094049,0.03355099515515289,-0.012252984615384628,0.06492490561322485,1425655312719,0,0,0,0,0,0,0
0.01558617475273137,-0.08165203738286203,0.512,-0.06810274741281867,-0.0029960014820098876,0.024631954193115233,0,0,0.5,0,-0.01558617475273137,0.08165203738286203,-0.01200000000000001,0.06810274741281867,-0.007238755792286351,0.03399163449268553,-0.01161376969696971,0.06643675130864257,1425655312785,0,0,0,0,0,0,0
0.014710040953789558,-0.07940883277588658,0.51,-0.06696828339902243,-0.015401297569274903,0.03267575454711914,0,0,0.5,0,-0.014710040953789558,0.07940883277588658,-0.010000000000000009,0.06696828339902243,-0.0024796743848375085,0.02941365638034305,-0.004443300000000004,0.06165048333435254,1425655312849,0,0,0,0,0,0,0
0.012492205490753132,-0.07749603631318622,0.507,-0.06520550085450809,-0.03511297607421875,0.02640142822265625,0,0,0.5,0,-0.012492205490753132,0.07749603631318622,-0.007000000000000006,0.06520550085450809,0.005415224498766469,0.03078448536018054,0.002643941791044777,0.05731244468504089,1425655312916,0,0,0,0,0,0,0
0.010874170824924718,-0.07553856855128192,0.505,-0.06372197099031299,-0.026132150650024413,0.027718168258666992,0,0,0.5,0,-0.010874170824924718,0.07553856855128192,-0.0050000000000000044,0.06372197099031299,0.0036207649381578963,0.028970740205486588,-0.00034808888888888945,0.05665754306557441,1425655312979,0,0,0,0,0,0,0
0.008303966798621743,-0.07380161539316753,0.502,-0.06297147941195538,-0.0401339225769043,0.023546403884887695,0,0,0.5,0,-0.008303966798621743,0.07380161539316753,-0.0020000000000000018,0.06297147941195538,0.00954117469285294,0.029814678359632352,0.006836690909090913,0.05956015405578446,1425655313045,0,0,0,0,0,0,0
0.00469050441086064,-0.0720072911811292,0.501,-0.062081361493438375,-0.05578825378417969,0.02345059585571289,0,0,0.5,0,-0.00469050441086064,0.0720072911811292,-0.0010000000000000009,0.062081361493438375,0.01717209238727874,0.02851369046817627,-0.002894284615384617,0.0579731249464368,1425655313110,0,0,0,0,0,0,0
0.0011398625864046193,-0.07028308843791709,0.501,-0.06030112565640413,-0.054761608123779296,0.0225089111328125,0,0,0.5,0,-0.0011398625864046193,0.07028308843791709,-0.0010000000000000009,0.06030112565640413,0.018608407817182832,0.028074850243888352,-0.008285400000000005,0.05208465256239992,1425655313175,0,0,0,0,0,0,0
-0.0016162750187435429,-0.06897537051251407,0.499,-0.05880014249968892,-0.04244905853271484,0.017088653564453125,0,0,0.5,0,0.0016162750187435429,0.06897537051251407,0.0010000000000000009,0.05880014249968892,0.015266452689031415,0.029920011099844775,0.0037690611940298536,0.052079322394993965,1425655313242,0,0,0,0,0,0,0
-0.00544435974224446,-0.06841596803422915,0.499,-0.05824163713905063,-0.05781514358520508,0.005002101898193359,0,0,0.5,0,0.00544435974224446,0.06841596803422915,0.0010000000000000009,0.05824163713905063,0.023721084014425884,0.03345622607400505,-0.006672300000000004,0.05562364326105864,1425655313306,0,0,0,0,0,0,0
-0.008601329857168312,-0.06827209445843471,0.498,-0.05738642580557364,-0.0473998794555664,-0.0006020032167434692,0,0,0.5,0,0.008601329857168312,0.06827209445843471,0.0020000000000000018,0.05738642580557364,0.0213693914542393,0.03571319458096404,-0.0004746846153846152,0.05343929657414138,1425655313371,0,0,0,0,0,0,0
-0.011110957796202647,-0.06888894244868791,0.497,-0.0564090414244567,-0.03705176162719727,-0.011396581649780274,0,0,0.5,0,0.011110957796202647,0.06888894244868791,0.0030000000000000027,0.0564090414244567,0.018742576612337972,0.040064818284785,0.00018468059701492665,0.052032693449306215,1425655313438,0,0,0,0,0,0,0
-0.012701664473697392,-0.0696256062796271,0.497,-0.05511749777798071,-0.023199661254882813,-0.012377621650695801,0,0,0.5,0,0.012701664473697392,0.0696256062796271,0.0030000000000000027,0.05511749777798071,0.015273194622671005,0.041347250923170466,-0.005020300000000002,0.048967289937618855,1425655313501,0,0,0,0,0,0,0
-0.012627638199974074,-0.07079449665270347,0.497,-0.0540703002267844,0.002074613332748413,-0.01744555854797363,0,0,0.5,0,0.012627638199974074,0.07079449665270347,0.0030000000000000027,0.0540703002267844,0.006020678269015522,0.04399269532386607,-0.0050002000000000015,0.04938135596769644,1425655313568,0,0,0,0,0,0,0
-0.013188557441476716,-0.07137371166975211,0.497,-0.05305800926062744,-0.007931946277618408,-0.009130242347717286,0,0,1,0,0.013188557441476716,0.07137371166975211,0.503,0.05305800926062744,0.006594278720738358,0.035686855834876054,0.40240000000000004,0.05305800926062744,0,0,0,0,0,0,0,0
-0.012891095196202206,-0.07167595090285371,0.5,-0.05293583621298793,0.004696084976196289,-0.004290578365325928,0,0,1,0,0.012891095196202206,0.07167595090285371,0.5,0.05293583621298793,0.0048522070277312685,0.03751200684390696,0.3870961538461538,0.0523719606084979,0,0,0,0,0,0,0,0
-0.01155235656416614,-0.07210308014421025,0.503,-0.05281366316534842,0.020391948699951173,-0.005335451602935791,0,0,1,0,0.01155235656416614,0.07210308014421025,0.497,0.05281366316534842,-0.0014165261083130386,0.038444923126513264,0.3879266538461538,0.05224978756085836,0,0,0,0,0,0,0,0
-0.010122357965257662,-0.07212320264284405,0.511,-0.0520108117094309,0.021436004638671874,0.0008309087753295898,0,0,1,0,0.010122357965257662,0.07212320264284405,0.489,0.0520108117094309,-0.0026163456967105486,0.03631028968904092,0.35778207692307684,0.04830534345135004,0,0,0,0,0,0,0,0
-0.008451539082438706,-0.07201164481471568,0.519,-0.0512428668385534,0.02494139862060547,0.0029740266799926757,0,0,1,0,0.008451539082438706,0.07201164481471568,0.481,0.0512428668385534,-0.004474258494357853,0.03561164188747722,0.3558906552238806,0.0478043077152213,0,0,0,0,0,0,0,0
-0.0059038859016488435,-0.07190674622331708,0.529,-0.05223770451219024,0.03808404159545899,0.003528792381286621,0,0,1,0,0.0059038859016488435,0.07190674622331708,0.471,0.05223770451219024,-0.010734221727778027,0.035623858181558596,0.33889704615384614,0.056829263005898724,0,0,0,0,0,0,0,0
-0.0026174043621854603,-0.07170362621743785,0.543,-0.050981067450754265,0.04907089233398437,0.0056166467666625974,0,0,1,0,0.0026174043621854603,0.07170362621743785,0.45699999999999996,0.050981067450754265,-0.016354067731377868,0.03504002099614925,0.3091290846153845,0.04518120409028055,0,0,0,0,0,0,0,0
0.0005538084771492457,-0.07163933321765782,0.558,-0.04998622977711765,0.047457244873046874,0.003387168884277344,0,0,1,0,-0.0005538084771492457,0.07163933321765782,0.44199999999999995,0.04998622977711765,-0.01758615974493329,0.03579584443555196,0.2933112499999999,0.045322928181946005,0,0,0,0,0,0,0,0
0.0037224579986976187,-0.07180407335042299,0.573,-0.050213122579876764,0.04759384536743164,-0.0000931720733642578,0,0,1,0,-0.0037224579986976187,0.07180407335042299,0.42700000000000005,0.050213122579876764,-0.018892292850478498,0.03716355174551028,0.2853487692307698,0.05126032013107268,0,0,0,0,0,0,0,0
0.007121291452406632,-0.0720040356484163,0.59,-0.05012585611727705,0.05106879043579102,-0.0004367389678955078,0,0,1,0,-0.007121291452406632,0.0720040356484163,0.41000000000000003,0.05012585611727705,-0.021289622011738316,0.03746929251366222,0.26645902985074627,0.04973511076235297,0,0,0,0,0,0,0,0
0.011663942146951158,-0.07200592646627546,0.604,-0.048991392103480594,0.06805559539794923,0.0033858070373535155,0,0,1,0,-0.011663942146951158,0.07200592646627546,0.396,0.048991392103480594,-0.031050143814272558,0.03648152703130579,0.2687820222222222,0.043589182513973646,0,0,0,0,0,0,0,0
0.017084309757963916,-0.07196398918612051,0.621,-0.0481536340625235,0.08117715454101562,0.0046099815368652345,0,0,1,0,-0.017084309757963916,0.07196398918612051,0.379,0.0481536340625235,-0.037721078946626706,0.03627101431662604,0.2438848384615384,0.04428705848887538,0,0,0,0,0,0,0,0
0.020711134432006156,-0.07055531752576355,0.639,-0.04747295565424594,0.05332221221923828,0.023724241256713866,0,0,1,0,-0.020711134432006156,0.07055531752576355,0.361,0.04747295565424594,-0.029307871958691268,0.028481034118997536,0.22941214925373127,0.044425141885838945,0,0,0,0,0,0,0,0
0.02426615481742288,-0.06815311413645103,0.653,-0.04656538444320859,0.05155527496337891,0.03852301406860351,0,0,1,0,-0.02426615481742288,0.06815311413645103,0.347,0.04656538444320859,-0.03190468403774552,0.02133602705528123,0.2366503222222222,0.04224361677160216,0,0,0,0,0,0,0,0
0.02780264491370492,-0.06593388786366852,0.669,-0.045622906647131665,0.051440322875976566,0.03572158813476563,0,0,1,0,-0.02780264491370492,0.06593388786366852,0.33099999999999996,0.045622906647131665,-0.03214424418650555,0.022194335178973318,0.22152595882352935,0.04146491637032171,0,0,0,0,0,0,0,0
0.031423087412054525,-0.06296076059045635,0.686,-0.04469788214357486,0.05221619415283203,0.04702727127075195,0,0,1,0,-0.031423087412054525,0.06296076059045635,0.31399999999999995,0.04469788214357486,-0.0358853088616327,0.015652551250205128,0.19781265555555547,0.04029300355520913,0,0,0,0,0,0,0,0
0.0333617989169916,-0.05921168754900249,0.702,-0.043964843857737156,0.026538829803466796,0.05747933959960937,0,0,1,0,-0.0333617989169916,0.05921168754900249,0.29800000000000004,0.043964843857737156,-0.027201996143936705,0.010146559689393361,0.19524025384615445,0.0405815902307939,0,0,0,0,0,0,0,0
0.0346896072166984,-0.05541914172299973,0.716,-0.04384267081009764,0.01739760398864746,0.05770858764648437,0,0,1,0,-0.0346896072166984,0.05541914172299973,0.28400000000000003,0.04384267081009764,-0.02449098728869842,0.008362194346064715,0.19782607575757574,0.04328733877537258,0,0,0,0,0,0,0,0
0.03602103057168562,-0.051491860182258084,0.728,-0.04319689898685965,0.017370248794555666,0.05972793197631836,0,0,1,0,-0.03602103057168562,0.051491860182258084,0.272,0.04319689898685965,-0.02541956624838395,0.005066172881203399,0.1985843,0.040169843565431546,0,0,0,0,0,0,0,0
0.03846768059608954,-0.04693427913756802,0.741,-0.042044981680543284,0.03371333312988281,0.069884765625,0,0,1,0,-0.03846768059608954,0.04693427913756802,0.259,0.042044981680543284,-0.031980879407001575,0.0008384808645804029,0.18865873529411764,0.03696299356444168,0,0,0,0,0,0,0,0
0.03846617325108732,-0.042761817998375876,0.754,-0.04111995717698648,-0.002653280735015869,0.06253065490722656,0,0,1,0,-0.03846617325108732,0.042761817998375876,0.246,0.04111995717698648,-0.01940293368855072,-0.0009430116918329075,0.17449807777777776,0.03671507858862075,0,0,0,0,0,0,0,0
0.03784353857310914,-0.03875890184016886,0.767,-0.041818088877784175,-0.011799925804138184,0.05960905456542969,0,0,1,0,-0.03784353857310914,0.03875890184016886,0.23299999999999998,0.041818088877784175,-0.01577194052249907,-0.0012931007513687018,0.16783479999999995,0.04504023518915815,0,0,0,0,0,0,0,0
0.03703566565902226,-0.03459510636203803,0.781,-0.04077089132658764,-0.014718567848205567,0.06189572143554688,0,0,1,0,-0.03703566565902226,0.03459510636203803,0.21899999999999997,0.04077089132658764,-0.014394640592164075,-0.004218784932427052,0.15267368461538458,0.035937671859526725,0,0,0,0,0,0,0,0
0.03541423163744243,-0.030662046275575835,0.787,-0.042306781068342646,-0.026705947875976563,0.05795553970336914,0,0,1,0,-0.03541423163744243,0.030662046275575835,0.21299999999999997,0.042306781068342646,-0.009358868145458984,-0.004601777657329036,0.19284591818181818,0.04928809807631993,0,0,0,0,0,0,0,0
0.03364285870682006,-0.02643063666367726,0.795,-0.04223696789826261,-0.029231277465820313,0.06229056930541992,0,0,1,0,-0.03364285870682006,0.02643063666367726,0.20499999999999996,0.04223696789826261,-0.00770025538863842,-0.008282194817364122,0.17719285757575756,0.04191963530698972,0,0,0,0,0,0,0,0
0.032340163237943004,-0.02312838389319716,0.806,-0.04251622057858186,-0.021614540100097657,0.04866453170776367,0,0,1,0,-0.032340163237943004,0.02312838389319716,0.19399999999999995,0.04251622057858186,-0.009339133842308809,-0.005538420479043727,0.15190244999999994,0.04382521751757836,0,0,0,0,0,0,0,0
0.030071866639720717,-0.019230201789711226,0.814,-0.04248131399354207,-0.0364789924621582,0.05697373580932617,0,0,1,0,-0.030071866639720717,0.019230201789711226,0.18600000000000005,0.04248131399354207,-0.003134743342276409,-0.010406028387523069,0.16379077692307756,0.04232020667797378,0,0,0,0,0,0,0,0
0.027258136586777573,-0.0156595440229617,0.822,-0.0435459648372585,-0.044442481994628906,0.051719120025634766,0,0,1,0,-0.027258136586777573,0.0156595440229617,0.17800000000000005,0.0435459648372585,0.0011913532669875961,-0.01041758598485609,0.15854777692307698,0.04845973796210356,0,0,0,0,0,0,0,0
0.024443449578867717,-0.011910128942978809,0.831,-0.04392993727269736,-0.04462858581542969,0.05434996795654297,0,0,1,0,-0.024443449578867717,0.011910128942978809,0.16900000000000004,0.04392993727269736,0.002587961363152409,-0.013247091319983485,0.14706166153846156,0.04570211774395364,0,0,0,0,0,0,0,0
0.022215926669813972,-0.00935667350154966,0.838,-0.04391248398017724,-0.035062664031982424,0.03679752731323242,0,0,1,0,-0.022215926669813972,0.00935667350154966,0.16200000000000003,0.04391248398017724,0.00016714488515414717,-0.0076673382822911315,0.15444143582089553,0.04383433490919163,0,0,0,0,0,0,0,0
0.019061362378763838,-0.006059464374860071,0.846,-0.044837508483734266,-0.049443981170654294,0.04733325576782227,0,0,1,0,-0.019061362378763838,0.006059464374860071,0.15400000000000003,0.044837508483734266,0.007347437521425125,-0.014004730864195803,0.1418442,0.049173560844157825,0,0,0,0,0,0,0,0
0.015397971826008045,-0.002235158885613843,0.854,-0.04602433237509065,-0.057466854095458986,0.05484389495849609,0,0,1,0,-0.015397971826008045,0.002235158885613843,0.14600000000000002,0.04602433237509065,0.011344517782816341,-0.01816420388988859,0.1377335575757576,0.05141898642671056,0,0,0,0,0,0,0,0
0.010612252081246446,0.0007985483168915552,0.858,-0.04658283773572871,-0.07380340576171875,0.042154693603515626,0,0,1,0,-0.010612252081246446,-0.0007985483168915552,0.14200000000000002,0.04658283773572871,0.020072668742346346,-0.015736515125058463,0.15634233846153847,0.049160554784827455,0,0,0,0,0,0,0,0
0.00785153515533394,0.003026753144523849,0.865,-0.04679227724596793,-0.04292221069335937,0.03145848274230957,0,0,1,0,-0.00785153515533394,-0.003026753144523849,0.135,0.04679227724596793,0.010776412747286284,-0.012702703336972147,0.13486355,0.04777402495021426,0,0,0,0,0,0,0,0
0.004167229951023341,0.004201952753613035,0.87,-0.04783947479716468,-0.05602864074707031,0.015023687362670898,0,0,1,0,-0.004167229951023341,-0.004201952753613035,0.13,0.04783947479716468,0.016764473087069628,-0.0072467257342880755,0.14389639701492538,0.052528419056254626,0,0,0,0,0,0,0,0
0.0006637403275528642,0.0054042590163221604,0.878,-0.04923573819876028,-0.05335465621948242,0.015500843048095703,0,0,1,0,-0.0006637403275528642,-0.0054042590163221604,0.122,0.04923573819876028,0.018429131513070157,-0.008287347530063091,0.12064659999999999,0.05578072289373965,0,0,0,0,0,0,0,0
-0.002737817112052484,0.0059898215404933525,0.887,-0.049951323192077644,-0.05139381408691406,0.006261635780334473,0,0,1,0,0.002737817112052484,-0.0059898215404933525,0.11299999999999999,0.049951323192077644,0.019288059456593367,-0.0051619387782658975,0.10946956153846152,0.05325402316123471,0,0,0,0,0,0,0,0
-0.004863730960525556,0.006211083191195402,0.891,-0.04991641660703784,-0.0320146484375,0.0017225642204284667,0,0,1,0,0.004863730960525556,-0.006211083191195402,0.10899999999999999,0.04991641660703784,0.013485327699857374,-0.0033149867197804286,0.13390113846153845,0.04975530929146952,0,0,0,0,0,0,0,0
-0.00787275665027669,0.005933373911181969,0.898,-0.05106833391335398,-0.04487131881713867,-0.006412511825561524,0,0,1,0,0.00787275665027669,-0.005933373911181969,0.10199999999999998,0.05106833391335398,0.019750175443437493,-0.000493222222809541,0.1128102923076923,0.05638487532712079,0,0,0,0,0,0,0,0
-0.009870948386385534,0.005901607813649433,0.904,-0.05230751768227006,-0.02990947723388672,-0.0020058698654174803,0,0,1,0,0.009870948386385534,-0.005901607813649433,0.09599999999999997,0.05230751768227006,0.014991753864548478,-0.001810708612346112,0.11500251641791046,0.05785610172219278,1425655316175,0,0,0,0,0,0,0
-0.011776739821254146,0.005247503776789305,0.911,-0.05344198169606652,-0.028034788131713867,-0.011292767524719239,0,0,1,0,0.011776739821254146,-0.005247503776789305,0.08899999999999997,0.05344198169606652,0.01593616856553155,0.0019241741547025323,0.10303414999999998,0.058759781760737456,1425655316175,0,0,0,0,0,0,0
-0.012930792759982985,0.004580349970254943,0.917,-0.054995324730341424,-0.016751523971557616,-0.010917702674865722,0,0,1,0,0.012930792759982985,-0.004580349970254943,0.08299999999999996,0.054995324730341424,0.012313434349292135,0.0022700090294798655,0.10474720769230768,0.06216460027314866,1425655316175,0,0,0,0,0,0,0
-0.013486536102792891,0.002800567754395941,0.926,-0.05738642580557364,-0.006856091499328613,-0.027114589691162108,0,0,1,0,0.013486536102792891,-0.002800567754395941,0.07399999999999995,0.05738642580557364,0.009378405214215808,0.009149155818578612,0.0818743615384615,0.06842227692203003,1425655316175,0,0,0,0,0,0,0
-0.013110906747055175,0.0017307344628694568,0.932,-0.05806710421385143,0.006545568466186523,-0.015697919845581054,0,0,1,0,0.013110906747055175,-0.0017307344628694568,0.06799999999999995,0.05806710421385143,0.0042148057250233455,0.005772845842972714,0.09416651818181816,0.06116109697875048,1425655316175,0,0,0,0,0,0,0
-0.01319674384098725,-0.0004090648044492893,0.94,-0.059288834690247386,0.0005773456692695618,-0.03211761474609375,0,0,1,0,0.01319674384098725,0.0004090648044492893,0.06000000000000005,0.059288834690247386,0.006598371920493625,0.00020453240222464465,0.04800000000000004,0.059288834690247386,1425655316175,0,0,0,0,0,0,0
-0.012440586853003498,-0.0036040974939903496,0.945,-0.06354743806511354,0.01416220760345459,-0.047169200897216795,0,0,1,0,0.012440586853003498,0.0036040974939903496,0.05500000000000005,0.06354743806511354,0.0020930218740515217,0.019277190390319,0.017008250000000016,0.08350964138479862,1425655316565,0,0,0,0,0,0,0
-0.012218028214391349,-0.00648976504203793,0.949,-0.06586872597026594,0.006080441951751709,-0.04298564147949219,0,0,1,0,0.012218028214391349,0.00648976504203793,0.051000000000000045,0.06586872597026594,0.00492652513167092,0.0187896173647948,0.019945038461538486,0.07658236245558472,1425655316630,0,0,0,0,0,0,0
-0.011588102101679005,-0.008514030863178895,0.954,-0.06586872597026594,0.011426992416381836,-0.029676204681396486,0,0,1,0,0.011588102101679005,0.008514030863178895,0.04600000000000004,0.06586872597026594,0.0024255771734490177,0.015168967404390726,0.010859423076923096,0.06586872597026594,1425655316695,0,0,0,0,0,0,0
-0.010608582726307833,-0.011047369904051712,0.961,-0.06588617926278584,0.01716213607788086,-0.03695058441162109,0,0,1,0,0.010608582726307833,0.011047369904051712,0.039000000000000035,0.06588617926278584,0.000060287804064923164,0.019183981206128582,-0.005256307692307685,0.06596673292056998,1425655316760,0,0,0,0,0,0,0
-0.010575921434971715,-0.014559712652297226,0.965,-0.06677629718130307,0.003957568168640136,-0.05253857421875,0,0,1,0,0.010575921434971715,0.014559712652297226,0.03500000000000003,0.06677629718130307,0.00515206854700487,0.025934765645246,0.0082548787878788,0.07082228772001775,1425655316826,0,0,0,0,0,0,0
-0.01137246412523225,-0.017340699107368556,0.969,-0.0678758546100595,-0.00913802146911621,-0.04241908645629883,0,0,1,0,0.01137246412523225,0.017340699107368556,0.031000000000000028,0.0678758546100595,0.010086914924229126,0.023918816567807026,0.004590400000000005,0.07303003005735528,1425655316890,0,0,0,0,0,0,0
-0.01156426526736756,-0.019626955453847784,0.972,-0.06874851923605661,-0.0005444551706314086,-0.03441000747680664,0,0,1,0,0.01156426526736756,0.019626955453847784,0.028000000000000025,0.06874851923605661,0.0068514823419103055,0.021990465541349535,0.008341109090909102,0.07271517662695257,1425655316956,0,0,0,0,0,0,0
-0.011528963466932425,-0.02207177966334832,0.974,-0.06904522520889554,0.0030474612712860106,-0.03654935836791992,0,0,1,0,0.011528963466932425,0.02207177966334832,0.026000000000000023,0.06904522520889554,0.005634111381319231,0.02426757566816302,0.012049969230769245,0.07041463739122907,1425655317021,0,0,0,0,0,0,0
-0.011991475570891367,-0.023688302121912228,0.978,-0.06986552995733318,-0.005248283863067627,-0.024668695449829102,0,0,1,0,0.011991475570891367,0.023688302121912228,0.02200000000000002,0.06986552995733318,0.008444185260085581,0.02024784307551596,-0.0008194352941176472,0.07348452149455806,1425655317089,0,0,0,0,0,0,0
-0.013554179765949706,-0.02571994902030631,0.98,-0.07115707360380895,-0.021255977630615236,-0.032036712646484375,0,0,1,0,0.013554179765949706,0.02571994902030631,0.020000000000000018,0.07115707360380895,0.015675081173566658,0.02442825113573898,0.007002477419354846,0.07740647834482073,1425655317151,0,0,0,0,0,0,0
-0.014633669559391535,-0.027070399649591424,0.984,-0.07264060346800404,-0.014711174964904785,-0.021356725692749025,0,0,1,0,0.014633669559391535,0.027070399649591424,0.016000000000000014,0.07264060346800404,0.01304203918536074,0.020707232031277653,-0.0056955223880597,0.07928327450171338,1425655317218,0,0,0,0,0,0,0
-0.016200600876566305,-0.028115421861982664,0.986,-0.07300712261092278,-0.0223043212890625,-0.017339836120605467,0,0,1,0,0.016200600876566305,0.028115421861982664,0.014000000000000012,0.07300712261092278,0.016634231924976386,0.01982046800424114,0.0029217692307692347,0.07469874942439389,1425655317283,0,0,0,0,0,0,0
-0.017274755364026336,-0.028063675035799224,0.987,-0.07337364175384152,-0.016126014709472655,-0.0004011345207691193,0,0,1,0,0.017274755364026336,0.028063675035799224,0.013000000000000012,0.07337364175384152,0.014619324888341514,0.013902522205374971,0.007505450000000007,0.07509170023627312,1425655317347,0,0,0,0,0,0,0
-0.018028953579903955,-0.02795754227883527,0.989,-0.0731642022436023,-0.011399239540100097,0.0007583784461021423,0,0,1,0,0.018028953579903955,0.02795754227883527,0.01100000000000001,0.0731642022436023,0.013194927779074316,0.013579134609105162,0.0006764692307692326,0.07219755835019052,1425655317412,0,0,0,0,0,0,0
-0.019554217685016764,-0.02763304525915229,0.988,-0.07470009198535708,-0.023173559188842775,0.0031820054054260256,0,0,1,0,0.019554217685016764,0.02763304525915229,0.01200000000000001,0.07470009198535708,0.018122163322853928,0.012259040010195059,0.0177083153846154,0.08178881387037915,1425655317477,0,0,0,0,0,0,0
-0.02085105612680356,-0.02604485683048278,0.991,-0.0747699051554369,-0.02117624092102051,0.022304632186889647,0,0,1,0,0.02085105612680356,0.02604485683048278,0.009000000000000008,0.0747699051554369,0.017346121358873347,0.00493318077745329,-0.00568764179104478,0.07508250143937636,1425655317544,0,0,0,0,0,0,0
-0.020220934541299446,-0.023856580823874728,0.993,-0.07464773210779715,0.006973443984985351,0.03343848419189453,0,0,1,0,0.020220934541299446,0.023856580823874728,0.007000000000000006,0.07464773210779715,0.006823495369988983,0.00018368329166900885,-0.0025087000000000026,0.07407504594698586,1425655317608,0,0,0,0,0,0,0
-0.020551834596070385,-0.021227487483175694,0.994,-0.07456046564519767,-0.007890782833099364,0.03895640563964844,0,0,1,0,0.020551834596070385,0.021227487483175694,0.006000000000000005,0.07456046564519767,0.012230051036277202,-0.003306587550596523,0.002283184615384619,0.07415769735627695,1425655317673,0,0,0,0,0,0,0
-0.021254669251923014,-0.018610993316988064,0.994,-0.07492698478811641,-0.013436823844909669,0.038353042602539064,0,0,1,0,0.021254669251923014,0.018610993316988064,0.006000000000000005,0.07492698478811641,0.014598008674272514,-0.004534895779126738,0.007706800000000008,0.07661861160158752,1425655317738,0,0,0,0,0,0,0
-0.02203221233513741,-0.015356511460191395,0.995,-0.07504915783575614,-0.01528472900390625,0.04780719375610352,0,0,1,0,0.02203221233513741,0.015356511460191395,0.0050000000000000044,0.07504915783575614,0.015403377301230143,-0.009587473309124617,0.0015546846153846171,0.0756130334402472,1425655317803,0,0,0,0,0,0,0
-0.022652251959559853,-0.011961571995532438,0.995,-0.0754505835637149,-0.01309263801574707,0.05008340072631836,0,0,1,0,0.022652251959559853,0.011961571995532438,0.0050000000000000044,0.0754505835637149,0.01478081663757758,-0.011487554110630264,0.006972800000000006,0.07724801219636605,1425655317870,0,0,0,0,0,0,0
-0.023069916397879173,-0.008970541136630726,0.992,-0.07586946258419333,-0.009629056930541993,0.04426557159423828,0,0,1,0,0.023069916397879173,0.008970541136630726,0.008000000000000007,0.07586946258419333,0.014085527931329967,-0.011859497806702392,0.02608986666666669,0.0778641245864716,1425655317933,0,0,0,0,0,0,0
-0.022258866330289867,-0.0051796659086938745,0.996,-0.0762185284345924,0.007820716381072998,0.05762167358398437,0,0,1,0,0.022258866330289867,0.0051796659086938745,0.0040000000000000036,0.0762185284345924,0.00707331267294955,-0.0172378049449176,-0.014962521212121221,0.0778051913909518,1425655317999,0,0,0,0,0,0,0
-0.02076282539420585,-0.0013155844570230738,0.993,-0.07691666013539009,0.01796202087402344,0.05950168228149414,0,0,1,0,0.02076282539420585,0.0013155844570230738,0.007000000000000006,0.07691666013539009,0.002584206086662247,-0.019872456764173447,0.024848946153846172,0.08013880644676404,1425655318064,0,0,0,0,0,0,0
-0.020198423212252833,0.0017093755137481213,0.986,-0.07742280561846845,0.004954394817352295,0.04589078140258789,0,0,1,0,0.020198423212252833,-0.0017093755137481213,0.014000000000000012,0.07742280561846845,0.007331650339171389,-0.01686770140802972,0.05207840769230773,0.07975886169421477,1425655318129,0,0,0,0,0,0,0
-0.01976704454918931,0.0038965855181148958,0.981,-0.07815584390430616,0.003913733959197998,0.03321034622192383,0,0,1,0,0.01976704454918931,-0.0038965855181148958,0.019000000000000017,0.07815584390430616,0.007914822971598512,-0.013101395029458488,0.04463280298507466,0.08143810488566902,1425655318196,0,0,0,0,0,0,0
-0.01843490778646852,0.006226854058498422,0.976,-0.0785747229247846,0.017191972732543945,0.036407451629638675,0,0,1,0,0.01843490778646852,-0.006226854058498422,0.02400000000000002,0.0785747229247846,0.002113079417194093,-0.015790664649762615,0.05044237777777782,0.08056938492706286,1425655318259,0,0,0,0,0,0,0
-0.016575651162211217,0.007701869892613716,0.971,-0.0800757060814998,0.026066104888916017,0.024246076583862304,0,0,1,0,0.016575651162211217,-0.007701869892613716,0.029000000000000026,0.0800757060814998,-0.0011172180200917856,-0.011292703080308948,0.05297830298507467,0.08679652618619477,1425655318326,0,0,0,0,0,0,0
-0.01407041803096537,0.008238446257682164,0.967,-0.0801106126665396,0.03681427001953125,0.011028764724731445,0,0,1,0,0.01407041803096537,-0.008238446257682164,0.03300000000000003,0.0801106126665396,-0.006348788600346426,-0.006795359268791496,0.05214510000000005,0.08027423728391364,1425655318390,0,0,0,0,0,0,0
-0.012606797771589774,0.007839821384553818,0.963,-0.08056439827205827,0.02236239242553711,-0.004203304290771485,0,0,1,0,0.012606797771589774,-0.007839821384553818,0.03700000000000003,0.08056439827205827,-0.001252942790850562,-0.0015202990951219612,0.05524906153846159,0.08265879337445216,1425655318455,0,0,0,0,0,0,0
-0.012294320519716885,0.00798834162611423,0.958,-0.08190830179609374,0.004492668151855469,0.002597787380218506,0,0,1,0,0.012294320519716885,-0.00798834162611423,0.04200000000000004,0.08190830179609374,0.004847744090762467,-0.004522205037480314,0.06411140298507469,0.08792578026192416,1425655318522,0,0,0,0,0,0,0
-0.010090373565929782,0.006764454964872439,0.955,-0.08211774130633316,0.03445038604736328,-0.015591955184936524,0,0,1,0,0.010090373565929782,-0.006764454964872439,0.04500000000000004,0.08211774130633316,-0.0068596783409789,0.0036606990348962824,0.05734216666666672,0.08311507230747328,1425655318585,0,0,0,0,0,0,0
-0.008702023758617424,0.006321776879065659,0.951,-0.08384561726580748,0.021299734115600585,-0.004909594535827636,0,0,1,0,0.008702023758617424,-0.006321776879065659,0.049000000000000044,0.08384561726580748,-0.0026664212650764248,-0.0005739693316518741,0.06541102121212128,0.09169959889978169,1425655318651,0,0,0,0,0,0,0
-0.006730287371165028,0.0060342609413221475,0.949,-0.08415977653116653,0.029833326339721678,-0.0018206712007522584,0,0,1,0,0.006730287371165028,-0.0060342609413221475,0.051000000000000045,0.08415977653116653,-0.006902495758909779,-0.0012335061942169495,0.056899630769230825,0.08560974237128521,1425655318716,0,0,0,0,0,0,0
-0.0028345293483332686,0.004958629213248631,0.944,-0.08393288372840742,0.0595858154296875,-0.01116518211364746,0,0,1,0,0.0028345293483332686,-0.004958629213248631,0.05600000000000005,0.08393288372840742,-0.018283100909838364,0.003289114837107946,0.07624649411764713,0.08293188606917602,1425655318784,0,0,0,0,0,0,0
-0.0003066143526744943,0.003190135885018131,0.943,-0.08438666933392563,0.04000914764404297,-0.023255123138427734,0,0,1,0,0.0003066143526744943,-0.003190135885018131,0.05700000000000005,0.08438666933392563,-0.013539141732978164,0.008459974873380545,0.05722585555555561,0.08654755316972666,1425655318847,0,0,0,0,0,0,0
0.0015640803115551623,0.0019533274015420122,0.944,-0.08414232323864662,0.02952426338195801,-0.016120994567871094,0,0,1,0,-0.0015640803115551623,-0.0019533274015420122,0.05600000000000005,0.08414232323864662,-0.010504504788120123,0.005911884505642045,0.04584968461538466,0.08301457202966656,1425655318912,0,0,0,0,0,0,0
0.00417845972441469,-0.0012337129465528644,0.943,-0.0841248699461265,0.043094680786132815,-0.04434066772460937,0,0,1,0,-0.00417845972441469,0.0012337129465528644,0.05700000000000005,0.0841248699461265,-0.016038784853920136,0.0182755831716708,0.057867850000000054,0.08404305763743844,1425655318976,0,0,0,0,0,0,0
0.0074608996864286405,-0.005062252156174459,0.945,-0.08339183166028903,0.05388791275024414,-0.05308786010742188,0,0,1,0,-0.0074608996864286405,0.005062252156174459,0.05500000000000005,0.08339183166028903,-0.02079442020108222,0.02306692640422382,0.04055603939393943,0.0800598394519369,1425655319042,0,0,0,0,0,0,0
0.011276972083941123,-0.009704447859235073,0.948,-0.08257152691185161,0.06284225845336915,-0.064623046875,0,0,1,0,-0.011276972083941123,0.009704447859235073,0.052000000000000046,0.08257152691185161,-0.02617194099943096,0.03047838340853377,0.03268865000000003,0.07872634840355122,1425655319106,0,0,0,0,0,0,0
0.013563447950476901,-0.01390533238012823,0.95,-0.08262388678941153,0.03937747573852539,-0.059969825744628905,0,0,1,0,-0.013563447950476901,0.01390533238012823,0.050000000000000044,0.08262388678941153,-0.018223881937048825,0.028823473283777348,0.03754078235294121,0.08285488624923469,1425655319174,0,0,0,0,0,0,0
0.01624821180818909,-0.017094474377472375,0.953,-0.08258898020437173,0.04408206939697266,-0.04435033798217773,0,0,1,0,-0.01624821180818909,0.017094474377472375,0.04700000000000004,0.08258898020437173,-0.02272322922077176,0.02652406960221678,0.029064333333333362,0.08242275837084889,1425655319237,0,0,0,0,0,0,0
0.017868541555067348,-0.02123678777824984,0.958,-0.0816988622858545,0.029347911834716797,-0.05991787338256836,0,0,1,0,-0.017868541555067348,0.02123678777824984,0.04200000000000004,0.0816988622858545,-0.01735450636434458,0.03319633913958538,0.0150809230769231,0.0775906257388519,1425655319302,0,0,0,0,0,0,0
0.01909051446665787,-0.02456662329863123,0.959,-0.08183848862601391,0.022344573974609375,-0.04828509140014649,0,0,1,0,-0.01909051446665787,0.02456662329863123,0.041000000000000036,0.08183848862601391,-0.015832903310686142,0.03050234431047979,0.036085884615384645,0.08248291788828808,1425655319367,0,0,0,0,0,0,0
0.021149421107979266,-0.027495833710974086,0.962,-0.0794473875507817,0.03437205505371094,-0.04126645278930664,0,0,1,0,-0.021149421107979266,0.027495833710974086,0.038000000000000034,0.0794473875507817,-0.020894197693403265,0.029132581411113793,0.023887723529411785,0.06889841221887494,1425655319435,0,0,0,0,0,0,0
0.02147677179682988,-0.030019956031300424,0.964,-0.07834783012202527,0.007899632453918457,-0.037352710723876956,0,0,1,0,-0.02147677179682988,0.030019956031300424,0.03600000000000003,0.07834783012202527,-0.012237176899809373,0.028928765122554073,0.027193669230769258,0.07327294968161097,1425655319500,0,0,0,0,0,0,0
0.020017377670510806,-0.030243023334820977,0.968,-0.07611380867947258,-0.021561874389648437,-0.005049096584320068,0,0,1,0,-0.020017377670510806,0.030243023334820977,0.03200000000000003,0.07611380867947258,-0.00164968808301574,0.016707186797671403,0.012742277777777797,0.06547561133398358,1425655319563,0,0,0,0,0,0,0
0.0211889895683553,-0.030953155244375103,0.972,-0.07375761418928037,0.018333276748657226,-0.009284791946411132,0,0,1,0,-0.0211889895683553,0.030953155244375103,0.028000000000000025,0.07375761418928037,-0.01666569147130637,0.019666896711312352,0.010408038461538476,0.06288287038839324,1425655319628,0,0,0,0,0,0,0
0.02086901275752124,-0.030658144826402712,0.98,-0.07148868616168765,-0.005112695693969727,0.0040594348907470705,0,0,1,0,-0.02086901275752124,0.030658144826402712,0.020000000000000018,0.07148868616168765,-0.008487636415912604,0.014127014455935921,-0.017400423076923084,0.06101671064972123,1425655319693,0,0,0,0,0,0,0
0.019398077339285207,-0.028068026335830578,0.984,-0.06956882398449378,-0.024782772064208983,0.037176555633544925,0,0,1,0,-0.019398077339285207,0.028068026335830578,0.016000000000000014,0.06956882398449378,-0.0015673080325929595,0.0004919251906926065,0.0010420384615384692,0.0607079216282144,1425655319758,0,0,0,0,0,0,0
0.018730921257247207,-0.023862630215252027,0.993,-0.0666017642561036,-0.014368062019348144,0.06223271560668946,0,0,1,0,-0.018730921257247207,0.023862630215252027,0.007000000000000006,0.0666017642561036,-0.005681557479486914,-0.009616480232093091,-0.03158752537313435,0.05331642218868491,1425655319825,0,0,0,0,0,0,0
0.016767122300854122,-0.01991103148462226,0.996,-0.06377433086787283,-0.033336509704589845,0.05718212890625,0,0,1,0,-0.016767122300854122,0.01991103148462226,0.0040000000000000036,0.06377433086787283,0.0023786017299611117,-0.010888689548666498,-0.0031004461538461526,0.050724638306807734,1425655319890,0,0,0,0,0,0,0
0.01575152664992156,-0.014505609446003147,1.001,-0.06133086991508071,-0.020370368957519532,0.07994562530517578,0,0,1,0,-0.01575152664992156,0.014505609446003147,-0.0009999999999998899,0.06133086991508071,-0.0021439447784769514,-0.021865179432853238,-0.01829674999999932,0.04987714669886763,1425655319954,0,0,0,0,0,0,0
0.014318238916886486,-0.00822950508228094,1.002,-0.0589048622548087,-0.027229059219360353,0.09264682006835938,0,0,1,0,-0.014318238916886486,0.00822950508228094,-0.0020000000000000018,0.0589048622548087,0.0007270566945883246,-0.029231388775062917,0.0028493846153840215,0.04770790382278403,1425655320019,0,0,0,0,0,0,0
0.012500994595113545,-0.0024273176940778985,1.003,-0.05707226654021454,-0.032335079193115235,0.08527712249755859,0,0,1,0,-0.012500994595113545,0.0024273176940778985,-0.0029999999999998916,0.05707226654021454,0.0035466267275325106,-0.02910564787063698,0.0021111696969703777,0.048742286019332025,1425655320085,0,0,0,0,0,0,0
0.011235859187873301,0.003458754675961712,1.005,-0.05443681936970309,-0.023982370376586914,0.08706485748291015,0,0,1,0,-0.011235859187873301,-0.003458754675961712,-0.004999999999999893,0.05443681936970309,0.001453811033245822,-0.03347118038880254,-0.005155299999999913,0.042083160757930664,1425655320149,0,0,0,0,0,0,0
0.01104838226127906,0.0096525682579666,1.005,-0.05152211951887262,-0.007863063335418701,0.09261656951904297,0,0,1,0,-0.01104838226127906,-0.0096525682579666,-0.004999999999999893,0.05152211951887262,-0.00439920509869355,-0.036740838719446556,0.005748700000000098,0.038471224664407805,1425655320216,0,0,0,0,0,0,0
0.009351598641052965,0.015452684476881046,1.004,-0.04923573819876023,-0.02989851188659668,0.08557554626464844,0,0,1,0,-0.009351598641052965,-0.015452684476881046,-0.0040000000000000036,0.04923573819876023,0.004743130032177029,-0.03901442952659451,0.011991849999999407,0.03851832576073343,1425655320280,0,0,0,0,0,0,0
0.00810092493176214,0.020647734826690203,1.003,-0.04658283773572866,-0.022572553634643555,0.07690802764892578,0,0,1,0,-0.00810092493176214,-0.020647734826690203,-0.0029999999999998916,0.04658283773572866,0.0028183127586867054,-0.03787933819438198,0.012688215384616088,0.034338681752506026,1425655320345,0,0,0,0,0,0,0
0.006125544311164547,0.025005861077776474,1.002,-0.04520402762665296,-0.03264267349243164,0.06392119598388672,0,0,1,0,-0.006125544311164547,-0.025005861077776474,-0.0020000000000000018,0.04520402762665296,0.007704289449142766,-0.03556814075188705,0.0134752153846148,0.038840288661688184,1425655320410,0,0,0,0,0,0,0
0.003075093824225202,0.028082409903566894,1.003,-0.04363323129985816,-0.04779539108276367,0.04403340530395508,0,0,1,0,-0.003075093824225202,-0.028082409903566894,-0.0029999999999998916,0.04363323129985816,0.015016353623466898,-0.03022386721039577,0.0018864846153853095,0.036383402099266784,1425655320475,0,0,0,0,0,0,0
0.00002499087744483958,0.030661481991645256,1.002,-0.040404372183668845,-0.04739546203613281,0.03665360641479492,0,0,1,0,-0.00002499087744483958,-0.030661481991645256,-0.0020000000000000018,0.040404372183668845,0.015814944765978247,-0.028242856670779935,0.013204558823528858,0.026159405494598338,1425655320543,0,0,0,0,0,0,0
-0.0032891592013938823,0.032308986381910654,1.001,-0.03780383159819719,-0.05066990280151367,0.022684350967407226,0,0,1,0,0.0032891592013938823,-0.032308986381910654,-0.0009999999999998899,0.03780383159819719,0.019899323826036836,-0.024822440503998792,0.014319850000000715,0.025613797603798803,1425655320607,0,0,0,0,0,0,0
-0.005786683101003226,0.032968387408887405,1.001,-0.035395277230445076,-0.03780992126464844,0.008468046188354492,0,0,1,0,0.005786683101003226,-0.032968387408887405,-0.0009999999999998899,0.035395277230445076,0.01668586483536549,-0.01976955051744407,0.008844700000000103,0.024105178631607042,1425655320671,0,0,0,0,0,0,0
-0.008382315225998716,0.03340421635576382,1.002,-0.03232349774693485,-0.03914144134521484,0.005155530452728272,0,0,1,0,0.008382315225998716,-0.03340421635576382,-0.0020000000000000018,0.03232349774693485,0.01769091827782275,-0.018647317718294885,0.0028840411764700265,0.0187715294373309,1425655320739,0,0,0,0,0,0,0
-0.010837671519423735,0.03302380344321203,1.002,-0.029635690698863702,-0.03662669372558594,-0.006893491268157959,0,0,1,0,0.010837671519423735,-0.03302380344321203,-0.0020000000000000018,0.029635690698863702,0.019426326850875718,-0.014086856545307726,0.008018700000000014,0.016630172724325903,1425655320801,0,0,0,0,0,0,0
-0.012703146462276962,0.031809983788268555,1.003,-0.026441738167713967,-0.027430330276489258,-0.0190284481048584,0,0,1,0,0.012703146462276962,-0.031809983788268555,-0.0029999999999998916,0.026441738167713967,0.016251711487027705,-0.009307902711515836,0.001974719402985753,0.012140458177491275,1425655320868,0,0,0,0,0,0,0
-0.01426336622715814,0.031249272012915684,1.002,-0.024347343065320902,-0.023172748565673827,-0.009026488304138184,0,0,1,0,0.01426336622715814,-0.031249272012915684,-0.0020000000000000018,0.024347343065320902,0.015828383404859127,-0.01232200278020121,0.013454549999999413,0.014529866022853409,1425655320932,0,0,0,0,0,0,0
-0.01575781755378553,0.029146123887544017,1.002,-0.021676989309769433,-0.021642110824584962,-0.0320836067199707,0,0,1,0,0.01575781755378553,-0.029146123887544017,-0.0020000000000000018,0.021676989309769433,0.016100445415305555,-0.0030311224675020083,0.007972800000000013,0.009352279668762653,1425655320997,0,0,0,0,0,0,0
-0.016735871124828775,0.026635754295165997,1,-0.019600047499896266,-0.013851161956787109,-0.037964691162109376,0,0,1,0,0.016735871124828775,-0.026635754295165997,0,0.019600047499896266,0.013740119996082167,0.00019440499903737758,0.02017886060606063,0.010159402909563688,1425655321063,0,0,0,0,0,0,0
-0.016599110075234624,0.024464287057785097,0.998,-0.017331119472303556,0.0026893937587738038,-0.03252554702758789,0,0,1,0,0.016599110075234624,-0.024464287057785097,0.0020000000000000018,0.017331119472303556,0.0077478031865359075,-0.00017287309174882776,0.022123100000000027,0.006695519342962732,1425655321127,0,0,0,0,0,0,0
-0.01664745772555479,0.02128807958240925,0.996,-0.015446163880149707,0.00010056129097938538,-0.04764852523803711,0,0,1,0,0.01664745772555479,-0.02128807958240925,0.0040000000000000036,0.015446163880149707,0.008783605150758904,0.006117884780901729,0.023260161194029877,0.007006064213789189,1425655321194,0,0,0,0,0,0,0
-0.015092628954475664,0.018062866115120653,0.995,-0.01364847475059557,0.024066877365112305,-0.04801220321655274,0,0,1,0,0.015092628954475664,-0.018062866115120653,0.0050000000000000044,0.01364847475059557,-0.0007396821465075511,0.008764688826757227,0.019113150000000023,0.005221806955810556,1425655321258,0,0,0,0,0,0,0
-0.013502020287685672,0.01502731673619628,0.991,-0.011554079648202506,0.024478347778320312,-0.045203369140625,0,0,1,0,0.013502020287685672,-0.01502731673619628,0.009000000000000008,0.011554079648202506,-0.0015880562229765288,0.008980075497622218,0.038441361538461574,0.0018876407140806673,1425655321323,0,0,0,0,0,0,0
-0.012428938190766707,0.012879980844057035,0.993,-0.009442231253289322,0.016467306137084962,-0.03202191543579101,0,0,1,0,0.012428938190766707,-0.012879980844057035,0.007000000000000006,0.009442231253289322,0.000670163068462743,0.0052626834503771295,0.004579169230769245,-0.0003047613386176779,1425655321388,0,0,0,0,0,0,0
-0.009975095712992741,0.010982295998927898,0.996,-0.007766715171374693,0.03707476806640625,-0.02811646270751953,0,0,1,0,0.009975095712992741,-0.010982295998927898,0.0040000000000000036,0.007766715171374693,-0.007985137947430027,0.00486011251202643,-0.003179446153846145,0.000033564024076402146,1425655321453,0,0,0,0,0,0,0
-0.006088590851098477,0.008472544059800366,0.997,-0.00623082542961969,0.058588199615478516,-0.037192367553710935,0,0,1,0,0.006088590851098477,-0.008472544059800366,0.0030000000000000027,0.00623082542961969,-0.01701395040351611,0.009001653322965214,0.0069706194029850906,-0.0006462928170444995,1425655321520,0,0,0,0,0,0,0
-0.003975030414771521,0.007117363673198502,0.997,-0.00495673507566382,0.03182944869995117,-0.02012977409362793,0,0,1,0,0.003975030414771521,-0.007117363673198502,0.0030000000000000027,0.00495673507566382,-0.009324082900123556,0.003975186684615347,0.012213700000000018,-0.001015563458504321,1425655321583,0,0,0,0,0,0,0
-0.000532695704577288,0.004981747672186069,0.998,-0.0036477381366681544,0.05179317092895508,-0.03177790641784668,0,0,1,0,0.000532695704577288,-0.004981747672186069,0.0020000000000000018,0.0036477381366681544,-0.018022018806357062,0.009128084584588027,0.00604208461538463,-0.002393786197157995,1425655321649,0,0,0,0,0,0,0
0.002097763568824102,0.004704751853356052,0.999,-0.0035430183815485456,0.03947178268432617,-0.004010981559753418,0,0,1,0,-0.002097763568824102,-0.004704751853356052,0.0010000000000000009,0.0035430183815485456,-0.014966975022031417,-0.0007444304218377294,0.0052485846153846275,0.0030596964348426586,1425655321714,0,0,0,0,0,0,0
0.005203901707873421,0.005464637263108581,1.001,-0.0005061454830783347,0.046551395416259765,0.011563285827636719,0,0,1,0,-0.005203901707873421,-0.005464637263108581,-0.0009999999999998899,0.0005061454830783347,-0.019084774365770427,-0.006711131756379498,-0.0017425307692300763,-0.01351019097139956,1425655321779,0,0,0,0,0,0,0
0.00820217662451262,0.0066655879628298755,1.003,0.0010471975511965664,0.04496500015258789,0.01803702163696289,0,0,1,0,-0.00820217662451262,-0.0066655879628298755,-0.0029999999999998916,-0.0010471975511965664,-0.018855668720657623,-0.009229335848522358,-0.0025942999999999028,-0.007704381983803285,1425655321849,0,0,0,0,0,0,0
0.012409906344680042,0.008329501424212085,1.005,0.0008901179185170421,0.06314204788208008,0.024892593383789064,0,0,1,0,-0.012409906344680042,-0.008329501424212085,-0.004999999999999893,-0.0008901179185170421,-0.02935225346169482,-0.013305750340849857,-0.005336911111111018,-0.0001421196676621646,1425655321912,0,0,0,0,0,0,0
0.01518166716020919,0.010039833675293396,1.009,0.00029670597283918467,0.0415992317199707,0.025617965698242186,0,0,1,0,-0.01518166716020919,-0.010039833675293396,-0.008999999999999897,-0.00029670597283918467,-0.022070609144135857,-0.01399352283800482,-0.01869732121212113,0.0024006210529692582,1425655321978,0,0,0,0,0,0,0
0.018513207721427064,0.012684091627799567,1.012,-0.0013788101090754454,0.0499848747253418,0.03964904022216797,0,0,1,0,-0.018513207721427064,-0.012684091627799567,-0.01200000000000001,0.0013788101090754454,-0.027856209829355723,-0.0211808348304484,-0.016895083870968376,0.009486145989307526,1425655322040,0,0,0,0,0,0,0
0.020198216306339566,0.015952265507845287,1.018,-0.004660029102824669,0.025207511901855467,0.049057411193847655,0,0,1,0,-0.020198216306339566,-0.015952265507845287,-0.018000000000000016,0.004660029102824669,-0.018977882298613247,-0.02549588746202821,-0.037184292307692324,0.019804116766282624,1425655322105,0,0,0,0,0,0,0
0.021049508299927862,0.01912533106804508,1.02,-0.0060213859193804726,0.012547443389892578,0.047654972076416016,0,0,1,0,-0.021049508299927862,-0.01912533106804508,-0.020000000000000018,0.0060213859193804726,-0.014726368778521067,-0.025829521202425675,-0.01690671764705883,0.01202737187477372,1425655322173,0,0,0,0,0,0,0
0.019192451418672447,0.022722383777236607,1.022,-0.006230825429619691,-0.028180234909057616,0.05378708267211914,0,0,1,0,-0.019192451418672447,-0.022722383777236607,-0.02200000000000002,0.006230825429619691,0.0010552959292158878,-0.031616123058877676,-0.019639322580645165,0.007244242414648168,1425655322235,0,0,0,0,0,0,0
0.018873466411168934,0.02614432730666179,1.026,-0.006440264939858909,-0.005104503154754639,0.051298343658447265,0,0,1,0,-0.018873466411168934,-0.02614432730666179,-0.026000000000000023,0.006440264939858909,-0.007589466513850497,-0.0311850775982349,-0.03293272121212123,0.0073922627136735345,1425655322301,0,0,0,0,0,0,0
0.0160717056619043,0.028059229009367477,1.025,-0.006387905062299215,-0.042210525512695315,0.0284522705078125,0,0,1,0,-0.0160717056619043,-0.028059229009367477,-0.02499999999999991,0.006387905062299215,0.007195784125599977,-0.024325105885058845,-0.0056984846153839246,0.006146244088946784,1425655322366,0,0,0,0,0,0,0
0.01213772231571245,0.030411782287932614,1.026,-0.0055501470213419005,-0.05923396301269531,0.0349106330871582,0,0,1,0,-0.01213772231571245,-0.030411782287932614,-0.026000000000000023,0.0055501470213419005,0.01525146949341417,-0.027877735591302535,-0.017436715384615987,0.0016835714476927553,1425655322431,0,0,0,0,0,0,0
0.0072101150577863204,0.03224088605046776,1.028,-0.006038839211900371,-0.07406524658203124,0.027025901794433593,0,0,1,0,-0.0072101150577863204,-0.03224088605046776,-0.028000000000000025,0.006038839211900371,0.02226868704095339,-0.025701313944369062,-0.024287461194029858,0.008227013199475613,1425655322498,0,0,0,0,0,0,0
0.00013076774082679293,0.031838672749261505,1.028,-0.005846852994180829,-0.10615184020996093,-0.006674351215362549,0,0,1,0,-0.00013076774082679293,-0.031838672749261505,-0.028000000000000025,0.005846852994180829,0.03878222570331121,-0.01376596039831943,-0.0140189,0.004946917598620476,1425655322562,0,0,0,0,0,0,0
-0.007180596608040471,0.03103169055307858,1.025,-0.0058119464091410345,-0.10959781646728516,-0.012745749473571778,0,0,1,0,0.007180596608040471,-0.03103169055307858,-0.02499999999999991,0.0058119464091410345,0.04309627958135677,-0.011236955141381875,0.004372446153846854,0.0056508390935727515,1425655322627,0,0,0,0,0,0,0
-0.01606887504991996,0.02937930113315385,1.015,-0.005445427266222293,-0.13317787170410156,-0.025560291290283203,0,0,1,0,0.01606887504991996,-0.02937930113315385,-0.014999999999999902,0.005445427266222293,0.056041939456529404,-0.005877664233930952,0.04996725384615398,0.003753800452751181,1425655322692,0,0,0,0,0,0,0
-0.02423650756303554,0.026310128447203294,1.011,-0.004328416544945726,-0.12226197814941406,-0.04670404815673828,0,0,1,0,0.02423650756303554,-0.026310128447203294,-0.010999999999999899,0.004328416544945726,0.05626110828812057,0.0032686534964619252,0.02078806153846166,-0.0008270175532538136,1425655322757,0,0,0,0,0,0,0
-0.03072272404874647,0.022084734157413882,1.003,-0.0023212879051523723,-0.09701799774169922,-0.06380144500732422,0,0,1,0,0.03072272404874647,-0.022084734157413882,-0.0029999999999998916,0.0023212879051523723,0.049428461517825394,0.010913194651829052,0.04742054477611954,-0.006665855258101451,1425655322824,0,0,0,0,0,0,0
-0.03889229474487812,0.016547880231226872,1.001,-0.001431169986635364,-0.12235044097900391,-0.08333704376220703,0,0,1,0,0.03889229474487812,-0.016547880231226872,-0.0009999999999998899,0.001431169986635364,0.06504103243123488,0.02235854079513615,0.01833431111111123,-0.002807486768207532,1425655322887,0,0,0,0,0,0,0
-0.046742216610610225,0.010180471092263233,0.992,0.0007853981633976518,-0.11761201477050781,-0.09567955780029297,0,0,1,0,0.046742216610610225,-0.010180471092263233,0.008000000000000007,-0.0007853981633976518,0.06587868198374959,0.029061377678284366,0.06293673846153792,-0.01101571270201157,1425655322952,0,0,0,0,0,0,0
-0.05315736666110426,0.0033497606781111152,0.988,0.0017976891295541668,-0.09630769348144531,-0.10238504791259766,0,0,1,0,0.05315736666110426,-0.0033497606781111152,0.01200000000000001,-0.0017976891295541668,0.05987274864373682,0.033346474146431,0.0383450352941177,-0.006263678686127026,1425655323020,0,0,0,0,0,0,0
-0.05649117980567927,-0.0028076497966952854,0.991,0.00460766922526504,-0.050173152923583986,-0.09227111053466797,0,0,1,0,0.05649117980567927,0.0028076497966952854,0.009000000000000008,-0.00460766922526504,0.03756958985196704,0.01784840460645125,0.007396876923076948,-0.011092238676905517,1425655323150,0,0,0,0,0,0,0
-0.05894654326383477,-0.009614710160146724,0.99,0.006736970912698123,-0.03730052947998047,-0.10193511962890625,0,0,1,0,0.05894654326383477,0.009614710160146724,0.010000000000000009,-0.006736970912698123,0.043287115506665745,0.04190655597928728,0.02180655000000004,-0.0167180725725407,1425655323214,0,0,0,0,0,0,0
-0.05913861780479523,-0.015355172506941066,0.987,0.00825540736193323,-0.003461148262023926,-0.0860855712890625,0,0,1,0,0.05913861780479523,0.015355172506941066,0.013000000000000012,-0.00825540736193323,0.03102807149517981,0.038470838519543055,0.0349761461538462,-0.015263575589172181,1425655323279,0,0,0,0,0,0,0
-0.059169238727434306,-0.019901645991997237,0.989,0.010489428804485921,-0.0010222866535186767,-0.06819098663330078,0,0,1,0,0.059169238727434306,0.019901645991997237,0.01100000000000001,-0.010489428804485921,0.030205284723605667,0.03290944755609872,0.007153272463768139,-0.020202565511236753,1425655323348,0,0,0,0,0,0,0
-0.0567348021688182,-0.023907950020715697,0.988,0.01295034304979795,0.03588419342041015,-0.06047428512573242,0,0,1,0,0.0567348021688182,0.023907950020715697,0.01200000000000001,-0.01295034304979795,0.014899272537977164,0.034852351723035815,0.023909104918032824,-0.02505319999395547,1425655323409,0,0,0,0,0,0,0
-0.05375645521302264,-0.025386006806143904,0.991,0.014486232791552953,0.04438434600830078,-0.022747535705566407,0,0,1,0,0.05375645521302264,0.025386006806143904,0.009000000000000008,-0.014486232791552953,0.011619392776008493,0.020459324474254838,-0.00007829090909089106,-0.02146754979953024,1425655323475,0,0,0,0,0,0,0
-0.05023482552845239,-0.029120675316686093,0.986,0.016632987771505934,0.05200741195678711,-0.05677935028076172,0,0,1,0,0.05023482552845239,0.029120675316686093,0.014000000000000012,-0.016632987771505934,0.00642608004408992,0.03493108445603086,0.04726415000000005,-0.02669590174003553,1425655323539,0,0,0,0,0,0,0
-0.047412608915051155,-0.03278203928590488,0.96,0.019931660057775278,0.041413944244384764,-0.05561695861816406,0,0,1,0,0.047412608915051155,0.03278203928590488,0.040000000000000036,-0.019931660057775278,0.009562727915536074,0.03548629018734581,0.17680929552238822,-0.034701834473906665,1425655323606,0,0,0,0,0,0,0
-0.04454236931105633,-0.03523236892043086,0.938,0.02227040125544758,0.04231250381469726,-0.03760571670532226,0,0,1,0,0.04454236931105633,0.03523236892043086,0.062000000000000055,-0.02227040125544758,0.007444346931707839,0.030801910494443044,0.17745293846153865,-0.0330645913985505,1425655323671,0,0,0,0,0,0,0
-0.04226285173285022,-0.0381867164253239,0.911,0.02352703831688355,0.03319744873046875,-0.04506564712524414,0,0,1,0,0.04226285173285022,0.0381867164253239,0.08899999999999997,-0.02352703831688355,0.009320660941102035,0.03526602901533803,0.22881724999999953,-0.02941752454236467,1425655323735,0,0,0,0,0,0,0
-0.04080930021412783,-0.04031816296092369,0.875,0.023492131731843533,0.021045108795166016,-0.03247576904296875,0,0,1,0,0.04080930021412783,0.04031816296092369,0.125,-0.023492131731843533,0.013378703324896286,0.031504899920883,0.3016950909090911,-0.02333346543620709,0,0,0,0,0,0,0,0
-0.03912886713324109,-0.04178691783321857,0.835,0.022410027595607205,0.024682025909423828,-0.02261734390258789,0,0,1,0,0.03912886713324109,0.04178691783321857,0.16500000000000004,-0.022410027595607205,0.011223662478730674,0.02887199336763516,0.3592431153846156,-0.017415700812977997,0,0,0,0,0,0,0,0
-0.037320509356344185,-0.042209850716447006,0.786,0.02113593724165133,0.026976398468017578,-0.006950229644775391,0,0,1,0,0.037320509356344185,0.042209850716447006,0.21399999999999997,-0.02113593724165133,0.009502397944024726,0.023514708237275604,0.45239684999999963,-0.015163638707483173,0,0,0,0,0,0,0,0
-0.035065595906801035,-0.04028860106614284,0.738,0.018936822384138657,0.03442521286010742,0.02809746551513672,0,0,1,0,0.035065595906801035,0.04028860106614284,0.262,-0.018936822384138657,0.0065084931438992005,0.010231783799436697,0.4753297686567166,-0.009090039440052058,0,0,0,0,0,0,0,0
-0.03352695180241775,-0.036970395799008425,0.69,0.016091935703387766,0.024018011093139648,0.049327125549316404,0,0,1,0,0.03352695180241775,0.036970395799008425,0.31000000000000005,-0.016091935703387766,0.008991668886230169,0.0001978775791661863,0.531603166666667,-0.002544856271240665,0,0,0,0,0,0,0,0
-0.03190780918829458,-0.03015822928764021,0.639,0.012479104151759374,0.02592823791503906,0.10177845764160157,0,0,1,0,0.03190780918829458,0.03015822928764021,0.361,-0.012479104151759374,0.008164817187739336,-0.020878952977959636,0.5785736454545451,0.003942857446551502,0,0,0,0,0,0,0,0
-0.02740730436705168,-0.02600076311531026,0.589,0.00752236907609552,0.068280517578125,0.061514724731445314,0,0,1,0,0.02740730436705168,0.02600076311531026,0.41100000000000003,-0.00752236907609552,-0.008644798958804533,-0.008213603051948232,0.6082668411764709,0.014345579787127364,0,0,0,0,0,0,0,0
-0.023071857445752585,-0.02497647274615382,0.542,0.001535889741755031,0.06514543914794922,0.014874732971191407,0,0,1,0,0.023071857445752585,0.02497647274615382,0.45799999999999996,-0.001535889741755031,-0.010623938343853516,0.007257616314563203,0.6407791242424239,0.025675379959792643,0,0,0,0,0,0,0,0
-0.01956023944893764,-0.02304026417080645,0.491,-0.003211405823669383,0.05271881484985352,0.028962192535400392,0,0,1,0,0.01956023944893764,0.02304026417080645,0.509,0.003211405823669383,-0.009525437045946154,0.0006260159896645679,0.7280645508196724,0.026558761063461583,0,0,0,0,0,0,0,0
-0.016978168939068717,-0.020169756742570665,0.443,-0.008587019919812117,0.03859258270263672,0.04318177032470703,0,0,1,0,0.016978168939068717,0.020169756742570665,0.5569999999999999,0.008587019919812117,-0.003946368096220428,-0.00446079941126824,0.7246880235294114,0.03230296446161829,0,0,0,0,0,0,0,0
-0.012893676900052164,-0.01602589246078583,0.393,-0.012322024519080016,0.06073137664794922,0.06268177032470704,0,0,1,0,0.012893676900052164,0.01602589246078583,0.607,0.012322024519080016,-0.014683583096575331,-0.014060759499010237,0.7908054692307696,0.029560507284931856,0,0,0,0,0,0,0,0
-0.004183179049734126,-0.009327343131993534,0.347,-0.01696460032938482,0.12940948486328124,0.10208053588867187,0,0,1,0,0.004183179049734126,0.009327343131993534,0.653,0.01696460032938482,-0.045434432671294524,-0.03230520551151139,0.8180441555555559,0.03907210418797913,0,0,0,0,0,0,0,0
0.008423416048783036,-0.0017462464471968853,0.303,-0.02099631090149165,0.18714265441894531,0.11690792083740234,0,0,1,0,-0.008423416048783036,0.0017462464471968853,0.6970000000000001,0.02099631090149165,-0.06920706671488394,-0.03848316480685851,0.832209246268657,0.0390487462989849,0,0,0,0,0,0,0,0
0.02634026428754451,0.006888229753108793,0.258,-0.024050637092481758,0.26597430419921875,0.13513099670410156,0,0,1,0,-0.02634026428754451,-0.006888229753108793,0.742,0.024050637092481758,-0.10734111702407441,-0.048991094203859976,0.8818920636363633,0.03793393796061861,0,0,0,0,0,0,0,0
0.05610989198016716,0.019926443935888126,0.228,-0.027646015351590253,0.44171206665039064,0.2062552947998047,0,0,1,0,-0.05610989198016716,-0.019926443935888126,0.772,0.027646015351590253,-0.19530147973617473,-0.08333648874903568,0.8387859666666668,0.04476686420448785,0,0,0,0,0,0,0,0
0.08380355020980226,0.0317471031708427,0.209,-0.03206169835913572,0.4103448486328125,0.18872496032714844,0,0,1,0,-0.08380355020980226,-0.0317471031708427,0.791,0.03206169835913572,-0.1836918333340777,-0.07650721281231576,0.7918727313432837,0.05183341331829453,0,0,0,0,0,0,0,0
0.10959110959071919,0.04213199016386073,0.183,-0.034766958699726985,0.38162109375,0.168093017578125,0,0,1,0,-0.10959110959071919,-0.04213199016386073,0.817,0.034766958699726985,-0.19737798625979885,-0.0785783876752986,0.8630105444444439,0.04764915079778063,0,0,0,0,0,0,0,0
0.13334192177812898,0.05158809075192229,0.158,-0.03876376268679402,0.35111648559570313,0.1541394500732422,0,0,1,0,-0.13334192177812898,-0.05158809075192229,0.842,0.03876376268679402,-0.19202845599042107,-0.07579265744834081,0.8766990575757577,0.05693105353709871,0,0,0,0,0,0,0,0
0.15141095099180746,0.06177726672586144,0,-0.04607669225265029,0.26490875244140627,0.16322654724121094,0,0,1,0,-0.15141095099180746,-0.06177726672586144,1,0.04607669225265029,-0.1740236003667837,-0.08650285102650151,1.7409858000000002,0.08035604959260158,0,0,0,0,0,0,0,0
