0,0,0.709,0,0.011548487663269043,0.003370760917663574,0,0,0.5,0,0,0,-0.20899999999999996,0,0,0,-0.1672,0,0,0,0,0,0,0,0,0
0.0003839603741963704,0.00046126654942830407,0.704,0.00022689280275933754,0.005759405612945557,0.006918998241424561,0,0,0.5,0,-0.0003839603741963704,-0.00046126654942830407,-0.20399999999999996,-0.00022689280275933754,-0.0022283871004713613,-0.002677048200029296,-0.13627692307692305,-0.00127409035395628,0,0,0,0,0,0,0,0
0.0001441279209904557,0.0003378943320169293,0.7,-0.0001919862177193199,-0.0035979065895080566,-0.001849766969680786,0,0,0.5,0,-0.0001441279209904557,-0.0003378943320169293,-0.19999999999999996,0.0001919862177193199,0.0012391741122582149,0.0005052239596648776,-0.13812499999999994,0.0021554816262130266,0,0,0,0,0,0,0,0
0.0007634082119732537,-0.0008825730690664121,0.695,-0.00008726646259971103,0.009292718887329101,-0.018305227279663085,0,0,0.5,0,-0.0007634082119732537,0.0008825730690664121,-0.19499999999999995,0.00008726646259971103,-0.003666615760274134,0.006913523956269274,-0.12948484848484842,-0.00038873242430760194,0,0,0,0,0,0,0,0
0.0017848605765540411,-0.0031334694061130545,0.689,0.0004712388980385729,0.015324731826782227,-0.03376210784912109,0,0,0.5,0,-0.0017848605765540411,0.0031334694061130545,-0.18899999999999995,-0.0004712388980385729,-0.0063945680697615566,0.013689044313736735,-0.11889230769230764,-0.0030489559471383446,0,0,0,0,0,0,0,0
0.0023838688830619134,-0.005404257989745059,0.682,0.0009773843811171632,0.008969072341918946,-0.03406605911254883,0,0,0.5,0,-0.0023838688830619134,0.005404257989745059,-0.18200000000000005,-0.0009773843811171632,-0.0044209229635507104,0.014935063470244179,-0.10790769230769291,-0.003313440456864503,0,0,0,0,0,0,0,0
0.0022827068011395902,-0.010026982261256888,0.673,0.0010995574287564478,-0.001585203170776367,-0.06933934783935547,0,0,0.5,0,-0.0022827068011395902,0.010026982261256888,-0.17300000000000004,-0.0010995574287564478,-0.0005931433766948756,0.03030604309184374,-0.08918125000000002,-0.0016722435895655944,0,0,0,0,0,0,0,0
0.002208135792834805,-0.015866392737519157,0.666,0.001274090353956092,-0.0012148759365081788,-0.08758987426757812,0,0,0.5,0,-0.002208135792834805,0.015866392737519157,-0.16600000000000004,-0.001274090353956092,-0.0007377786615862472,0.03715338382637216,-0.0978,-0.0020220886048117094,0,0,0,0,0,0,0,0
0.0024395121053423187,-0.023149098951143844,0.66,0.001256637061435972,0.0033314595222473146,-0.10924492645263671,0,0,0.5,0,-0.0024395121053423187,0.023149098951143844,-0.16000000000000003,-0.001256637061435972,-0.0025553789679388394,0.053397824760735665,-0.09357377049180328,-0.0011708011965829237,0,0,0,0,0,0,0,0
0.00232180372395383,-0.029914160554837615,0.652,0.001623156204354714,-0.0018931427001953125,-0.10147362518310547,0,0,0.5,0,-0.00232180372395383,0.029914160554837615,-0.15200000000000002,-0.001623156204354714,-0.0005462770480879496,0.05088940633630129,-0.07917575757575757,-0.003289152308530814,0,0,0,0,0,0,0,0
0.0019604879779102843,-0.037937132066306375,0.641,0.0020769418098733894,-0.00561506700515747,-0.12033561706542968,0,0,0.5,0,-0.0019604879779102843,0.037937132066306375,-0.14100000000000001,-0.0020769418098733894,0.0009544417191742387,0.06225084037260955,-0.05356923076923073,-0.004171336912267275,0,0,0,0,0,0,0,0
0.002390096417334458,-0.04555719230633708,0.633,0.0016755160819146298,0.006206716537475586,-0.11431404113769532,0,0,0.5,0,-0.002390096417334458,0.04555719230633708,-0.133,-0.0016755160819146298,-0.003556859640195754,0.06456161570238322,-0.06264999999999997,0.00020616701789205605,0,0,0,0,0,0,0,0
0.0024042760678014558,-0.05264205805026873,0.623,0.0020943951023932868,0.000034632444381713864,-0.106273193359375,0,0,0.5,0,-0.0024042760678014558,0.05264205805026873,-0.123,-0.0020943951023932868,-0.0012871095579107506,0.06189302229697462,-0.04839999999999997,-0.0038895909044446737,0,0,0,0,0,0,0,0
0.0013129554780041703,-0.05934132393370678,0.617,0.0019373154697137625,-0.016580236434936522,-0.10045448303222657,0,0,0.5,0,-0.0013129554780041703,0.05934132393370678,-0.11699999999999999,-0.0019373154697137625,0.005590323601711623,0.06829293553324668,-0.05917377049180325,-0.0011647926860439708,0,0,0,0,0,0,0,0
-0.0003779129880089059,-0.06619204549637756,0.613,0.0018500490071142735,-0.02556205940246582,-0.10271149444580079,0,0,0.5,0,0.0003779129880089059,0.06619204549637756,-0.11299999999999999,-0.0018500490071142735,0.009279004318385065,0.07021141105961637,-0.06886153846153845,-0.001447280718193555,0,0,0,0,0,0,0,0
-0.0024302309195122405,-0.07273876689636352,0.61,0.002443460952792131,-0.030966392517089845,-0.09814369964599609,0,0,0.5,0,0.0024302309195122405,0.07273876689636352,-0.10999999999999999,-0.002443460952792131,0.01225300928687427,0.07189512800517378,-0.07184615384615384,-0.005182285317459165,0,0,0,0,0,0,0,0
-0.004603842333816963,-0.07768134711402577,0.609,0.002722713633111384,-0.032785228729248043,-0.07405881500244141,0,0,0.5,0,0.004603842333816963,0.07768134711402577,-0.10899999999999999,-0.002722713633111384,0.013317614082166042,0.06423950054945676,-0.08212753623188405,-0.003936855721455962,0,0,0,0,0,0,0,0
-0.007281071979621755,-0.08174777321132047,0.61,0.003560471674068477,-0.04032437133789062,-0.06088682556152344,0,0,0.5,0,0.007281071979621755,0.08174777321132047,-0.10999999999999999,-0.003560471674068477,0.01850874886764049,0.06384441171621053,-0.09355555555555556,-0.007549795678626064,0,0,0,0,0,0,0,0
-0.009863486132106733,-0.08477154309224313,0.613,0.004433136300065588,-0.03889745712280274,-0.04521834182739258,0,0,0.5,0,0.009863486132106733,0.08477154309224313,-0.11299999999999999,-0.004433136300065588,0.019055347939160902,0.05935553588446506,-0.10680625,-0.008523751734427043,0,0,0,0,0,0,0,0
-0.012056334042987673,-0.08799508097398383,0.613,0.006143558967020235,-0.03310675048828125,-0.048206775665283204,0,0,0.5,0,0.012056334042987673,0.08799508097398383,-0.11299999999999999,-0.006143558967020235,0.0180290475646168,0.06211610293163235,-0.0904,-0.014161165218370145,0,0,0,0,0,0,0,0
-0.014212638750239703,-0.09036976199564165,0.611,0.007819075048934865,-0.03256279373168945,-0.035420833587646486,0,0,0.5,0,0.014212638750239703,0.09036976199564165,-0.11099999999999999,-0.007819075048934865,0.01806264712690412,0.05778255923066067,-0.0786550724637681,-0.01510392757899847,0,0,0,0,0,0,0,0
-0.016827459473505113,-0.09230304560080668,0.611,0.009529497715889068,-0.03944785690307617,-0.028691688537597657,0,0,0.5,0,0.016827459473505113,0.09230304560080668,-0.11099999999999999,-0.009529497715889068,0.0227428503924038,0.057335436254982164,-0.08879999999999999,-0.017547103967236896,0,0,0,0,0,0,0,0
-0.02032531445383168,-0.09446474918760824,0.61,0.010663961729685534,-0.052774436950683595,-0.031924097061157224,0,0,0.5,0,0.02032531445383168,0.09446474918760824,-0.10999999999999999,-0.010663961729685534,0.02847797177579342,0.05919941613818254,-0.08277611940298507,-0.01574365134369956,0,0,0,0,0,0,0,0
-0.023556617723425103,-0.09662960750102949,0.612,0.011711159280882066,-0.04881307601928711,-0.03195416069030762,0,0,0.5,0,0.023556617723425103,0.09662960750102949,-0.11199999999999999,-0.011711159280882066,0.03007707988548025,0.06127024857791229,-0.10089032258064518,-0.01677824420602658,0,0,0,0,0,0,0,0
-0.02649266817443193,-0.09880629624648565,0.612,0.01305506280491775,-0.04442010116577148,-0.0321323356628418,0,0,0.5,0,0.02649266817443193,0.09880629624648565,-0.11199999999999999,-0.01305506280491775,0.028433916370722907,0.06140835189550661,-0.0896,-0.018984048940369293,0,0,0,0,0,0,0,0
-0.029792433410708433,-0.10037640921789699,0.612,0.015254177662430646,-0.04979972076416016,-0.022903526306152344,0,0,0.5,0,0.029792433410708433,0.10037640921789699,-0.11199999999999999,-0.015254177662430646,0.03361795289637384,0.05991563770919472,-0.0896,-0.02589505600523498,0,0,0,0,0,0,0,0
-0.03352289837374405,-0.10155255188147969,0.615,0.014887658519511904,-0.05621957015991211,-0.016786542892456055,0,0,0.5,0,0.03352289837374405,0.10155255188147969,-0.11499999999999999,-0.014887658519511904,0.03526889567172109,0.05751015675495111,-0.1067887323943662,-0.01333898608464398,0,0,0,0,0,0,0,0
-0.036229094380674426,-0.10343797038501805,0.616,0.015341444125030357,-0.04100946807861328,-0.027673831939697267,0,0,0.5,0,0.036229094380674426,0.10343797038501805,-0.11599999999999999,-0.015341444125030357,0.0343074579517647,0.06390069407741306,-0.0987322033898305,-0.017648828559869947,0,0,0,0,0,0,0,0
-0.03728848501436067,-0.10555265271435615,0.614,0.015376350710070152,-0.0163756046295166,-0.03147272300720215,0,0,0.5,0,0.03728848501436067,0.10555265271435615,-0.11399999999999999,-0.015376350710070152,0.0243425616036822,0.06489091747054093,-0.08075223880597014,-0.015532648852039387,0,0,0,0,0,0,0,0
-0.03873111531321485,-0.10786448180759454,0.609,0.016144295580947876,-0.022170087814331055,-0.034340614318847655,0,0,0.5,0,0.03873111531321485,0.10786448180759454,-0.10899999999999999,-0.016144295580947876,0.027568759951195846,0.06791143361405476,-0.0594222222222222,-0.019801175918460846,0,0,0,0,0,0,0,0
-0.039615474366106226,-0.11073527863891738,0.605,0.016475908138826382,-0.013958831787109376,-0.04284218978881836,0,0,0.5,0,0.039615474366106226,0.11073527863891738,-0.10499999999999998,-0.016475908138826382,0.024642655171248428,0.07157422956908804,-0.06310447761194027,-0.017960740487536108,0,0,0,0,0,0,0,0
-0.03929359879717148,-0.11474539397152066,0.603,0.016475908138826385,0.0038364686965942385,-0.06022311019897461,0,0,0.5,0,0.03929359879717148,0.11474539397152066,-0.10299999999999998,-0.016475908138826385,0.018098488651636498,0.08093329548293507,-0.07128888888888887,-0.016475908138826403,0,0,0,0,0,0,0,0
-0.03855328221987579,-0.1197645078290885,0.603,0.014870205226991791,0.009862880706787109,-0.07545944213867188,0,0,0.5,0,0.03855328221987579,0.1197645078290885,-0.10299999999999998,-0.014870205226991791,0.01573229122871634,0.08707954802947344,-0.08239999999999999,-0.007888888219015294,0,0,0,0,0,0,0,0
-0.037976463920302586,-0.12567565826728316,0.6,0.015323990832510242,0.007332866191864014,-0.0887861099243164,0,0,0.5,0,0.037976463920302586,0.12567565826728316,-0.09999999999999998,-0.015323990832510242,0.01602164812163483,0.09764876552477308,-0.06306451612903223,-0.01755572331866656,0,0,0,0,0,0,0,0
-0.0379550781861188,-0.1314725708328008,0.597,0.015079644737231007,-0.0010116770267486572,-0.08694839477539062,0,0,0.5,0,0.0379550781861188,0.1314725708328008,-0.09699999999999998,-0.015079644737231007,0.019180900971372383,0.09754828986861964,-0.0619283582089552,-0.013985557743443386,0,0,0,0,0,0,0,0
-0.037887442104734284,-0.13792390949380012,0.592,0.014974924982111396,-0.000444777250289917,-0.09677437591552734,0,0,0.5,0,0.037887442104734284,0.13792390949380012,-0.09199999999999997,-0.014974924982111396,0.01891316259541121,0.10586060972993566,-0.046256249999999964,-0.014484051129988221,0,0,0,0,0,0,0,0
-0.03771752724149726,-0.14412876299651647,0.586,0.014590952546672534,0.0011547310352325439,-0.09310053253173828,0,0,0.5,0,0.03771752724149726,0.14412876299651647,-0.08599999999999997,-0.014590952546672534,0.01830768018991033,0.10718671150491271,-0.03649230769230764,-0.012818772075416249,0,0,0,0,0,0,0,0
-0.03755064528426498,-0.15094683689331564,0.581,0.014067353771074488,0.0010107829570770264,-0.10229674530029297,0,0,0.5,0,0.03755064528426498,0.15094683689331564,-0.08099999999999996,-0.014067353771074488,0.018264978163062197,0.11399581986543121,-0.03787692307692303,-0.011650744037545046,0,0,0,0,0,0,0,0
-0.037515618244164946,-0.15864832892269734,0.576,0.014538592669113061,-0.0010996869802474976,-0.11551834106445312,0,0,0.5,0,0.037515618244164946,0.15864832892269734,-0.07599999999999996,-0.014538592669113061,0.018981837810198365,0.12270655416167388,-0.03387692307692303,-0.01671354142929109,0,0,0,0,0,0,0,0
-0.037077364307228744,-0.16628199719409684,0.571,0.015655603390389183,0.004908431053161621,-0.11458849334716797,0,0,0.5,0,0.037077364307228744,0.16628199719409684,-0.07099999999999995,-0.015655603390389183,0.016686773577089867,0.1250425963366045,-0.030680597014925315,-0.020657143933416597,0,0,0,0,0,0,0,0
-0.03644005779910443,-0.17343497408724579,0.566,0.01781981166286206,0.007878732204437256,-0.10743115997314454,0,0,0.5,0,0.03644005779910443,0.17343497408724579,-0.06599999999999995,-0.01781981166286206,0.015139872085365847,0.12858973776733584,-0.02502222222222216,-0.02812556534130432,0,0,0,0,0,0,0,0
-0.03560853807313482,-0.17992303274301819,0.56,0.017872171540421974,0.01073666763305664,-0.09752767944335937,0,0,0.5,0,0.03560853807313482,0.17992303274301819,-0.06000000000000005,-0.017872171540421974,0.013810435574863155,0.1271476570031699,-0.01569230769230831,-0.01811383251377543,0,0,0,0,0,0,0,0
-0.03466258555374634,-0.18718555213574062,0.555,0.017872171540421974,0.0122401704788208,-0.10917397308349609,0,0,0.5,0,0.03466258555374634,0.18718555213574062,-0.05500000000000005,-0.017872171540421974,0.012821335655156587,0.13448011912573393,-0.017484848484848506,-0.017872171540421974,0,0,0,0,0,0,0,0
-0.03385262116549971,-0.19438127879397887,0.552,0.01808161105066119,0.010218579292297364,-0.10813578796386719,0,0,0.5,0,0.03385262116549971,0.19438127879397887,-0.052000000000000046,-0.01808161105066119,0.01302494126590037,0.13904065621956935,-0.025193750000000025,-0.019063358754907524,0,0,0,0,0,0,0,0
-0.032728242858010965,-0.20098702661498896,0.55,0.01870992958137929,0.01507137680053711,-0.09937496185302734,0,0,0.5,0,0.032728242858010965,0.20098702661498896,-0.050000000000000044,-0.01870992958137929,0.0110405547588997,0.1376341991466142,-0.029552238805970178,-0.021523296136833455,0,0,0,0,0,0,0,0
-0.03118260405181163,-0.20701468157254746,0.546,0.020612338466053252,0.02148896789550781,-0.09083275604248046,0,0,0.5,0,0.03118260405181163,0.20701468157254746,-0.04600000000000004,-0.020612338466053252,0.007708598025185517,0.1392366161997997,-0.014925000000000015,-0.029529880112962457,0,0,0,0,0,0,0,0
-0.029683268237327556,-0.2122790592254529,0.546,0.021485003092050363,0.02085770797729492,-0.0794124298095703,0,0,0.5,0,0.029683268237327556,0.2122790592254529,-0.04600000000000004,-0.021485003092050363,0.0073575897703245675,0.13738969726586098,-0.036800000000000034,-0.025512685981267796,0,0,0,0,0,0,0,0
-0.028220110673167383,-0.21692866909646516,0.546,0.02220058808536817,0.020443960189819334,-0.07019955444335937,0,0,0.5,0,0.028220110673167383,0.21692866909646516,-0.04600000000000004,-0.02220058808536817,0.0068391600234645866,0.13654521777993195,-0.036800000000000034,-0.025503288054527284,0,0,0,0,0,0,0,0
-0.027015359220270294,-0.22019186140993693,0.549,0.022252947962927865,0.016980236053466796,-0.04933698272705078,0,0,0.5,0,0.027015359220270294,0.22019186140993693,-0.049000000000000044,-0.022252947962927865,0.007839947578772223,0.13033450865057375,-0.054871641791044826,-0.022487395175881716,0,0,0,0,0,0,0,0
-0.026502715873266487,-0.22292756510741701,0.548,0.02220058808536817,0.006774659633636475,-0.04119649887084961,0,0,0.5,0,0.026502715873266487,0.22292756510741701,-0.04800000000000004,-0.02220058808536817,0.011176032232953244,0.12931048528946015,-0.03309696969696973,-0.02196258864191502,0,0,0,0,0,0,0,0
-0.02611477470602265,-0.22580553157951952,0.546,0.023928464044842494,0.004859374046325683,-0.04328803634643555,0,0,0.5,0,0.02611477470602265,0.22580553157951952,-0.04600000000000004,-0.023928464044842494,0.011561848454293991,0.1323729090253493,-0.025688888888888914,-0.03215644480424403,0,0,0,0,0,0,0,0
-0.02527228434308752,-0.22720642806569774,0.547,0.02272418686096622,0.012130966186523437,-0.02130979537963867,0,0,0.5,0,0.02527228434308752,0.22720642806569774,-0.04700000000000004,-0.02272418686096622,0.008775772394908926,0.1247756275956183,-0.04298461538461543,-0.017165984473844948,0,0,0,0,0,0,0,0
-0.02486982111520484,-0.2281310092344937,0.547,0.022252947962927868,0.005720261573791504,-0.014002309799194337,0,0,0.5,0,0.02486982111520484,0.2281310092344937,-0.04700000000000004,-0.022252947962927868,0.01096008304574413,0.1228214285501142,-0.037600000000000036,-0.020077999202750864,0,0,0,0,0,0,0,0
-0.024992753345646337,-0.22867509197497615,0.547,0.022567107228286917,-0.0020251235961914063,-0.008118189811706544,0,0,0.5,0,0.024992753345646337,0.22867509197497615,-0.04700000000000004,-0.022567107228286917,0.013866846918538971,0.1211932710392203,-0.037600000000000036,-0.024017073068405604,0,0,0,0,0,0,0,0
-0.02519736255687519,-0.2283432904342952,0.548,0.022532200643247118,-0.0029560492038726805,0.005045011520385743,0,0,0.5,0,0.02519736255687519,0.2283432904342952,-0.04800000000000004,-0.022532200643247118,0.014392945066275054,0.11651739234814232,-0.04362388059701497,-0.02237590250127787,0,0,0,0,0,0,0,0
-0.025814863826707054,-0.22699016073189565,0.55,0.02439970294288085,-0.008802871704101562,0.02050048065185547,0,0,0.5,0,0.025814863826707054,0.22699016073189565,-0.050000000000000044,-0.02439970294288085,0.017026323194924163,0.11031946477023645,-0.050937500000000045,-0.033153619972413964,0,0,0,0,0,0,0,0
-0.026857098812311693,-0.22472515237373436,0.552,0.02436479635784083,-0.014799970626831055,0.034346427917480465,0,0,0.5,0,0.026857098812311693,0.22472515237373436,-0.052000000000000046,-0.02436479635784083,0.019799972270432606,0.10453676114855848,-0.05236923076923082,-0.02420368904227152,0,0,0,0,0,0,0,0
-0.028337327248269775,-0.22173265171776813,0.554,0.024399702942880852,-0.02110326957702637,0.04541511535644531,0,0,0.5,0,0.028337327248269775,0.22173265171776813,-0.05400000000000005,-0.024399702942880852,0.022916932022256947,0.09926737082524222,-0.053969230769230825,-0.02456081025845018,0,0,0,0,0,0,0,0
-0.030129448628219542,-0.21866562764896535,0.555,0.025289820861398082,-0.025751413345336913,0.04664751052856445,0,0,0.5,0,0.030129448628219542,0.21866562764896535,-0.05500000000000005,-0.025289820861398082,0.025512000398410783,0.097474711533539,-0.04938461538461543,-0.029398057408400683,0,0,0,0,0,0,0,0
-0.03230164200013591,-0.21497142133444316,0.556,0.025900686099596056,-0.03117124366760254,0.056219303131103515,0,0,0.5,0,0.03230164200013591,0.21497142133444316,-0.05600000000000005,-0.025900686099596056,0.028488739089827464,0.09269374646866263,-0.05010303030303035,-0.02867734627322321,0,0,0,0,0,0,0,0
-0.03463127088048154,-0.21069548257494297,0.555,0.025342180738957772,-0.03327165222167969,0.06502255249023438,0,0,0.5,0,0.03463127088048154,0.21069548257494297,-0.05500000000000005,-0.025342180738957772,0.030896668207439876,0.0868970701383009,-0.03853125000000003,-0.022724186860965816,0,0,0,0,0,0,0,0
-0.03805146849776113,-0.20498453792730653,0.555,0.025028021473598946,-0.049115806579589846,0.08693665313720703,0,0,0.5,0,0.03805146849776113,0.20498453792730653,-0.05500000000000005,-0.025028021473598946,0.038307791239641606,0.07680763744480205,-0.04400000000000004,-0.023578055633481285,0,0,0,0,0,0,0,0
-0.04179137149207779,-0.19905579695139497,0.554,0.02607521902479548,-0.05385543823242187,0.09030715179443359,0,0,0.5,0,0.04179137149207779,0.19905579695139497,-0.05400000000000005,-0.02607521902479548,0.04192639762000786,0.07279990376492171,-0.03781538461538465,-0.0309084384918564,0,0,0,0,0,0,0,0
-0.0463219008590585,-0.19194791380850793,0.552,0.026005405854715665,-0.06515505981445313,0.10835382080078125,0,0,0.5,0,0.0463219008590585,0.19194791380850793,-0.052000000000000046,-0.026005405854715665,0.04810983007976596,0.06360331798975656,-0.030993939393939428,-0.025688073263443786,0,0,0,0,0,0,0,0
-0.05100662260559406,-0.18472424064440537,0.552,0.02527236756887796,-0.0674295654296875,0.11014567565917968,0,0,0.5,0,0.05100662260559406,0.18472424064440537,-0.052000000000000046,-0.02527236756887796,0.05130354218522919,0.05949936141523624,-0.04160000000000004,-0.02194037536052475,0,0,0,0,0,0,0,0
-0.055596255143271774,-0.17704939557269178,0.551,0.024766222085799594,-0.06591339111328125,0.11682559204101563,0,0,0.5,0,0.055596255143271774,0.17704939557269178,-0.051000000000000045,-0.024766222085799594,0.05389027161464157,0.052110799195034876,-0.035331250000000036,-0.02239366513386976,0,0,0,0,0,0,0,0
-0.05986855059882514,-0.1700823307910762,0.547,0.02481858196335951,-0.06147682571411133,0.1060608901977539,0,0,0.5,0,0.05986855059882514,0.1700823307910762,-0.04700000000000004,-0.02481858196335951,0.05362249190968666,0.053764774468400334,-0.01638787878787881,-0.02505658140681367,0,0,0,0,0,0,0,0
-0.06355513872219372,-0.1634239283934499,0.548,0.026337018412594393,-0.05280326461791992,0.1012175750732422,0,0,0.5,0,0.06355513872219372,0.1634239283934499,-0.04800000000000004,-0.026337018412594393,0.052701843673073005,0.051635418495906964,-0.04378461538461543,-0.03334518663983232,0,0,0,0,0,0,0,0
-0.06807376519278004,-0.1573329191073821,0.545,0.026337018412594393,-0.06534988403320313,0.09311835479736329,0,0,0.5,0,0.06807376519278004,0.1573329191073821,-0.04500000000000004,-0.026337018412594393,0.05986510350327768,0.05123333587513694,-0.019593750000000017,-0.026337018412594393,0,0,0,0,0,0,0,0
-0.07117372023048246,-0.1515913803385622,0.543,0.026703537555513357,-0.04421523666381836,0.0873177261352539,0,0,0.5,0,0.07117372023048246,0.1515913803385622,-0.04300000000000004,-0.026703537555513357,0.05270789157021741,0.052223817881849995,-0.024105882352941203,-0.02832053377427349,0,0,0,0,0,0,0,0
-0.07202771398312172,-0.14535595337962726,0.541,0.027366762671271246,-0.010308016777038574,0.093840087890625,0,0,0.5,0,0.07202771398312172,0.14535595337962726,-0.041000000000000036,-0.027366762671271246,0.041969024713880435,0.04410845555073035,-0.02168888888888891,-0.030524977508213577,0,0,0,0,0,0,0,0
-0.07329681208809698,-0.14031906652688525,0.538,0.027995081201988903,-0.016961952209472657,0.07604591369628906,0,0,0.5,0,0.07329681208809698,0.14031906652688525,-0.038000000000000034,-0.027995081201988903,0.044740412137976596,0.049200781962732185,-0.014246153846153863,-0.03089501288222424,0,0,0,0,0,0,0,0
-0.07459834340392782,-0.13609229520417504,0.537,0.02832669375986807,-0.017740619659423827,0.06392320251464843,0,0,0.5,0,0.07459834340392782,0.13609229520417504,-0.03700000000000003,-0.02832669375986807,0.04561430708525001,0.05153801683958485,-0.02421538461538464,-0.029857213257771926,0,0,0,0,0,0,0,0
-0.07510860859000104,-0.132187905310681,0.537,0.028012534494509023,-0.005992152214050293,0.05875913619995117,0,0,0.5,0,0.07510860859000104,0.132187905310681,-0.03700000000000003,-0.028012534494509023,0.04161671755750226,0.05172750588181527,-0.02960000000000003,-0.026584537833786073,0,0,0,0,0,0,0,0
-0.07587622657615582,-0.12862007715664917,0.535,0.029164451800825386,-0.01001078987121582,0.053818927764892575,0,0,0.5,0,0.07587622657615582,0.12862007715664917,-0.03500000000000003,-0.029164451800825386,0.0413871284169755,0.06157240198521871,-0.022814814814814836,-0.031724268037083975,0,0,0,0,0,0,0,0
-0.07670276032600448,-0.1251096118666808,0.535,0.030927234345339723,-0.010857239723205566,0.05299611663818359,0,0,0.5,0,0.07670276032600448,0.1251096118666808,-0.03500000000000003,-0.030927234345339723,0.04475869552830798,0.04831611476198939,-0.028000000000000025,-0.039890535419141435,0,0,0,0,0,0,0,0
-0.07680963062761997,-0.12205216209507574,0.538,0.0322536845768553,-0.00018413704633712767,0.04588938522338867,0,0,0.5,0,0.07680963062761997,0.12205216209507574,-0.038000000000000034,-0.0322536845768553,0.04052639517062935,0.0514789896073877,-0.04630909090909095,-0.038283003811017,0,0,0,0,0,0,0,0
-0.07573911452558575,-0.11870053246434427,0.539,0.03263765701229416,0.017670644760131835,0.04973046493530273,0,0,0.5,0,0.07573911452558575,0.11870053246434427,-0.039000000000000035,-0.03263765701229416,0.03370931362360097,0.04804684245376893,-0.03658461538461542,-0.03440983748355044,0,0,0,0,0,0,0,0
-0.07424395720702572,-0.11569850921003054,0.539,0.03330088212805183,0.02388484001159668,0.044274520874023435,0,0,0.5,0,0.07424395720702572,0.11569850921003054,-0.039000000000000035,-0.03330088212805183,0.030723463909058824,0.04850353073061723,-0.03120000000000003,-0.036361921123856465,0,0,0,0,0,0,0,0
-0.07305219628166507,-0.11214306468859088,0.539,0.03429571980168867,0.019642166137695313,0.0527069091796875,0,0,0.5,0,0.07305219628166507,0.11214306468859088,-0.039000000000000035,-0.03429571980168867,0.0319067006947081,0.04410993345480512,-0.03120000000000003,-0.03881770922731066,0,0,0,0,0,0,0,0
-0.07103081267681682,-0.1079879956087014,0.543,0.03478441199224714,0.03244002151489258,0.06124971771240234,0,0,0.5,0,0.07103081267681682,0.1079879956087014,-0.04300000000000004,-0.03478441199224714,0.026206971324538274,0.03823310723934195,-0.056275000000000054,-0.03707515663548997,0,0,0,0,0,0,0,0
-0.0680747467218184,-0.10373250139516763,0.543,0.035901422713523486,0.04653409194946289,0.06225173568725586,0,0,0.5,0,0.0680747467218184,0.10373250139516763,-0.04300000000000004,-0.035901422713523486,0.019910350302199807,0.035981620677791815,-0.034400000000000035,-0.041056856811722005,0,0,0,0,0,0,0,0
-0.0645577583055559,-0.09805817560945328,0.542,0.03703588672731973,0.05577592086791992,0.08316647338867188,0,0,0.5,0,0.0645577583055559,0.09805817560945328,-0.04200000000000004,-0.03703588672731973,0.015173466922468307,0.025568333287339227,-0.028215384615384642,-0.04227187448330239,1425654270858,0,0,0,0,0,0,0
-0.06080642872219533,-0.09102836022397177,0.542,0.038467056713955124,0.060135795593261716,0.10329138946533203,0,0,0.5,0,0.06080642872219533,0.09102836022397177,-0.04200000000000004,-0.038467056713955124,0.012382149850250601,0.015388242221506504,-0.03360000000000003,-0.0449723748350251,1425654270858,0,0,0,0,0,0,0
-0.057422118124863294,-0.08351223233979195,0.541,0.03830997708127582,0.05506288528442383,0.11070623016357421,0,0,0.5,0,0.057422118124863294,0.08351223233979195,-0.041000000000000036,-0.03830997708127582,0.012674205954243834,0.009106366435421266,-0.027496969696969725,-0.03759597875091536,1425654270858,0,0,0,0,0,0,0
-0.05363126805353179,-0.0759103467677072,0.541,0.03773401842811764,0.06118838119506836,0.11176673889160156,0,0,0.5,0,0.05363126805353179,0.0759103467677072,-0.041000000000000036,-0.03773401842811764,0.008348473280469303,0.004279789302501315,-0.03280000000000003,-0.03507574772123372,1425654270858,0,0,0,0,0,0,0
-0.049621799436781244,-0.06837288376378195,0.542,0.037664205258037826,0.06436448669433593,0.11071260070800781,0,0,0.5,0,0.049621799436781244,0.06837288376378195,-0.04200000000000004,-0.037664205258037826,0.004860985040740937,0.0002675456469644899,-0.03906875000000004,-0.0373369560232887,1425654270858,0,0,0,0,0,0,0
-0.04578160189667703,-0.06083464335169189,0.543,0.036704274169441005,0.06181993103027344,0.11082435607910156,0,0,0.5,0,0.04578160189667703,0.06083464335169189,-0.04300000000000004,-0.036704274169441005,0.022890800948338515,0.030417321675845946,-0.034400000000000035,-0.036704274169441005,1425654270858,0,0,0,0,0,0,0
-0.043465812415151836,-0.05365328061367214,0.546,0.03794345793835686,0.03866635894775391,0.10637318420410156,0,0,0.5,0,0.043465812415151836,0.05365328061367214,-0.04600000000000004,-0.03794345793835686,0.009664620562583362,-0.010651993462420132,-0.052471641791044826,-0.043492041978278585,1425654271251,0,0,0,0,0,0,0
-0.042104473108777685,-0.046848208409407587,0.548,0.036913713679680445,0.0242775821685791,0.10122798919677735,0,0,0.5,0,0.042104473108777685,0.046848208409407587,-0.04800000000000004,-0.036913713679680445,0.01354488832024246,-0.014316390416345737,-0.04951111111111116,-0.032010169590745145,1425654271314,0,0,0,0,0,0,0
-0.04152845312071867,-0.04074709913589103,0.547,0.03525565089028549,0.012011865615844726,0.09113542175292969,0,0,0.5,0,0.04152845312071867,0.04074709913589103,-0.04700000000000004,-0.03525565089028549,0.01774522187771595,-0.012386629605703914,-0.032215384615384646,-0.02760305340077032,1425654271379,0,0,0,0,0,0,0
-0.04161878702506617,-0.0350427992022998,0.546,0.03309144261781239,0.0016618406772613526,0.08555908966064453,0,0,0.5,0,0.04161878702506617,0.0350427992022998,-0.04600000000000004,-0.03309144261781239,0.021398546751020597,-0.01261359987303719,-0.031496969696969725,-0.023254132288389205,1425654271445,0,0,0,0,0,0,0
-0.04249761845373103,-0.02998073104368565,0.549,0.032777283352453564,-0.01066304588317871,0.07632559967041015,0,0,0.5,0,0.04249761845373103,0.02998073104368565,-0.049000000000000044,-0.032777283352453564,0.02611871171647448,-0.012132361156603282,-0.055353846153846205,-0.0313273175123359,1425654271510,0,0,0,0,0,0,0
-0.04412072763183688,-0.02569208152085606,0.547,0.030316369107141757,-0.022225383758544923,0.06509306335449219,0,0,0.5,0,0.04412072763183688,0.02569208152085606,-0.04700000000000004,-0.030316369107141757,0.030834613911113987,-0.009745277438010623,-0.026993939393939424,-0.01913039526481536,1425654271576,0,0,0,0,0,0,0
-0.045789014469302496,-0.022134480604020634,0.542,0.027523842303950777,-0.023395248413085937,0.0540980224609375,0,0,0.5,0,0.045789014469302496,0.022134480604020634,-0.04200000000000004,-0.027523842303950777,0.032214108784875316,-0.00822270346414376,-0.006256250000000012,-0.014433872913993064,1425654271640,0,0,0,0,0,0,0
-0.04806264576168081,-0.019097827786401993,0.538,0.02384119758224257,-0.03283800506591797,0.046471107482910154,0,0,0.5,0,0.04806264576168081,0.019097827786401993,-0.038000000000000034,-0.02384119758224257,0.03650135154430271,-0.0066241937504331605,-0.008861538461538473,-0.006844375789743163,1425654271705,0,0,0,0,0,0,0
-0.04902290320884996,-0.016662965833640974,0.534,0.020141099568014912,-0.013529100418090821,0.03685592269897461,0,0,0.5,0,0.04902290320884996,0.016662965833640974,-0.03400000000000003,-0.020141099568014912,0.029941332142308295,-0.004590381449788459,-0.005661538461538471,-0.0030637241177334067,1425654271770,0,0,0,0,0,0,0
-0.04857661813453316,-0.01454064524028562,0.53,0.015742869852988898,0.007334063053131104,0.031693531036376954,0,0,0.5,0,0.04857661813453316,0.01454064524028562,-0.030000000000000027,-0.015742869852988898,0.022248778975620647,-0.003617753752177744,-0.0031044776119403053,0.00395069603518728,1425654271837,0,0,0,0,0,0,0
-0.0479109904688982,-0.010805651018489631,0.527,0.012322024519080047,0.010865134239196777,0.05586079406738281,0,0,0.5,0,0.0479109904688982,0.010805651018489631,-0.027000000000000024,-0.012322024519080047,0.020694298258265225,-0.01450298516977172,-0.0054461538461538575,0.0034664924066531086,1425654271902,0,0,0,0,0,0,0
-0.04750137992021772,-0.006788566220033396,0.524,0.0088662726001314,0.006886152267456055,0.06017599105834961,0,0,0.5,0,0.04750137992021772,0.006788566220033396,-0.02400000000000002,-0.0088662726001314,0.021863985147781168,-0.018364108030044308,-0.0027937500000000046,0.007332564519940379,1425654271966,0,0,0,0,0,0,0
-0.04702207429743646,-0.0024965645089703135,0.522,0.005707226654021683,0.007760105133056641,0.06431375122070312,0,0,0.5,0,0.04702207429743646,0.0024965645089703135,-0.02200000000000002,-0.005707226654021683,0.021314077942419643,-0.021650832071273315,-0.0068307692307692375,0.008872985404946243,1425654272031,0,0,0,0,0,0,0
-0.04661835213812903,0.0016246635429494815,0.52,0.0030543261909903342,0.006408543586730957,0.061782852172851566,0,0,0.5,0,0.04661835213812903,-0.0016246635429494815,-0.020000000000000018,-0.0030543261909903342,0.02158291056072557,-0.022456737176014943,-0.005393939393939401,0.009004312277333979,1425654272097,0,0,0,0,0,0,0
-0.0455247775741791,0.004836956744778166,0.521,0.0024783675378321525,0.01655071258544922,0.04813407135009766,0,0,0.5,0,0.0455247775741791,-0.004836956744778166,-0.02100000000000002,-0.0024783675378321525,0.01722572408460904,-0.019778210631717346,-0.02226875000000002,0.00022143864884682438,1425654272161,0,0,0,0,0,0,0
-0.043303609621190446,0.007726551243759509,0.52,0.002059488517353495,0.03342483901977539,0.04326121139526367,0,0,0.5,0,0.043303609621190446,-0.007726551243759509,-0.020000000000000018,-0.002059488517353495,0.010345285424247242,-0.018984486149096008,-0.010696969696969708,-0.00015549296972323413,1425654272227,0,0,0,0,0,0,0
-0.04069341335481546,0.010503381314994216,0.524,0.002164208272473104,0.03923864364624023,0.04157172775268555,0,0,0.5,0,0.04069341335481546,-0.010503381314994216,-0.02400000000000002,-0.002164208272473104,0.006570641206687253,-0.020241805609252032,-0.04107500000000004,-0.0026550821245962704,1425654272291,0,0,0,0,0,0,0
-0.03837180869365931,0.01340918337533735,0.527,0.0027401669256312856,0.03491831970214844,0.04351156234741211,0,0,0.5,0,0.03837180869365931,-0.01340918337533735,-0.027000000000000024,-0.0027401669256312856,0.007398135231817749,-0.02192732362899405,-0.03750909090909094,-0.005358160803623021,1425654272357,0,0,0,0,0,0,0
-0.036431957648271375,0.015132325966066914,0.526,0.004660029102824929,0.029168481826782226,0.025767309188842773,0,0,0.5,0,0.036431957648271375,-0.015132325966066914,-0.026000000000000023,-0.004660029102824929,0.008318078568504495,-0.016667634659557673,-0.015415384615384631,-0.01352093145910328,1425654272422,0,0,0,0,0,0,0
-0.03436242246589841,0.01612572161812725,0.534,0.004852015320544471,0.031112129211425782,0.014756112098693848,0,0,0.5,0,0.03436242246589841,-0.01612572161812725,-0.03400000000000003,-0.004852015320544471,0.006607347352770668,-0.013245407611805312,-0.07027692307692314,-0.005738105556173126,1425654272487,0,0,0,0,0,0,0
-0.03388717844176096,0.0159766403746397,0.538,0.0050440015382635685,0.007117726325988769,-0.002270780563354492,0,0,0.5,0,0.03388717844176096,-0.0159766403746397,-0.038000000000000034,-0.0050440015382635685,0.015015508399146843,-0.007041775709786779,-0.051612121212121255,-0.005916666164259468,1425654272553,0,0,0,0,0,0,0
-0.03433742543044876,0.014286114393544089,0.547,0.004939281783144182,-0.006881523609161377,-0.025323501586914064,0,0,0.5,0,0.03433742543044876,-0.014286114393544089,-0.04700000000000004,-0.004939281783144182,0.02024512952648759,0.0022488257748378834,-0.08681875000000007,-0.004448407931022056,1425654272617,0,0,0,0,0,0,0
-0.03548337072675008,0.011782778419036044,0.544,0.004502949470145404,-0.01737443923950195,-0.03746467971801758,0,0,0.5,0,0.03548337072675008,-0.011782778419036044,-0.04400000000000004,-0.004502949470145404,0.02454935281861595,0.007727272398200061,-0.019046153846153865,-0.0024891080255356633,1425654272682,0,0,0,0,0,0,0
-0.037990735430616165,0.008205638462920689,0.541,0.0044156830075456925,-0.03785170364379883,-0.05348719787597656,0,0,0.5,0,0.037990735430616165,-0.008205638462920689,-0.041000000000000036,-0.0044156830075456925,0.03315844903546611,0.01529253015068082,-0.016646153846153866,-0.004012914718623945,1425654272747,0,0,0,0,0,0,0
-0.04107008047474856,0.0033444925846872553,0.54,0.0026529004630313517,-0.046511703491210935,-0.07271251678466797,0,0,0.5,0,0.04107008047474856,-0.0033444925846872553,-0.040000000000000036,-0.0026529004630313517,0.0378047112497364,0.02463480721179176,-0.026615384615384638,0.0054830189731886825,1425654272812,0,0,0,0,0,0,0
-0.04476049757709972,-0.003528320351849707,0.538,0.0021467549799532052,-0.055629554748535155,-0.10294497680664062,0,0,0.5,0,0.04476049757709972,0.003528320351849707,-0.038000000000000034,-0.0021467549799532052,0.042377118930978445,0.037800930917989174,-0.01995223880597017,0.00011956807860565933,1425654272879,0,0,0,0,0,0,0
-0.04826117493097282,-0.010804769547632233,0.535,0.0004537856055186777,-0.05274435043334961,-0.10903376007080078,0,0,0.5,0,0.04826117493097282,0.010804769547632233,-0.03500000000000003,-0.0004537856055186777,0.04402437574300007,0.04533639796173801,-0.01159375000000001,0.00748200833714317,1425654272943,0,0,0,0,0,0,0
-0.05297569686211745,-0.01888238380113831,0.531,-0.0023212879051524,-0.07077280426025391,-0.12113211059570313,0,0,0.5,0,0.05297569686211745,0.01888238380113831,-0.031000000000000028,0.0023212879051524,0.05265762895408728,0.053089243078943436,-0.0032615384615384685,0.015129319492865067,1425654273008,0,0,0,0,0,0,0
-0.057488112335937445,-0.029011787356364047,0.53,-0.005899212871740774,-0.0673333511352539,-0.15209776306152345,0,0,0.5,0,0.057488112335937445,0.029011787356364047,-0.030000000000000027,0.005899212871740774,0.053862938424575284,0.06922089875836686,-0.01861538461538463,0.02241271271753327,1425654273073,0,0,0,0,0,0,0
-0.06220940696762292,-0.03729772469149509,0.527,-0.006824237375297578,-0.0700849838256836,-0.12470467376708984,0,0,0.5,0,0.06220940696762292,0.03729772469149509,-0.027000000000000024,0.006824237375297578,0.05738875578191495,0.0634617543772412,-0.0054461538461538575,0.011093581237867443,1425654273138,0,0,0,0,0,0,0
-0.06582862509397233,-0.04444168037555045,0.523,-0.007609635538694977,-0.05355573272705078,-0.10752731323242187,0,0,0.5,0,0.06582862509397233,0.04444168037555045,-0.02300000000000002,0.007609635538694977,0.05272647766142837,0.059766093978286174,0.002495522388059699,0.011126343733011686,1425654273205,0,0,0,0,0,0,0
-0.06837936046824909,-0.05165219768962394,0.518,-0.0074351026134955546,-0.0374368896484375,-0.1084457778930664,0,0,0.5,0,0.06837936046824909,0.05165219768962394,-0.018000000000000016,0.0074351026134955546,0.04930931307837569,0.0661431515586266,0.013377777777777784,0.006603993445879259,1425654273268,0,0,0,0,0,0,0
-0.0697395669387924,-0.05810938385630002,0.514,-0.006824237375297577,-0.01968239212036133,-0.09700681304931641,0,0,0.5,0,0.0697395669387924,0.05810938385630002,-0.014000000000000012,0.006824237375297577,0.04307790848018063,0.06359432122687061,0.010012121212121217,0.004047577201670408,1425654273334,0,0,0,0,0,0,0
-0.07021238362617518,-0.0641013758321997,0.515,-0.004485496177625277,-0.006478728294372559,-0.08992618560791016,0,0,0.5,0,0.07021238362617518,0.0641013758321997,-0.015000000000000013,0.004485496177625277,0.038692674750544276,0.06465390137284144,-0.0173846153846154,-0.006308693965477647,1425654273399,0,0,0,0,0,0,0
-0.06927791768587364,-0.06906978004218672,0.513,-0.0014137166941152702,0.014351133346557618,-0.07446244049072266,0,0,0.5,0,0.06927791768587364,0.06906978004218672,-0.013000000000000012,0.0014137166941152702,0.03076972799851315,0.061266715438005936,0.0002060606060606037,-0.012548917321839305,1425654273465,0,0,0,0,0,0,0
-0.06625169064653307,-0.07309031315081986,0.514,0.0007330382858374883,0.04547861862182617,-0.0602437629699707,0,0,0.5,0,0.06625169064653307,0.07309031315081986,-0.014000000000000012,-0.0007330382858374883,0.01820766809976558,0.058298632425155684,-0.016503030303030318,-0.010491015467440936,1425654273531,0,0,0,0,0,0,0
-0.06129334992620917,-0.07558120609347414,0.513,0.0023736477827125445,0.07434770202636719,-0.03741790390014649,0,0,0.5,0,0.06129334992620917,0.07558120609347414,-0.013000000000000012,-0.0023736477827125445,0.004268948908397154,0.05210898027276069,-0.00484444444444445,-0.01018607395830805,1425654273594,0,0,0,0,0,0,0
-0.05424667776948846,-0.07675292799281155,0.511,0.006213372137100053,0.10565806579589844,-0.01782667350769043,0,0,0.5,0,0.05424667776948846,0.07675292799281155,-0.01100000000000001,-0.006213372137100053,-0.00961640879969948,0.04521570826543058,0.00196923076923077,-0.02393517684965778,1425654273659,0,0,0,0,0,0,0
-0.04577402461581392,-0.07737558868233842,0.512,0.008133234314293693,0.12702931213378907,-0.01012938117980957,0,0,0.5,0,0.04577402461581392,0.07737558868233842,-0.01200000000000001,-0.008133234314293693,-0.021501341474903263,0.04262084930539612,-0.014984615384615398,-0.016994136670572035,1425654273724,0,0,0,0,0,0,0
-0.03490756672470155,-0.07752260894499859,0.51,0.010663961729685536,0.16297354125976563,-0.003530908107757568,0,0,0.5,0,0.03490756672470155,0.07752260894499859,-0.010000000000000009,-0.010663961729685536,-0.03980159831906129,0.04018360837248902,0.0027692307692307704,-0.022344242108417116,1425654273789,0,0,0,0,0,0,0
-0.02345075627177341,-0.07697224297629819,0.51,0.011623892818282579,0.171930419921875,0.006422430038452148,0,0,0.5,0,0.02345075627177341,0.07697224297629819,-0.010000000000000009,-0.011623892818282579,-0.04685160503079347,0.03629330311761149,-0.008000000000000007,-0.015922091722448444,1425654273856,0,0,0,0,0,0,0
-0.011442338574143495,-0.07580858277849982,0.508,0.01246165085923945,0.1803169860839844,0.015360002517700195,0,0,0.5,0,0.011442338574143495,0.07580858277849982,-0.008000000000000007,-0.01246165085923945,-0.05867051523810547,0.03227126991013202,0.004537500000000003,-0.01638864167622478,1425654273920,0,0,0,0,0,0,0
-0.0002448935127219591,-0.07490512928543155,0.504,0.013404128655316596,0.1681175079345703,0.011457724571228027,0,0,0.5,0,0.0002448935127219591,0.07490512928543155,-0.0040000000000000036,-0.013404128655316596,-0.05889197925023533,0.03336724862628336,0.018338461538461553,-0.017754026175672653,1425654273985,0,0,0,0,0,0,0
0.012997577444804148,-0.07205838831668925,0.502,0.01314232926751724,0.19919157409667967,0.040034801483154296,0,0,0.5,0,-0.012997577444804148,0.07205838831668925,-0.0020000000000000018,-0.01314232926751724,-0.07653334105643905,0.02152686045607321,0.009169230769230777,-0.011934024400750986,1425654274050,0,0,0,0,0,0,0
0.02606513029205535,-0.06826854606074613,0.498,0.012653637076958992,0.1967434539794922,0.054266727447509766,0,0,0.5,0,-0.02606513029205535,0.06826854606074613,0.0020000000000000018,-0.012653637076958992,-0.08107633635326296,0.014907953457835424,0.022812121212121228,-0.010432308938057862,1425654274116,0,0,0,0,0,0,0
0.03757171679242476,-0.06405236917299602,0.494,0.01288052987971833,0.1733852081298828,0.06105364608764648,0,0,1,0,-0.03757171679242476,0.06405236917299602,0.506,-0.01288052987971833,-0.01878585839621238,0.03202618458649801,0.40480000000000005,-0.01288052987971833,0,0,0,0,0,0,0,0
0.04770167252903475,-0.0592290638701687,0.49,0.011554079648202766,0.15286860656738283,0.07038644409179687,0,0,1,0,-0.04770167252903475,0.0592290638701687,0.51,-0.011554079648202766,-0.08297086573159304,0.0015141217735804222,0.4313333333333334,-0.004921828490624948,0,0,0,0,0,0,0,0
0.05737586265819784,-0.053328757327684495,0.489,0.010454522219446096,0.146125732421875,0.08682208251953125,0,0,1,0,-0.05737586265819784,0.053328757327684495,0.511,-0.010454522219446096,-0.08084563964653006,-0.0050363015881799075,0.41418461538461543,-0.005379641779030696,0,0,0,0,0,0,0,0
0.06606039608516737,-0.04707268660615043,0.492,0.008395033702092826,0.13124192810058594,0.09247406768798828,0,0,1,0,-0.06606039608516737,0.04707268660615043,0.508,-0.008395033702092826,-0.07990192491335096,-0.010049392974459878,0.39024615384615385,0.0011102979164607247,0,0,0,0,0,0,0,0
0.0721403390651715,-0.040353197732771316,0.498,0.006178465552060032,0.09204207611083984,0.1000231704711914,0,0,1,0,-0.0721403390651715,0.040353197732771316,0.502,-0.006178465552060032,-0.06896406983239331,-0.015878236342558017,0.3692923076923077,0.004051848986552862,0,0,0,0,0,0,0,0
0.07476329496428404,-0.0336187853511313,0.507,0.00472984227290474,0.039967708587646485,0.10077117156982422,0,0,1,0,-0.07476329496428404,0.0336187853511313,0.493,-0.00472984227290474,-0.05149635166541726,-0.01875418390363667,0.34667272727272724,0.0018548089959829518,0,0,0,0,0,0,0,0
0.07512737252630418,-0.02601451804376098,0.515,0.004066617157146847,0.00600060510635376,0.11403690338134766,0,0,1,0,-0.07512737252630418,0.02601451804376098,0.485,-0.004066617157146847,-0.039807906515635975,-0.028412712170015803,0.34424999999999994,-0.000957749427031725,0,0,0,0,0,0,0,0
0.07363329537130205,-0.01744974769755998,0.526,0.002565634000431862,-0.02188852882385254,0.12856163024902345,0,0,1,0,-0.07363329537130205,0.01744974769755998,0.474,-0.002565634000431862,-0.029072649578201732,-0.03721591234178299,0.3199692307692307,0.004361980569021917,0,0,0,0,0,0,0,0
0.07142467169478968,-0.009676906573414783,0.538,0.0019722220547535602,-0.03283011245727539,0.11667723083496094,0,0,1,0,-0.07142467169478968,0.009676906573414783,0.46199999999999997,-0.0019722220547535602,-0.024167205583799756,-0.03683180864197469,0.3049846153846153,0.0007666023099155241,0,0,0,0,0,0,0,0
0.06747819247354336,-0.000613752475635599,0.55,0.0027925268031911993,-0.058928955078125,0.1360637969970703,0,0,1,0,-0.06747819247354336,0.000613752475635599,0.44999999999999996,-0.0027925268031911993,-0.012880143095870825,-0.04831082584055351,0.29538461538461536,-0.006578548719057225,0,0,0,0,0,0,0,0
0.06165734038516698,0.008644216990191368,0.565,0.0031590459461099413,-0.08692464447021485,0.1391128234863281,0,0,1,0,-0.06165734038516698,-0.008644216990191368,0.43500000000000005,-0.0031590459461099413,-0.0008538639169653507,-0.05250653027109879,0.2696417910447767,-0.004800176436790876,0,0,0,0,0,0,0,0
0.05218737295157166,0.017407590147744244,0.579,0.004764748857944759,-0.141633544921875,0.131898681640625,0,0,1,0,-0.05218737295157166,-0.017407590147744244,0.42100000000000004,-0.004764748857944759,0.025229168001054524,-0.05646152760264696,0.2602375,-0.012291481257170465,0,0,0,0,0,0,0,0
0.042722435050434764,0.02539682316929598,0.592,0.005777039824101274,-0.14140145874023438,0.12051360321044922,0,0,1,0,-0.042722435050434764,-0.02539682316929598,0.40800000000000003,-0.005777039824101274,0.029110033203256735,-0.05556690213224029,0.25639999999999996,-0.010449151975592881,0,0,0,0,0,0,0,0
0.03489053401796189,0.03376013859290738,0.607,0.008115781021773797,-0.1167518310546875,0.12612631225585938,0,0,1,0,-0.03489053401796189,-0.03376013859290738,0.393,-0.008115781021773797,0.024210029425729085,-0.06178479379137573,0.23363076923076917,-0.018909971164877748,0,0,0,0,0,0,0,0
0.027065308055736623,0.04124784495922851,0.622,0.009704030641088716,-0.11646300506591797,0.11326450347900391,0,0,1,0,-0.027065308055736623,-0.04124784495922851,0.378,-0.009704030641088716,0.027430414919026425,-0.06023016741663419,0.22285454545454542,-0.016923347092520163,0,0,0,0,0,0,0,0
0.0196904983211292,0.046672154283938685,0.637,0.011187560505283804,-0.10982738494873047,0.08243427276611329,0,0,1,0,-0.0196904983211292,-0.046672154283938685,0.363,-0.011187560505283804,0.02871625315340418,-0.052030868661970715,0.2108545454545454,-0.01793087806980693,0,0,0,0,0,0,0,0
0.012373423323877456,0.05161053330370554,0.651,0.013526301702956326,-0.10892054748535156,0.07529892730712891,0,0,1,0,-0.012373423323877456,-0.05161053330370554,0.349,-0.013526301702956326,0.03327328605061721,-0.05277457245557059,0.20263749999999994,-0.024489151067046275,0,0,0,0,0,0,0,0
0.005567803055473103,0.05526547798270459,0.665,0.015393804002590054,-0.10133341979980469,0.05619993591308594,0,0,1,0,-0.005567803055473103,-0.05526547798270459,0.33499999999999996,-0.015393804002590054,0.0327475780578478,-0.04701404213482005,0.19375757575757566,-0.023882450819106997,0,0,0,0,0,0,0,0
-0.0012910598130711228,0.05714414200076942,0.677,0.016790067404185652,-0.10243697357177735,0.029760318756103514,0,0,1,0,0.0012910598130711228,-0.05714414200076942,0.32299999999999995,-0.016790067404185652,0.03759683156848602,-0.038881607854893654,0.19277499999999992,-0.023335052099165022,0,0,0,0,0,0,0,0
-0.00804796520948716,0.05733512277675015,0.688,0.017749998492782474,-0.10129119873046875,0.004565961360931396,0,0,1,0,0.00804796520948716,-0.05733512277675015,0.31200000000000006,-0.017749998492782474,0.03985444588166147,-0.029768780248408504,0.19036923076923137,-0.02218044967092165,0,0,0,0,0,0,0,0
-0.014228002662012929,0.055824523788691106,0.701,0.018116517635701438,-0.093088134765625,-0.021010066986083983,0,0,1,0,0.014228002662012929,-0.055824523788691106,0.29900000000000004,-0.018116517635701438,0.03885443835685032,-0.020131336417213742,0.171289552238806,-0.019757648126383365,0,0,0,0,0,0,0,0
-0.02088585449803518,0.05421752745746892,0.714,0.01855284994869977,-0.10028806304931641,-0.022291831970214844,0,0,1,0,0.02088585449803518,-0.05421752745746892,0.28600000000000003,-0.01855284994869977,0.04632308071291196,-0.01846546502639612,0.15770625,-0.020598157665879458,0,0,0,0,0,0,0,0
-0.027584518090581635,0.05061633242320393,0.724,0.018919369091618735,-0.10146479034423828,-0.05214454650878906,0,0,1,0,0.027584518090581635,-0.05061633242320393,0.276,-0.018919369091618735,0.04934994225448596,-0.00609497912720627,0.16695384615384615,-0.020610995905090877,0,0,0,0,0,0,0,0
-0.03375005639240784,0.04637240639875761,0.733,0.01857030324121967,-0.09367083740234375,-0.06189788055419922,0,0,1,0,0.03375005639240784,-0.04637240639875761,0.267,-0.01857030324121967,0.050102371992813685,-0.00018477419339127388,0.16438124999999998,-0.016934057067474046,0,0,0,0,0,0,0,0
-0.03937585348033395,0.04194901085274376,0.741,0.017191493132144187,-0.0856044921875,-0.06477249145507813,0,0,1,0,0.03937585348033395,-0.04194901085274376,0.259,-0.017191493132144187,0.049057243447933455,0.00224766740906273,0.16477575757575758,-0.010924174454528358,0,0,0,0,0,0,0,0
-0.04446655012786278,0.03728976303331785,0.749,0.01637118838370699,-0.07755059814453125,-0.06856570434570312,0,0,1,0,0.04446655012786278,-0.03728976303331785,0.251,-0.01637118838370699,0.04920916608000294,0.006183909839219737,0.1577230769230769,-0.012585166467843014,0,0,0,0,0,0,0,0
-0.04909765304754102,0.03228115171136525,0.759,0.014172073526194318,-0.0706871337890625,-0.07398190307617188,0,0,1,0,0.04909765304754102,-0.03228115171136525,0.241,-0.014172073526194318,0.048704557623665504,0.010139470067265413,0.13976969696969693,-0.004176096901136709,0,0,0,0,0,0,0,0
-0.052030364972613215,0.026769127296281177,0.767,0.012688543661998787,-0.04515797424316406,-0.08204864501953125,0,0,1,0,0.052030364972613215,-0.026769127296281177,0.23299999999999998,-0.012688543661998787,0.04168360224051686,0.01646141593691357,0.14264999999999997,-0.00573449742358224,0,0,0,0,0,0,0,0
-0.05401174079055192,0.020240582834464595,0.778,0.010471975511966216,-0.030960777282714843,-0.09754318237304688,0,0,1,0,0.05401174079055192,-0.020240582834464595,0.22199999999999998,-0.010471975511966216,0.03734007615273913,0.024722349217231557,0.1183692307692307,-0.00024166097335434622,0,0,0,0,0,0,0,0
-0.05574178927272497,0.012954585158370578,0.784,0.00855211333477235,-0.027093765258789062,-0.10901222229003907,0,0,1,0,0.05574178927272497,-0.012954585158370578,0.21599999999999997,-0.00855211333477235,0.03688803151811479,0.03243552180565027,0.14049230769230764,0.0003087890215070256,0,0,0,0,0,0,0,0
-0.05601603975039175,0.005532558660662678,0.792,0.0066147978650585885,-0.0050657052993774414,-0.11129114532470703,0,0,1,0,0.05601603975039175,-0.005532558660662678,0.20799999999999996,-0.0066147978650585885,0.029222654850829127,0.036875401776988004,0.12332307692307688,0.002326658149004928,0,0,0,0,0,0,0,0
-0.05650151303952659,-0.003814230726344868,0.8,0.004904375198104163,-0.00820934009552002,-0.14015060424804687,0,0,1,0,0.05650151303952659,0.003814230726344868,0.19999999999999996,-0.004904375198104163,0.030562568663330812,0.05041310566367117,0.11820895522388054,0.0027542337584081887,0,0,0,0,0,0,0,0
-0.05624320048451378,-0.014027892815219179,0.807,0.0030368728984702135,0.003123270273208618,-0.1532220916748047,0,0,1,0,0.05624320048451378,0.014027892815219179,0.19299999999999995,-0.0030368728984702135,0.02652070675342776,0.06255836738486771,0.11611874999999995,0.0057170441310639255,0,0,0,0,0,0,0,0
-0.05628609911071439,-0.023742877054763505,0.813,0.001797689129554361,-0.0010860233306884766,-0.14572213745117188,0,0,1,0,0.05628609911071439,0.023742877054763505,0.18700000000000006,-0.001797689129554361,0.028222381418794934,0.06388678142374046,0.1172923076923083,0.003921620573134188,0,0,0,0,0,0,0,0
-0.05709160401647832,-0.03372055684061917,0.822,0.00010471975511961145,-0.012351605415344238,-0.1496432342529297,0,0,1,0,0.05709160401647832,0.03372055684061917,0.17800000000000005,-0.00010471975511961145,0.03276858491962862,0.07031205415875266,0.09393846153846155,0.007708985049963848,0,0,0,0,0,0,0,0
-0.05763905182489496,-0.042516352946289,0.828,-0.0017104226669544228,-0.008225533485412597,-0.1319360809326172,0,0,1,0,0.05763905182489496,0.042516352946289,0.17200000000000004,0.0017104226669544228,0.03169023599103768,0.06837359879384818,0.1052923076923077,0.010088003076526887,0,0,0,0,0,0,0,0
-0.05865037719589254,-0.05076906230846379,0.836,-0.003333578871308915,-0.014958124160766601,-0.12381640625,0,0,1,0,0.05865037719589254,0.05076906230846379,0.16400000000000003,0.003333578871308915,0.03457044152060669,0.06828315802602072,0.0894089552238806,0.010601442472896194,0,0,0,0,0,0,0,0
-0.06116111380919779,-0.05736551439401127,0.844,-0.0034557519189486437,-0.03733099365234375,-0.09907177734375,0,0,1,0,0.06116111380919779,0.05736551439401127,0.15600000000000003,0.0034557519189486437,0.04452983508672063,0.06515331206381365,0.08035555555555554,0.004037528336280685,0,0,0,0,0,0,0,0
-0.06356922723536909,-0.06398761897042653,0.851,-0.0027576202181511774,-0.035778221130371095,-0.09945580291748046,0,0,1,0,0.06356922723536909,0.06398761897042653,0.14900000000000002,0.0027576202181511774,0.04459760922131747,0.06697686138828823,0.08207878787878788,-0.0004157056945645783,0,0,0,0,0,0,0,0
-0.06539342857212921,-0.07026934946745894,0.853,-0.0027401669256310575,-0.027103076934814452,-0.09430105590820312,0,0,1,0,0.06539342857212921,0.07026934946745894,0.14700000000000002,0.0027401669256310575,0.04245636604810187,0.0683590903501197,0.1069939393939394,0.002660833777812331,0,0,0,0,0,0,0,0
-0.06704131422304942,-0.07550461296390006,0.859,-0.001047197551196308,-0.024503009796142578,-0.07859638977050781,0,0,1,0,0.06704131422304942,0.07550461296390006,0.14100000000000001,0.001047197551196308,0.042661295000467336,0.066343185115567,0.07998749999999999,-0.006888596391466581,0,0,0,0,0,0,0,0
-0.06910755348584997,-0.0804665307003166,0.863,0.0004886921905584733,-0.03091563034057617,-0.074461181640625,0,0,1,0,0.06910755348584997,0.0804665307003166,0.137,-0.0004886921905584733,0.04552262923296749,0.06616817510043277,0.08870447761194031,-0.007365810437221672,0,0,0,0,0,0,0,0
-0.07061902934596982,-0.0848424270347895,0.868,0.002443460952792134,-0.022704212188720704,-0.06562735748291015,0,0,1,0,0.07061902934596982,0.0848424270347895,0.132,-0.002443460952792134,0.04392615806955806,0.0667996434009666,0.07782222222222221,-0.01175188363009528,0,0,0,0,0,0,0,0
-0.06951123394543293,-0.08707843891420876,0.874,0.00317649923862984,0.016534927368164063,-0.03358068084716797,0,0,1,0,0.06951123394543293,0.08707843891420876,0.126,-0.00317649923862984,0.029055302402840114,0.05570377910055806,0.06849230769230767,-0.006559752865573098,0,0,0,0,0,0,0,0
-0.07038301679995765,-0.08789232864255742,0.878,0.0026878070480713693,-0.013115456581115723,-0.012166746139526367,0,0,1,0,0.07038301679995765,0.08789232864255742,0.122,-0.0026878070480713693,0.04005749214665749,0.048381210618849514,0.0767044776119403,-0.0004996330604961274,0,0,0,0,0,0,0,0
-0.07069397684565655,-0.08863789179039175,0.882,0.0013613568165558058,-0.004694442749023437,-0.011170869827270507,0,0,1,0,0.07069397684565655,0.08863789179039175,0.118,-0.0013613568165558058,0.03740468952604208,0.048636356148201235,0.07252499999999998,0.004856378643673398,0,0,0,0,0,0,0,0
-0.07087549732960846,-0.08873980996346457,0.887,-0.0012740903539556455,-0.002724885940551758,-0.001525064468383789,0,0,1,0,0.07087549732960846,0.08873980996346457,0.11299999999999999,0.0012740903539556455,0.036804273473357414,0.04520906020482921,0.06388484848484846,0.01325339567446224,0,0,0,0,0,0,0,0
-0.07047736249420031,-0.08800597100062704,0.89,-0.003071779483509782,0.005957993030548095,0.01101518440246582,0,0,1,0,0.07047736249420031,0.08800597100062704,0.10999999999999999,0.003071779483509782,0.03351040305949358,0.04034480755659841,0.07159374999999998,0.011498447278294795,0,0,0,0,0,0,0,0
-0.0708442237732562,-0.08703154497576299,0.894,-0.0030892327760296797,-0.005547791481018066,0.014599417686462402,0,0,1,0,0.0708442237732562,0.08703154497576299,0.10599999999999998,0.0030892327760296797,0.03789258921283656,0.038680437511765774,0.06326153846153842,0.0031697864338138234,0,0,0,0,0,0,0,0
-0.07107159925059817,-0.08550082821254477,0.9,-0.0036477381366679636,-0.003481546878814697,0.022950105667114258,0,0,1,0,0.07107159925059817,0.08550082821254477,0.09999999999999998,0.0036477381366679636,0.03730139609717614,0.034975243000433975,0.04769230769230766,0.006225455185767736,1425654277372,0,0,0,0,0,0,0
-0.07012478217265211,-0.0824578052998967,0.904,-0.004468042885105381,0.014035659790039063,0.04569684600830078,0,0,1,0,0.07012478217265211,0.0824578052998967,0.09599999999999997,0.004468042885105381,0.030628940765282744,0.02561323200973305,0.055587878787878756,0.008196700832548184,1425654277372,0,0,0,0,0,0,0
-0.06969074986018707,-0.0778308796176299,0.907,-0.004276056667385838,0.0062003211975097654,0.06943228149414063,0,0,1,0,0.06969074986018707,0.0778308796176299,0.09299999999999997,0.004276056667385838,0.033177233654236055,0.01495165316480555,0.05849090909090906,0.003403392041387916,1425654277372,0,0,0,0,0,0,0
-0.06803711385725664,-0.07236080000151099,0.913,-0.004014257279586705,0.024453458786010743,0.08215650939941406,0,0,1,0,0.06803711385725664,0.07236080000151099,0.08699999999999997,0.004014257279586705,0.025508098857050486,0.006409596563016453,0.03626666666666662,0.002767593528162261,1425654277372,0,0,0,0,0,0,0
-0.06543580701260988,-0.06391644250071411,0.916,-0.0029496064358702744,0.038510822296142576,0.12682097625732422,0,0,1,0,0.06543580701260988,0.06391644250071411,0.08399999999999996,0.0029496064358702744,0.01964269072566041,-0.012161749851017978,0.05129090909090905,-0.0018897155810225904,1425654277372,0,0,0,0,0,0,0
-0.06120644808375262,-0.05368196128497497,0.924,-0.0015358897417549998,0.06298729324340821,0.15370367431640625,0,0,1,0,0.06120644808375262,0.05368196128497497,0.07599999999999996,0.0015358897417549998,0.03060322404187631,0.026840980642487484,0.060799999999999965,0.0015358897417549998,1425654277372,0,0,0,0,0,0,0
-0.05576796124728909,-0.04298957730254343,0.931,0.00015707963267952776,0.08133087158203126,0.1605108642578125,0,0,1,0,0.05576796124728909,0.04298957730254343,0.06899999999999995,-0.00015707963267952776,-0.0009196730183297468,-0.035178874498178886,0.018078787878787812,-0.007852394971018289,1425654277764,0,0,0,0,0,0,0
-0.049767671151500936,-0.03023893878040704,0.936,0.0011868238913563846,0.09003439331054687,0.1912454376220703,0,0,1,0,0.049767671151500936,0.03023893878040704,0.06399999999999995,-0.0011868238913563846,-0.006866231111803504,-0.052449222255056514,0.024684848484848428,-0.005867479612614824,1425654277830,0,0,0,0,0,0,0
-0.0423050295829926,-0.016053142222282595,0.943,0.0006283185307181006,0.11219208526611328,0.21265394592285156,0,0,1,0,0.0423050295829926,0.016053142222282595,0.05700000000000005,-0.0006283185307181006,-0.020210299347529524,-0.07072496546711307,0.006711111111111737,0.00203123080565468,1425654277893,0,0,0,0,0,0,0
-0.03526523924883847,-0.0035821251402003342,0.946,0.0001745329251996476,0.10571437072753906,0.18699887084960937,0,0,1,0,0.03526523924883847,0.0035821251402003342,0.05400000000000005,-0.0001745329251996476,-0.020154715621801544,-0.06529979519032532,0.02704615384615388,0.0019198621771932124,1425654277958,0,0,0,0,0,0,0
-0.02795419720775646,0.009892276286024263,0.951,-0.002146754979952755,0.10970090484619141,0.2020968780517578,0,0,1,0,0.02795419720775646,-0.009892276286024263,0.049000000000000044,0.002146754979952755,-0.02525265252838453,-0.07744626465917458,0.012276923076923098,0.012860391465271535,1425654278023,0,0,0,0,0,0,0
-0.022184928442950228,0.021995702670146108,0.957,-0.0038048177693474866,0.08614908599853516,0.18173675537109374,0,0,1,0,0.022184928442950228,-0.021995702670146108,0.04300000000000004,0.0038048177693474866,-0.019350102492128925,-0.07514286268235996,0.002581818181818192,0.011341466812050812,1425654278089,0,0,0,0,0,0,0
-0.01884038963624301,0.03023456132861109,0.96,-0.00551524043630169,0.049697509765625,0.12377286529541015,0,0,1,0,0.01884038963624301,-0.03023456132861109,0.040000000000000036,0.00551524043630169,-0.008151520793858145,-0.05878832706479811,0.016090909090909107,0.013289888922457162,1425654278155,0,0,0,0,0,0,0
-0.016097353923181207,0.037218024934122435,0.962,-0.008796459430051137,0.04056718063354492,0.10497728729248047,0,0,1,0,0.016097353923181207,-0.037218024934122435,0.038000000000000034,0.008796459430051137,-0.006777522258055748,-0.056803777867928396,0.019462500000000018,0.024177173463251666,1425654278219,0,0,0,0,0,0,0
-0.01426597369333529,0.04163480679772872,0.963,-0.011117747335203761,0.02688686752319336,0.06649080657958985,0,0,1,0,0.01426597369333529,-0.04163480679772872,0.03700000000000003,0.011117747335203761,-0.0023946851297778748,-0.04427115924415666,0.024296969696969723,0.021669055994988418,1425654278285,0,0,0,0,0,0,0
-0.013135604171721401,0.04407344397042962,0.963,-0.012112585008840378,0.016547821044921876,0.036765800476074216,0,0,1,0,0.013135604171721401,-0.04407344397042962,0.03700000000000003,0.012112585008840378,0.0006739279909878226,-0.035227920742129354,0.02960000000000003,0.01670414350254784,1425654278350,0,0,0,0,0,0,0
-0.013591834883885845,0.0420123024029426,0.965,-0.014416419621473107,-0.006468481540679931,-0.030997745513916014,0,0,1,0,0.013591834883885845,-0.0420123024029426,0.03500000000000003,0.014416419621473107,0.009492358944927509,-0.009821246647108813,0.017062500000000015,0.025215644368189023,1425654278414,0,0,0,0,0,0,0
-0.014933954857654683,0.038814105026177374,0.963,-0.016824973989225445,-0.019438133239746094,-0.04825819396972656,0,0,1,0,0.014933954857654683,-0.038814105026177374,0.03700000000000003,0.016824973989225445,0.014689487464254462,-0.002813020134380527,0.04004776119402989,0.02760954578513143,1425654278481,0,0,0,0,0,0,0
-0.01868823742554504,0.03215636389114786,0.964,-0.018692476288859172,-0.05462610244750977,-0.10079942321777344,0,0,1,0,0.01868823742554504,-0.03215636389114786,0.03600000000000003,0.018692476288859172,0.03009874752346517,0.020197790970528685,0.023331250000000022,0.02744639331839227,1425654278545,0,0,0,0,0,0,0
-0.02301203828026367,0.023970897303491695,0.967,-0.02096140431645166,-0.06255071640014648,-0.12397281646728515,0,0,1,0,0.02301203828026367,-0.023970897303491695,0.03300000000000003,0.02096140431645166,0.03433185261364306,0.030624842015741748,0.010728358208955235,0.03112078354447772,1425654278612,0,0,0,0,0,0,0
-0.028492623944828325,0.014274475102963726,0.971,-0.023073252711364844,-0.07914218902587891,-0.14713746643066405,0,0,1,0,0.028492623944828325,-0.014274475102963726,0.029000000000000026,0.023073252711364844,0.044950774545159757,0.04657317233707525,0.0009777777777777823,0.033129673639522864,1425654278675,0,0,0,0,0,0,0
-0.03488093199696139,0.003178501301671157,0.963,-0.02305579941884495,-0.09195915222167969,-0.16860609436035157,0,0,1,0,0.03488093199696139,-0.003178501301671157,0.03700000000000003,0.02305579941884495,0.05211848485973205,0.05799763222444928,0.07267692307692314,0.022975245761060824,1425654278740,0,0,0,0,0,0,0
-0.04201679214212934,-0.007593489694465957,0.959,-0.02356194490192332,-0.10328443145751953,-0.16400454711914061,0,0,1,0,0.04201679214212934,0.007593489694465957,0.041000000000000036,0.02356194490192332,0.059739006348165466,0.06164404069382833,0.054338461538461585,0.025898000977669634,1425654278805,0,0,0,0,0,0,0
-0.04807172038553548,-0.019239917687216775,0.958,-0.023945917337362177,-0.08668290710449218,-0.1767877197265625,0,0,1,0,0.04807172038553548,0.019239917687216775,0.04200000000000004,0.023945917337362177,0.05697731454017091,0.07218826754154346,0.03898461538461542,0.025718097808618445,1425654278870,0,0,0,0,0,0,0
-0.05273383441227741,-0.029163835446870207,0.961,-0.02431243648028092,-0.06634744262695312,-0.15049050903320313,0,0,1,0,0.05273383441227741,0.029163835446870207,0.039000000000000035,0.02431243648028092,0.0510945704557795,0.06629959227656362,0.015528358208955241,0.025953566970961853,1425654278937,0,0,0,0,0,0,0
-0.05995696092648225,-0.04048970924312197,0.961,-0.024836035255878963,-0.10418489074707031,-0.17247181701660155,0,0,1,0,0.05995696092648225,0.04048970924312197,0.039000000000000035,0.024836035255878963,0.06989165228706432,0.08208545348083157,0.03120000000000003,0.027290404516494796,1425654279001,0,0,0,0,0,0,0
-0.06594061745002891,-0.05246711739734155,0.954,-0.02450442269800024,-0.08526555633544922,-0.1818346405029297,0,0,1,0,0.06594061745002891,0.05246711739734155,0.04600000000000004,0.02450442269800024,0.06614733103259374,0.09167081503321213,0.07508125000000007,0.02294998883294372,1425654279065,0,0,0,0,0,0,0
-0.07136826189914865,-0.06397919728615448,0.95,-0.023544491609403417,-0.07715919494628906,-0.17462417602539063,0,0,1,0,0.07136826189914865,0.06397919728615448,0.050000000000000044,0.023544491609403417,0.06496809768461742,0.09301653890571981,0.06121212121212126,0.019181168479417865,1425654279131,0,0,0,0,0,0,0
-0.07359791079943334,-0.07429077832382693,0.946,-0.022200588085367734,-0.02979408645629883,-0.155418212890625,0,0,1,0,0.07359791079943334,0.07429077832382693,0.05400000000000005,0.022200588085367734,0.049353599559786965,0.09269560782434519,0.0647384615384616,0.015997956435972273,1425654279196,0,0,0,0,0,0,0
-0.07506582965763038,-0.08421652511129062,0.946,-0.019757127132575603,-0.018708267211914063,-0.14933830261230469,0,0,1,0,0.07506582965763038,0.08421652511129062,0.05400000000000005,0.019757127132575603,0.04591571885310432,0.09482670222361678,0.043200000000000044,0.008650486438065916,1425654279262,0,0,0,0,0,0,0
-0.07602941398891315,-0.09228030330921355,0.945,-0.0174358392274232,-0.0120613431930542,-0.12121861267089844,0,0,1,0,0.07602941398891315,0.09228030330921355,0.05500000000000005,0.0174358392274232,0.043624418067393284,0.08778954665930623,0.04914705882352945,0.00719486317528025,1425654279330,0,0,0,0,0,0,0
-0.07595759156636511,-0.09922001474710375,0.946,-0.01466076571675212,0.002892076015472412,-0.10406106567382813,0,0,1,0,0.07595759156636511,0.09922001474710375,0.05400000000000005,0.01466076571675212,0.0382777214456622,0.08837112269566198,0.03764444444444448,0.001446129951651741,1425654279393,0,0,0,0,0,0,0
-0.07410430797724034,-0.10391036844271424,0.95,-0.013316862192716435,0.028827692031860353,-0.06994020080566406,0,0,1,0,0.07410430797724034,0.10391036844271424,0.050000000000000044,0.013316862192716435,0.027500758884143613,0.07828533117403222,0.017777777777777795,0.006917321602070315,0,0,0,0,0,0,0,0
-0.07116961658233838,-0.10714549155149335,0.951,-0.012252211349000229,0.04466267395019531,-0.04793634796142578,0,0,1,0,0.07116961658233838,0.10714549155149335,0.049000000000000044,0.012252211349000229,0.020813647676011682,0.07107204410156553,0.03389696969696973,0.0074128893321083805,0,0,0,0,0,0,0,0
-0.06855707388892905,-0.10961215695637473,0.954,-0.012199851471440313,0.039638519287109375,-0.03651707458496094,0,0,1,0,0.06855707388892905,0.10961215695637473,0.04600000000000004,0.012199851471440313,0.021260988324171025,0.06830256633723075,0.020890909090909113,0.011961852027986152,0,0,0,0,0,0,0,0
-0.0657615596476206,-0.1110436749580718,0.953,-0.011082840750163967,0.042191551208496096,-0.020959611892700195,0,0,1,0,0.0657615596476206,0.1110436749580718,0.04700000000000004,0.011082840750163967,0.018471743165645697,0.06383720597231078,0.043068750000000044,0.005846852994181096,0,0,0,0,0,0,0,0
-0.06206824661310558,-0.11154956799647593,0.953,-0.010821041362364612,0.05548039245605469,-0.006973956108093262,0,0,1,0,0.06206824661310558,0.11154956799647593,0.04700000000000004,0.010821041362364612,0.012368269257698558,0.05901792724735889,0.037600000000000036,0.009631044145094816,0,0,0,0,0,0,0,0
-0.056016413118731886,-0.11267475000174883,0.955,-0.010000736613927417,0.09095481872558593,-0.015894454002380373,0,0,1,0,0.056016413118731886,0.11267475000174883,0.04500000000000004,0.010000736613927417,-0.004132010466838521,0.0631232030685834,0.025062500000000022,0.0061555581056280655,0,0,0,0,0,0,0,0
-0.04987615511172441,-0.1128135580802679,0.956,-0.008552113334772125,0.09212008666992187,-0.0011609258651733398,0,0,1,0,0.04987615511172441,0.1128135580802679,0.04400000000000004,0.008552113334772125,-0.007136683277203744,0.05786002494436166,0.02981538461538464,0.0018661597386707774,0,0,0,0,0,0,0,0
-0.044762043578179055,-0.11199925069554108,0.958,-0.0070511301780569165,0.07660440826416015,0.012870203018188477,0,0,1,0,0.044762043578179055,0.11199925069554108,0.04200000000000004,0.0070511301780569165,-0.0025410709638799198,0.052652177914739445,0.023455072463768142,0.0005251164532081845,0,0,0,0,0,0,0,0
-0.04005700607038995,-0.11034129553432435,0.964,-0.004450589592585483,0.07039845275878906,0.025366342544555665,0,0,1,0,0.04005700607038995,0.11034129553432435,0.03600000000000003,0.004450589592585483,-0.00506630560943247,0.04681239804869418,-0.004533333333333334,-0.007932937004897535,0,0,0,0,0,0,0,0
-0.03668688840251529,-0.10755126096325678,0.968,-0.0022863813201126045,0.05036500549316406,0.04207508850097656,0,0,1,0,0.03668688840251529,0.10755126096325678,0.03200000000000003,0.0022863813201126045,0.0009808814345133067,0.03943907401641062,0.003725000000000006,-0.007858344957104014,0,0,0,0,0,0,0,0
-0.03352307624184028,-0.10228118848448527,0.974,-0.0010995574287562234,0.047276317596435545,0.07915938568115234,0,0,1,0,0.03352307624184028,0.10228118848448527,0.026000000000000023,0.0010995574287562234,0.0008151847155186305,0.023751208762834406,-0.011507692307692309,-0.00437809130058092,0,0,0,0,0,0,0,0
-0.03151192257828569,-0.09663346155303193,0.98,0.0001570796326795269,0.03007413673400879,0.0847490234375,0,0,1,0,0.03151192257828569,0.09663346155303193,0.020000000000000018,-0.0001570796326795269,0.006036713310219453,0.01895663307113813,-0.016307692307692315,-0.00595694299315222,1425654280173,0,0,0,0,0,0,0
-0.030509582784467543,-0.08959870268037365,0.986,-0.0005235987755982636,0.015051671981811524,0.1055190200805664,0,0,1,0,0.030509582784467543,0.08959870268037365,0.014000000000000012,0.0005235987755982636,0.01114917039083509,0.009161381709256941,-0.02014328358208957,0.00357141254400628,1425654280173,0,0,0,0,0,0,0
-0.03008085122888919,-0.0808226838952536,0.994,-0.0013962634015953742,0.0063620457649230956,0.13164363098144533,0,0,1,0,0.03008085122888919,0.0808226838952536,0.006000000000000005,0.0013962634015953742,0.013845534063805835,-0.006420013517177213,-0.03895000000000003,0.0054868788359568295,1425654280173,0,0,0,0,0,0,0
-0.03223942323926119,-0.07161763360383673,1.003,-0.001675516081914405,-0.03257133865356445,0.13803041076660155,0,0,1,0,0.03223942323926119,0.07161763360383673,-0.0029999999999998916,0.001675516081914405,0.029094769676155947,-0.013322969427439928,-0.05161874999999935,0.0029845130209098627,1425654280173,0,0,0,0,0,0,0
-0.03414392706475656,-0.06138080699352636,1.004,-0.002775073510670853,-0.028824796676635744,0.15350431823730468,0,0,1,0,0.03414392706475656,0.06138080699352636,-0.0040000000000000036,0.002775073510670853,0.028364507397883574,-0.022346954340136248,-0.008503030303030899,0.007773061823200162,1425654280173,0,0,0,0,0,0,0
-0.03634576862733667,-0.04983976968119842,1.006,-0.0035779249665883724,-0.03350790405273438,0.1730232391357422,0,0,1,0,0.03634576862733667,0.04983976968119842,-0.006000000000000005,0.0035779249665883724,0.031245481382296762,-0.035942922491045776,-0.015569230769230783,0.00728339322466923,1425654280499,0,0,0,0,0,0,0
-0.038701184595022003,-0.037465575940845625,1.005,-0.004572762640225212,-0.03599512100219727,0.18548530578613281,0,0,1,0,0.038701184595022003,0.037465575940845625,-0.004999999999999893,0.004572762640225212,0.03308350444849448,-0.045581969395378785,0.0013030303030309807,0.009094752065847207,1425654280565,0,0,0,0,0,0,0
-0.04121154469151164,-0.024182350360491427,1.008,-0.005044001538263562,-0.03856612014770508,0.19907411193847657,0,0,1,0,0.04121154469151164,0.024182350360491427,-0.008000000000000007,0.005044001538263562,0.035602749410142805,-0.05811220009445463,-0.02255384615384677,0.007218950298440566,1425654280629,0,0,0,0,0,0,0
-0.044542597063249,-0.0120363423725815,1.009,-0.00671951762017797,-0.05088411331176758,0.18193577575683595,0,0,1,0,0.044542597063249,0.0120363423725815,-0.008999999999999897,0.00671951762017797,0.041505132354241414,-0.0590759211958817,-0.012668749999999316,0.014573499254151755,1425654280694,0,0,0,0,0,0,0
-0.048384310053985406,0.0005338505230082901,1.007,-0.0075921822461750815,-0.0588913688659668,0.18816142272949218,0,0,1,0,0.048384310053985406,-0.0005338505230082901,-0.006999999999999895,0.0075921822461750815,0.04620714967652421,-0.06662353751580993,0.005169230769230861,0.011619865135392518,1425654280759,0,0,0,0,0,0,0
-0.051903051273874554,0.014078955852210629,1.005,-0.009040805525330596,-0.05432213592529297,0.20277000427246095,0,0,1,0,0.051903051273874554,-0.014078955852210629,-0.004999999999999893,0.009040805525330596,0.046261178503696175,-0.078654769990398,0.006769230769230862,0.015625456794219297,1425654280824,0,0,0,0,0,0,0
-0.055150880115450156,0.025626834404274414,1.004,-0.00937241808320932,-0.05028145217895508,0.17277066040039063,0,0,1,0,0.055150880115450156,-0.025626834404274414,-0.0040000000000000036,0.00937241808320932,0.04594124597499817,-0.07183543540843282,0.0020238805970143464,0.010879747891748975,1425654280891,0,0,0,0,0,0,0
-0.05660238491800203,0.03680855943003208,1.002,-0.009215338450529796,-0.023343589782714842,0.1675144500732422,0,0,1,0,0.05660238491800203,-0.03680855943003208,-0.0020000000000000018,0.009215338450529796,0.03767487072364493,-0.07827517542914827,0.009337500000000009,0.008479027672344526,1425654280955,0,0,0,0,0,0,0
-0.059175391031013755,0.04645427198630929,1,-0.008779006137531463,-0.039926761627197264,0.14432388305664062,0,0,1,0,0.059175391031013755,-0.04645427198630929,0,0.008779006137531463,0.044916569196197784,-0.07391662047557383,0.010769230769230777,0.006765164692923771,1425654281020,0,0,0,0,0,0,0
-0.06131813383225218,0.05509621966792346,0.997,-0.008691739674931531,-0.033277904510498044,0.12934205627441406,0,0,1,0,0.06131813383225218,-0.05509621966792346,0.0030000000000000027,0.008691739674931531,0.043710994935797866,-0.07286851907251794,0.018553846153846167,0.008288971386008771,1425654281085,0,0,0,0,0,0,0
-0.06289524230989241,0.0632357388138194,0.991,-0.00802851455917386,-0.0247169189453125,0.12188256072998047,0,0,1,0,0.06289524230989241,-0.0632357388138194,0.009000000000000008,0.00802851455917386,0.04149470780120604,-0.07427399745259672,0.039507692307692334,0.004967475563369227,1425654281150,0,0,0,0,0,0,0
-0.06364779913645906,0.07102664173564796,0.987,-0.008237954069413078,-0.012226219177246095,0.11676914978027343,0,0,1,0,0.06364779913645906,-0.07102664173564796,0.013000000000000012,0.008237954069413078,0.03735277467245452,-0.07508760335367823,0.03129552238805973,0.009175742921230471,1425654281217,0,0,0,0,0,0,0
-0.06442712984190607,0.07816523350325232,0.98,-0.008656833089891736,-0.012571664810180664,0.10697894287109375,0,0,1,0,0.06442712984190607,-0.07816523350325232,0.020000000000000018,0.008656833089891736,0.03811437117923756,-0.07704735210944169,0.054281250000000045,0.010620328498385442,1425654281280,0,0,0,0,0,0,0
-0.061699644515052714,0.08559063314699147,0.977,-0.010437068926925974,0.03994655227661133,0.11173098754882813,0,0,1,0,0.061699644515052714,-0.08559063314699147,0.02300000000000002,0.010437068926925974,0.017842309037044993,-0.08175943327236597,0.034553846153846185,0.018653542020930152,1425654281346,0,0,0,0,0,0,0
-0.058001934079403475,0.09442376497789987,0.977,-0.012705996954518461,0.05407978057861328,0.1330686492919922,0,0,1,0,0.058001934079403475,-0.09442376497789987,0.02300000000000002,0.012705996954518461,0.010806866029009557,-0.09381747102750554,0.018400000000000017,0.023177972466483787,1425654281411,0,0,0,0,0,0,0
-0.052038911707859056,0.10217460918731856,0.977,-0.013770647798235336,0.08796092224121094,0.11738973999023437,0,0,1,0,0.052038911707859056,-0.10217460918731856,0.02300000000000002,0.013770647798235336,-0.0016221297345967584,-0.08841080650153134,0.018400000000000017,0.01826917248999678,0,0,0,0,0,0,0,0
-0.04296367029269514,0.10920665303224698,0.973,-0.013840460968314927,0.13466322326660157,0.10734517669677734,0,0,1,0,0.04296367029269514,-0.10920665303224698,0.027000000000000024,0.013840460968314927,-0.030575399058475197,-0.09549838773576706,0.04532881355932208,0.014195443189058611,0,0,0,0,0,0,0,0
-0.033804000336633805,0.11479319529236642,0.969,-0.014625859131712327,0.1362221221923828,0.08569165802001953,0,0,1,0,0.033804000336633805,-0.11479319529236642,0.031000000000000028,0.014625859131712327,-0.0298707528524676,-0.08627751093497138,0.046012121212121254,0.018195850783518687,0,0,0,0,0,0,0,0
-0.023143585509657998,0.1197796235014354,0.969,-0.015899949485668197,0.15879519653320312,0.07712710571289062,0,0,1,0,0.023143585509657998,-0.1197796235014354,0.031000000000000028,0.015899949485668197,-0.044911284613503744,-0.08649131037231994,0.024800000000000023,0.021872248019836338,0,0,0,0,0,0,0,0
-0.010369358064072454,0.12399810215811798,0.969,-0.017575465567582826,0.1905831298828125,0.06631569671630859,0,0,1,0,0.010369358064072454,-0.12399810215811798,0.031000000000000028,0.017575465567582826,-0.0607345262166918,-0.08378357932881395,0.024800000000000023,0.02519144775810387,0,0,0,0,0,0,0,0
0.0031118443453210303,0.1275688164037643,0.969,-0.020228366030613953,0.20124549865722657,0.0571063346862793,0,0,1,0,-0.0031118443453210303,-0.1275688164037643,0.031000000000000028,0.020228366030613953,-0.07232612477520564,-0.08250805889439779,0.024800000000000023,0.03247252201383454,0,0,0,0,0,0,0,0
0.015728121393125898,0.12858761092441937,0.969,-0.02225294796292743,0.18889633178710938,0.019106630325317384,0,0,1,0,-0.015728121393125898,-0.12858761092441937,0.031000000000000028,0.02225294796292743,-0.0719596361202999,-0.06919874792166728,0.024800000000000023,0.03131824019716688,0,0,0,0,0,0,0,0
0.028654456845033097,0.12896316152463086,0.971,-0.024452062820440327,0.1937216796875,0.009946244239807129,0,0,1,0,-0.028654456845033097,-0.12896316152463086,0.029000000000000026,0.024452062820440327,-0.08108453951977743,-0.06614113419282694,0.012593939393939409,0.03444803944549894,0,0,0,0,0,0,0,0
0.04018391842239198,0.1270115370514666,0.974,-0.026529004630313716,0.17360597229003907,-0.025037250518798827,0,0,1,0,-0.04018391842239198,-0.1270115370514666,0.026000000000000023,0.026529004630313716,-0.08341110592404787,-0.05223527796682079,0.003864516129032266,0.036578723065184955,0,0,0,0,0,0,0,0
0.049899664060706284,0.12301042170963264,0.971,-0.026511551337793596,0.1472769012451172,-0.05612982940673828,0,0,1,0,-0.049899664060706284,-0.12301042170963264,0.029000000000000026,0.026511551337793596,-0.07553129676715359,-0.0397874447739085,0.039353846153846184,0.02643099768000843,0,0,0,0,0,0,0,0
0.057245061180680776,0.11701653815965236,0.974,-0.026354471705114072,0.11252556610107421,-0.0869559326171875,0,0,1,0,-0.057245061180680776,-0.11701653815965236,0.026000000000000023,0.026354471705114072,-0.06647778951815546,-0.026136273397165004,0.004646153846153855,0.02562948878505473,0,0,0,0,0,0,0,0
0.0631611386851204,0.11042780908842227,0.984,-0.025778513051956112,0.09131468200683594,-0.09645816040039062,0,0,1,0,-0.0631611386851204,-0.11042780908842227,0.016000000000000014,0.025778513051956112,-0.06129851456470246,-0.02024931886917529,-0.040230303030303054,0.023160519173965388,0,0,0,0,0,0,0,0
0.06731441224206285,0.10223148924903286,0.982,-0.026371924997634195,0.0654473876953125,-0.12129814910888671,0,0,1,0,-0.06731441224206285,-0.10223148924903286,0.018000000000000016,0.026371924997634195,-0.054409548121240395,-0.007023809436277818,0.02516923076923079,0.02911074936230227,0,0,0,0,0,0,0,0
0.06903249259950647,0.09402702814391545,0.973,-0.02553416695667688,0.02900737953186035,-0.12234456634521484,0,0,1,0,-0.06903249259950647,-0.09402702814391545,0.027000000000000024,0.02553416695667688,-0.042200880653619766,-0.002938858867323431,0.07006153846153852,0.021667591383027734,1425654282323,0,0,0,0,0,0,0
0.06970914183388771,0.08619778499548028,0.964,-0.026267205242514587,0.01314480209350586,-0.11714122772216796,0,0,1,0,-0.06970914183388771,-0.08619778499548028,0.03600000000000003,0.026267205242514587,-0.036976810165743404,-0.0011006702354880715,0.07726153846153852,0.029650458869457844,1425654282323,0,0,0,0,0,0,0
0.068189015793807,0.07852655272991843,0.962,-0.027488935718910545,-0.0197718448638916,-0.11562766265869141,0,0,1,0,-0.068189015793807,-0.07852655272991843,0.038000000000000034,0.027488935718910545,-0.02443228006655851,0.0018330758071620906,0.041169230769230805,0.03312769176381497,1425654282323,0,0,0,0,0,0,0
0.06461415788082184,0.07095511288722789,0.955,-0.028763026072866415,-0.05048104095458984,-0.1150025405883789,0,0,1,0,-0.06461415788082184,-0.07095511288722789,0.04500000000000004,0.028763026072866415,-0.012198805769090701,0.0038169182124675044,0.07256716417910454,0.03446790825475837,1425654282323,0,0,0,0,0,0,0
0.060349358992053306,0.06429215481517843,0.954,-0.02977531703902293,-0.06107121658325195,-0.10174280548095703,0,0,1,0,-0.060349358992053306,-0.06429215481517843,0.04600000000000004,0.02977531703902293,-0.005085730149774707,0.004572029238869929,0.04235555555555559,0.03459575021119681,1425654282323,0,0,0,0,0,0,0
0.057296529654068805,0.05985346770493166,0.954,-0.030700341542580178,-0.04378998565673828,-0.06791407775878906,0,0,1,0,-0.057296529654068805,-0.05985346770493166,0.04600000000000004,0.030700341542580178,-0.010851573564966226,-0.006363342792294259,0.036800000000000034,0.03496968540515209,1425654282648,0,0,0,0,0,0,0
0.052428846296601266,0.05620672744444834,0.954,-0.031363566658338074,-0.07130176544189454,-0.056916568756103514,0,0,1,0,-0.052428846296601266,-0.05620672744444834,0.04600000000000004,0.031363566658338074,0.0013204802378141839,-0.008840836225925412,0.036800000000000034,0.03442460565414375,1425654282713,0,0,0,0,0,0,0
0.047890605430291604,0.054173538832254814,0.96,-0.031189033733138652,-0.06708377075195313,-0.03261751174926758,0,0,1,0,-0.047890605430291604,-0.054173538832254814,0.040000000000000036,0.031189033733138652,0.0014138190138196713,-0.01671422934351438,0.00018181818181818576,0.03039570225495946,1425654282779,0,0,0,0,0,0,0
0.04426640018759203,0.0532866055867074,0.963,-0.032323497746934673,-0.05392176818847656,-0.014992785453796387,0,0,1,0,-0.04426640018759203,-0.0532866055867074,0.03700000000000003,0.032323497746934673,-0.0016504527990078462,-0.02238455882476332,0.013690909090909108,0.037480152355098405,1425654282845,0,0,0,0,0,0,0
0.041485063848629496,0.05450162396819695,0.972,-0.03356268151585075,-0.042287254333496095,0.01686745262145996,0,0,1,0,-0.041485063848629496,-0.05450162396819695,0.028000000000000025,0.03356268151585075,-0.004295172193125479,-0.0343750147065217,-0.026818750000000013,0.03937135543264485,1425654282909,0,0,0,0,0,0,0
0.03957837136421861,0.05626002933533397,0.983,-0.03286454981505329,-0.029469366073608397,0.025401500701904296,0,0,1,0,-0.03957837136421861,-0.05626002933533397,0.017000000000000015,0.03286454981505329,-0.008311179310718737,-0.038114491227663444,-0.045630769230769266,0.0296424035036804,1425654282974,0,0,0,0,0,0,0
0.03829755694114604,0.059735231043284404,0.99,-0.03274237676741356,-0.020914697647094728,0.051468589782714846,0,0,1,0,-0.03829755694114604,-0.059735231043284404,0.010000000000000009,0.03274237676741356,-0.011065778149169765,-0.049135207970812084,-0.029692307692307712,0.03217850116292251,1425654283039,0,0,0,0,0,0,0
0.036498735510551085,0.06303977646656739,0.997,-0.03057816849494046,-0.028590549468994142,0.04865830612182617,0,0,1,0,-0.036498735510551085,-0.06303977646656739,0.0030000000000000027,0.03057816849494046,-0.007400823109910528,-0.0499095380812552,-0.03529230769230772,0.020589514929679996,1425654283104,0,0,0,0,0,0,0
0.03398739452142697,0.06686504343422724,1.001,-0.02928662484846491,-0.039406776428222656,0.05620047760009766,0,0,1,0,-0.03398739452142697,-0.06686504343422724,-0.0009999999999998899,0.02928662484846491,-0.0029282057960181244,-0.05376280776749971,-0.021388235294117004,0.023588638172837486,1425654283172,0,0,0,0,0,0,0
0.031654347867505754,0.07062475416702013,1.008,-0.028553586562627204,-0.03663209533691406,0.055346717834472654,0,0,1,0,-0.031654347867505754,-0.07062475416702013,-0.008000000000000007,0.028553586562627204,-0.0019491121600234453,-0.05655990694827497,-0.044681250000000644,0.025117469597762957,1425654283236,0,0,0,0,0,0,0
0.02953608259570255,0.07232494003714313,1.009,-0.027977627909469022,-0.0324891242980957,0.024585254669189455,0,0,1,0,-0.02953608259570255,-0.07232494003714313,-0.008999999999999897,0.027977627909469022,-0.002083468300440967,-0.04619326125223422,-0.012668749999999316,0.025277821722790045,1425654283300,0,0,0,0,0,0,0
0.026398581471214554,0.07278539959872117,1.008,-0.028239427297268156,-0.04723731231689453,0.005587664604187012,0,0,1,0,-0.026398581471214554,-0.07278539959872117,-0.008000000000000007,0.028239427297268156,0.004778096802839115,-0.03965230770479368,-0.0010153846153852153,0.029447732164033385,1425654283365,0,0,0,0,0,0,0
0.023084973661659344,0.07181609568094455,1.01,-0.02869321290278661,-0.049273765563964844,-0.015937191009521484,0,0,1,0,-0.023084973661659344,-0.07181609568094455,-0.010000000000000009,0.02869321290278661,0.007368162240483174,-0.03151560978080362,-0.018769230769230785,0.03078760800517947,1425654283430,0,0,0,0,0,0,0
0.019748569519398268,0.06911547067181248,1.011,-0.029653143991383652,-0.048863277435302735,-0.041928485870361326,0,0,1,0,-0.019748569519398268,-0.06911547067181248,-0.010999999999999899,0.029653143991383652,0.008873878935384548,-0.02110874601436011,-0.014103030303029637,0.034016467121370214,1425654283496,0,0,0,0,0,0,0
0.01662952305347454,0.06522831062544908,1.008,-0.03186971214141622,-0.04503638458251953,-0.05966890716552734,0,0,1,0,-0.01662952305347454,-0.06522831062544908,-0.008000000000000007,0.03186971214141622,0.009786992364546263,-0.012270501866977701,0.010006249999999401,0.04225987534469389,1425654283560,0,0,0,0,0,0,0
0.014556159757557726,0.05987294869763131,1.005,-0.03406882699892934,-0.02852498245239258,-0.08128063201904297,0,0,1,0,-0.014556159757557726,-0.05987294869763131,-0.004999999999999893,0.03406882699892934,0.004921191049232416,-0.002053080596561053,0.01215384615384685,0.044218587879759116,1425654283625,0,0,0,0,0,0,0
0.013777421915389845,0.054388806933156224,1.006,-0.03490658503988665,-0.008872257232666016,-0.08261227416992188,0,0,1,0,-0.013777421915389845,-0.054388806933156224,-0.006000000000000005,0.03490658503988665,-0.0017331266541056435,0.0008990994095149918,-0.010103030303030901,0.03871457613514717,1425654283691,0,0,0,0,0,0,0
0.014521206971097161,0.047405944477633466,1.002,-0.034976398209966245,0.014805455207824707,-0.10428976440429688,0,0,1,0,-0.014521206971097161,-0.047405944477633466,-0.0020000000000000018,0.034976398209966245,-0.010249124795431837,0.012877175416901459,0.019938461538461554,0.03529861284110282,1425654283756,0,0,0,0,0,0,0
0.016375207125177083,0.040100713105361535,0.997,-0.037245326237558954,0.031624872207641604,-0.10853895568847656,0,0,1,0,-0.016375207125177083,-0.040100713105361535,0.0030000000000000027,0.037245326237558954,-0.01686717523919783,0.017064551440911884,0.02851940298507465,0.04740470546558601,1425654283823,0,0,0,0,0,0,0
0.01830764213347494,0.03213307578895975,0.991,-0.03844960342143478,0.033416751861572266,-0.11835231018066407,0,0,1,0,-0.01830764213347494,-0.03213307578895975,0.009000000000000008,0.03844960342143478,-0.018895601172229257,0.027131121596837386,0.040533333333333366,0.04418425667798634,1425654283886,0,0,0,0,0,0,0
0.020148908658228305,0.025661515529472496,0.997,-0.04085815778918712,0.03133009910583496,-0.09593997955322266,0,0,1,0,-0.020148908658228305,-0.025661515529472496,0.0030000000000000027,0.04085815778918712,-0.019008093235498874,0.020932432919399738,-0.029907692307692326,0.05197456256342867,1425654283951,0,0,0,0,0,0,0
0.023514033612302553,0.018517870160682515,0.992,-0.04342379178961898,0.05481167221069336,-0.10500343322753906,0,0,1,0,-0.023514033612302553,-0.018517870160682515,0.008000000000000007,0.04342379178961898,-0.02891133137688104,0.028111138807512676,0.03332307692307695,0.05526517948391987,1425654284016,0,0,0,0,0,0,0
0.02962573366319505,0.01371230034617026,0.992,-0.046216318592809724,0.0947182388305664,-0.06803594970703125,0,0,1,0,-0.02962573366319505,-0.01371230034617026,0.008000000000000007,0.046216318592809724,-0.0467756886505374,0.017915373119586804,0.006400000000000006,0.059104903838305474,1425654284081,0,0,0,0,0,0,0
0.03574927807762729,0.008848968482719897,0.989,-0.049584804049158666,0.0951253662109375,-0.06862847900390626,0,0,1,0,-0.03574927807762729,-0.008848968482719897,0.01100000000000001,0.049584804049158666,-0.04894092360538687,0.01987043004568536,0.024471641791044794,0.06466757474922856,1425654284148,0,0,0,0,0,0,0
0.04109600288530222,0.00452056236029517,0.985,-0.05307546255314733,0.08332032775878906,-0.06087117767333984,0,0,1,0,-0.04109600288530222,-0.00452056236029517,0.015000000000000013,0.05307546255314733,-0.048442390216299244,0.019933031980712352,0.033538461538461566,0.06918619411001808,1425654284213,0,0,0,0,0,0,0
0.04615325422591619,0.0012601366657491895,0.985,-0.05670574739729562,0.0783464584350586,-0.04481316757202149,0,0,1,0,-0.04615325422591619,-0.0012601366657491895,0.015000000000000013,0.05670574739729562,-0.04986734058158232,0.016086089159895983,0.01200000000000001,0.07372270760424074,1425654284277,0,0,0,0,0,0,0
0.05205141565307757,-0.0020738899937968397,0.99,-0.06021385919380418,0.09116457366943359,-0.044915809631347656,0,0,1,0,-0.05205141565307757,0.0020738899937968397,0.010000000000000009,0.06021385919380418,-0.0564720607409126,0.017604462646700063,-0.018515151515151526,0.07615982190520673,1425654284343,0,0,0,0,0,0,0
0.058297300181427765,-0.00395593099749435,0.989,-0.06464699549386999,0.09521732330322266,-0.022541528701782228,0,0,1,0,-0.058297300181427765,0.00395593099749435,0.01100000000000001,0.06464699549386999,-0.06251136551121772,0.011159982276674486,0.014268750000000012,0.08542732190042843,1425654284407,0,0,0,0,0,0,0
0.06289353760813007,-0.004568696061120039,0.993,-0.06841690667817746,0.06939333343505859,-0.004718385696411133,0,0,1,0,-0.06289353760813007,0.004568696061120039,0.007000000000000006,0.06841690667817746,-0.05470463739297518,0.004378025622280377,-0.015295522388059712,0.08529710601089749,1425654284474,0,0,0,0,0,0,0
0.06936895840546527,-0.004391367684923586,0.996,-0.07201228493728595,0.09672222900390624,0.009293943405151368,0,0,1,0,-0.06936895840546527,0.004391367684923586,0.0040000000000000036,0.07201228493728595,-0.0654598379161168,0.00022949875266857088,-0.011383333333333343,0.08699302768357135,1425654284546,0,0,0,0,0,0,0
0.07358680580684798,-0.002975465745104661,0.998,-0.07586946258419336,0.06157562255859375,0.025735599517822266,0,0,1,0,-0.07358680580684798,0.002975465745104661,0.0020000000000000018,0.07586946258419336,-0.06203202910001847,-0.008308877980108691,-0.010680701754385975,0.09617039756791655,1425654284603,0,0,0,0,0,0,0
0.07625287873065593,-0.0008367849576015277,1,-0.07883652231258376,0.037444477081298826,0.03501911926269531,0,0,1,0,-0.07625287873065593,0.0008367849576015277,0,0.07883652231258376,-0.0514443386166327,-0.011855736078798505,-0.010447761194029858,0.09212186438000344,1425654284670,0,0,0,0,0,0,0
0.08144369014552531,0.0011084312906959341,1.001,-0.08300785922485021,0.07532240295410156,0.03521964263916016,0,0,1,0,-0.08144369014552531,-0.0011084312906959341,-0.0009999999999998899,0.08300785922485021,-0.06900164842567064,-0.012463586380600054,-0.0063555555555548544,0.10287136833088095,1425654284733,0,0,0,0,0,0,0
0.08527778651618341,0.0024137836170252595,0.983,-0.0904255085458261,0.05568997192382812,0.024281288146972658,0,0,1,0,-0.08527778651618341,-0.0024137836170252595,0.017000000000000015,0.0904255085458261,-0.06246946799471999,-0.009233421648621567,0.10905454545454495,0.12414209636844374,1425654284799,0,0,0,0,0,0,0
0.08585379003591632,0.0038918473970161013,0.963,-0.09114109353914368,0.00660266399383545,0.022860591888427734,0,0,1,0,-0.08585379003591632,-0.0038918473970161013,0.03700000000000003,0.09114109353914368,-0.04558250289371786,-0.01101146526595099,0.1372923076923078,0.09444379350830177,1425654284864,0,0,0,0,0,0,0
0.08373211172255916,0.005192872500250123,0.927,-0.09075712110370505,-0.03346927642822266,0.016537811279296873,0,0,1,0,-0.08373211172255916,-0.005192872500250123,0.07299999999999995,0.09075712110370505,-0.029870766598423283,-0.01082147732009776,0.25527499999999953,0.0889572503125865,1425654284928,0,0,0,0,0,0,0
0.07937546008313968,0.006687060077269635,0.896,-0.09138543963442293,-0.06711215209960937,0.01639775276184082,0,0,1,0,-0.07937546008313968,-0.006687060077269635,0.10399999999999998,0.09138543963442293,-0.016244301194952245,-0.012381725534293357,0.24759393939393953,0.09424143295586782,0,0,0,0,0,0,0,0
0.07141600382625007,0.006741436138980551,0.86,-0.09115854683166381,-0.11896808624267578,-0.010083258628845215,0,0,1,0,-0.07141600382625007,-0.006741436138980551,0.14,0.09115854683166381,0.007444161481438338,-0.004782367677736649,0.305846153846154,0.09011134928046789,0,0,0,0,0,0,0,0
0.06252993214830439,0.004696187415261867,0.814,-0.09084438756630477,-0.12994488525390624,-0.04268515014648438,0,0,1,0,-0.06252993214830439,-0.004696187415261867,0.18600000000000005,0.09084438756630477,0.015406469073955133,0.007214039540901433,0.3890985074626868,0.08943770428857768,0,0,0,0,0,0,0,0
0.05217193239485064,0.0008289898325033107,0.767,-0.08951793733478898,-0.1494668731689453,-0.07186385345458984,0,0,1,0,-0.05217193239485064,-0.0008289898325033107,0.23299999999999998,0.08951793733478898,0.031677266285912005,0.01994741196010797,0.44751111111111075,0.08320150766090428,0,0,0,0,0,0,0,0
0.04234998289451762,-0.004676919636962711,0.717,-0.08761552845011525,-0.1393560333251953,-0.095428955078125,0,0,1,0,-0.04234998289451762,0.004676919636962711,0.28300000000000003,0.08761552845011525,0.0319036908588626,0.030866180512865965,0.4956307692307695,0.0788351797516211,0,0,0,0,0,0,0,0
0.03189657611732216,-0.01083555265326843,0.67,-0.08548622676268217,-0.14811611938476563,-0.10574578857421875,0,0,1,0,-0.03189657611732216,0.01083555265326843,0.32999999999999996,0.08548622676268217,0.04050981604070489,0.03746720538245721,0.5170769230769225,0.07565868051299102,0,0,0,0,0,0,0,0
0.021815479212664975,-0.018304504622860904,0.623,-0.08129743655789581,-0.14109852600097655,-0.12453634643554687,0,0,1,0,-0.021815479212664975,0.018304504622860904,0.377,0.08129743655789581,0.04353143896403148,0.048269142889879296,0.5546769230769233,0.06196455868965112,0,0,0,0,0,0,0,0
0.013091831605009393,-0.025817725013858026,0.573,-0.07648032782239136,-0.1212705307006836,-0.12295252227783203,0,0,1,0,-0.013091831605009393,0.025817725013858026,0.42700000000000005,0.07648032782239136,0.03917295522689595,0.051073783500342876,0.6027940298507466,0.054911184230580404,0,0,0,0,0,0,0,0
0.006351908377905663,-0.03261320518055648,0.528,-0.07185520530460646,-0.09301510620117187,-0.10935877227783203,0,0,1,0,-0.006351908377905663,0.03261320518055648,0.472,0.07185520530460646,0.03382651329448182,0.052407011975013074,0.6236937499999996,0.0501749435024897,0,0,0,0,0,0,0,0
0.0001173418163236149,-0.03718398092098734,0.484,-0.06684611035138269,-0.08835490417480468,-0.07509872436523438,0,0,1,0,-0.0001173418163236149,0.03718398092098734,0.516,0.06684611035138269,0.03365550817877205,0.04216565664274577,0.6497230769230772,0.04372721056727298,0,0,0,0,0,0,0,0
-0.006215287368540392,-0.042653818930763726,0.435,-0.06232570758871739,-0.08929681396484375,-0.08820927429199218,0,0,1,0,0.006215287368540392,0.042653818930763726,0.565,0.06232570758871739,0.037353892217973375,0.04976940515718409,0.7158461538461534,0.041462310222569854,0,0,0,0,0,0,0,0
-0.011869935361346637,-0.051689409198053954,0.391,-0.056950093492574655,-0.0762132568359375,-0.14055372619628906,0,0,1,0,0.011869935361346637,0.051689409198053954,0.609,0.056950093492574655,0.03653826371512727,0.07352100287034401,0.7241230769230771,0.03213956689499281,0,0,0,0,0,0,0,0
-0.015612524084670867,-0.06121242593889988,0.344,-0.05204571829447094,-0.047917163848876954,-0.14580905151367188,0,0,1,0,0.015612524084670867,0.06121242593889988,0.656,0.05204571829447094,0.027522750505657414,0.0794174475813674,0.7703223880597017,0.030085829347737885,0,0,0,0,0,0,0,0
-0.02047686481434581,-0.06992807273781368,0.301,-0.047874381382204484,-0.06606520080566407,-0.13435348510742187,0,0,1,0,0.02047686481434581,0.06992807273781368,0.6990000000000001,0.047874381382204484,0.037441099845808415,0.0824924832830613,0.7980888888888891,0.02801087227617375,0,0,0,0,0,0,0,0
-0.02634161585880468,-0.07899564988047794,0.266,-0.04440117617073571,-0.08136138916015626,-0.14006777954101562,0,0,1,0,0.02634161585880468,0.07899564988047794,0.734,0.04440117617073571,0.044467698178137866,0.08674378535196252,0.7728060606060603,0.02861387975496856,0,0,0,0,0,0,0,0
-0.033454716042684116,-0.08982002296331926,0.225,-0.04040437218366867,-0.09938449096679687,-0.16694146728515624,0,0,1,0,0.033454716042684116,0.08982002296331926,0.775,0.04040437218366867,0.05524635000943906,0.10241380437637983,0.840769230769231,0.021957584551051568,0,0,0,0,0,0,0,0
-0.0403276808483802,-0.10062391110363053,0.205,-0.03768165855055751,-0.09646424865722657,-0.16609039306640624,0,0,1,0,0.0403276808483802,0.10062391110363053,0.795,0.03768165855055751,0.05741600875308202,0.10777085045205262,0.7436923076923079,0.0251152879361983,0,0,0,0,0,0,0,0
-0.04683348059398698,-0.11209919312102364,0.198,-0.033911747366249814,-0.09103314208984375,-0.17568341064453125,0,0,1,0,0.04683348059398698,0.11209919312102364,0.802,0.033911747366249814,0.057677536086352094,0.11535431870209059,0.6781671641791046,0.017031548033528795,0,0,0,0,0,0,0,0
-0.052428251308026266,-0.1238271479299298,0.149,-0.024469516112960457,-0.07790872192382813,-0.17866355895996094,0,0,1,0,0.052428251308026266,0.1238271479299298,0.851,0.024469516112960457,0.05760448970499635,0.12650610862772851,0.9530222222222219,-0.020493489855084097,0,0,0,0,0,0,0,0
-0.05325042486782916,-0.1312268530506939,0,-0.013316862192716451,-0.009613174438476563,-0.11126409149169922,0,0,1,0,0.05325042486782916,0.1312268530506939,1,0.013316862192716451,0.031328673544855135,0.10437812690610143,1.5901515151515153,-0.03737701926293812,0,0,0,0,0,0,0,0
