0,0,0.728,0,-0.021804405212402345,0.025001800537109375,0,0,1,0,0,0,0.272,0,0,0,0.21760000000000002,0,0,0,0,0,0,0,0,0
-0.0023537274678548177,0.0019641203562418617,0.732,-0.0000349065850397956,-0.035305912017822266,0.02946180534362793,0,0,1,0,0.0023537274678548177,-0.0019641203562418617,0.268,0.0000349065850397956,0.013660305281165073,-0.011243706357933515,0.1936840376119403,0.00019120472700902963,0,0,0,0,0,0,0,0
-0.0026335925233895254,0.003262394693223466,0.728,-0.0010297442586765793,-0.004198655605316162,0.019473968505859376,0,0,1,0,0.0026335925233895254,-0.003262394693223466,0.272,0.0010297442586765793,0.0028748147491949915,-0.00896350402330798,0.24052884516129036,0.005843474937564242,0,0,0,0,0,0,0,0
-0.002103288156436557,0.0038889542790571303,0.722,-0.00013962634015945996,0.007944883346557617,0.009406579971313476,0,0,1,0,0.002103288156436557,-0.0038889542790571303,0.278,0.00013962634015945996,-0.001843899200717129,-0.005376802450643493,0.2557386200000001,-0.004032801402889537,0,0,0,0,0,0,0,0
0.0007083731754757322,0.004025767744197027,0.72,0.0008028514559174083,0.042174633026123044,0.0020580906867980957,0,0,1,0,-0.0007083731754757322,-0.004025767744197027,0.28,-0.0008028514559174083,-0.015489803166606383,-0.0027580160864341488,0.23547735076923082,-0.005152748976272184,0,0,0,0,0,0,0,0
0.0065825735386050264,0.004324076975352445,0.725,-0.000226892802759171,0.08811656951904297,0.004403895378112793,0,0,1,0,-0.0065825735386050264,-0.004324076975352445,0.275,0.000226892802759171,-0.0349217768044473,-0.0037795739382832563,0.1939637930769231,0.004979558612035691,0,0,0,0,0,0,0,0
0.015017670729748387,0.004013508478321005,0.728,0.0008377580409574259,0.1265275115966797,-0.004629819393157959,0,0,1,0,-0.015017670729748387,-0.004013508478321005,0.272,-0.0008377580409574259,-0.05225050342872036,-0.00037370397898667533,0.2027572990909091,-0.005677080057851047,0,0,0,0,0,0,0,0
0.028207893510991105,0.0035933119462087776,0.733,0.0027750735106710778,0.19784799194335936,-0.006468698978424072,0,0,1,0,-0.028207893510991105,-0.0035933119462087776,0.267,-0.0027750735106710778,-0.08303708695159313,0.0003820891281751987,0.18872587701492535,-0.011449620389985937,0,0,0,0,0,0,0,0
0.04513418815484074,0.002664934856567057,0.741,0.0025132741228719446,0.25385479736328126,-0.014630177497863769,0,0,1,0,-0.04513418815484074,-0.002664934856567057,0.259,-0.0025132741228719446,-0.11665949019842652,0.003807192751011956,0.16416400555555555,-0.001266610371447501,0,0,0,0,0,0,0,0
0.06453802613404874,0.0011169011713835287,0.75,0.0006806784082778461,0.290998291015625,-0.02395193862915039,0,0,1,0,-0.06453802613404874,-0.0011169011713835287,0.25,-0.0006806784082778461,-0.1352681748405002,0.0076320914834609715,0.15384617727272726,0.007649302112604419,0,0,0,0,0,0,0,0
0.084131577798879,-0.0008267549667580411,0.756,-0.0027576202181509024,0.29388336181640623,-0.029354888916015624,0,0,1,0,-0.084131577798879,0.0008267549667580411,0.244,0.0027576202181509024,-0.1477242351333557,0.010861028144459448,0.1646243576923077,0.018626690801668202,0,0,0,0,0,0,0,0
0.10357476558818494,-0.00273661866146254,0.769,-0.005166174585903127,0.2917257080078125,-0.02784359359741211,0,0,1,0,-0.10357476558818494,0.00273661866146254,0.23099999999999998,0.005166174585903127,-0.15670350098820235,0.011635779483126649,0.11668219999999993,0.016282579360144163,0,0,0,0,0,0,0,0
0.12418592737385703,-0.005267251114725579,0.777,-0.005270894341022847,0.3093594055175781,-0.03636177444458008,0,0,1,0,-0.12418592737385703,0.005267251114725579,0.22299999999999998,0.005270894341022847,-0.170068446490224,0.01584046510575788,0.13864056522388057,0.0057397887669320405,0,0,0,0,0,0,0,0
0.1428158300476343,-0.008285093322046707,0.786,-0.0046949356878646644,0.2796832580566406,-0.0437940673828125,0,0,1,0,-0.1428158300476343,0.008285093322046707,0.21399999999999997,0.0046949356878646644,-0.17368683207145463,0.02063879146965491,0.12414981999999997,0.0019951295011856837,0,0,0,0,0,0,0,0
0.16082346386649027,-0.010506566830317999,0.797,-0.0066671577426182784,0.2702679748535156,-0.03205356979370117,0,0,1,0,-0.16082346386649027,0.010506566830317999,0.20299999999999996,0.0066671577426182784,-0.1793905431974064,0.01740111110363316,0.10454223999999993,0.015911948624275845,0,0,0,0,0,0,0,0
0.17739308161953996,-0.012807590049243193,0.806,-0.007487462491055528,0.24876885986328126,-0.03285750961303711,0,0,1,0,-0.17739308161953996,0.012807590049243193,0.19399999999999995,0.007487462491055528,-0.1771823691149829,0.018613788332106272,0.10989925727272723,0.011216120438497571,0,0,0,0,0,0,0,0
0.19284859138191934,-0.015227370536854242,0.812,-0.008761552845011397,0.23209791564941407,-0.03455986785888672,0,0,1,0,-0.19284859138191934,0.015227370536854242,0.18799999999999994,0.008761552845011397,-0.1803882661701008,0.020660767749806682,0.12064103769230765,0.014641969863269249,0,0,0,0,0,0,0,0
0.20493722944901166,-0.01789168746649956,0.822,-0.011152653920243668,0.18167276000976562,-0.03837451171875,0,0,1,0,-0.20493722944901166,0.01789168746649956,0.17800000000000005,0.011152653920243668,-0.166497519346816,0.022893399917321887,0.09282918402985135,0.021859076645164285,0,0,0,0,0,0,0,0
0.2135744786997049,-0.019723852939728947,0.83,-0.012234758056480218,0.129857177734375,-0.026035879135131838,0,0,1,0,-0.2135744786997049,0.019723852939728947,0.17000000000000004,0.012234758056480218,-0.1557858121101307,0.02008253224171264,0.09433064555555556,0.017387634895701887,0,0,0,0,0,0,0,0
0.21912401533293577,-0.02077360411514697,0.839,-0.01354375499547594,0.08342946624755859,-0.014726655960083008,0,0,1,0,-0.21912401533293577,0.02077360411514697,0.16100000000000003,0.01354375499547594,-0.14014984515125917,0.01600928362852451,0.08395407727272727,0.019493741081820126,0,0,0,0,0,0,0,0
0.22090578091355795,-0.02328214366113463,0.848,-0.015027284859671138,0.027233642578125,-0.03726267623901367,0,0,1,0,-0.22090578091355795,0.02328214366113463,0.15200000000000002,0.015027284859671138,-0.12134907812256032,0.025219345133255883,0.07611861153846153,0.021874345771341286,0,0,0,0,0,0,0,0
0.21964528792124682,-0.025444954403590982,0.854,-0.01619665545850729,-0.018417760848999022,-0.03272261428833008,0,0,1,0,-0.21964528792124682,0.025444954403590982,0.14600000000000002,0.01619665545850729,-0.10448020874775885,0.024455673090447026,0.08756735769230768,0.02159375053005875,0,0,0,0,0,0,0,0
0.21887242734374793,-0.02910586964136759,0.864,-0.01672025423410561,-0.010702008247375489,-0.05509428405761719,0,0,1,0,-0.21887242734374793,0.02910586964136759,0.136,0.01672025423410561,-0.10699036156893385,0.03378391172209066,0.05972736402985071,0.019064726363650336,0,0,0,0,0,0,0,0
0.21488872468572698,-0.03210601710131231,0.871,-0.01823869068334066,-0.058994773864746095,-0.04599500274658203,0,0,1,0,-0.21488872468572698,0.03210601710131231,0.129,0.01823869068334066,-0.0870395400780199,0.03284751405348114,0.0675585511111111,0.025469340441602803,0,0,0,0,0,0,0,0
0.20970154569857327,-0.03537378964669602,0.877,-0.018343410438460273,-0.07690079498291015,-0.050427467346191406,0,0,1,0,-0.20970154569857327,0.03537378964669602,0.123,0.018343410438460273,-0.07920826768193569,0.03516635797033827,0.06991043818181816,0.0188194093253676,0,0,0,0,0,0,0,0
0.2039030203577545,-0.03898838734357395,0.885,-0.01914626189437768,-0.08596874237060546,-0.05580522537231445,0,0,1,0,-0.2039030203577545,0.03898838734357395,0.11499999999999999,0.01914626189437768,-0.07272648057262211,0.03913312080677457,0.05232644692307689,0.022851730152458026,0,0,0,0,0,0,0,0
0.19812314288115979,-0.043768780057762344,0.893,-0.02234021442552736,-0.08530945587158204,-0.07335259246826172,0,0,1,0,-0.19812314288115979,0.043768780057762344,0.10699999999999998,0.02234021442552736,-0.07053926646069704,0.04743955361462893,0.04664974757575754,0.03685818047620772,0,0,0,0,0,0,0,0
0.18996610706889014,-0.048895994919433916,0.898,-0.022776546738525912,-0.12060700225830077,-0.07962225341796875,0,0,1,0,-0.18996610706889014,0.048895994919433916,0.10199999999999998,0.022776546738525912,-0.053979983496042494,0.05187464075997691,0.058626158484848465,0.024759875433973875,0,0,0,0,0,0,0,0
0.18203510930729133,-0.05284349201357359,0.9,-0.022898719786165474,-0.1175855712890625,-0.06190647506713867,0,0,1,0,-0.18203510930729133,0.05284349201357359,0.09999999999999998,0.022898719786165474,-0.050015351171825616,0.048280308093920116,0.07266780999999997,0.023471405946975922,0,0,0,0,0,0,0,0
0.1749218349705745,-0.05749173580879967,0.902,-0.02598795256219549,-0.10507469940185547,-0.0721484375,0,0,1,0,-0.1749218349705745,0.05749173580879967,0.09799999999999998,0.02598795256219549,-0.05164281077646635,0.05408292993744985,0.0712997792307692,0.04024594999002633,0,0,0,0,0,0,0,0
0.16910485122840216,-0.061931795151027966,0.905,-0.02628465853503453,-0.08549466705322266,-0.06884571838378906,0,0,1,0,-0.16910485122840216,0.061931795151027966,0.09499999999999997,0.02628465853503453,-0.056300533478691545,0.0548605987812358,0.06382261909090906,0.027633322047939255,0,0,0,0,0,0,0,0
0.1630109797893583,-0.06445011790921032,0.907,-0.026808257310632796,-0.09038371276855468,-0.04016414642333985,0,0,1,0,-0.1630109797893583,0.06445011790921032,0.09299999999999997,0.026808257310632796,-0.051394042050463426,0.04617608296501426,0.0674229292307692,0.029224867044163255,0,0,0,0,0,0,0,0
0.1576850628014658,-0.06726385480391268,0.908,-0.02705260340591203,-0.0787287139892578,-0.04433230972290039,0,0,1,0,-0.1576850628014658,0.06726385480391268,0.09199999999999997,0.02705260340591203,-0.05296871819969157,0.04921736442232651,0.0720673446153846,0.028163267475363102,0,0,0,0,0,0,0,0
0.15328532013020874,-0.0684692822459671,0.911,-0.027663468644110067,-0.06548290252685547,-0.01985994529724121,0,0,1,0,-0.15328532013020874,0.0684692822459671,0.08899999999999997,0.027663468644110067,-0.056565832206502305,0.041012070616641645,0.05943994820895519,0.030440128817737507,0,0,0,0,0,0,0,0
0.15020023101519636,-0.06971148013594622,0.916,-0.029094638630745406,-0.045743244171142575,-0.019905839920043945,0,0,1,0,-0.15020023101519636,0.06971148013594622,0.08399999999999996,0.029094638630745406,-0.06068431651520052,0.04239178909708859,0.04293786354838705,0.03601965469510995,0,0,0,0,0,0,0,0
0.14779250917742834,-0.07059598806658915,0.919,-0.028780479365386413,-0.03571458053588867,-0.01431263256072998,0,0,1,0,-0.14779250917742834,0.07059598806658915,0.08099999999999996,0.028780479365386413,-0.06422560243468538,0.04055880133057359,0.052908039090909055,0.027352482704663717,0,0,0,0,0,0,0,0
0.14590123905917346,-0.07069817126758549,0.922,-0.02947861106618421,-0.028313196182250977,-0.002348475456237793,0,0,1,0,-0.14590123905917346,0.07069817126758549,0.07799999999999996,0.02947861106618421,-0.06595926287267946,0.03651549161905972,0.05031398384615381,0.03270075737755865,0,0,0,0,0,0,0,0
0.14459173384734827,-0.07067047346522681,0.924,-0.030578168494940546,-0.019646289825439454,-0.0001636655330657959,0,0,1,0,-0.14459173384734827,0.07067047346522681,0.07599999999999996,0.030578168494940546,-0.06874445003591965,0.035854084686646547,0.05447098880597011,0.03550155996698384,0,0,0,0,0,0,0,0
0.14467153543893796,-0.06940962498248986,0.926,-0.030211649352021804,0.0006182378530502319,0.01894048309326172,0,0,1,0,-0.14467153543893796,0.06940962498248986,0.07399999999999995,0.030211649352021804,-0.07615405443614502,0.02851750747762055,0.052428609999999966,0.0284935908695902,0,0,0,0,0,0,0,0
0.14417667389370264,-0.06784252556833147,0.931,-0.03117158044061857,-0.008129597663879395,0.02327153968811035,0,0,1,0,-0.14417667389370264,0.06784252556833147,0.06899999999999995,0.03117158044061857,-0.07285620770530761,0.02610256720569412,0.032066519999999946,0.03567125741841591,0,0,0,0,0,0,0,0
0.14439806052951532,-0.06535046164819057,0.932,-0.0309446876378594,0.002154151439666748,0.037466297149658205,0,0,1,0,-0.14439806052951532,0.06535046164819057,0.06799999999999995,0.0309446876378594,-0.0769591157232089,0.0200502822430381,0.053269854615384575,0.029897490086663224,0,0,0,0,0,0,0,0
0.1440712519805512,-0.06373355061103003,0.934,-0.030979594222899306,-0.00565018367767334,0.024090383529663088,0,0,1,0,-0.1440712519805512,0.06373355061103003,0.06599999999999995,0.030979594222899306,-0.0740453142037173,0.024502885945951444,0.04695508246376807,0.03113136198394238,0,0,0,0,0,0,0,0
0.14326282778905358,-0.06183521495155772,0.938,-0.03043854215478103,-0.013002548217773437,0.02808576202392578,0,0,1,0,-0.14326282778905358,0.06183521495155772,0.062000000000000055,0.03043854215478103,-0.07103889413092898,0.0215738262610388,0.03240184846153909,0.027941378763465915,0,0,0,0,0,0,0,0
0.14246901690039815,-0.05900422246333682,0.943,-0.03019419605950185,-0.01319401741027832,0.04208283615112305,0,0,1,0,-0.14246901690039815,0.05900422246333682,0.05700000000000005,0.03019419605950185,-0.07060218231543867,0.014435310824315595,0.021749843548387122,0.02901187624363485,0,0,0,0,0,0,0,0
0.14137361930631245,-0.05701933944839674,0.946,-0.029775317039023193,-0.017322317123413086,0.029263629913330078,0,0,1,0,-0.14137361930631245,0.05701933944839674,0.05400000000000005,0.029775317039023193,-0.06882005397230928,0.018936016512382702,0.03170219909090912,0.02787132149139293,0,0,0,0,0,0,0,0
0.14119633133293708,-0.0552371082168361,0.949,-0.02921681167838497,-0.0034540207386016845,0.02664244842529297,0,0,1,0,-0.14119633133293708,0.0552371082168361,0.051000000000000045,0.02921681167838497,-0.07367748668734658,0.019010070084737287,0.029090593846153874,0.02663909462928547,0,0,0,0,0,0,0,0
0.14061034019599922,-0.054259863305198455,0.954,-0.02947861106618421,-0.00921433448791504,0.014395642280578613,0,0,1,0,-0.14061034019599922,0.054259863305198455,0.04600000000000004,0.02947861106618421,-0.07127517849774555,0.022891258262729145,0.014351263076923092,0.030686915932949935,0,0,0,0,0,0,0,0
0.1379415472619121,-0.05398622158218374,0.96,-0.02942625118862435,-0.04013548278808594,0.002922928810119629,0,0,1,0,-0.1379415472619121,0.05398622158218374,0.040000000000000036,0.02942625118862435,-0.05903447054112157,0.02660102594388672,0.004682558181818189,0.02918825174517044,0,0,0,0,0,0,0,0
0.1359445188166827,-0.05448690690508673,0.958,-0.030351275692181316,-0.02972149085998535,-0.008388377189636231,0,0,1,0,-0.1359445188166827,0.05448690690508673,0.04200000000000004,0.030351275692181316,-0.06135440130267844,0.03107549343470365,0.049065120000000045,0.0346873280526046,0,0,0,0,0,0,0,0
0.13150560047456233,-0.05463500494706345,0.962,-0.02928662484846477,-0.06648569488525391,-0.004241039752960205,0,0,1,0,-0.13150560047456233,0.05463500494706345,0.038000000000000034,0.02928662484846477,-0.04623980208574219,0.02924438334454114,0.013413858461538475,0.02437285172361918,0,0,0,0,0,0,0,0
0.1272011793753125,-0.05570482343461159,0.964,-0.029757863746503178,-0.0640687255859375,-0.017931055068969727,0,0,1,0,-0.1272011793753125,0.05570482343461159,0.03600000000000003,0.029757863746503178,-0.04524693678421288,0.03469188663473263,0.022770019393939418,0.03189985873758684,0,0,0,0,0,0,0,0
0.12295087641828231,-0.05639303796846865,0.966,-0.028466320100027465,-0.06341916656494141,-0.012215566635131837,0,0,1,0,-0.12295087641828231,0.05639303796846865,0.03400000000000003,0.028466320100027465,-0.04314193220999353,0.03310514008505347,0.021028949230769246,0.022505349423985715,0,0,0,0,0,0,0,0
0.11892605151254454,-0.05782781371087818,0.969,-0.02907718533822544,-0.05973535537719726,-0.023231264114379882,0,0,1,0,-0.11892605151254454,0.05782781371087818,0.031000000000000028,0.02907718533822544,-0.042750489203305445,0.037763582986435305,0.013509549090909102,0.031853845511852594,0,0,0,0,0,0,0,0
0.11463003880764613,-0.05905059690215956,0.971,-0.028640853025226884,-0.06387969970703125,-0.020207469940185546,0,0,1,0,-0.11463003880764613,0.05905059690215956,0.029000000000000026,0.028640853025226884,-0.0388883847123006,0.03738891541383467,0.017068259230769246,0.026627011580618167,0,0,0,0,0,0,0,0
0.11057645636094765,-0.06017951366242065,0.972,-0.02682571060315274,-0.060293869018554686,-0.018668039321899414,0,0,1,0,-0.11057645636094765,0.06017951366242065,0.028000000000000025,0.02682571060315274,-0.037896709518939135,0.0375814350315642,0.021586660000000018,0.018317230499680183,0,0,0,0,0,0,0,0
0.1052558553261687,-0.06185408196798563,0.973,-0.029112091923265346,-0.07910655975341797,-0.02725016403198242,0,0,1,0,-0.1052558553261687,0.06185408196798563,0.027000000000000024,0.029112091923265346,-0.028823464125622724,0.041302067065682534,0.020888344615384635,0.03966462109301584,0,0,0,0,0,0,0,0
0.10127440383967223,-0.06435344807307149,0.977,-0.027890361446869336,-0.058605194091796875,-0.03921298599243164,0,0,1,0,-0.10127440383967223,0.06435344807307149,0.02300000000000002,0.027890361446869336,-0.03443521179324415,0.04683153132685633,0.0018760187878787901,0.022337041099614745,0,0,0,0,0,0,0,0
0.09737984025163633,-0.06644102322410225,0.977,-0.025673793296836542,-0.057522499084472656,-0.03293054962158203,0,0,1,0,-0.09737984025163633,0.06644102322410225,0.02300000000000002,0.025673793296836542,-0.03301296985229527,0.045735430069831697,0.023103320000000017,0.015598483523960207,1425651376167,0,0,0,0,0,0,0
0.09326364964565738,-0.06946054858136266,0.978,-0.02658136450787356,-0.06055979919433594,-0.04686295318603516,0,0,1,0,-0.09326364964565738,0.06946054858136266,0.02200000000000002,0.02658136450787356,-0.029841133765949684,0.05223319689507675,0.01701480969696971,0.030706688194405453,1425651376167,0,0,0,0,0,0,0
0.08971699679925983,-0.07190847851433703,0.978,-0.025045474766118556,-0.05220507431030273,-0.03811993408203125,0,0,1,0,-0.08971699679925983,0.07190847851433703,0.02200000000000002,0.025045474766118556,-0.030557751983520908,0.05087766563844631,0.022331920000000016,0.017845991601641978,1425651376167,0,0,0,0,0,0,0
0.08672623397201552,-0.07419401689556926,0.98,-0.024731315500759507,-0.04398882675170898,-0.03539578247070312,0,0,1,0,-0.08672623397201552,0.07419401689556926,0.020000000000000018,0.024731315500759507,-0.03241039284440164,0.05098828924880299,0.00997568923076924,0.02328134966064082,1425651376167,0,0,0,0,0,0,0
0.08502673660761324,-0.07617991547912206,0.981,-0.02265437369088634,-0.024748031616210937,-0.030409767150878907,0,0,1,0,-0.08502673660761324,0.07617991547912206,0.019000000000000017,0.02265437369088634,-0.03856887941783713,0.05041731042121314,0.014572654615384628,0.013068488414548645,1425651376167,0,0,0,0,0,0,0
0.08305538030815354,-0.07794752523439262,0.99,-0.02288126649364562,-0.028962146759033202,-0.027177183151245118,0,0,1,0,-0.08305538030815354,0.07794752523439262,0.010000000000000009,0.02288126649364562,-0.04152769015407677,0.03897376261719631,0.008000000000000007,0.02288126649364562,1425651376167,0,0,0,0,0,0,0
0.0830589386756173,-0.07833405995421316,0.991,-0.0238411975822425,0.0001860160231590271,-0.005795281887054443,0,0,1,0,-0.0830589386756173,0.07833405995421316,0.009000000000000008,0.0238411975822425,-0.04160315836782417,0.041268535789058036,0.0019029096969697002,0.028204520712228304,1425651376559,0,0,0,0,0,0,0
0.08138037366806268,-0.07998637349447693,0.989,-0.02497566159603885,-0.02458047866821289,-0.02537788772583008,0,0,1,0,-0.08138037366806268,0.07998637349447693,0.01100000000000001,0.02497566159603885,-0.0316174367876405,0.04913216817916219,0.019750480000000015,0.030293461660709245,1425651376623,0,0,0,0,0,0,0
0.08244636782124681,-0.08181379408142396,0.988,-0.023422318561763782,0.016669469833374022,-0.027003442764282227,0,0,1,0,-0.08244636782124681,0.08181379408142396,0.01200000000000001,0.023422318561763782,-0.047123644905526015,0.050902924772109,0.015005395384615398,0.01625304301895578,1425651376688,0,0,0,0,0,0,0
0.0846170534984996,-0.08355154554305397,0.988,-0.023265238929084314,0.03316183090209961,-0.025296554565429688,0,0,1,0,-0.0846170534984996,0.08355154554305397,0.01200000000000001,0.023265238929084314,-0.054036078407141475,0.0512023361765037,0.009628700000000009,0.022551240598723092,1425651376754,0,0,0,0,0,0,0
0.08693888740510942,-0.08693681361966282,0.988,-0.02366666465704296,0.03599936294555664,-0.04995508193969726,0,0,1,0,-0.08693888740510942,0.08693681361966282,0.01200000000000001,0.02366666465704296,-0.05624447628648722,0.06196449704985715,0.00963650000000001,0.02551939878608286,1425651376819,0,0,0,0,0,0,0
0.08953504702433406,-0.09038153641303238,0.985,-0.021467549799530174,0.04015425109863281,-0.05073482131958008,0,0,1,0,-0.08953504702433406,0.09038153641303238,0.015000000000000013,0.021467549799530174,-0.05907789232920661,0.06406574722776806,0.028200096153846173,0.011317788918701934,1425651376884,0,0,0,0,0,0,0
0.0920638163570458,-0.09367879115213884,0.984,-0.020717058221172566,0.038984477996826174,-0.048633190155029295,0,0,1,0,-0.0920638163570458,0.09367879115213884,0.016000000000000014,0.020717058221172566,-0.06003924770266366,0.06498120705784576,0.0182412653846154,0.01725325093644515,1425651376949,0,0,0,0,0,0,0
0.09459837436797675,-0.09727957666208062,0.984,-0.022113321622767995,0.03912909698486328,-0.05321261978149414,0,0,1,0,-0.09459837436797675,0.09727957666208062,0.016000000000000014,0.022113321622767995,-0.061399185457263986,0.06847922799599104,0.012867050000000014,0.028557614245516127,1425651377014,0,0,0,0,0,0,0
0.09748355201579886,-0.10077620073261565,0.983,-0.018971728969178286,0.04442681884765625,-0.0514796028137207,0,0,1,0,-0.09748355201579886,0.10077620073261565,0.017000000000000015,0.018971728969178286,-0.0647930904809378,0.06973217527262147,0.019062715384615403,0.004472070567995017,0,0,0,0,0,0,0,0
0.10053280416687026,-0.10304464336530174,0.984,-0.018291050560900492,0.04637605667114258,-0.03315282440185547,0,0,1,0,-0.10053280416687026,0.10304464336530174,0.016000000000000014,0.018291050560900492,-0.06677843073284177,0.06395753418993023,0.007664939402985084,0.015243236792492459,0,0,0,0,0,0,0,0
0.09937064881333793,-0.10588305115023393,0.986,-0.017208946424663998,-0.01665069580078125,-0.042887832641601564,0,0,1,0,-0.09937064881333793,0.10588305115023393,0.014000000000000012,0.017208946424663998,-0.04387460878670498,0.06936230308880281,0.00018652888888888962,0.012056069585442595,0,0,0,0,0,0,0,0
0.09992311663940526,-0.1072915975564788,0.987,-0.01670280094158563,0.00864936637878418,-0.02098246383666992,0,0,1,0,-0.09992311663940526,0.1072915975564788,0.013000000000000012,0.01670280094158563,-0.05360296421054011,0.06183802088334132,0.005203189696969704,0.014402139654865772,0,0,0,0,0,0,0,0
0.09897262497282083,-0.10768672451039499,0.994,-0.017819811662862027,-0.014156394958496094,-0.006164204597473144,0,0,1,0,-0.09897262497282083,0.10768672451039499,0.006000000000000005,0.017819811662862027,-0.04514426490955671,0.05676362313062355,-0.032782187692307715,0.022975245761060786,0,0,0,0,0,0,0,0
0.09817143046032889,-0.10753482734337864,0.996,-0.017715091907742363,-0.01205660915374756,0.002063950061798096,0,0,1,0,-0.09817143046032889,0.10753482734337864,0.0040000000000000036,0.017715091907742363,-0.045611386835915625,0.05381205768755954,-0.007456510769230774,0.01723176996103622,0,0,0,0,0,0,0,0
0.09732508137171542,-0.10711665660010661,0.996,-0.01603957582582779,-0.012804357528686524,0.006046691417694092,0,0,1,0,-0.09732508137171542,0.10711665660010661,0.0040000000000000036,0.01603957582582779,-0.04507835627948843,0.052274005008262965,0.0033153600000000033,0.008423593635306998,0,0,0,0,0,0,0,0
0.09526713098987566,-0.10624504669825346,0.996,-0.016545721308906157,-0.03107497978210449,0.01257735824584961,0,0,1,0,-0.09526713098987566,0.10624504669825346,0.0040000000000000036,0.016545721308906157,-0.037344150765575235,0.049357152359876214,0.0033179200000000033,0.01891827826083601,0,0,0,0,0,0,0,0
0.09420044986456877,-0.10524220606822127,0.997,-0.016545721308906157,-0.01624690628051758,0.014775827407836914,0,0,1,0,-0.09420044986456877,0.10524220606822127,0.0030000000000000027,0.016545721308906157,-0.042382789048213604,0.04829084504477508,-0.002864745384615386,0.016545721308906157,0,0,0,0,0,0,0,0
0.0922593251941868,-0.10347230168101972,0.998,-0.01696460032938476,-0.029552129745483397,0.026063194274902345,0,0,1,0,-0.0922593251941868,0.10347230168101972,0.0020000000000000018,0.01696460032938476,-0.03692294251646178,0.043488239056276426,-0.003581840303030305,0.018868595877014768,0,0,0,0,0,0,0,0
0.08907085527456632,-0.1009960271009499,1.002,-0.0169122404518249,-0.048450271606445314,0.03632744598388672,0,0,1,0,-0.08907085527456632,0.1009960271009499,-0.0020000000000000018,0.0169122404518249,-0.028772784666080103,0.038570856606190404,-0.022692251212121227,0.01667424100837099,0,0,0,0,0,0,0,0
0.08593348376192914,-0.09853491047388281,0.999,-0.016301375213626977,-0.04767815780639648,0.03611560821533203,0,0,1,0,-0.08593348376192914,0.09853491047388281,0.0010000000000000009,0.016301375213626977,-0.027531791409713367,0.03748571441767496,0.01682962090909092,0.01352471504000006,1425651377798,0,0,0,0,0,0,0
0.08372280954081998,-0.09597846040704519,1,-0.015847589608108358,-0.033780784606933595,0.037801124572753905,0,0,1,0,-0.08372280954081998,0.09597846040704519,0,0.015847589608108358,-0.03102798845395322,0.035339705348526936,-0.005348220000000005,0.013720469582239828,1425651377798,0,0,0,0,0,0,0
0.07997409590464168,-0.09383115700681564,0.998,-0.015184364492350576,-0.05673406600952149,0.03131442260742188,0,0,1,0,-0.07997409590464168,0.09383115700681564,0.0020000000000000018,0.015184364492350576,-0.021109858327009595,0.036745227279171885,0.01249106076923078,0.012123325496545429,1425651377798,0,0,0,0,0,0,0
0.07801430724507061,-0.09051550319837674,0.996,-0.014224433403753643,-0.030148603439331054,0.049282718658447265,0,0,1,0,-0.07801430724507061,0.09051550319837674,0.0040000000000000036,0.014224433403753643,-0.029813346247895396,0.028855117869365635,0.01409366076923078,0.009793982225613954,1425651377798,0,0,0,0,0,0,0
0.07525445238975985,-0.08862679638414805,0.993,-0.013892820845874752,-0.041796607971191405,0.027738895416259766,0,0,1,0,-0.07525445238975985,0.08862679638414805,0.007000000000000006,0.013892820845874752,-0.024174285468002717,0.035651932617955975,0.02188282615384617,0.01236230134797218,1425651377798,0,0,0,0,0,0,0
0.07236549306439109,-0.0857622997021993,0.993,-0.014032447186034323,-0.043927127838134766,0.04236128616333008,0,0,1,0,-0.07236549306439109,0.0857622997021993,0.007000000000000006,0.014032447186034323,-0.02277012766735708,0.02970422948790773,0.005733740000000005,0.014648445745561843,1425651378125,0,0,0,0,0,0,0
0.06954083566872442,-0.08477754766406462,0.991,-0.012775810124598407,-0.04257295989990234,0.01417529296875,0,0,1,0,-0.06954083566872442,0.08477754766406462,0.009000000000000008,0.012775810124598407,-0.02082460355825643,0.03862448131259142,0.018277000000000015,0.0068853238991175465,1425651378189,0,0,0,0,0,0,0
0.06687488383724766,-0.08404643915406261,0.992,-0.012775810124598407,-0.04012611770629883,0.010454851150512695,0,0,1,0,-0.06687488383724766,0.08404643915406261,0.008000000000000007,0.012775810124598407,-0.02040234862233747,0.039699829823124574,0.0010758700000000013,0.012775810124598407,1425651378253,0,0,0,0,0,0,0
0.06408205524445747,-0.08337477129495863,0.996,-0.012339477811599851,-0.04201772308349609,0.009539000511169434,0,0,1,0,-0.06408205524445747,0.08337477129495863,0.0040000000000000036,0.012339477811599851,-0.018588703932908027,0.039799766071504795,-0.01819124153846155,0.010325636366991135,1425651378318,0,0,0,0,0,0,0
0.061751788282537405,-0.08347573994678996,0.995,-0.012566370614359022,-0.03493265533447266,-0.001945717692375183,0,0,1,0,-0.061751788282537405,0.08347573994678996,0.0050000000000000044,0.012566370614359022,-0.01995442558824772,0.044064860071883726,0.009535085384615392,0.013613568165555196,1425651378383,0,0,0,0,0,0,0
0.05954408382172312,-0.08387885827612208,0.992,-0.012199851471440225,-0.03303696823120117,-0.006462429046630859,0,0,1,0,-0.05954408382172312,0.08387885827612208,0.008000000000000007,0.012199851471440225,-0.01990527473062579,0.04588478273447909,0.022227471791044794,0.010558720980759042,1425651378450,0,0,0,0,0,0,0
0.057196340919452845,-0.0843520594262356,0.991,-0.013055062804917493,-0.03512693023681641,-0.007527110099792481,0,0,1,0,-0.057196340919452845,0.0843520594262356,0.009000000000000008,0.013055062804917493,-0.01746157443767961,0.04665734539835274,0.012830340000000013,0.017063865930592188,1425651378514,0,0,0,0,0,0,0
0.05566884728560313,-0.08480916239299717,0.992,-0.011554079648202396,-0.022820941925048827,-0.0071550745964050295,0,0,1,0,-0.05566884728560313,0.08480916239299717,0.008000000000000007,0.011554079648202396,-0.021827302008441934,0.046675234651297824,0.0014946462318840602,0.005028065923354151,1425651378583,0,0,0,0,0,0,0
0.05458432979137302,-0.08467428157751881,0.992,-0.012322024519079898,-0.01629005241394043,0.0018351223468780517,0,0,1,0,-0.05458432979137302,0.08467428157751881,0.008000000000000007,0.012322024519079898,-0.02284385445589332,0.043566900999806105,0.006571990000000007,0.01609880257257581,1425651378644,0,0,0,0,0,0,0
0.054527492836323035,-0.08431607527802297,0.992,-0.009634217471008587,-0.000918695330619812,0.005362181663513183,0,0,1,0,-0.054527492836323035,0.08431607527802297,0.008000000000000007,0.009634217471008587,-0.028772657389015008,0.0423177739170973,0.006577270000000007,-0.002583087292951919,1425651378710,0,0,0,0,0,0,0
0.05457589221355025,-0.08362570701125231,0.996,-0.007504915783575559,0.0006261911392211914,0.010362037658691406,0,0,1,0,-0.05457589221355025,0.08362570701125231,0.0040000000000000036,0.007504915783575559,-0.02939094862553528,0.0402663177723669,-0.017832211212121224,-0.0021737282502109325,1425651378776,0,0,0,0,0,0,0
0.055532770815714415,-0.08212476923676823,0.999,-0.006038839211900258,0.014183810234069824,0.022621150970458984,0,0,1,0,-0.055532770815714415,0.08212476923676823,0.0010000000000000009,0.006038839211900258,-0.03488119539144101,0.03502119912216188,-0.015425700000000014,-0.000833394717827716,1425651378840,0,0,0,0,0,0,0
0.056604195067376226,-0.08038121989899946,1.002,-0.005393067388662374,0.01591313648223877,0.026249814987182617,0,0,1,0,-0.056604195067376226,0.08038121989899946,-0.0020000000000000018,0.005393067388662374,-0.03598997789742863,0.03302158311243599,-0.017574596153846166,0.002412582050641371,1425651378905,0,0,0,0,0,0,0
0.05842352677557198,-0.07827730118414591,1.002,-0.001047197551196497,0.027119380950927734,0.03170549774169922,0,0,1,0,-0.05842352677557198,0.07827730118414591,-0.0020000000000000018,0.001047197551196497,-0.04096481304065185,0.030080053508783948,-0.0014220500000000015,-0.01901066323710755,1425651378970,0,0,0,0,0,0,0
0.06122137023654211,-0.07583467665887185,1.003,-0.0014835298641950522,0.04192926025390625,0.03668329620361328,0,0,1,0,-0.06122137023654211,0.07583467665887185,-0.0029999999999998916,0.0014835298641950522,-0.047672438099806556,0.027084233268326242,-0.007608615384614704,0.0034973713088037686,1425651379035,0,0,0,0,0,0,0
0.06322174792582087,-0.07378375853195972,1.004,-0.0025481807079115936,0.02995999336242676,0.030808252334594728,0,0,1,0,-0.06322174792582087,0.07378375853195972,-0.0040000000000000036,0.0025481807079115936,-0.04394636842534381,0.028705344516841987,-0.00817377882352999,0.007245169724308099,1425651379103,0,0,0,0,0,0,0
0.06476914883989059,-0.0710454698451638,1.004,-0.006143558967019922,0.023106273651123048,0.04113334274291992,0,0,1,0,-0.06476914883989059,0.0710454698451638,-0.0040000000000000036,0.006143558967019922,-0.043199491859381885,0.022478363309778964,-0.003029200000000003,0.023540550543350542,1425651379165,0,0,0,0,0,0,0
0.06546102236255937,-0.06998210413556466,1.005,-0.006318091892219344,0.010279914855957032,0.01601394271850586,0,0,1,0,-0.06546102236255937,0.06998210413556466,-0.004999999999999893,0.006318091892219344,-0.03857812335890617,0.03172443475971609,-0.009217065384614706,0.007123628470062831,1425651379230,0,0,0,0,0,0,0
0.06610093615878547,-0.0683288719430878,1.002,-0.005044001538263474,0.009441837310791016,0.024858633041381837,0,0,1,0,-0.06610093615878547,0.0683288719430878,-0.0020000000000000018,0.005044001538263474,-0.03860971631322786,0.027901590663690082,0.01447532090909033,-0.0007473182524450261,1425651379296,0,0,0,0,0,0,0
0.06691005216523425,-0.06716630115281881,0.998,-0.003892084231947277,0.012048625946044922,0.01749955749511719,0,0,1,0,-0.06691005216523425,0.06716630115281881,0.0020000000000000018,0.003892084231947277,-0.04002106209390814,0.029871107215968046,0.023305991538461558,-0.0014244571818197854,1425651379361,0,0,0,0,0,0,0
0.06817771654554994,-0.06598222456369048,0.994,-0.00410152374218655,0.018945693969726562,0.01783502197265625,0,0,1,0,-0.06817771654554994,0.06598222456369048,0.006000000000000005,0.00410152374218655,-0.04306557570360957,0.02930341971934647,0.026183611212121233,0.005053521516001428,1425651379427,0,0,0,0,0,0,0
0.0676860576030251,-0.06513313902007133,0.992,-0.0038222710618674638,-0.007427060127258301,0.012705927848815917,0,0,1,0,-0.0676860576030251,0.06513313902007133,0.008000000000000007,0.0038222710618674638,-0.03345184284439415,0.030556319623098842,0.017514110000000017,0.002513274122871746,1425651379491,0,0,0,0,0,0,0
0.06901191778682546,-0.06394810250103126,0.991,-0.001134464013796208,0.019819814682006835,0.0178514347076416,0,0,1,0,-0.06901191778682546,0.06394810250103126,0.009000000000000008,0.001134464013796208,-0.04398763766832891,0.028267838325117523,0.012767075384615396,-0.0112707992849942,1425651379556,0,0,0,0,0,0,0
0.06993831315302096,-0.06282249626996965,0.987,-0.0009075712110369815,0.0138767671585083,0.01689984703063965,0,0,1,0,-0.06993831315302096,0.06282249626996965,0.013000000000000012,0.0009075712110369815,-0.04227045019408884,0.0281583399762796,0.031803161212121234,-0.0001237597105958662,1425651379622,0,0,0,0,0,0,0
0.07094238507376963,-0.06271606639399585,0.983,-0.003665191429187995,0.015059623718261719,0.001610116481781006,0,0,1,0,-0.07094238507376963,0.06271606639399585,0.017000000000000015,0.003665191429187995,-0.043312437116963115,0.03354193048649705,0.035340551538461565,0.01639266935911575,1425651379687,0,0,0,0,0,0,0
0.07044235594112179,-0.06258864540815595,0.977,-0.005201081170942999,-0.007507391929626465,0.0018838114738464356,0,0,1,0,-0.07044235594112179,0.06258864540815595,0.02300000000000002,0.005201081170942999,-0.035050703751007314,0.03341689509794673,0.05043545181818186,0.012182398178920289,1425651379753,0,0,0,0,0,0,0
0.07054969143678481,-0.062161374216463436,0.974,-0.006387905062299158,0.0015766767263412475,0.0064173550605773925,0,0,1,0,-0.07054969143678481,0.062161374216463436,0.026000000000000023,0.006387905062299158,-0.03837180732410834,0.03165417128107703,0.03694352090909094,0.011782559113918064,1425651379819,0,0,0,0,0,0,0
0.07050257044472781,-0.062490081474421616,0.972,-0.005567600313861797,-0.0006753044128417968,-0.004935023307800293,0,0,1,0,-0.07050257044472781,0.062490081474421616,0.028000000000000025,0.005567600313861797,-0.03756647216176092,0.03592196845631583,0.03358985000000003,0.0017224218055616643,1425651379883,0,0,0,0,0,0,0
0.0699409701455987,-0.061821796013209744,0.976,-0.00553269372882189,-0.008479684829711913,0.009977225303649903,0,0,1,0,-0.0699409701455987,0.061821796013209744,0.02400000000000002,0.00553269372882189,-0.034564824957407564,0.03023193190040345,-0.0020705115384615363,0.00537158641325309,1425651379948,0,0,0,0,0,0,0
0.0685472693208015,-0.06032605920860633,0.976,-0.0050789081233033806,-0.02102932357788086,0.022320045471191406,0,0,1,0,-0.0685472693208015,0.06032605920860633,0.02400000000000002,0.0050789081233033806,-0.029431988978008517,0.02506776820294056,0.01948355000000002,0.0029845130209102603,1425651380013,0,0,0,0,0,0,0
0.06946985507266862,-0.05900700862513836,0.977,-0.005323254218582616,0.013738118171691894,0.019855789184570313,0,0,1,0,-0.06946985507266862,0.05900700862513836,0.02300000000000002,0.005323254218582616,-0.04226384736785596,0.025611182266928878,0.013475079402985089,0.006417341212370237,1425651380080,0,0,0,0,0,0,0
0.069485905881354,-0.056548076633122654,0.977,-0.005846852994180882,0.00004441684484481812,0.03688473892211914,0,0,1,0,-0.069485905881354,0.056548076633122654,0.02300000000000002,0.005846852994180882,-0.03758534224400612,0.017647171019683314,0.018713450000000017,0.008340180497029769,1425651380143,0,0,0,0,0,0,0
0.06867087382279168,-0.054136710825865755,0.974,-0.005881759579220789,-0.01243675422668457,0.036098388671875,0,0,1,0,-0.06867087382279168,0.054136710825865755,0.026000000000000023,0.005881759579220789,-0.03274465696185705,0.017153132843376814,0.037284196153846184,0.006042866894789589,1425651380208,0,0,0,0,0,0,0
0.06803471371669285,-0.05052262369402789,0.976,-0.0064577182323789705,-0.009861092567443847,0.05415424346923828,0,0,1,0,-0.06803471371669285,0.05052262369402789,0.02400000000000002,0.0064577182323789705,-0.0334865376611291,0.00919809805485888,0.008940129393939405,0.009075712110370705,1425651380274,0,0,0,0,0,0,0
0.06822253535674169,-0.045786952461348486,0.976,-0.005934119456780649,0.002358544588088989,0.07105178070068359,0,0,1,0,-0.06822253535674169,0.045786952461348486,0.02400000000000002,0.005934119456780649,-0.03800971674192709,0.000525869359581068,0.01956179000000002,0.003517509723249933,1425651380339,0,0,0,0,0,0,0
0.06863194857592195,-0.03978638171069418,0.977,-0.006352998477259251,0.0056069717407226565,0.09004341888427735,0,0,1,0,-0.06863194857592195,0.03978638171069418,0.02300000000000002,0.006352998477259251,-0.03938778523632957,-0.008294256079392194,0.01355331940298509,0.008228576180894781,1425651380406,0,0,0,0,0,0,0
0.06939271512620525,-0.03299600994492627,0.981,-0.007417649320975792,0.01076418399810791,0.10192601776123048,0,0,1,0,-0.06939271512620525,0.03299600994492627,0.019000000000000017,0.007417649320975792,-0.041834296149176636,-0.017456904994596345,-0.0062856400000000055,0.01240820015089708,1425651380470,0,0,0,0,0,0,0
0.06834679969668966,-0.0260080607599821,0.983,-0.007173303225696557,-0.01646580505371094,0.10469998168945313,0,0,1,0,-0.06834679969668966,0.0260080607599821,0.017000000000000015,0.007173303225696557,-0.031563469469583674,-0.02142654744169208,0.003231179230769236,0.00604555201671547,1425651380535,0,0,0,0,0,0,0
0.0671392580892641,-0.017627980064544156,0.986,-0.0076969020012948785,-0.01901434326171875,0.12556804656982423,0,0,1,0,-0.0671392580892641,0.017627980064544156,0.014000000000000012,0.0076969020012948785,-0.03013304437949827,-0.03310122235118174,-0.004544336153846154,0.010113511734825595,1425651380600,0,0,0,0,0,0,0
0.06581580703537591,-0.00846393032475785,0.988,-0.007592182246175215,-0.020909189224243164,0.13730387878417968,0,0,1,0,-0.06581580703537591,0.00846393032475785,0.01200000000000001,0.007592182246175215,-0.028889971338482246,-0.041899117443624206,-0.0007519207692307673,0.007108860299469076,1425651380665,0,0,0,0,0,0,0
0.06461331181899928,0.000981888009337165,0.987,-0.007295476273336175,-0.019112613677978514,0.14154624938964844,0,0,1,0,-0.06461331181899928,-0.000981888009337165,0.013000000000000012,0.007295476273336175,-0.02917659812593127,-0.04662162837981081,0.01604990059701494,0.005966942066594206,1425651380732,0,0,0,0,0,0,0
0.06451525514619265,0.009365410092476732,0.985,-0.007574728953655373,-0.0023882296085357664,0.12573875427246095,0,0,1,0,-0.06451525514619265,-0.009365410092476732,0.015000000000000013,0.007574728953655373,-0.034905146535733074,-0.04805058519544076,0.02354658111111113,0.008904503621842027,1425651380795,0,0,0,0,0,0,0
0.06458909294334755,0.01695154659829535,0.986,-0.00808087443673363,0.00024559950828552244,0.11379717254638672,0,0,1,0,-0.06458909294334755,-0.01695154659829535,0.014000000000000012,0.00808087443673363,-0.03592639577662027,-0.046127976608553584,0.006259954615384622,0.010416930512479433,1425651380860,0,0,0,0,0,0,0
0.06554418439394247,0.02423724845143356,0.987,-0.009162978572970125,0.013442790985107422,0.10939772796630859,0,0,1,0,-0.06554418439394247,-0.02423724845143356,0.013000000000000012,0.009162978572970125,-0.04111449142976131,-0.04757469448611329,0.005550119696969704,0.014081633737681464,1425651380926,0,0,0,0,0,0,0
0.06899130820603293,0.03066430018940282,0.985,-0.007853981633974348,0.05082133483886719,0.09687551116943359,0,0,1,0,-0.06899130820603293,-0.03066430018940282,0.015000000000000013,0.007853981633974348,-0.0563794546927268,-0.04677905611017337,0.023232130769230787,0.001812457300147687,1425651380991,0,0,0,0,0,0,0
0.07114124533580198,0.03515000319881137,0.986,-0.007714355293814832,0.031719608306884764,0.06753675079345703,0,0,1,0,-0.07114124533580198,-0.03515000319881137,0.014000000000000012,0.007714355293814832,-0.05034112231705187,-0.03822572394028832,0.006369109696969705,0.007079690111271576,1425651381057,0,0,0,0,0,0,0
0.07357557832626097,0.03881532260012475,0.987,-0.00813323431429349,0.03608977890014648,0.05525984191894531,0,0,1,0,-0.07357557832626097,-0.03881532260012475,0.013000000000000012,0.00813323431429349,-0.05273679355471866,-0.035162573636608886,0.0057339211764705945,0.009981229992875805,1425651381125,0,0,0,0,0,0,0
0.07515229661373904,0.04104095372908234,0.989,-0.008045967851693725,0.023378471374511718,0.03357571792602539,0,0,1,0,-0.07515229661373904,-0.04104095372908234,0.01100000000000001,0.008045967851693725,-0.049942921066622466,-0.029999266722544504,-0.002002522580645162,0.007623710774598089,1425651381187,0,0,0,0,0,0,0
0.07684652794681238,0.0417632263760414,0.995,-0.009110618695410267,0.025325477600097655,0.011038212776184083,0,0,1,0,-0.07684652794681238,-0.0417632263760414,0.0050000000000000044,0.009110618695410267,-0.05106194203527375,-0.021712662854142736,-0.027816642307692326,0.014024391820255843,1425651381252,0,0,0,0,0,0,0
0.07711625512017244,0.04042182175687673,0.995,-0.009267698328089735,0.004229052543640137,-0.0200833740234375,0,0,1,0,-0.07711625512017244,-0.04042182175687673,0.0050000000000000044,0.009267698328089735,-0.043576524173941165,-0.00995612637265153,0.004494300000000004,0.009992681248148822,1425651381317,0,0,0,0,0,0,0
0.07723207676239197,0.037447992386115445,0.997,-0.01015781624660691,0.0021506524085998535,-0.04458942413330078,0,0,1,0,-0.07723207676239197,-0.037447992386115445,0.0030000000000000027,0.01015781624660691,-0.04285591375418979,0.00029642654935223625,-0.007872980769230774,0.014266052793609256,1425651381382,0,0,0,0,0,0,0
0.0765773672321575,0.03381735974380086,0.999,-0.011955505376161047,-0.009266956329345703,-0.054556434631347656,0,0,1,0,-0.0765773672321575,-0.03381735974380086,0.0010000000000000009,0.011955505376161047,-0.03848350057636295,0.0053298509534215315,-0.009309150606060612,0.020126819601407123,1425651381448,0,0,0,0,0,0,0
0.07380637087140932,0.02920125482793405,1.005,-0.011152653920243638,-0.040734176635742185,-0.06973354339599609,0,0,1,0,-0.07380637087140932,-0.02920125482793405,-0.004999999999999893,0.011152653920243638,-0.025923981408645838,0.012844619912612107,-0.03532457181818117,0.007503329120619056,1425651381514,0,0,0,0,0,0,0
0.07315425502385309,0.023553927226969792,1.007,-0.011658799403322007,-0.008836408615112305,-0.08481373596191406,0,0,1,0,-0.07315425502385309,-0.023553927226969792,-0.006999999999999895,0.011658799403322007,-0.03677316133739415,0.022057687766633423,-0.016048369999999926,0.01403135635525186,1425651381578,0,0,0,0,0,0,0
0.07171454145420375,0.01745464315225039,1.009,-0.012130038301360469,-0.020527605056762696,-0.09173481750488281,0,0,1,0,-0.07171454145420375,-0.01745464315225039,-0.008999999999999897,0.012130038301360469,-0.03191387370926449,0.027054460332044575,-0.017485950769230693,0.014304987061537985,1425651381643,0,0,0,0,0,0,0
0.07048895366466525,0.010014655839159534,1.011,-0.011955505376161047,-0.017028787612915038,-0.11181459045410157,0,0,1,0,-0.07048895366466525,-0.010014655839159534,-0.010999999999999899,0.011955505376161047,-0.032499882604204826,0.03798711574583316,-0.019093100769230695,0.01114996879831756,1425651381708,0,0,0,0,0,0,0
0.06930805283129687,0.003640763319555417,1.013,-0.01324704902263687,-0.01656922721862793,-0.09581332397460937,0,0,1,0,-0.06930805283129687,-0.003640763319555417,-0.0129999999999999,0.01324704902263687,-0.0321951044935463,0.03543118508301045,-0.0207015507692307,0.01920801969867913,1425651381773,0,0,0,0,0,0,0
0.0683108817322416,-0.0024168664077977796,1.013,-0.0138753675533548,-0.013752603530883789,-0.09105461120605468,0,0,1,0,-0.0683108817322416,0.0024168664077977796,-0.0129999999999999,0.0138753675533548,-0.03289188127358087,0.0357849939228562,-0.00994102999999992,0.016688734108808223,1425651381840,0,0,0,0,0,0,0
0.06846984909778597,-0.007865274232522977,1.013,-0.013945180723434616,0.0035182244777679445,-0.08168516540527344,0,0,1,0,-0.06846984909778597,0.007865274232522977,-0.0129999999999999,0.013945180723434616,-0.039080951236687464,0.0362075564615229,-0.00994947999999992,0.014267395354572223,1425651381905,0,0,0,0,0,0,0
0.06590298757095742,-0.011558071933372977,1.013,-0.013473941825396098,-0.03772675323486328,-0.055923492431640624,0,0,1,0,-0.06590298757095742,0.011558071933372977,-0.0129999999999999,0.013473941825396098,-0.030325363291844393,0.018377229662750308,-0.009966899999999921,0.01241892936710091,1425651382039,0,0,0,0,0,0,0
0.06336517789508644,-0.013610349849579524,1.013,-0.015515977050229526,-0.03764891815185547,-0.03129427337646484,0,0,1,0,-0.06336517789508644,0.013610349849579524,-0.0129999999999999,0.015515977050229526,-0.021701924934867084,0.02116811999109825,-0.00997508999999992,0.025239954311341083,1425651382102,0,0,0,0,0,0,0
0.059204052690168346,-0.014561778284866203,1.018,-0.015393804002589852,-0.062187938690185546,-0.015238128662109374,0,0,1,0,-0.059204052690168346,0.014561778284866203,-0.018000000000000016,0.015393804002589852,-0.0102667885578143,0.015622285505745492,-0.042212056451613564,0.01480264409465595,1425651382164,0,0,0,0,0,0,0
0.0557471486766662,-0.014322670209656637,1.021,-0.016057029118347745,-0.051902626037597654,0.002788004159927368,0,0,1,0,-0.0557471486766662,0.014322670209656637,-0.020999999999999908,0.016057029118347745,-0.014273579238362158,0.008910800582206203,-0.031841706470587594,0.018983022276103153,1425651382232,0,0,0,0,0,0,0
0.05074070905718035,-0.013051920879097463,1.021,-0.0157254165604688,-0.07539296722412109,0.01785300636291504,0,0,1,0,-0.05074070905718035,0.013051920879097463,-0.020999999999999908,0.0157254165604688,-0.0017816609385276974,0.0024546334522584584,-0.016413759999999923,0.014146309141997625,1425651382295,0,0,0,0,0,0,0
0.046569439271355,-0.010215914959859851,1.027,-0.016057029118347745,-0.06323024368286133,0.04155094528198242,0,0,1,0,-0.046569439271355,0.010215914959859851,-0.026999999999999913,0.016057029118347745,-0.005419945240775565,-0.006936333829670686,-0.05304976181818177,0.017564358926888412,1425651382361,0,0,0,0,0,0,0
0.04188499018961925,-0.007500554639866359,1.029,-0.01740093264238343,-0.07091165924072265,0.039596927642822265,0,0,1,0,-0.04188499018961925,0.007500554639866359,-0.028999999999999915,0.01740093264238343,0.00039318374576676265,-0.008099415055371957,-0.03378763999999994,0.023700480411300694,1425651382425,0,0,0,0,0,0,0
0.03758459716480319,-0.004177502110473389,1.031,-0.01857030324121958,-0.06536344909667968,0.048715835571289064,0,0,1,0,-0.03758459716480319,0.004177502110473389,-0.030999999999999917,0.01857030324121958,0.00005683179559252266,-0.012801958967386683,-0.03523952076923071,0.02396739831277104,1425651382490,0,0,0,0,0,0,0
0.03380497149052851,-0.0005984597309587748,1.034,-0.019128808601857807,-0.057681510925292966,0.052623607635498046,0,0,1,0,-0.03380497149052851,0.0005984597309587748,-0.03400000000000003,0.019128808601857807,-0.00118815960498116,-0.015677495594462784,-0.042801820909091536,0.021667469332031574,1425651382556,0,0,0,0,0,0,0
0.0284785915655331,0.0025839397961729153,1.037,-0.020647245051092857,-0.08079415893554688,0.04619904327392578,0,0,1,0,-0.0284785915655331,-0.0025839397961729153,-0.03699999999999992,0.020647245051092857,0.0100935570766458,-0.015426602178286482,-0.045470626153845506,0.02765541327833155,1425651382621,0,0,0,0,0,0,0
0.024383806598877122,0.00658832849830307,1.037,-0.022130774915288056,-0.06264878845214844,0.05878492736816406,0,0,1,0,-0.024383806598877122,-0.00658832849830307,-0.03699999999999992,0.022130774915288056,0.005159117721751295,-0.02153254200488281,-0.029341199999999935,0.028874092479811687,1425651382687,0,0,0,0,0,0,0
0.022196477105969448,0.010755944428073122,1.037,-0.022479840765686845,-0.034185283660888674,0.061772880554199217,0,0,1,0,-0.022196477105969448,-0.010755944428073122,-0.03699999999999992,0.022479840765686845,-0.0035142338753734216,-0.025179488757623377,-0.029364879999999937,0.024116086939431167,1425651382751,0,0,0,0,0,0,0
0.019307155875000075,0.014136968385613673,1.036,-0.024417156235400608,-0.04446884536743164,0.04972835540771484,0,0,1,0,-0.019307155875000075,-0.014136968385613673,-0.03600000000000003,0.024417156235400608,0.0015138024758272074,-0.022293053767440375,-0.023203664615385235,0.033358612249464126,1425651382816,0,0,0,0,0,0,0
0.01561127832139482,0.018144297434367445,1.042,-0.025150194521238206,-0.05688920593261719,0.05873851013183594,0,0,1,0,-0.01561127832139482,-0.018144297434367445,-0.04200000000000004,0.025150194521238206,0.007694589505144921,-0.027680924114759257,-0.06572327230769236,0.028533448148180967,1425651382881,0,0,0,0,0,0,0
0.01159385978289368,0.022156884892392623,1.043,-0.025464353786597144,-0.06175582122802734,0.05865435409545899,0,0,1,0,-0.01159385978289368,-0.022156884892392623,-0.04299999999999993,0.025464353786597144,0.0110992599417685,-0.02940278862413198,-0.03954699030302966,0.026892350447319587,1425651382947,0,0,0,0,0,0,0
0.009777403658003747,0.027191723852648585,1.038,-0.026843163895672734,-0.029160934448242186,0.07480435180664062,0,0,1,0,-0.009777403658003747,-0.027191723852648585,-0.038000000000000034,0.026843163895672734,0.0004775580377696879,-0.03776968116575251,-0.003345583076923682,0.033206902860636996,1425651383012,0,0,0,0,0,0,0
0.005606123263526164,0.030628560115639587,1.034,-0.027785641691749602,-0.0639303321838379,0.049854618072509765,0,0,1,0,-0.005606123263526164,-0.030628560115639587,-0.03400000000000003,0.027785641691749602,0.014899006932444198,-0.03062328967166386,-0.005878978787878797,0.03206963167391719,1425651383078,0,0,0,0,0,0,0
0.002224438794362267,0.035496594948205014,1.031,-0.028972465583105816,-0.05273434829711914,0.07158308410644532,0,0,1,0,-0.002224438794362267,-0.035496594948205014,-0.030999999999999917,0.028972465583105816,0.012677047166033815,-0.04106722827774357,-0.008557403846153167,0.034450114312442194,1425651383143,0,0,0,0,0,0,0
-0.0008380269114399338,0.038816907426237814,1.03,-0.028832839242946242,-0.04736046981811524,0.04845306396484375,0,0,1,0,0.0008380269114399338,-0.038816907426237814,-0.030000000000000027,0.028832839242946242,0.012489954472172066,-0.0344187259052575,-0.018546134615385228,0.02818840998067128,1425651383208,0,0,0,0,0,0,0
-0.002685357167642755,0.03999700611770503,1.027,-0.02956587752878384,-0.028208749771118164,0.01689527702331543,0,0,1,0,0.002685357167642755,-0.03999700611770503,-0.026999999999999913,0.02956587752878384,0.006575451516912784,-0.023321662251062407,-0.005877198208954562,0.03284813851014622,1425651383275,0,0,0,0,0,0,0
-0.00398219660169919,0.04074321966372956,1.021,-0.029007372168145612,-0.019774978637695312,0.010613262176513672,0,0,1,0,0.00398219660169919,-0.04074321966372956,-0.020999999999999908,0.029007372168145612,0.004780810858679294,-0.02170137340679195,0.016571263333333437,0.026347822831773095,1425651383338,0,0,0,0,0,0,0
-0.0059350673892973275,0.04008750879753264,1.022,-0.03073524812761999,-0.0289954719543457,-0.010681120872497559,0,0,1,0,0.0059350673892973275,-0.04008750879753264,-0.02200000000000002,0.03073524812761999,0.009071898610812552,-0.013723193225181042,-0.022960985384616,0.03871006024827097,1425651383403,0,0,0,0,0,0,0
-0.009735764735413313,0.038225844494783806,1.017,-0.030473448739820858,-0.05612538909912109,-0.02966373062133789,0,0,1,0,0.009735764735413313,-0.038225844494783806,-0.016999999999999904,0.030473448739820858,0.020618428000628942,-0.006475878737609781,0.012927561515152204,0.02928345152255207,1425651383469,0,0,0,0,0,0,0
-0.012279713907961964,0.03522483374682741,1.012,-0.031066860685498937,-0.03676996612548828,-0.04615692520141602,0,0,1,0,0.012279713907961964,-0.03522483374682741,-0.01200000000000001,0.031066860685498937,0.015441359054028565,0.0012885569257282785,0.01732768692307634,0.033805685050167,1425651383534,0,0,0,0,0,0,0
-0.015524640724500655,0.03140663621262561,1.011,-0.03026400922958153,-0.046871410369873044,-0.05875722885131836,0,0,1,0,0.015524640724500655,-0.03140663621262561,-0.010999999999999899,0.03026400922958153,0.020327146355048162,0.006963132618211576,-0.003578879402984407,0.0266691519642797,1425651383601,0,0,0,0,0,0,0
-0.017244316417206286,0.027391399371972016,1.015,-0.030717794835100037,-0.023960844039916992,-0.06098151779174805,0,0,1,0,0.017244316417206286,-0.027391399371972016,-0.014999999999999902,0.030717794835100037,0.013800491733458556,0.011314557779411465,-0.03423443222222216,0.03287867867090246,1425651383664,0,0,0,0,0,0,0
-0.01764877597575695,0.023760728429023725,1.011,-0.02823942729726811,-0.0043914012908935545,-0.054620704650878905,0,0,1,0,0.01764877597575695,-0.023760728429023725,-0.010999999999999899,0.02823942729726811,0.0066054771518576985,0.010060897863944419,0.012392651212121311,0.01697412030712299,1425651383730,0,0,0,0,0,0,0
-0.01688203664128836,0.019806853789274517,1.01,-0.02672099084803306,0.013171109199523925,-0.058959732055664064,0,0,1,0,0.01688203664128836,-0.019806853789274517,-0.010000000000000009,0.02672099084803306,-0.0000403769032735193,0.0140614969121038,-0.0026413546153852144,0.01971282262079437,1425651383795,0,0,0,0,0,0,0
-0.015472107236639783,0.015790955006183067,1.009,-0.025516713664157004,0.022750831604003905,-0.05965192413330078,0,0,1,0,0.015472107236639783,-0.015790955006183067,-0.008999999999999897,0.025516713664157004,-0.0041986158830169895,0.01639315833935373,-0.0018472046153839286,0.019958511277036742,1425651383860,0,0,0,0,0,0,0
-0.015135952839035119,0.011601750840137731,1.013,-0.022741640153486037,0.006643921375274658,-0.06268895721435547,0,0,1,0,0.015135952839035119,-0.011601750840137731,-0.0129999999999999,0.022741640153486037,0.0014525872535523403,0.019071509534448687,-0.03165252121212114,0.01012766965043619,1425651383926,0,0,0,0,0,0,0
-0.014252334735243656,0.008021983618828015,1.02,-0.02115339053417123,0.014471885681152343,-0.0533812255859375,0,0,1,0,0.014252334735243656,-0.008021983618828015,-0.020000000000000018,0.02115339053417123,-0.0020297498522279626,0.018217634429005806,-0.05433445000000065,0.013708470443633068,1425651383990,0,0,0,0,0,0,0
-0.013571805094342337,0.005526712224230507,1.015,-0.01790707812546169,0.010997353553771972,-0.03720478057861328,0,0,1,0,0.013571805094342337,-0.005526712224230507,-0.014999999999999902,0.01790707812546169,-0.001137640084016821,0.013117270324534323,0.014452051515152206,0.00315111263132742,1425651384056,0,0,0,0,0,0,0
-0.011739045307984723,0.004436817297910335,1.024,-0.014800392056911832,0.02777972602844238,-0.015853538513183593,0,0,1,0,0.011739045307984723,-0.004436817297910335,-0.02400000000000002,0.014800392056911832,-0.008306226831861026,0.006295499024493348,-0.06774023846153912,0.00046184097129710507,1425651384121,0,0,0,0,0,0,0
-0.008653925831969361,0.0031157975193041114,1.021,-0.013456488532876204,0.04656498718261719,-0.019128236770629883,0,0,1,0,0.008653925831969361,-0.0031157975193041114,-0.020999999999999908,0.013456488532876204,-0.01658663677008118,0.008198502080795346,-0.0007385038461531594,0.007253856883481,1425651384186,0,0,0,0,0,0,0
-0.007130941341611507,0.0020595993075429317,1.019,-0.010751228192284993,0.023055883407592775,-0.015534137725830078,0,0,1,0,0.007130941341611507,-0.0020595993075429317,-0.018999999999999906,0.010751228192284993,-0.00868705861936742,0.007129491176896688,-0.004857318805970064,-0.0013618778103622175,1425651384253,0,0,0,0,0,0,0
-0.00411214361079101,0.002639606462715236,1.021,-0.008028514559173886,0.045185813903808596,0.009186431884765625,0,0,1,0,0.00411214361079101,-0.002639606462715236,-0.020999999999999908,0.008028514559173886,-0.019009076210126128,-0.0019018906709615288,-0.028029421111111043,-0.004936788455640908,1425651384316,0,0,0,0,0,0,0
0.0006052474585461885,0.002410922026752041,1.016,-0.004084070449666603,0.07078612518310547,-0.0028620574474334717,0,0,1,0,-0.0006052474585461885,-0.002410922026752041,-0.016000000000000014,0.004084070449666603,-0.029998403178284765,0.002664524152991659,0.013994366923076335,-0.014121056209597782,1425651384381,0,0,0,0,0,0,0
0.00359622546125659,0.00371067622998698,1.015,-0.0011170107212762608,0.044784671783447264,0.019679380416870118,0,0,1,0,-0.00359622546125659,-0.00371067622998698,-0.014999999999999902,0.0011170107212762608,-0.021719477077956028,-0.006008977596977005,-0.006914879402984411,-0.012168331346143181,1425651384448,0,0,0,0,0,0,0
0.00847803241490753,0.005481074219439437,1.016,-0.0011693705988361205,0.07319739532470704,0.02663774871826172,0,0,1,0,-0.00847803241490753,-0.005481074219439437,-0.016000000000000014,0.0011693705988361205,-0.03523867631884829,-0.009789787720854207,-0.01841775000000062,0.001414807524897963,1425651384512,0,0,0,0,0,0,0
0.0128753019587167,0.006862409262583272,1.013,-0.0008552113334771276,0.06593476867675781,0.020797142028808592,0,0,1,0,-0.0128753019587167,-0.006862409262583272,-0.0129999999999999,0.0008552113334771276,-0.03371936681503604,-0.008019118381669785,0.00511393179104545,-0.0005514719442497065,1425651384579,0,0,0,0,0,0,0
0.015232611429094567,0.009741122975819803,1.014,-0.0020594885173531845,0.03532270050048828,0.04321092987060547,0,0,1,0,-0.015232611429094567,-0.009741122975819803,-0.014000000000000012,0.0020594885173531845,-0.024828495537919156,-0.017991745846399,-0.01683542000000062,0.007704537816772201,1425651384643,0,0,0,0,0,0,0
0.0175394548899995,0.011970911499032571,1.016,-0.0037524578917877676,0.034533695220947264,0.033518020629882815,0,0,1,0,-0.0175394548899995,-0.011970911499032571,-0.016000000000000014,0.0037524578917877676,-0.025335217919996225,-0.015196211398278963,-0.023583290606060625,0.01144777323012678,1425651384709,0,0,0,0,0,0,0
0.01839762634127438,0.01476888181110573,1.013,-0.0030194196059500616,0.01271499252319336,0.04201756286621094,0,0,1,0,-0.01839762634127438,-0.01476888181110573,-0.0129999999999999,0.0030194196059500616,-0.01823594247312542,-0.020081412674878243,0.005820700000000702,-0.0004166973589141854,1425651384773,0,0,0,0,0,0,0
0.020402539893181453,0.01857125764834447,1.01,-0.0031241393610697264,0.029901351928710938,0.057126182556152344,0,0,1,0,-0.020402539893181453,-0.01857125764834447,-0.010000000000000009,0.0031241393610697264,-0.025354224132272722,-0.027167603198104462,0.007961796153845563,0.0036074613077758714,1425651384838,0,0,0,0,0,0,0
0.020946445199810402,0.02161879407197834,1.005,-0.001902408884673716,0.008015726089477539,0.04573831176757812,0,0,1,0,-0.020946445199810402,-0.02161879407197834,-0.004999999999999893,0.001902408884673716,-0.017728659406028677,-0.024392486386842403,0.022319801515152213,-0.003650911462580877,1425651384904,0,0,0,0,0,0,0
0.021787327509434216,0.024919751613841953,0.999,-0.0006632251157577525,0.012519015312194823,0.04953826904296875,0,0,1,0,-0.021787327509434216,-0.024919751613841953,0.0010000000000000009,0.0006632251157577525,-0.01987727325816955,-0.027949847351754688,0.03341778999999942,-0.005145448801035827,1425651384968,0,0,0,0,0,0,0
0.021116197469776513,0.0280810543021159,0.999,0.000523598775598351,-0.010098398208618164,0.0474128532409668,0,0,1,0,-0.021116197469776513,-0.0280810543021159,0.0010000000000000009,-0.000523598775598351,-0.01139804686033679,-0.028261404587632315,0.0006059500000000035,-0.005918252827217003,1425651385034,0,0,0,0,0,0,0
0.019165436765360006,0.031201526844267313,1.003,0.0019722220547536986,-0.02923689842224121,0.04682240295410156,0,0,1,0,-0.019165436765360006,-0.031201526844267313,-0.0029999999999998916,-0.0019722220547536986,-0.0034900508789004817,-0.02987998235592728,-0.02413446153846087,-0.008658175650855303,1425651385099,0,0,0,0,0,0,0
0.016533174353153643,0.03376034213726535,1.003,0.0034033920413890375,-0.039408161163330076,0.03846002578735352,0,0,1,0,-0.016533174353153643,-0.03376034213726535,-0.0029999999999998916,-0.0034033920413890375,0.0014849583442800643,-0.0281570259601435,-0.0025979499999999106,-0.010008791979705986,1425651385164,0,0,0,0,0,0,0
0.014166873640297648,0.03644277843151899,1,0.005637413483941785,-0.035357364654541014,0.040357112884521484,0,0,1,0,-0.014166873640297648,-0.03644277843151899,0,-0.005637413483941785,0.0008461685948488971,-0.029757151486033286,0.015473691791044212,-0.015640494569998862,1425651385231,0,0,0,0,0,0,0
0.011482658334967168,0.03947850953774254,0.994,0.004502949470145486,-0.04000588607788086,0.04576222229003906,0,0,1,0,-0.011482658334967168,-0.03947850953774254,0.006000000000000005,-0.004502949470145486,0.0044989574166147996,-0.03388921086212905,0.03691364230769234,0.0007330382858374328,1425651385295,0,0,0,0,0,0,0
0.0069538616499463385,0.041360591647162756,0.998,0.004677482395344908,-0.06780413818359375,0.028536838531494142,0,0,1,0,-0.0069538616499463385,-0.041360591647162756,0.0020000000000000018,-0.004677482395344908,0.016465361601985,-0.02838977009574325,-0.020467770000000014,-0.005495605482217199,1425651385360,0,0,0,0,0,0,0
0.003058113767785715,0.042711107238111654,0.996,0.0044156830075457185,-0.058340824127197266,0.020530845642089842,0,0,1,0,-0.003058113767785715,-0.042711107238111654,0.0040000000000000036,-0.0044156830075457185,0.015002523446022833,-0.026230508857615367,0.013779060769230782,-0.0032073781407802285,1425651385425,0,0,0,0,0,0,0
-0.0025283874411414957,0.04273336331181119,0.999,0.00249582083035202,-0.08379522705078125,0.0007038599252700805,0,0,1,0,0.0025283874411414957,-0.04273336331181119,0.0010000000000000009,-0.00249582083035202,0.02690147387722019,-0.01911724694927511,-0.015543366153846161,0.006365081525926588,1425651385490,0,0,0,0,0,0,0
-0.00867944313196477,0.042109742622079664,1.002,0.0013788101090756188,-0.09228889465332031,-0.009124002456665038,0,0,1,0,0.00867944313196477,-0.042109742622079664,-0.0020000000000000018,-0.0013788101090756188,0.03203403706821827,-0.015456089714136886,-0.017462501791044787,0.003622730433953043,1425651385557,0,0,0,0,0,0,0
-0.012372950258572338,0.04069232334452399,1.009,-0.0005934119456779952,-0.055431869506835936,-0.021184879302978514,0,0,1,0,0.012372950258572338,-0.04069232334452399,-0.008999999999999897,0.0005934119456779952,0.021955195943872748,-0.010279631509152527,-0.04567786999999934,0.00983820282733556,1425651385621,0,0,0,0,0,0,0
-0.017270077652018562,0.039068479906487076,1.005,-0.002984513020910156,-0.07344244384765625,-0.02440123748779297,0,0,1,0,0.017270077652018562,-0.039068479906487076,-0.004999999999999893,0.002984513020910156,0.030585265595606516,-0.008500843617545596,0.017338591538461644,0.014020364137366279,1425651385686,0,0,0,0,0,0,0
-0.022034711307701654,0.03701093650456214,0.997,-0.0060911990894601245,-0.0713770751953125,-0.03107631492614746,0,0,1,0,0.022034711307701654,-0.03701093650456214,0.0030000000000000027,0.0060911990894601245,0.032268477167073505,-0.005160821527452522,0.04527900307692252,0.020429750175075364,1425651385751,0,0,0,0,0,0,0
-0.026006584486725354,0.035601495941074604,0.987,-0.006998770300497197,-0.05944821548461914,-0.02150411605834961,0,0,1,0,0.026006584486725354,-0.035601495941074604,0.013000000000000012,0.006998770300497197,0.03000260777756654,-0.00796902673273334,0.0640566838461539,0.011187560505283686,1425651385816,0,0,0,0,0,0,0
-0.029784266580304995,0.03329061375195804,0.989,-0.005934119456780656,-0.05642124557495117,-0.03505896759033203,0,0,1,0,0.029784266580304995,-0.03329061375195804,0.01100000000000001,0.005934119456780656,0.030258555047794344,-0.0023534130615314626,-0.001829861194029848,0.0011670261267065904,1425651385883,0,0,0,0,0,0,0
-0.031053871873662823,0.030553325637488356,0.983,-0.00726056968829633,-0.01880009460449219,-0.041171607971191404,0,0,1,0,0.031053871873662823,-0.030553325637488356,0.017000000000000015,0.00726056968829633,0.018232124184289076,0.0021313659623366198,0.046761943333333375,0.013576999362180493,1425651385946,0,0,0,0,0,0,0
-0.031609827413277156,0.028220549875620952,0.979,-0.008517206749732248,-0.008085056304931641,-0.035051261901855466,0,0,1,0,0.031609827413277156,-0.028220549875620952,0.02100000000000002,0.008517206749732248,0.014425850773024555,0.000442752644211614,0.037854591212121244,0.014229193392622783,1425651386012,0,0,0,0,0,0,0
-0.030795367862986398,0.02665839890734047,0.978,-0.009826203688727969,0.012416025161743165,-0.023327362060546874,0,0,1,0,0.030795367862986398,-0.02665839890734047,0.02200000000000002,0.009826203688727969,0.006704837488635209,-0.0027526982494004617,0.022841385384615408,0.015867728022554373,1425651386077,0,0,0,0,0,0,0
-0.028185758930665786,0.025446223514650007,0.969,-0.010524335389525658,0.03932090759277344,-0.01779712104797363,0,0,1,0,0.028185758930665786,-0.025446223514650007,0.031000000000000028,0.010524335389525658,-0.004247835214380921,-0.004047634466901394,0.07313845846153852,0.013746481700899604,1425651386142,0,0,0,0,0,0,0
-0.026340903747776048,0.02472035122423665,0.967,-0.011309733552923112,0.027785882949829102,-0.010596248626708984,0,0,1,0,0.026340903747776048,-0.02472035122423665,0.03300000000000003,0.011309733552923112,-0.0007381771897116054,-0.006436489051547105,0.03674679119402989,0.014826441747240075,1425651386209,0,0,0,0,0,0,0
-0.02304598696807938,0.02500940341142632,0.963,-0.01389282084587476,0.04937155532836914,0.004894463062286377,0,0,1,0,0.02304598696807938,-0.02500940341142632,0.03700000000000003,0.01389282084587476,-0.011038906634106962,-0.011994486727479292,0.051744562222222276,0.026193236526596886,1425651386272,0,0,0,0,0,0,0
-0.018542236062848824,0.02589526750117855,0.962,-0.013526301702955962,0.06736514282226562,0.01422519588470459,0,0,1,0,0.018542236062848824,-0.02589526750117855,0.038000000000000034,0.013526301702955962,-0.01850032253564541,-0.015476571347243116,0.03557168059701496,0.01188517121227478,1425651386339,0,0,0,0,0,0,0
-0.014818432420142046,0.02699150118760111,0.962,-0.013631021458075569,0.055629531860351564,0.01719751739501953,0,0,1,0,0.014818432420142046,-0.02699150118760111,0.038000000000000034,0.013631021458075569,-0.017190234763680288,-0.017409342493788872,0.03037212000000003,0.014121895310198727,1425651386403,0,0,0,0,0,0,0
-0.010327384632361686,0.030166859296555975,0.962,-0.013264502315156829,0.0667102279663086,0.04854418182373047,0,0,1,0,0.010327384632361686,-0.030166859296555975,0.038000000000000034,0.013264502315156829,-0.02324705969763175,-0.030119684159327274,0.03039682000000003,0.01157287550168572,1425651386468,0,0,0,0,0,0,0
-0.003371192779644495,0.03217782304358572,0.953,-0.015533430342749482,0.10393359375,0.031545818328857424,0,0,1,0,0.003371192779644495,-0.03217782304358572,0.04700000000000004,0.015533430342749482,-0.03887864756222561,-0.02455367754854888,0.0846432353731344,0.02569280957077629,1425651386535,0,0,0,0,0,0,0
0.004598773118373447,0.0353511745773732,0.934,-0.016318828506146826,0.1187957000732422,0.04945146942138672,0,0,1,0,-0.004598773118373447,-0.0353511745773732,0.06599999999999995,0.016318828506146826,-0.05080580041209842,-0.03328732079928101,0.158425445555555,0.020058819760419892,1425651386598,0,0,0,0,0,0,0
0.013716597379517984,0.03838823341602563,0.904,-0.017296212887263712,0.13600576782226562,0.04778160095214844,0,0,1,0,-0.013716597379517984,-0.03838823341602563,0.09599999999999997,0.017296212887263712,-0.05944827552917363,-0.033307070762857924,0.23602415909090918,0.021738869165067738,1425651386664,0,0,0,0,0,0,0
0.02221966745946097,0.042732818523504905,0.878,-0.01804670446562126,0.1263998565673828,0.06736498260498047,0,0,1,0,-0.02221966745946097,-0.042732818523504905,0.122,0.01804670446562126,-0.061147916967363186,-0.042795444404681734,0.23781255000000012,0.021510511750348408,0,0,0,0,0,0,0,0
0.02981762492538824,0.0464283698888007,0.844,-0.01940806128217679,0.11295046997070313,0.05748090362548828,0,0,1,0,-0.02981762492538824,-0.0464283698888007,0.15600000000000003,0.01940806128217679,-0.06009259385028984,-0.041178601454461686,0.3081908730769233,0.025691246589356155,0,0,0,0,0,0,0,0
0.03627166967173365,0.050223494978456774,0.799,-0.02089159114637199,0.09568766784667969,0.058794944763183594,0,0,1,0,-0.03627166967173365,-0.050223494978456774,0.20099999999999996,0.02089159114637199,-0.056146998702157204,-0.04303597132381609,0.3963232468656712,0.027534262180081835,0,0,0,0,0,0,0,0
0.04319684215750106,0.05268544092933413,0.755,-0.02282890661608575,0.10308346557617187,0.03909114074707031,0,0,1,0,-0.04319684215750106,-0.05268544092933413,0.245,0.02282890661608575,-0.06379410883286236,-0.037939149581211175,0.4372304200000002,0.03191007288036901,0,0,0,0,0,0,0,0
0.04914758411420313,0.05068899065899318,0.706,-0.02410299697004162,0.08992146301269531,-0.02790139389038086,0,0,1,0,-0.04914758411420313,-0.05068899065899318,0.29400000000000004,0.02410299697004162,-0.06097184539928129,-0.012759988530811095,0.4998426738461541,0.029983413988299484,0,0,0,0,0,0,0,0
0.05476487037253481,0.046313643422545174,0.658,-0.02604031243975533,0.0858165512084961,-0.06358044052124023,0,0,1,0,-0.05476487037253481,-0.046313643422545174,0.34199999999999997,0.02604031243975533,-0.06202055501065644,0.0022070264213032015,0.533080358461538,0.03498176845381859,0,0,0,0,0,0,0,0
0.06792533219417224,0.04024300392511569,0.608,-0.02530727415391768,0.19971095275878906,-0.08588876342773437,0,0,1,0,-0.06792533219417224,-0.04024300392511569,0.392,0.02530727415391768,-0.10926203657443231,0.014344685007366853,0.5841043892307696,0.021924020526974675,0,0,0,0,0,0,0,0
0.07675695301522466,0.030602619223812064,0.555,-0.026686084262993157,0.13609107971191406,-0.14120726013183593,0,0,1,0,-0.07675695301522466,-0.030602619223812064,0.44499999999999995,0.026686084262993157,-0.08900058159733516,0.036816533359725664,0.6344374416417906,0.03285986087079381,0,0,0,0,0,0,0,0
0.08603240783229818,0.019860361947091468,0.505,-0.02785545486182942,0.14338180541992188,-0.15736404418945313,0,0,1,0,-0.08603240783229818,-0.019860361947091468,0.495,0.02785545486182942,-0.09908748131481487,0.05149413847405195,0.6756613977777781,0.03342388628485923,0,0,0,0,0,0,0,0
0.09817921872303674,0.00615066982883412,0.454,-0.029304078140984655,0.1878590850830078,-0.20049093627929687,0,0,1,0,-0.09817921872303674,-0.00615066982883412,0.546,0.029304078140984655,-0.11811028674400909,0.0713686307465358,0.7094985254545457,0.035888729409872096,0,0,0,0,0,0,0,0
0.11255686577713761,-0.0089351402787155,0.402,-0.02937389131106447,0.22220230102539062,-0.2198710479736328,0,0,1,0,-0.11255686577713761,0.0089351402787155,0.598,0.02937389131106447,-0.13837546551713117,0.08744571608765532,0.7610326799999996,0.029696105942202067,0,0,0,0,0,0,0,0
0.12642906673470916,-0.026019230270380625,0.354,-0.028396506929947638,0.21551956176757814,-0.2500394744873047,0,0,1,0,-0.12642906673470916,0.026019230270380625,0.646,0.028396506929947638,-0.14267211206182895,0.10676464218993943,0.7783141184615386,0.023885502094023806,0,0,0,0,0,0,0,0
0.14140813776526467,-0.04525077210134928,0.305,-0.02755874888899038,0.2327860107421875,-0.28197738647460935,0,0,1,0,-0.14140813776526467,0.04525077210134928,0.6950000000000001,0.02755874888899038,-0.15380880285262072,0.12488275554293593,0.8154883792537315,0.02380759348171907,0,0,0,0,0,0,0,0
0.1575589962656155,-0.06794970015541839,0.264,-0.02689552377323254,0.2515530090332031,-0.33367901611328127,0,0,1,0,-0.1575589962656155,0.06794970015541839,0.736,0.02689552377323254,-0.17206119876637244,0.15994719195228238,0.8170080199999996,0.02378665604311768,0,0,0,0,0,0,0,0
0.17440564652511029,-0.09468299450628605,0.215,-0.027314402793711143,0.2633921508789063,-0.3940587158203125,0,0,1,0,-0.17440564652511029,0.09468299450628605,0.785,0.027314402793711143,-0.18298561230907784,0.19318912832158838,0.8963456738461542,0.02924769058053546,0,0,0,0,0,0,0,0
0.19226443664938211,-0.12325111690835949,0.166,-0.02523746098383786,0.2794852905273438,-0.4210458679199219,0,0,1,0,-0.19226443664938211,0.12325111690835949,0.834,0.02523746098383786,-0.1974899631422969,0.21743314610126208,0.9360877738461535,0.015651575707499636,0,0,0,0,0,0,0,0
0.20730857942408487,-0.14873587945029773,0.13,-0.023509585024363483,0.23523681640625,-0.3764551696777344,0,0,1,0,-0.20730857942408487,0.14873587945029773,0.87,0.023509585024363483,-0.1887656871556599,0.21159180968231836,0.8925249109090911,0.015655603390389038,0,0,0,0,0,0,0,0
0.2189877074291178,-0.17063070326845123,0.11,-0.02010619298297464,0.18285887145996094,-0.32421340942382815,0,0,1,0,-0.2189877074291178,0.17063070326845123,0.89,0.02010619298297464,-0.17690500775137596,0.20361428401729986,0.8242638260606061,0.004636229158479907,0,0,0,0,0,0,0,0
0.22164053066962214,-0.18420023067410535,0,-0.017366026057343525,0.043876502990722654,-0.20270175170898438,0,0,1,0,-0.22164053066962214,0.18420023067410535,1,0.017366026057343525,-0.1311741900739813,0.1697924430430191,1.417944331111111,0.004317612125766786,0,0,0,0,0,0,0,0
