0,0,0.699,0,0.00032513070106506345,0.011332901000976562,0,0,0.5,0,0,0,-0.19899999999999995,0,0,0,-0.15919999999999998,0,0,0,0,0,0,0,0,0
-0.0008717563629150391,0.0016080867767333984,0.695,0.000366519142918742,-0.013076345443725585,0.024121301651000977,0,0,0.5,0,0.0008717563629150391,-0.0016080867767333984,-0.19499999999999995,-0.000366519142918742,0.005203853715221405,-0.009464017442566797,-0.13572903846153841,-0.0020581459563898587,0,0,0,0,0,0,0,0
-0.0014255679907212197,0.002640921812156788,0.69,0.0001396263401596265,-0.008301495552062988,0.015495569229125976,0,0,0.5,0,0.0014255679907212197,-0.002640921812156788,-0.18999999999999995,-0.0001396263401596265,0.0036963311498908937,-0.006971512952414713,-0.12713974999999994,0.0009239336727737274,0,0,0,0,0,0,0,0
-0.0010450592805365912,0.002814654040382207,0.684,0.0002617993877993552,0.00570799446105957,0.0026051864624023436,0,0,0.5,0,0.0010450592805365912,-0.002814654040382207,-0.18400000000000005,-0.0002617993877993552,-0.001524199582773428,-0.00234737322058811,-0.11857180769230832,-0.0008256749922904106,0,0,0,0,0,0,0,0
0.0006998819682144291,0.0027117380332350913,0.675,0.0005585053606382839,0.026173713684082032,-0.0015505924224853516,0,0,0.5,0,-0.0006998819682144291,-0.0027117380332350913,-0.17500000000000004,-0.0005585053606382839,-0.009744069568862694,-0.0008080335024225086,-0.09635546153846153,-0.0019279175429718011,0,0,0,0,0,0,0,0
0.0029976460325710766,0.00177439281307241,0.666,0.0010821041362365502,0.03445860290527344,-0.014079425811767578,0,0,0.5,0,-0.0029976460325710766,-0.00177439281307241,-0.16600000000000004,-0.0010821041362365502,-0.013871638308838643,0.004152566130106458,-0.09023446153846154,-0.00349871386976701,0,0,0,0,0,0,0,0
0.007538981345901386,0.0002776590744176118,0.658,0.001640609496874612,0.06809569549560547,-0.022524705886840822,0,0,0.5,0,-0.007538981345901386,-0.0002776590744176118,-0.15800000000000003,-0.001640609496874612,-0.02785754474485316,0.0077907306229153045,-0.09091455757575759,-0.004179270227047621,0,0,0,0,0,0,0,0
0.01358479109606458,-0.0018455752024516756,0.646,0.0017104226669544254,0.09063477325439454,-0.03199725341796875,0,0,0.5,0,-0.01358479109606458,0.0018455752024516756,-0.14600000000000002,-0.0017104226669544254,-0.03986932717462896,0.0125277420094542,-0.059048199999999954,-0.00203767190170355,0,0,0,0,0,0,0,0
0.021717093033067316,-0.004799282567856767,0.636,0.0026354471705114513,0.1219085693359375,-0.04451419067382813,0,0,0.5,0,-0.021717093033067316,0.004799282567856767,-0.136,-0.0026354471705114513,-0.05467589030471927,0.018300855895608967,-0.06371104615384612,-0.006904791033082339,0,0,0,0,0,0,0,0
0.030898252361954554,-0.007683594788980105,0.628,0.0023038346126325045,0.13760289001464843,-0.04362747955322266,0,0,0.5,0,-0.030898252361954554,0.007683594788980105,-0.128,-0.0023038346126325045,-0.06418551083143775,0.019139100169337037,-0.06957775757575754,-0.0007965048040918373,0,0,0,0,0,0,0,0
0.0425184963231682,-0.011841788289956755,0.619,0.0036826447217082055,0.17415950012207032,-0.0627743034362793,0,0,0.5,0,-0.0425184963231682,0.011841788289956755,-0.119,-0.0036826447217082055,-0.08488308767454016,0.02867030126077929,-0.056344849999999974,-0.010145817108000554,0,0,0,0,0,0,0,0
0.053934985991603145,-0.01622137910944161,0.611,0.0034732052114687657,0.17100425720214843,-0.06632405853271485,0,0,0.5,0,-0.053934985991603145,0.01622137910944161,-0.11099999999999999,-0.0034732052114687657,-0.08671763865144351,0.03100930379083061,-0.05811625522388056,-0.002535416359650379,0,0,0,0,0,0,0,0
0.06650766253270621,-0.02066077580091405,0.605,0.003071779483510006,0.18835772705078124,-0.06724555969238281,0,0,0.5,0,-0.06650766253270621,0.02066077580091405,-0.10499999999999998,-0.003071779483510006,-0.10216498779521468,0.034641716184797694,-0.06296679999999996,-0.0011900963837033203,0,0,0,0,0,0,0,0
0.07881721864553,-0.02499532853057085,0.599,0.002792526803190975,0.1844427490234375,-0.06558516693115235,0,0,0.5,0,-0.07881721864553,0.02499532853057085,-0.09899999999999998,-0.002792526803190975,-0.10589639743248616,0.03588718817021767,-0.05931510769230766,-0.0015036682786416017,1425896039858,0,0,0,0,0,0,0
0.09094203303645039,-0.028794035074399656,0.596,0.002722713633111162,0.18171238708496093,-0.057488258361816404,0,0,0.5,0,-0.09094203303645039,0.028794035074399656,-0.09599999999999997,-0.002722713633111162,-0.11102315383147865,0.03491993194893356,-0.07369295384615382,-0.0024004990019735623,1425896039858,0,0,0,0,0,0,0
0.10256019012635177,-0.0319047054971311,0.592,0.0013089969389956653,0.17414466857910157,-0.04713437652587891,0,0,0.5,0,-0.10256019012635177,0.0319047054971311,-0.09199999999999997,-0.0013089969389956653,-0.11417074180221681,0.03279119533604045,-0.06570633846153842,0.005215849341537395,0,0,0,0,0,0,0,0
0.11165462793401804,-0.03524826820050688,0.585,0.0012915436464759895,0.13635079956054688,-0.050331966400146484,0,0,0.5,0,-0.11165462793401804,0.03524826820050688,-0.08499999999999996,-0.0012915436464759895,-0.10520127854063333,0.03573992341937435,-0.044504992307692254,-0.0012109899886928706,0,0,0,0,0,0,0,0
0.12074792553726539,-0.03746292997736883,0.582,0.0006457718232379945,0.1363564453125,-0.03339606475830078,0,0,0.5,0,-0.12074792553726539,0.03746292997736883,-0.08199999999999996,-0.0006457718232379945,-0.10982027393160057,0.03079290791567766,-0.06417645384615381,0.002334713514783521,0,0,0,0,0,0,0,0
0.12420206525592192,-0.03848534820740863,0.578,0.00005235987755991501,0.05180218124389648,-0.015369729042053222,0,0,0.5,0,-0.12420206525592192,0.03848534820740863,-0.07799999999999996,-0.00005235987755991501,-0.080982814581602,0.024826330341375602,-0.05643297878787874,0.0026449671482495375,0,0,0,0,0,0,0,0
0.12652368469500516,-0.038786877426564996,0.576,-0.0014835298641950882,0.034824054718017576,-0.00452476167678833,0,0,0.5,0,-0.12652368469500516,0.038786877426564996,-0.07599999999999996,0.0014835298641950882,-0.07660354816789872,0.02122899161349653,-0.06559399999999996,0.008683013028671666,0,0,0,0,0,0,0,0
0.12823821678796585,-0.0374757213459481,0.575,-0.0029146998508304827,0.02568877601623535,0.019705472946166994,0,0,0.5,0,-0.12823821678796585,0.0374757213459481,-0.07499999999999996,0.0029146998508304827,-0.0740799086329777,0.011888713671479811,-0.07083438461538458,0.009520099789147687,0,0,0,0,0,0,0,0
0.12799205928069302,-0.037228751589233486,0.572,-0.004223696789826371,-0.0037031445503234862,0.0036937685012817384,0,0,0.5,0,-0.12799205928069302,0.037228751589233486,-0.07199999999999995,0.004223696789826371,-0.06348246533200096,0.017519661533437023,-0.0581331538461538,0.010265221123653547,0,0,0,0,0,0,0,0
0.12692116828570038,-0.03671594318737859,0.572,-0.005445427266222326,-0.016095710754394532,0.007624210834503174,0,0,0.5,0,-0.12692116828570038,0.03671594318737859,-0.07199999999999995,0.005445427266222326,-0.05884685078482375,0.01597860631586998,-0.07477659999999996,0.010835414662086835,0,0,0,0,0,0,0,0
0.12423404913754989,-0.03596542531723021,0.571,-0.0045204027626653005,-0.04036749267578125,0.011038114547729492,0,0,0.5,0,-0.12423404913754989,0.03596542531723021,-0.07099999999999995,0.0045204027626653005,-0.04792303426840506,0.014028306525782713,-0.06877163870967738,0.000044477745453884616,0,0,0,0,0,0,0,0
0.1208284884385307,-0.036432024092720054,0.567,-0.003089232776029906,-0.051051250457763674,-0.007229826927185059,0,0,0.5,0,-0.1208284884385307,0.036432024092720054,-0.06699999999999995,0.003089232776029906,-0.04340943013318081,0.02099683292346531,-0.050446878787878735,-0.0034160853450400687,0,0,0,0,0,0,0,0
0.11504547465740679,-0.03613887039988015,0.566,-0.0018500490071138315,-0.0867583770751953,0.004129308700561524,0,0,0.5,0,-0.11504547465740679,0.03613887039988015,-0.06599999999999995,0.0018500490071138315,-0.02751318941157144,0.016820839012503263,-0.06590338461538457,-0.003869260695575743,0,0,0,0,0,0,0,0
0.10881978376907281,-0.03574775916731745,0.567,-0.0003839724354386416,-0.09339605712890625,0.0056938910484313964,0,0,0.5,0,-0.10881978376907281,0.03574775916731745,-0.06699999999999995,0.0003839724354386416,-0.02259644256183986,0.016153322083659324,-0.07783323030303027,-0.006280011981266768,0,0,0,0,0,0,0,0
0.1018616410489975,-0.03566063822214531,0.565,0.0007504915783576022,-0.10437263488769531,0.0012667380571365356,0,0,0.5,0,-0.1018616410489975,0.03566063822214531,-0.06499999999999995,-0.0007504915783576022,-0.014145247089796482,0.017730216468760857,-0.06040869999999995,-0.006068291643027495,0,0,0,0,0,0,0,0
0.09458334240541824,-0.035576351497275935,0.565,0.001867502299633948,-0.10917350006103516,0.0013462350368499756,0,0,0.5,0,-0.09458334240541824,0.035576351497275935,-0.06499999999999995,-0.001867502299633948,-0.009429081090940025,0.01773378880825904,-0.07176869999999996,-0.007022936397832467,1425896040834,0,0,0,0,0,0,0
0.08669758688725657,-0.03589577854647936,0.565,0.003700098014228102,-0.11829507446289063,-0.004570497512817383,0,0,0.5,0,-0.08669758688725657,0.03589577854647936,-0.06499999999999995,-0.003700098014228102,-0.002271635130969063,0.0200906779877695,-0.07219119999999996,-0.012158232081585734,1425896040834,0,0,0,0,0,0,0
0.0788690491688587,-0.036472426269756886,0.567,0.00479965544298455,-0.11745926666259765,-0.00821516227722168,0,0,0.5,0,-0.0788690491688587,0.036472426269756886,-0.06699999999999995,-0.00479965544298455,0.0012832730013880647,0.021787743325344167,-0.08499593076923073,-0.009874535883398925,1425896040834,0,0,0,0,0,0,0
0.07157306093525652,-0.03687603886017745,0.563,0.004223696789826369,-0.10946762084960937,-0.005528847694396973,0,0,0.5,0,-0.07157306093525652,0.03687603886017745,-0.06299999999999994,-0.004223696789826369,0.001421210953789817,0.021049231401623365,-0.050553277611940235,-0.0016447774473270522,1425896040834,0,0,0,0,0,0,0
0.06454677571767241,-0.03724325254685357,0.564,0.0024260076602720107,-0.10541660308837891,-0.00506300401687622,0,0,0.5,0,-0.06454677571767241,0.03724325254685357,-0.06399999999999995,-0.0024260076602720107,0.004627194216440762,0.02112450397791661,-0.07820755555555553,0.006134416766177315,1425896040834,0,0,0,0,0,0,0
0.058058104373764116,-0.037850748446442796,0.563,0.0002617993877993543,-0.09735189056396484,-0.008876288414001465,0,0,0.5,0,-0.058058104373764116,0.037850748446442796,-0.06299999999999994,-0.0002617993877993543,-0.029029052186882058,0.018925374223221398,-0.05039999999999996,-0.0002617993877993543,1425896040834,0,0,0,0,0,0,0
0.051693291200475715,-0.03783432218729812,0.563,-0.00244346095279191,-0.09547212982177734,0.000271388441324234,0,0,0.5,0,-0.051693291200475715,0.03783432218729812,-0.06299999999999994,0.00244346095279191,0.008391824693573215,0.01885330431536869,-0.05080949999999996,0.014929277909366979,1425896041226,0,0,0,0,0,0,0
0.045404592160040405,-0.038057155609264814,0.562,-0.00431096325242586,-0.09432203674316406,-0.003572983980178833,0,0,0.5,0,-0.045404592160040405,0.038057155609264814,-0.062000000000000055,0.00431096325242586,0.012172715278945933,0.020315109577458523,-0.044844544444445106,0.013203831345920857,1425896041289,0,0,0,0,0,0,0
0.040610196790812,-0.03870043883164446,0.563,-0.0040666171571468466,-0.07187366485595703,-0.009959184646606445,0,0,0.5,0,-0.040610196790812,0.03870043883164446,-0.06299999999999994,0.0040666171571468466,0.004650836184133488,0.02278515177106927,-0.056846080597014306,0.00297253016336022,1425896041356,0,0,0,0,0,0,0
0.0372984861240466,-0.03940420090457327,0.563,-0.00411897703470654,-0.049632320404052736,-0.010758355140686035,0,0,0.5,0,-0.0372984861240466,0.03940420090457327,-0.06299999999999994,0.00411897703470654,-0.0003637628793313058,0.023711212004378257,-0.05201909999999996,0.0043683097849907945,1425896041419,0,0,0,0,0,0,0
0.03366423983848893,-0.04061784166784882,0.565,-0.003001966313430194,-0.05443824768066406,-0.018428997039794923,0,0,0.5,0,-0.03366423983848893,0.04061784166784882,-0.06499999999999995,0.003001966313430194,0.0023052674530006367,0.026871024612110918,-0.06465416060606058,-0.002075355146916832,1425896041485,0,0,0,0,0,0,0
0.029968480722166863,-0.042699532754974005,0.565,-0.0029845130209102963,-0.05534239959716797,-0.03139164352416992,0,0,0.5,0,-0.029968480722166863,0.042699532754974005,-0.06499999999999995,0.0029845130209102963,0.004761390713284986,0.032712756961072176,-0.05447059999999996,0.0029039593631261526,1425896041550,0,0,0,0,0,0,0
0.025402911973695624,-0.04417989225067225,0.57,-0.0018675022996339505,-0.06841695404052735,-0.022409683227539064,0,0,0.5,0,-0.025402911973695624,0.04417989225067225,-0.06999999999999995,0.0018675022996339505,0.012095629921479169,0.03036782197831052,-0.08626234999999999,-0.0033684854563489205,1425896041614,0,0,0,0,0,0,0
0.02167918866067814,-0.045515437775182216,0.572,-0.0010122909661567378,-0.05581834030151367,-0.02013745880126953,0,0,0.5,0,-0.02167918866067814,0.045515437775182216,-0.07199999999999995,0.0010122909661567378,0.008722246789301898,0.030052357324950173,-0.07159986060606058,-0.0028750332769215013,1425896041680,0,0,0,0,0,0,0
0.019265125488191225,-0.047677177176042085,0.574,-0.0006632251157578936,-0.036178104400634764,-0.03246273040771484,0,0,0.5,0,-0.019265125488191225,0.047677177176042085,-0.07399999999999995,0.0006632251157578936,0.003168540172952374,0.03572191403839099,-0.07384403076923074,-0.0009478480399290796,1425896041745,0,0,0,0,0,0,0
0.018182317088130045,-0.05009480240673087,0.57,-0.00034906585039884506,-0.01621807098388672,-0.03627514266967773,0,0,0.5,0,-0.018182317088130045,0.05009480240673087,-0.06999999999999995,0.00034906585039884506,-0.003470169061570585,0.03834113505130163,-0.038791338461538406,-0.0011008999897198408,1425896041810,0,0,0,0,0,0,0
0.01744362722963517,-0.0529828155544411,0.57,-0.00019198621771932076,-0.011065225601196289,-0.04332406234741211,0,0,0.5,0,-0.01744362722963517,0.0529828155544411,-0.06999999999999995,0.00019198621771932076,-0.004965108483071754,0.04235243846999796,-0.060784799999999965,-0.0005329967023400222,1425896041875,0,0,0,0,0,0,0
0.016321110942129968,-0.05309085835973099,0.568,0.0002094395102394389,-0.016837432861328126,-0.0016238746643066407,0,0,0.5,0,-0.016321110942129968,0.05309085835973099,-0.06799999999999995,-0.0002094395102394389,-0.0023477013667605236,0.0274718978560057,-0.048857569230769185,-0.002062173639279868,1425896041940,0,0,0,0,0,0,0
0.014582595202074103,-0.052899731469564004,0.569,0.0006108652381979765,-0.02607713508605957,0.0028723649978637696,0,0,0.5,0,-0.014582595202074103,0.052899731469564004,-0.06899999999999995,-0.0006108652381979765,0.0018289979455050022,0.0257998054916096,-0.06625991538461534,-0.0024635993672373806,1425896042005,0,0,0,0,0,0,0
0.01314206444760155,-0.05185275643933639,0.568,0.0002617993877993543,-0.021598363876342775,0.015717822074890135,0,0,0.5,0,-0.01314206444760155,0.05185275643933639,-0.06799999999999995,-0.0002617993877993543,0.0008185292033201039,0.02078754527713949,-0.055221069696969646,0.001324863568558019,1425896042071,0,0,0,0,0,0,0
0.0121103640627855,-0.05158941238292306,0.567,0.0003316125578789456,-0.01547447109222412,0.0039542121887207035,0,0,0.5,0,-0.0121103640627855,0.05158941238292306,-0.06699999999999995,-0.0003316125578789456,-0.0006704380012243303,0.024800867976160657,-0.054684149999999945,-0.0006588617926270296,1425896042135,0,0,0,0,0,0,0
0.012684473697511665,-0.05116441042363893,0.567,0.00008726646259971022,0.008613758087158203,0.0063721733093261715,0,0,0.5,0,-0.012684473697511665,0.05116441042363893,-0.06699999999999995,-0.00008726646259971022,-0.009699208777556,0.023773314583351298,-0.06058839999999996,0.001040484746381376,1425896042200,0,0,0,0,0,0,0
0.013537838475963519,-0.0507945513744176,0.567,-0.00005235987755969423,0.012800955772399902,0.0055467686653137204,0,0,0.5,0,-0.013537838475963519,0.0507945513744176,-0.06699999999999995,0.00005235987755969423,-0.011638372304929624,0.023918324879010643,-0.06102389999999996,0.0006967891398338686,1425896042265,0,0,0,0,0,0,0
0.014793604750604074,-0.04933060701268833,0.569,-0.00043633231299855605,0.018835344314575196,0.02196015167236328,0,0,0.5,0,-0.014793604750604074,0.04933060701268833,-0.06899999999999995,0.00043633231299855605,-0.014340344714586888,0.017447118313150073,-0.07368536060606058,0.0021816615649933825,1425896042331,0,0,0,0,0,0,0
0.016955113990104895,-0.04764889440011146,0.569,-0.0006108652381979782,0.03241162872314453,0.025239833831787108,0,0,0.5,0,-0.016955113990104895,0.04764889440011146,-0.06899999999999995,0.0006108652381979782,-0.02059333765286874,0.015203232761448669,-0.06352089999999996,0.0014289883250702695,1425896042395,0,0,0,0,0,0,0
0.019468094317492007,-0.04638625676632383,0.568,-0.000628318530717876,0.0376831283569336,0.018962587356567383,0,0,0.5,0,-0.019468094317492007,0.04638625676632383,-0.06799999999999995,0.000628318530717876,-0.023368333932344592,0.01710358909032808,-0.057866669696969644,0.0007076516785355933,1425896042461,0,0,0,0,0,0,0
0.021783865759798526,-0.045422527279218104,0.568,-0.0004712388980383517,0.03472748184204102,0.014477765083312989,0,0,0.5,0,-0.021783865759798526,0.045422527279218104,-0.06799999999999995,0.0004712388980383517,-0.02387812557564503,0.018076204765346753,-0.06360489999999996,-0.0002650718801469184,1425896042525,0,0,0,0,0,0,0
0.024579941963583853,-0.044185181787612486,0.571,-0.0005934119456780804,0.04193239212036133,0.018579944610595703,0,0,0.5,0,-0.024579941963583853,0.044185181787612486,-0.07099999999999995,0.0005934119456780804,-0.027683560508159705,0.01609401845013124,-0.08262024615384611,0.0011572875501691358,1425896042590,0,0,0,0,0,0,0
0.026283525871594295,-0.04338642126505885,0.57,-0.0013439035240356842,0.02554664421081543,0.011996569633483887,0,0,0.5,0,-0.026283525871594295,0.04338642126505885,-0.06999999999999995,0.0013439035240356842,-0.022669785930578237,0.018084450734495085,-0.06073678461538458,0.004807710808763086,1425896042655,0,0,0,0,0,0,0
0.02760445944392814,-0.043006066014094575,0.567,-0.0025307274153918433,0.019806318283081055,0.0057319517135620114,0,0,0.5,0,-0.02760445944392814,0.043006066014094575,-0.06699999999999995,0.0025307274153918433,-0.017644298201573982,0.021259454228095043,-0.05678337910447757,0.005187795828875781,1425896042789,0,0,0,0,0,0,0
0.02837700610909573,-0.042978293819483905,0.565,-0.002740166925631061,0.011587108612060547,0.00044590812921524046,0,0,0.5,0,-0.02837700610909573,0.042978293819483905,-0.06499999999999995,0.002740166925631061,-0.01895911617788711,0.02210890136273684,-0.05213187741935479,0.0037535839106595335,1425896042851,0,0,0,0,0,0,0
0.02917124882905406,-0.04432540219304394,0.563,-0.0024958208303518256,0.011968965530395509,-0.020173904418945312,0,0,0.5,0,-0.02917124882905406,0.04432540219304394,-0.06299999999999994,0.0024958208303518256,-0.01929073988943967,0.03022170605192138,-0.05146246923076918,0.0013680696213707396,1425896042916,0,0,0,0,0,0,0
0.02942409268128091,-0.045623565110405974,0.562,-0.002705260340591265,0.0038412456512451174,-0.01946291732788086,0,0,0.5,0,-0.02942409268128091,0.045623565110405974,-0.062000000000000055,0.002705260340591265,-0.016342476293116304,0.02970943832577577,-0.05723003333333389,0.003543018381549022,1425896042991,0,0,0,0,0,0,0
0.02872007811178889,-0.047111324878406316,0.56,-0.002897246558310585,-0.010499808311462402,-0.02234488296508789,0,0,0.5,0,-0.02872007811178889,0.047111324878406316,-0.06000000000000005,0.002897246558310585,-0.010426523215729141,0.03372010548735384,-0.04813270000000003,0.003925744153235513,1425896043047,0,0,0,0,0,0,0
0.028260350239987884,-0.0496186462909813,0.557,-0.00352556508902846,-0.006786924362182617,-0.037629642486572266,0,0,0.5,0,-0.028260350239987884,0.0496186462909813,-0.05700000000000005,0.00352556508902846,-0.012100700164395593,0.039418937552284844,-0.04219125000000003,0.006470808201768499,1425896043111,0,0,0,0,0,0,0
0.02768498366217555,-0.051805348789832104,0.554,-0.0033161255787892423,-0.00851480484008789,-0.03283076095581055,0,0,0.5,0,-0.02768498366217555,0.051805348789832104,-0.05400000000000005,0.0033161255787892423,-0.011247021187099799,0.038608600220293166,-0.04039465384615388,0.0023494816853774684,1425896043176,0,0,0,0,0,0,0
0.026504169601297502,-0.05554469780065023,0.552,-0.0033161255787892423,-0.017526111602783202,-0.05614866256713867,0,0,0.5,0,-0.026504169601297502,0.05554469780065023,-0.052000000000000046,0.0033161255787892423,-0.00741374003500931,0.0488747830744813,-0.04451726923076926,0.0033161255787892423,1425896043241,0,0,0,0,0,0,0
0.02546382718694571,-0.05857303843681797,0.551,-0.0034033920413889533,-0.015454415321350098,-0.04547660827636719,0,0,0.5,0,-0.02546382718694571,0.05857303843681797,-0.051000000000000045,0.0034033920413889533,-0.007666506104492459,0.046598519234816255,-0.04943338461538464,0.0038061603303106966,1425896043306,0,0,0,0,0,0,0
0.023556207768952727,-0.06000614914993965,0.548,-0.0035779249665883754,-0.028540964126586913,-0.021593921661376952,0,0,0.5,0,-0.023556207768952727,0.06000614914993965,-0.04800000000000004,0.0035779249665883754,-0.00221392368194423,0.038648058609732944,-0.03682570909090912,0.004371256444767567,1425896043372,0,0,0,0,0,0,0
0.022127270381091302,-0.060842030993230864,0.547,-0.0036826447217079843,-0.021389062881469727,-0.012614836692810058,0,0,0.5,0,-0.022127270381091302,0.060842030993230864,-0.04700000000000004,0.0036826447217079843,-0.003935723051696296,0.036006619545349026,-0.04685568461538464,0.004165966668413871,1425896043437,0,0,0,0,0,0,0
0.020505071152918306,-0.0606860762154752,0.545,-0.002862339973270567,-0.024341438293457033,0.0022496962547302246,0,0,0.5,0,-0.020505071152918306,0.0606860762154752,-0.04500000000000004,0.002862339973270567,-0.0020973110552584325,0.030627429377297302,-0.04016356923076925,-0.0009236819425944343,1425896043502,0,0,0,0,0,0,0
0.018413385700172206,-0.06048320726956843,0.543,-0.002687807048071367,-0.03138386344909668,0.0029532151222229006,0,0,0.5,0,-0.018413385700172206,0.06048320726956843,-0.04300000000000004,0.002687807048071367,0.001464565718110841,0.030312694237486257,-0.03884306923076926,0.0018822704702289054,1425896043567,0,0,0,0,0,0,0
0.01676962664060413,-0.061140067785499096,0.541,-0.0019024088846737455,-0.02462981414794922,-0.009919143676757813,0,0,0.5,0,-0.01676962664060413,0.061140067785499096,-0.041000000000000036,0.0019024088846737455,-0.0001363663573031946,0.03531017802632915,-0.03750956923076926,-0.0017225057156229696,1425896043632,0,0,0,0,0,0,0
0.015706440843222293,-0.06125093496508789,0.542,-0.0025307274153918424,-0.015944594383239745,-0.0016933438777923585,0,0,0.5,0,-0.015706440843222293,0.06125093496508789,-0.04200000000000004,0.0025307274153918424,-0.002741146364624714,0.03246546060508693,-0.05473641538461542,0.005430659095629213,1425896043697,0,0,0,0,0,0,0
0.014698326531571845,-0.06199502279664653,0.541,-0.0025481807079117402,-0.015093420028686523,-0.01119955062866211,0,0,0.5,0,-0.014698326531571845,0.06199502279664653,-0.041000000000000036,0.0025481807079117402,-0.0025431818903678865,0.03628745095013707,-0.04343368461538464,0.002628734365695884,1425896043762,0,0,0,0,0,0,0
0.013438496253024072,-0.06292189804601463,0.54,-0.0022340214425526916,-0.01886196517944336,-0.013951237678527833,0,0,0.5,0,-0.013438496253024072,0.06292189804601463,-0.040000000000000036,0.0022340214425526916,-0.0005666081057497888,0.037776027750601945,-0.042893684615384634,0.0007840556024340058,1425896043827,0,0,0,0,0,0,0
0.01193787895168164,-0.06444105893983865,0.541,-0.0021467549799529806,-0.022458295822143554,-0.022837642669677735,0,0,0.5,0,-0.01193787895168164,0.06444105893983865,-0.041000000000000036,0.0021467549799529806,0.0014724864309586813,0.041766725279049066,-0.05472941538461542,0.0017439866910312373,1425896043892,0,0,0,0,0,0,0
0.009699320529553314,-0.06540566477307459,0.54,-0.0020943951023932868,-0.033547237396240236,-0.014541138648986816,0,0,0.5,0,-0.009699320529553314,0.06540566477307459,-0.040000000000000036,0.0020943951023932868,0.00655899019560269,0.039305476166910665,-0.04342018461538463,0.0018527341290408537,1425896043957,0,0,0,0,0,0,0
0.007288692138720661,-0.06688593402931249,0.538,-0.002268928027592487,-0.03611284255981445,-0.022279722213745117,0,0,0.5,0,-0.007288692138720661,0.06688593402931249,-0.038000000000000034,0.002268928027592487,0.008686097341844447,0.04286573585292842,-0.03668256923076925,0.0030744646054349485,1425896044022,0,0,0,0,0,0,0
0.004410088962559769,-0.06780616846757728,0.537,-0.0019547687622336603,-0.04314761734008789,-0.013901451110839843,0,0,0.5,0,-0.004410088962559769,0.06780616846757728,-0.03700000000000003,0.0019547687622336603,0.01240750142492196,0.04027995564474791,-0.04159296969696972,0.0005267721015117216,1425896044088,0,0,0,0,0,0,0
0.0015352641830444647,-0.06887316276439187,0.537,-0.002251474735072811,-0.04309100341796875,-0.016089178085327147,0,0,1,0,-0.0015352641830444647,0.06887316276439187,0.46299999999999997,0.002251474735072811,-0.0007676320915222324,0.034436581382195935,0.3704,0.002251474735072811,0,0,0,0,0,0,0,0
-0.001449034410733224,-0.06901478645891371,0.537,-0.0047298422729047385,-0.04475958251953125,-0.0022251360416412356,0,0,1,0,0.001449034410733224,0.06901478645891371,0.46299999999999997,0.0047298422729047385,0.016315107578155998,0.03529345840627452,0.3735021,0.015827010352749186,0,0,0,0,0,0,0,0
-0.004448690491778764,-0.0687166816330169,0.541,-0.005672320068981662,-0.04501548767089844,0.004258704662322998,0,0,1,0,0.004448690491778764,0.0687166816330169,0.45899999999999996,0.005672320068981662,0.01889287477976295,0.03279173431121582,0.3509715777777777,0.01016030957410987,0,0,0,0,0,0,0,0
-0.008511997260474457,-0.06824898378900922,0.543,-0.005864306286700982,-0.060988414764404295,0.006669631004333496,0,0,1,0,0.008511997260474457,0.06824898378900922,0.45699999999999996,0.005864306286700982,0.026144649095652193,0.0317400121441285,0.3637950692307692,0.006750396522328612,0,0,0,0,0,0,0,0
-0.011046919324042875,-0.0680578998732137,0.549,-0.006492624817418857,-0.03803998565673828,0.0026432273387908935,0,0,1,0,0.011046919324042875,0.0680578998732137,0.45099999999999996,0.006492624817418857,0.019189526828157867,0.03317816743459848,0.3403881076923077,0.009392556497655203,0,0,0,0,0,0,0,0
-0.012467190961548044,-0.06635585814588164,0.559,-0.007522369076095492,-0.021469385147094726,0.025391769409179688,0,0,1,0,0.012467190961548044,0.06635585814588164,0.44099999999999995,0.007522369076095492,0.013790054182877973,0.024373875972989886,0.3145760969696969,0.012203024797352923,0,0,0,0,0,0,0,0
-0.015532057928339683,-0.06639461279468666,0.568,-0.00863937979737184,-0.045967330932617186,-0.0009271259307861328,0,0,1,0,0.015532057928339683,0.06639461279468666,0.43200000000000005,0.00863937979737184,0.024303969792888583,0.033671067530953704,0.31475286153846216,0.013794813895570367,0,0,0,0,0,0,0,0
-0.01884537826500961,-0.06524791363158534,0.581,-0.009302604913129732,-0.04984654998779297,0.01677047538757324,0,0,1,0,0.01884537826500961,0.06524791363158534,0.41900000000000004,0.009302604913129732,0.027040576238699893,0.026851122283833323,0.28664040606060603,0.012317264530211064,0,0,0,0,0,0,0,0
-0.022320761474760063,-0.06403553223460776,0.594,-0.009686577348568594,-0.052297664642333985,0.017699989318847656,0,0,1,0,0.022320761474760063,0.06403553223460776,0.406,0.009686577348568594,0.030227916910234555,0.025736683971639234,0.27668444999999997,0.011486448139688259,0,0,0,0,0,0,0,0
-0.025579412369766588,-0.061874557854109315,0.609,-0.009878563566287916,-0.04919145202636719,0.031939624786376956,0,0,1,0,0.025579412369766588,0.061874557854109315,0.391,0.009878563566287916,0.030414448789798213,0.019690610113724763,0.2575504692307692,0.010764653801915554,0,0,0,0,0,0,0,0
-0.02763996609533416,-0.05908476006120389,0.624,-0.010367255756846164,-0.031320178985595706,0.04153960037231445,0,0,1,0,0.02763996609533416,0.05908476006120389,0.376,0.010367255756846164,0.025011399179718827,0.014948144090658842,0.24799446923076915,0.012622758174807312,0,0,0,0,0,0,0,0
-0.028708928159748247,-0.05604642864737239,0.639,-0.01080358806984472,-0.01650604820251465,0.04540629196166992,0,0,1,0,0.028708928159748247,0.05604642864737239,0.361,0.01080358806984472,0.02022520130132634,0.012127150603531166,0.23834096923076917,0.012817429514453436,0,0,0,0,0,0,0,0
-0.029098429306017127,-0.05320480157083672,0.654,-0.010245082709206658,-0.006302663803100586,0.04255879974365234,0,0,1,0,0.029098429306017127,0.05320480157083672,0.346,0.010245082709206658,0.01671820572499056,0.012257909807726196,0.23107019104477605,0.007744312437692948,0,0,0,0,0,0,0,0
-0.02893569357445929,-0.049846352954775526,0.67,-0.009983283321407525,0.0019248031377792358,0.050399093627929686,0,0,1,0,0.02893569357445929,0.049846352954775526,0.32999999999999996,0.009983283321407525,0.01371627246811095,0.006796361384117381,0.209818511111111,0.00873661956998308,0,0,0,0,0,0,0,0
-0.028730815811036592,-0.0460372587496157,0.683,-0.00923279174304992,0.0025026137828826904,0.05716424560546875,0,0,1,0,0.028730815811036592,0.0460372587496157,0.31699999999999995,0.00923279174304992,0.013433408057328849,0.00306927910817845,0.22036789999999995,0.005768984458322518,0,0,0,0,0,0,0,0
-0.027467794022135898,-0.04216741178216768,0.698,-0.009005898940290805,0.018408584594726562,0.05822014617919922,0,0,1,0,0.027467794022135898,0.04216741178216768,0.30200000000000005,0.009005898940290805,0.007225371043896644,0.0011507776383168009,0.200815645454546,0.007974568018658462,0,0,0,0,0,0,0,0
-0.02606803029591439,-0.03893940374428599,0.71,-0.008709192967451655,0.02055954360961914,0.04860724639892578,0,0,1,0,0.02606803029591439,0.03893940374428599,0.29000000000000004,0.008709192967451655,0.005585057662329326,0.002430441617073592,0.2069921,0.007318383719768135,0,0,0,0,0,0,0,0
-0.024142845672662155,-0.03530872683760247,0.721,-0.008360127117053032,0.028402376174926757,0.05470958709716797,0,0,1,0,0.024142845672662155,0.03530872683760247,0.279,0.008360127117053032,0.0019267373375753596,-0.0012585759349541155,0.20639983076923077,0.0067490539613670845,0,0,0,0,0,0,0,0
-0.02192798146223147,-0.032085102979568576,0.734,-0.007557275661135291,0.03281755828857422,0.04863041305541992,0,0,1,0,0.02192798146223147,0.032085102979568576,0.266,0.007557275661135291,-0.0007262547414196435,-0.0006577084389209863,0.18695959999999995,0.0038518074030534084,0,0,0,0,0,0,0,0
-0.01953467381891408,-0.028153439307751056,0.746,-0.006998770300497229,0.03545290374755859,0.05924457168579102,0,0,1,0,0.01953467381891408,0.028153439307751056,0.254,0.006998770300497229,-0.0028710602791013843,-0.006417762613499222,0.18439521538461537,0.004421053251398482,0,0,0,0,0,0,0,0
-0.01634205101388623,-0.02438726918114327,0.757,-0.006230825429619728,0.04749279403686523,0.05682633209228516,0,0,1,0,0.01634205101388623,0.02438726918114327,0.243,0.006230825429619728,-0.008760754065358775,-0.007393876862244497,0.18255933076923073,0.0026864644871081866,0,0,0,0,0,0,0,0
-0.012341780641098983,-0.020956400275653778,0.768,-0.00553269372882204,0.05968223571777344,0.051835906982421874,0,0,1,0,0.012341780641098983,0.020956400275653778,0.23199999999999998,0.00553269372882204,-0.014775252810507466,-0.007010104257531341,0.1761879666666666,0.0023593678161052747,0,0,0,0,0,0,0,0
-0.007926540478267893,-0.01767531698398151,0.779,-0.004729842272904743,0.06595529174804687,0.049581916809082034,0,0,1,0,0.007926540478267893,0.01767531698398151,0.22099999999999997,0.004729842272904743,-0.01991008953929435,-0.00838875618029525,0.16697944999999995,0.000966476073292412,0,0,0,0,0,0,0,0
-0.0019967388622117222,-0.015298024203764683,0.79,-0.004869468613064147,0.0887773666381836,0.036079696655273434,0,0,1,0,0.0019967388622117222,0.015298024203764683,0.20999999999999996,0.004869468613064147,-0.030657548836112707,-0.004424841881429121,0.16046993076923072,0.005513897875338321,0,0,0,0,0,0,0,0
0.0040742506299516704,-0.013191163540000472,0.798,-0.004625122517784912,0.09090987396240234,0.032045970916748046,0,0,1,0,-0.0040742506299516704,0.013191163540000472,0.20199999999999996,0.004625122517784912,-0.033480196533377075,-0.0036746153977006597,0.17286305522388057,0.003531035523997291,0,0,0,0,0,0,0,0
0.010387362142870204,-0.012550086353633947,0.809,-0.00483456202802413,0.09465118408203126,0.010054037094116211,0,0,1,0,-0.010387362142870204,0.012550086353633947,0.19099999999999995,0.00483456202802413,-0.03945410457508717,0.0035129757434923152,0.14692024999999995,0.0058163097322704626,0,0,0,0,0,0,0,0
0.014606894511849617,-0.01202960256744769,0.819,-0.005602506898901853,0.06325450134277344,0.008113158226013184,0,0,1,0,-0.014606894511849617,0.01202960256744769,0.18100000000000005,0.005602506898901853,-0.029769095564625495,0.003963838952468577,0.14640684615384678,0.009146867841414424,0,0,0,0,0,0,0,0
0.018303356850167183,-0.011148060251363119,0.826,-0.006178465552060035,0.055371982574462894,0.013533567428588867,0,0,1,0,-0.018303356850167183,0.011148060251363119,0.17400000000000004,0.006178465552060035,-0.02881269298140387,0.0015861527187526038,0.15809169230769235,0.008836736258943951,0,0,0,0,0,0,0,0
0.022365775419664245,-0.010632722242945682,0.833,-0.007627088831215327,0.060887355804443356,0.008106412887573243,0,0,1,0,-0.022365775419664245,0.010632722242945682,0.16700000000000004,0.007627088831215327,-0.03186459036088123,0.0034300052397225004,0.15529018823529417,0.014018073886312203,0,0,0,0,0,0,0,0
0.02404236732519557,-0.0115384422943493,0.84,-0.008237954069413304,0.025251766204833985,-0.013393594741821288,0,0,1,0,-0.02404236732519557,0.0115384422943493,0.16000000000000003,0.008237954069413304,-0.021272916963162542,0.011655429917024533,0.14719547096774196,0.011193753609080932,0,0,0,0,0,0,0,0
0.02476036806406083,-0.011194367089678942,0.846,-0.009407324668249343,0.010727128982543944,0.0052496747970581055,0,0,1,0,-0.02476036806406083,0.011194367089678942,0.15400000000000003,0.009407324668249343,-0.0160495376717223,0.004525020238712267,0.15060490769230772,0.014804419739800293,0,0,0,0,0,0,0,0
0.023250258648968448,-0.01123527185294972,0.853,-0.01069886831472511,-0.022644866943359376,-0.0008266324996948243,0,0,1,0,-0.023250258648968448,0.01123527185294972,0.14700000000000002,0.01069886831472511,-0.0033120794186798554,0.00662574460519665,0.14057579230769232,0.016659838990767117,0,0,0,0,0,0,0,0
0.021320165478769464,-0.010339319323171139,0.86,-0.011484266478122732,-0.029093523025512696,0.013128777503967286,0,0,1,0,-0.021320165478769464,0.010339319323171139,0.14,0.011484266478122732,-0.00041009947117662607,0.001284090230485241,0.13703893582089555,0.01500097467244044,0,0,0,0,0,0,0,0
0.018738255316531015,-0.009416125925266701,0.87,-0.012077678423800814,-0.03888512802124024,0.0134022274017334,0,0,1,0,-0.018738255316531015,0.009416125925266701,0.13,0.012077678423800814,0.004906108064048032,0.000460154993492062,0.11175059999999999,0.01485929691916682,0,0,0,0,0,0,0,0
0.017154076336431765,-0.008867694840157758,0.877,-0.012950343049797924,-0.023860305786132813,0.007938875198364257,0,0,1,0,-0.017154076336431765,0.008867694840157758,0.123,0.012950343049797924,0.0000974207129641972,0.002287326889094665,0.12394529230769233,0.016978025939015356,0,0,0,0,0,0,0,0
0.015233783587309967,-0.007660474623666963,0.883,-0.013910274138394968,-0.02903647804260254,0.017733768463134767,0,0,1,0,-0.015233783587309967,0.007660474623666963,0.11699999999999999,0.013910274138394968,0.0030192239295623174,-0.001960275616046698,0.12477390000000002,0.01840995111619361,0,0,0,0,0,0,0,0
0.011938325106734465,-0.005859131584277259,0.888,-0.01474803217935206,-0.04980294036865234,0.02632994270324707,0,0,1,0,-0.011938325106734465,0.005859131584277259,0.11199999999999999,0.01474803217935206,0.011902368720638946,-0.0059546925841453754,0.12739132307692308,0.01861460775300018,0,0,0,0,0,0,0,0
0.008753855741905235,-0.004324687153159038,0.893,-0.015585790220309375,-0.04810128402709961,0.02230971908569336,0,0,1,0,-0.008753855741905235,0.004324687153159038,0.10699999999999998,0.015585790220309375,0.012631386965156883,-0.005156726379851776,0.1245054484848485,0.019393781315569895,0,0,0,0,0,0,0,0
0.006056252704598905,-0.00255429451018705,0.901,-0.016074482410867626,-0.04087300872802734,0.025922025680541992,0,0,1,0,-0.006056252704598905,0.00255429451018705,0.09899999999999998,0.016074482410867626,0.011614469195055844,-0.007435940555526992,0.1021871769230769,0.01832998482882878,1425896046625,0,0,0,0,0,0,0
0.0029477910285192433,-0.000030156198893322318,0.907,-0.017174039839624074,-0.04722948837280273,0.03710771179199219,0,0,1,0,-0.0029477910285192433,0.000030156198893322318,0.09299999999999997,0.017174039839624074,0.015379099716168155,-0.01275662063137702,0.10876090769230766,0.02224892028003845,1425896046625,0,0,0,0,0,0,0
0.00010159519237562775,0.0016315757266005305,0.913,-0.017889624832941882,-0.04311470031738281,0.02418912887573242,0,0,1,0,-0.00010159519237562775,-0.0016315757266005305,0.08699999999999997,0.017889624832941882,0.015389930920786207,-0.00894482042557768,0.10452640769230769,0.021192324802100995,1425896046625,0,0,0,0,0,0,0
-0.002943216461899255,0.0043454681015782995,0.916,-0.01918116847941765,-0.04639308547973633,0.03988485717773437,0,0,1,0,0.002943216461899255,-0.0043454681015782995,0.08399999999999996,0.01918116847941765,0.01798371962856148,-0.015970070510707524,0.11882625384615383,0.025142139155459656,1425896046625,0,0,0,0,0,0,0
-0.0060766331088087135,0.0067430652947370225,0.92,-0.020507618710933435,-0.04768239212036133,0.03505585861206055,0,0,1,0,0.0060766331088087135,-0.0067430652947370225,0.07999999999999996,0.020507618710933435,0.020031481570030797,-0.015470124197625905,0.11076163846153841,0.026629696702544753,1425896046625,0,0,0,0,0,0,0
-0.008747241008543965,0.009534018698549463,0.924,-0.021764255772369186,-0.040909172058105465,0.04103403854370117,0,0,1,0,0.008747241008543965,-0.009534018698549463,0.07599999999999996,0.021764255772369186,0.004373620504271983,-0.0047670093492747315,0.060799999999999965,0.021764255772369186,1425896046625,0,0,0,0,0,0,0
-0.011186321692747116,0.010073727462541093,0.93,-0.02330014551412419,-0.036753726959228517,0.007297505378723144,0,0,1,0,0.011186321692747116,-0.010073727462541093,0.06999999999999995,0.02330014551412419,0.018733943331952344,-0.007949535767922284,0.024147307692307635,0.03038886739914728,1425896047015,0,0,0,0,0,0,0
-0.01267512205020066,0.011836668069755519,0.933,-0.02420771672516132,-0.022942039489746095,0.02591663932800293,0,0,1,0,0.01267512205020066,-0.011836668069755519,0.06699999999999995,0.02420771672516132,0.014369688272898484,-0.015425332907743734,0.0383366538461538,0.028396506929948082,1425896047080,0,0,0,0,0,0,0
-0.014208895082205322,0.012893085423966931,0.938,-0.024469516112960676,-0.023383419036865236,0.015284734725952149,0,0,1,0,0.014208895082205322,-0.012893085423966931,0.062000000000000055,0.024469516112960676,0.015387971125979494,-0.012157566112666487,0.023970423076923705,0.025677820979726932,1425896047145,0,0,0,0,0,0,0
-0.015667164283186614,0.013421238343438209,0.945,-0.02532472744643767,-0.022061325073242186,0.00738472843170166,0,0,1,0,0.015667164283186614,-0.013421238343438209,0.05500000000000005,0.02532472744643767,0.015601913953036138,-0.00954291038823745,0.008535287878787885,0.029212051689514913,1425896047211,0,0,0,0,0,0,0
-0.01744259446760939,0.013481969527581112,0.946,-0.027227136331111637,-0.026645980834960937,0.00023631346225738524,0,0,1,0,0.01744259446760939,-0.013481969527581112,0.05400000000000005,0.027227136331111637,0.01847693036398928,-0.007113217167497953,0.03973335000000004,0.03614467797802086,1425896047275,0,0,0,0,0,0,0
-0.020284751520586432,0.013507573666245698,0.948,-0.028204520712228356,-0.04262701034545899,-0.0007766938209533692,0,0,1,0,0.020284751520586432,-0.013507573666245698,0.052000000000000046,0.028204520712228356,0.025274057983327873,-0.006938590095389749,0.03333923939393943,0.032647176990031626,1425896047341,0,0,0,0,0,0,0
-0.02360911937635255,0.013477351653778493,0.953,-0.02970550386894356,-0.049832901000976565,-0.001859396457672119,0,0,1,0,0.02360911937635255,-0.013477351653778493,0.04700000000000004,0.02970550386894356,0.029779985161176116,-0.0066337259312248716,0.013327723076923096,0.03663311843839835,1425896047406,0,0,0,0,0,0,0
-0.026028783489651697,0.013959125071273072,0.954,-0.03118903373313865,-0.03649358749389649,0.006145411491394043,0,0,1,0,0.026028783489651697,-0.013959125071273072,0.04600000000000004,0.03118903373313865,0.02633857145858467,-0.009680978770226197,0.03427645000000003,0.038143079971553126,1425896047470,0,0,0,0,0,0,0
-0.026581833513434103,0.01128943914962195,0.954,-0.032428217502054504,-0.007042944431304932,-0.040284507751464846,0,0,1,0,0.026581833513434103,-0.01128943914962195,0.04600000000000004,0.032428217502054504,0.016332943396199763,0.008438536879773367,0.04004880000000004,0.03806087099712658,1425896047536,0,0,0,0,0,0,0
-0.0288936250055428,0.007770373192219423,0.954,-0.03337069529813164,-0.03294718551635742,-0.05388254928588867,0,0,1,0,0.0288936250055428,-0.007770373192219423,0.04600000000000004,0.03337069529813164,0.027022886997729437,0.014984410467516323,0.04034780000000004,0.03772059281848767,1425896047601,0,0,0,0,0,0,0
-0.030902480234065055,0.0045842782173515124,0.955,-0.03455751918948758,-0.028521514892578124,-0.04877018356323242,0,0,1,0,0.030902480234065055,-0.0045842782173515124,0.04500000000000004,0.03455751918948758,0.026584911195889988,0.015049664216994146,0.034367050000000024,0.040120756180218535,1425896047665,0,0,0,0,0,0,0
-0.032879594051983235,-0.0014899996817732955,0.958,-0.03593632929856328,-0.026490947723388673,-0.09208442687988282,0,0,1,0,0.032879594051983235,0.0014899996817732955,0.04200000000000004,0.03593632929856328,0.02709393609490236,0.032875909440623734,0.021803909090909117,0.042203647976180106,1425896047731,0,0,0,0,0,0,0
-0.03433335515187536,-0.00809039535376924,0.957,-0.03722787294503905,-0.018235193252563477,-0.09972548675537109,0,0,1,0,0.03433335515187536,0.00809039535376924,0.04300000000000004,0.03722787294503905,0.025186383220771626,0.039509878345493715,0.044177115384615426,0.04318884362108105,1425896047796,0,0,0,0,0,0,0
-0.036255688307516715,-0.014222742468299396,0.957,-0.037856191475756924,-0.025391395568847657,-0.09299468994140625,0,0,1,0,0.036255688307516715,0.014222742468299396,0.04300000000000004,0.037856191475756924,0.028537725145726694,0.03956486940986356,0.039076300000000036,0.04071218479720181,1425896047862,0,0,0,0,0,0,0
-0.03850591127795989,-0.01892960581999111,0.958,-0.03803072440095657,-0.031057041168212892,-0.071829833984375,0,0,1,0,0.03850591127795989,0.01892960581999111,0.04200000000000004,0.03803072440095657,0.03179919630689132,0.03515105241094442,0.03307635000000003,0.0388488474878299,1425896047926,0,0,0,0,0,0,0
-0.04030311817795027,-0.024366595181602904,0.958,-0.037873644768277044,-0.0238377685546875,-0.08252085876464844,0,0,1,0,0.04030311817795027,0.024366595181602904,0.04200000000000004,0.037873644768277044,0.029669628639939855,0.04012996148902929,0.03883070000000004,0.03718064638880855,1425896047994,0,0,0,0,0,0,0
-0.041631177694902134,-0.02997924330456264,0.956,-0.03728023282259874,-0.01671879768371582,-0.08488364410400391,0,0,1,0,0.041631177694902134,0.02997924330456264,0.04400000000000004,0.03728023282259874,0.028606250272624343,0.04665467253417245,0.0519938225806452,0.03440888469834889,1425896048056,0,0,0,0,0,0,0
-0.04191254384670066,-0.034348138300242345,0.956,-0.03659955441432095,-0.0017750242948532105,-0.06564519500732421,0,0,1,0,0.04191254384670066,0.034348138300242345,0.04400000000000004,0.03659955441432095,0.022792114835367156,0.04070196160947955,0.04098950000000003,0.033457961760731146,1425896048121,0,0,0,0,0,0,0
-0.041730778065707505,-0.03630416104082023,0.957,-0.0370533400198394,0.0037982645034790037,-0.02922092628479004,0,0,1,0,0.041730778065707505,0.03630416104082023,0.04300000000000004,0.0370533400198394,0.020234569620196572,0.02871118161851216,0.03508438461538465,0.03914773512223223,1425896048186,0,0,0,0,0,0,0
-0.03976354660632556,-0.03624995320045272,0.958,-0.03658210112180105,0.02945809555053711,0.0019056967496871948,0,0,1,0,0.03976354660632556,0.03624995320045272,0.04200000000000004,0.03658210112180105,0.009662754235244694,0.01788332165512579,0.03455738461538465,0.03440715236162405,1425896048251,0,0,0,0,0,0,0
-0.03774424984814982,-0.03578644635983577,0.959,-0.03480186528476703,0.030014902114868163,0.008055755615234375,0,0,1,0,0.03774424984814982,0.03578644635983577,0.041000000000000036,0.03480186528476703,0.008397288009668435,0.01547091173130041,0.03402388461538464,0.026585392190763876,1425896048316,0,0,0,0,0,0,0
-0.035730754936534014,-0.03395413354758688,0.961,-0.0339117473662498,0.02922780990600586,0.028518938064575197,0,0,1,0,0.035730754936534014,0.03395413354758688,0.039000000000000035,0.0339117473662498,0.007609634710999756,0.0073561607501913245,0.027459839393939423,0.029865756827535117,1425896048382,0,0,0,0,0,0,0
-0.0350979254127466,-0.03165311330846183,0.962,-0.03293436298513309,0.00831673526763916,0.034817302703857425,0,0,1,0,0.0350979254127466,0.03165311330846183,0.038000000000000034,0.03293436298513309,0.014532520694453759,0.003359014558417606,0.03204035000000002,0.0283528736986485,1425896048446,0,0,0,0,0,0,0
-0.03199151959801295,-0.02689845787458353,0.964,-0.032847096522533155,0.04422237014770508,0.07281549072265625,0,0,1,0,0.03199151959801295,0.02689845787458353,0.03600000000000003,0.032847096522533155,-0.00026590180783548495,-0.012019115525994141,0.025373869230769255,0.03244432823361039,1425896048511,0,0,0,0,0,0,0
-0.027122722733652804,-0.022308386521948484,0.967,-0.03251548396465443,0.07073140716552734,0.07121238708496094,0,0,1,0,0.027122722733652804,0.022308386521948484,0.03300000000000003,0.03251548396465443,-0.01177497601313858,-0.013038724345495908,0.01805180909090911,0.031008154156114773,1425896048577,0,0,0,0,0,0,0
-0.021509299660938935,-0.018886684439782607,0.968,-0.03113667385557873,0.0824882583618164,0.0540357666015625,0,0,1,0,0.021509299660938935,0.018886684439782607,0.03200000000000003,0.03113667385557873,-0.01944695171561572,-0.009108633694287082,0.027896950000000028,0.02467350146928638,1425896048641,0,0,0,0,0,0,0
-0.01600980058851408,-0.017108019773935036,0.97,-0.03075270142014009,0.08162191009521484,0.029235164642333986,0,0,1,0,0.01600980058851408,0.017108019773935036,0.030000000000000027,0.03075270142014009,-0.02110057476559856,-0.00085183767630778,0.021191469230769252,0.028980520948884828,1425896048706,0,0,0,0,0,0,0
-0.01077734813784546,-0.014384488309050793,0.97,-0.02998475654926237,0.07719353485107422,0.04324695587158203,0,0,1,0,0.01077734813784546,0.014384488309050793,0.030000000000000027,0.02998475654926237,-0.021844854533165828,-0.007069654412208971,0.032158700000000026,0.026494098045272734,1425896048772,0,0,0,0,0,0,0
-0.00581683009002209,-0.012278757256012048,0.971,-0.029705503868943557,0.0734273681640625,0.03380253219604492,0,0,1,0,0.00581683009002209,0.012278757256012048,0.029000000000000026,0.029705503868943557,-0.0237013699547931,-0.0051874083408524774,0.026075550000000027,0.028396506929949123,1425896048836,0,0,0,0,0,0,0
-0.0003293919217630357,-0.010693895480047068,0.973,-0.02939134460358451,0.08156917572021484,0.026207185745239257,0,0,1,0,0.0003293919217630357,0.010693895480047068,0.027000000000000024,0.02939134460358451,-0.028417089458503072,-0.0028616345855692104,0.01951643939393942,0.02796334794286156,1425896048902,0,0,0,0,0,0,0
0.004750059000701837,-0.010616084638908832,0.972,-0.028553586562627197,0.07612455749511719,0.003405714511871338,0,0,1,0,-0.004750059000701837,0.010616084638908832,0.028000000000000025,0.028553586562627197,-0.029210741148306265,0.00509194902065086,0.03648911538461542,0.02468701098897807,1425896048967,0,0,0,0,0,0,0
0.008994644033220103,-0.01183038632343784,0.977,-0.027733281814190006,0.064162841796875,-0.01638937568664551,0,0,1,0,-0.008994644033220103,0.01183038632343784,0.02300000000000002,0.027733281814190006,-0.02684344846808988,0.01266431859838769,0.0003309230769230828,0.023947259898326044,1425896049032,0,0,0,0,0,0,0
0.012886100915404248,-0.014166432133790288,0.971,-0.026947883650792606,0.05932107543945313,-0.03340857696533203,0,0,1,0,-0.012886100915404248,0.014166432133790288,0.029000000000000026,0.026947883650792606,-0.026896093603747076,0.019881710361961694,0.06455019230769235,0.023322969050496918,1425896049097,0,0,0,0,0,0,0
0.015907764184522954,-0.017941008126896533,0.969,-0.026563911215353522,0.04683406066894531,-0.0553768196105957,0,0,1,0,-0.015907764184522954,0.017941008126896533,0.031000000000000028,0.026563911215353522,-0.023733761214674007,0.029526591767086982,0.044813230769230813,0.024791730744096213,1425896049162,0,0,0,0,0,0,0
0.01898746377233399,-0.026069527347373587,0.962,-0.025359634031477465,0.049417694091796874,-0.12065778350830078,0,0,1,0,-0.01898746377233399,0.026069527347373587,0.038000000000000034,0.025359634031477465,-0.02559845611452871,0.05705210625594412,0.07758330769230776,0.019801431644357204,1425896049227,0,0,0,0,0,0,0
0.020975527927645593,-0.03437442567897736,0.961,-0.025743606466916327,0.03297017288208008,-0.12377725219726562,0,0,1,0,-0.020975527927645593,0.03437442567897736,0.039000000000000035,0.025743606466916327,-0.02040895378192821,0.0608424338928749,0.04617618059701497,0.02746288602858287,1425896049294,0,0,0,0,0,0,0
0.02197189683238024,-0.043669619189664555,0.961,-0.026057765732275376,0.01852956199645996,-0.1389969940185547,0,0,1,0,-0.02197189683238024,0.043669619189664555,0.039000000000000035,0.026057765732275376,-0.016070953566828156,0.0737737092019236,0.04119800000000004,0.027553762233985132,1425896049357,0,0,0,0,0,0,0
0.023247391977303786,-0.05265197475640756,0.959,-0.025883232807075954,0.022636436462402345,-0.13419110107421875,0,0,1,0,-0.023247391977303786,0.05265197475640756,0.041000000000000036,0.025883232807075954,-0.017659261944705386,0.07222392606425325,0.05322582753623193,0.025124394001861075,1425896049426,0,0,0,0,0,0,0
0.023945406757867875,-0.06218903913236748,0.959,-0.025673793296836514,0.014169052124023437,-0.14273707580566405,0,0,1,0,-0.023945406757867875,0.06218903913236748,0.041000000000000036,0.025673793296836514,-0.015493618597458233,0.08530660893034028,0.04333510000000004,0.024660376311806967,1425896049488,0,0,0,0,0,0,0
0.024778671059225415,-0.07042477267753881,0.959,-0.02583087292951582,0.015666134834289552,-0.12317443084716796,0,0,1,0,-0.024778671059225415,0.07042477267753881,0.041000000000000036,0.02583087292951582,-0.016339319654480128,0.07865588233094195,0.04360980000000004,0.026534214568378383,1425896049555,0,0,0,0,0,0,0
0.02597007026468873,-0.07947885468494953,0.96,-0.02612757890235519,0.021372758865356445,-0.13530435180664063,0,0,1,0,-0.02597007026468873,0.07947885468494953,0.040000000000000036,0.02612757890235519,-0.019217391660227887,0.09051096194101955,0.037506244444444475,0.027540464487304565,1425896049618,0,0,0,0,0,0,0
0.02442971271087794,-0.08943442365622654,0.964,-0.026354471705114305,-0.019196197509765624,-0.14988618469238282,0,0,1,0,-0.02442971271087794,0.08943442365622654,0.03600000000000003,0.026354471705114305,-0.003549974739730257,0.09885333305064618,0.01855733846153848,0.027401669256310223,1425896049683,0,0,0,0,0,0,0
0.022089406990689345,-0.09555557907607837,0.963,-0.026947883650792606,-0.03267287826538086,-0.09271050262451172,0,0,1,0,-0.022089406990689345,0.09555557907607837,0.03700000000000003,0.026947883650792606,0.001536622878398404,0.08034720818229198,0.04636758059701497,0.02960495206427754,1425896049750,0,0,0,0,0,0,0
0.019672491759846592,-0.10237459755225442,0.965,-0.02789036144686953,-0.033484527587890625,-0.10322498321533204,0,0,1,0,-0.019672491759846592,0.10237459755225442,0.03500000000000003,0.02789036144686953,0.00393451601925014,0.08972846436651709,0.028653088888888914,0.03237835095199774,0,0,0,0,0,0,0,0
0.017067918641450373,-0.10753031695061027,0.965,-0.028797932657906436,-0.03689675903320312,-0.07839521026611328,0,0,1,0,-0.017067918641450373,0.10753031695061027,0.03500000000000003,0.028797932657906436,0.005823026076987958,0.08225434878410395,0.03999170000000003,0.03298672286269216,0,0,0,0,0,0,0,0
0.013764599625869673,-0.11085654993376756,0.965,-0.030002209841782493,-0.04809260940551758,-0.05129954147338867,0,0,1,0,-0.013764599625869673,0.11085654993376756,0.03500000000000003,0.030002209841782493,0.010958577305553972,0.07386817891211399,0.040222700000000035,0.03547619704121911,0,0,0,0,0,0,0,0
0.00990474948377561,-0.1126760870771692,0.968,-0.030839967882739804,-0.057052967071533206,-0.029017574310302736,0,0,1,0,-0.00990474948377561,0.1126760870771692,0.03200000000000003,0.030839967882739804,0.016473117961307605,0.06716153962789989,0.021621250000000026,0.0347669586997272,0,0,0,0,0,0,0,0
0.005457018596896152,-0.11273468680922956,0.968,-0.031241393610698342,-0.06665713500976563,-0.002935770034790039,0,0,1,0,-0.005457018596896152,0.11273468680922956,0.03200000000000003,0.031241393610698342,0.021534201038202604,0.05762906030616496,0.03823550000000004,0.033094127739737744,0,0,0,0,0,0,0,0
0.0004741847111523978,-0.1118439898416232,0.973,-0.03122394031817867,-0.07512336730957031,0.011019254684448242,0,0,1,0,-0.0004741847111523978,0.1118439898416232,0.027000000000000024,0.03122394031817867,0.026906633601050754,0.05214481280216883,0.007487923076923097,0.031143386660395567,0,0,0,0,0,0,0,0
-0.00571852112845971,-0.11008762567864809,0.977,-0.031660272631177,-0.09366778564453125,0.023432682037353516,0,0,1,0,0.00571852112845971,0.11008762567864809,0.02300000000000002,0.031660272631177,0.036521398695804515,0.04667690277923289,0.009822038461538472,0.033674114075784696,0,0,0,0,0,0,0,0
-0.012381966600737511,-0.10659253040765809,0.98,-0.03251548396465444,-0.10156114959716797,0.04923618698120117,0,0,1,0,0.012381966600737511,0.10659253040765809,0.020000000000000018,0.03251548396465444,0.04239592157843378,0.03563624201457659,0.012936653846153862,0.03646261319608875,0,0,0,0,0,0,0,0
-0.01860160241202986,-0.10186417756833965,0.983,-0.03267256359733396,-0.09555098724365234,0.06785482025146485,0,0,1,0,0.01860160241202986,0.10186417756833965,0.017000000000000015,0.03267256359733396,0.04312808619726457,0.026697659634722103,0.010647153846153862,0.0333975465173933,0,0,0,0,0,0,0,0
-0.02495311312666977,-0.09638835034732765,0.984,-0.032812189937493366,-0.09790497589111329,0.0789813232421875,0,0,1,0,0.02495311312666977,0.09638835034732765,0.016000000000000014,0.032812189937493366,0.04703015671152681,0.019997536396668826,0.02072038461538464,0.03345661919976754,1425896050398,0,0,0,0,0,0,0
-0.03055461314210327,-0.09029799438629763,0.988,-0.03248057737961442,-0.08697430419921875,0.08854969787597657,0,0,1,0,0.03055461314210327,0.09029799438629763,0.01200000000000001,0.03248057737961442,0.04535555477858639,0.014199836372622246,0.0017720787878787968,0.030973247571073753,1425896050398,0,0,0,0,0,0,0
-0.03666683697604052,-0.08267805404208507,0.99,-0.03178244567881673,-0.09534684753417969,0.11126141357421875,0,0,1,0,0.03666683697604052,0.08267805404208507,0.010000000000000009,0.03178244567881673,0.051642550305752224,0.0017105011459284322,0.010679969230769245,0.028560299367442785,1425896050398,0,0,0,0,0,0,0
-0.042135593930360135,-0.0746669008309984,0.991,-0.030543261909900657,-0.0858084945678711,0.11749989318847656,0,0,1,0,0.042135593930360135,0.0746669008309984,0.009000000000000008,0.030543261909900657,0.0509394952594872,-0.004353072795704606,0.015323084615384635,0.02482395220721108,1425896050398,0,0,0,0,0,0,0
-0.047681392411799396,-0.06787757487747148,0.995,-0.029391344603584516,-0.08625821685791016,0.09925198364257813,0,0,1,0,0.047681392411799396,0.06787757487747148,0.0050000000000000044,0.029391344603584516,0.05415822639745721,-0.001124545500399081,-0.003998261538461535,0.02407480318981771,1425896050398,0,0,0,0,0,0,0
-0.05250054381577348,-0.05961922801573695,0.999,-0.028396506929947676,-0.07589638519287109,0.1216973876953125,0,0,1,0,0.05250054381577348,0.05961922801573695,0.0010000000000000009,0.028396506929947676,0.0526892124204197,-0.01312507901571247,-0.007191761538461539,0.02380494843623919,1425896050724,0,0,0,0,0,0,0
-0.055749513897872,-0.052786400812380514,1.005,-0.026930430358272486,-0.05162493896484375,0.1010673828125,0,0,1,0,0.055749513897872,0.052786400812380514,-0.004999999999999893,0.026930430358272486,0.04589511214309569,-0.00883130637328828,-0.02279349230769163,0.020163923104386996,1425896050789,0,0,0,0,0,0,0
-0.058071695701118455,-0.04705250071321666,1.008,-0.025743606466916327,-0.03713606262207031,0.08503936767578125,0,0,1,0,0.058071695701118455,0.04705250071321666,-0.008000000000000007,0.025743606466916327,0.041914676547420364,-0.005282101273202271,-0.008847690909091502,0.02034895241529742,1425896050855,0,0,0,0,0,0,0
-0.05981634070279273,-0.04194623535011768,1.013,-0.025202554398798163,-0.028132591247558594,0.07589497375488281,0,0,1,0,0.05981634070279273,0.04194623535011768,-0.0129999999999999,0.025202554398798163,0.04005170838745198,-0.005326231088160868,-0.024365549999999323,0.02266637282949427,1425896050919,0,0,0,0,0,0,0
-0.05972204312234359,-0.03759435842801224,1.016,-0.024015730507441782,-0.000230987548828125,0.06529306793212891,0,0,1,0,0.05972204312234359,0.03759435842801224,-0.016000000000000014,0.024015730507441782,0.030002885866157736,-0.0026306037611869768,-0.015436490909091508,0.018621076455821867,1425896050985,0,0,0,0,0,0,0
-0.05836381267926888,-0.03350733810029838,1.017,-0.023666664657043156,0.018895431518554686,0.06177686309814453,0,0,1,0,0.05836381267926888,0.03350733810029838,-0.016999999999999904,0.023666664657043156,0.022433363675794515,-0.00392542645286147,-0.005904949999999307,0.022030418483299598,1425896051049,0,0,0,0,0,0,0
-0.05710079477215941,-0.03020489118002781,1.019,-0.023684117949563054,0.017767704010009766,0.04997116088867187,0,0,1,0,0.05710079477215941,0.03020489118002781,-0.018999999999999906,0.023684117949563054,0.022569541747682803,-0.0007187983599766905,-0.012767660606060525,0.02376345109738077,1425896051115,0,0,0,0,0,0,0
-0.0558485931019492,-0.02750324169124186,1.019,-0.02389355745980249,0.01781805419921875,0.040958194732666015,0,0,1,0,0.0558485931019492,0.02750324169124186,-0.018999999999999906,0.02389355745980249,0.021934940354710428,0.0009138866939184549,-0.0022850999999999098,0.024860201353215275,1425896051180,0,0,0,0,0,0,0
-0.05393717183152063,-0.024620844756810513,1.021,-0.024504422698000246,0.027630172729492187,0.04390860748291016,0,0,1,0,0.05393717183152063,0.024620844756810513,-0.020999999999999908,0.024504422698000246,0.017303288814867028,-0.001727319266669176,-0.014956999999999918,0.027367853502052224,1425896051244,0,0,0,0,0,0,0
-0.050520140440529965,-0.0221298419814639,1.021,-0.02553416695667688,0.05032456588745117,0.03860968399047852,0,0,1,0,0.050520140440529965,0.0221298419814639,-0.020999999999999908,0.02553416695667688,0.007681296485672253,-0.0006084198891340899,-0.00415599999999991,0.030286832765953654,1425896051309,0,0,0,0,0,0,0
-0.04619352204287851,-0.02119438389419938,1.024,-0.026668630970473346,0.06451986694335937,0.015684266090393067,0,0,1,0,0.04619352204287851,0.02119438389419938,-0.02400000000000002,0.026668630970473346,0.0006502368864624332,0.007313637275668439,-0.022865846153846767,0.031904618726457036,1425896051374,0,0,0,0,0,0,0
-0.04136021486920975,-0.020211339137108025,1.026,-0.02722713633111163,0.07208062744140625,0.016673664093017578,0,0,1,0,0.04136021486920975,0.020211339137108025,-0.026000000000000023,0.02722713633111163,-0.004073117377023414,0.006659420253210168,-0.019089660606060616,0.029765797061285647,1425896051440,0,0,0,0,0,0,0
-0.03743231926625374,-0.018867856236798382,1.026,-0.02808234766458862,0.05834797668457031,0.021748756408691405,0,0,1,0,0.03743231926625374,0.018867856236798382,-0.026000000000000023,0.02808234766458862,-0.0015317668579992727,0.003978920351724779,-0.008652600000000003,0.032029476896020884,1425896051505,0,0,0,0,0,0,0
-0.03306939026587327,-0.017705362385875813,1.025,-0.030002209841782486,0.06492851257324218,0.019268110275268556,0,0,1,0,0.03306939026587327,0.017705362385875813,-0.02499999999999991,0.030002209841782486,-0.00603422377910991,0.004383738331590864,-0.002630484615383925,0.038863112198061864,1425896051570,0,0,0,0,0,0,0
-0.02814952918480958,-0.017873249329996177,1.022,-0.030822514590219903,0.07384024810791015,-0.00030340242385864255,0,0,1,0,0.02814952918480958,0.017873249329996177,-0.02200000000000002,0.030822514590219903,-0.01147472217550437,0.01164288831210057,0.01039574615384557,0.034608536506084905,1425896051635,0,0,0,0,0,0,0
-0.023335712245912087,-0.018443676292409655,1.021,-0.032096604944175766,0.0724366455078125,-0.006327083587646484,0,0,1,0,0.023335712245912087,0.018443676292409655,-0.020999999999999908,0.032096604944175766,-0.012902486507818762,0.014061259464817922,0.00020633030303098855,0.03788792473488423,1425896051701,0,0,0,0,0,0,0
-0.018208369258285572,-0.01992736923204028,1.02,-0.033946653951289596,0.07758473205566406,-0.019775800704956055,0,0,1,0,0.018208369258285572,0.01992736923204028,-0.020000000000000018,0.033946653951289596,-0.017535275394773696,0.01978018308607015,0.0009579153846147959,0.04248534167643035,1425896051766,0,0,0,0,0,0,0
-0.011591895255272018,-0.023376159894109863,1.016,-0.03595378259108317,0.10094571685791015,-0.0483335952758789,0,0,1,0,0.011591895255272018,0.023376159894109863,-0.016000000000000014,0.03595378259108317,-0.029985628474526967,0.03269013769166673,0.020894722222222245,0.04551153801867163,1425896051829,0,0,0,0,0,0,0
-0.005028449448257933,-0.02694541324765746,1.013,-0.03698352684975981,0.10031256866455078,-0.04996525192260742,0,0,1,0,0.005028449448257933,0.02694541324765746,-0.0129999999999999,0.03698352684975981,-0.031311995702660175,0.03426045891163062,0.01689579090909161,0.041664182571017234,1425896051895,0,0,0,0,0,0,0
0.0005875038389949387,-0.030658930191499113,1.013,-0.03743731245527848,0.0862413101196289,-0.05254990768432617,0,0,1,0,-0.0005875038389949387,0.030658930191499113,-0.0129999999999999,0.03743731245527848,-0.029553950686712245,0.03720514746196017,0.0009022000000000977,0.039531707557672366,1425896051960,0,0,0,0,0,0,0
0.0049741016774778385,-0.03239636778709232,1.011,-0.03810053757103615,0.06672830963134765,-0.023580541610717775,0,0,1,0,-0.0049741016774778385,0.03239636778709232,-0.010999999999999899,0.03810053757103615,-0.025130876509436514,0.02745449663901904,0.013199930769230879,0.04116157656684079,1425896052025,0,0,0,0,0,0,0
0.009578033055367278,-0.03530184330459996,1.008,-0.03900810878207328,0.07066895294189453,-0.04091995620727539,0,0,1,0,-0.009578033055367278,0.03530184330459996,-0.008000000000000007,0.03900810878207328,-0.02860932543974859,0.03521961556007553,0.020932546153845582,0.04319689898686002,1425896052090,0,0,0,0,0,0,0
0.014183896513819322,-0.03812677426691511,1.007,-0.04021238596594956,0.07068790435791016,-0.03964742279052735,0,0,1,0,-0.014183896513819322,0.03812677426691511,-0.006999999999999895,0.04021238596594956,-0.030931880212430304,0.036223161993470074,0.01091781538461609,0.045770588353070844,1425896052155,0,0,0,0,0,0,0
0.017172552981066142,-0.040921023468726885,1.01,-0.04066617157146802,0.04647860336303711,-0.040077625274658205,0,0,1,0,-0.017172552981066142,0.040921023468726885,-0.010000000000000009,0.04066617157146802,-0.023485674904359904,0.03725411594113291,-0.012841890909091498,0.04272883341473375,1425896052221,0,0,0,0,0,0,0
0.019830570175749723,-0.042380672413422284,1.009,-0.041364303272265486,0.040727424621582034,-0.02025570869445801,0,0,1,0,-0.019830570175749723,0.042380672413422284,-0.008999999999999897,0.041364303272265486,-0.023291037840223985,0.031053147822867715,0.009193315384616091,0.04458644958363841,1425896052286,0,0,0,0,0,0,0
0.02237690478914492,-0.04322388595729034,1.01,-0.042167154728183,0.03868538284301758,-0.011057924270629883,0,0,1,0,-0.02237690478914492,0.04322388595729034,-0.010000000000000009,0.042167154728183,-0.024191393503926184,0.02825409378609839,-0.0025240500000005966,0.045930520927796335,1425896052350,0,0,0,0,0,0,0
0.02464537511407128,-0.04308186477198517,1.014,-0.04265584691874146,0.033907005310058594,0.0035628230571746826,0,0,1,0,-0.02464537511407128,0.04308186477198517,-0.014000000000000012,0.04265584691874146,-0.02292410009044826,0.022881088295344663,-0.020641755072463772,0.044780595573343476,1425896052419,0,0,0,0,0,0,0
0.027692734882125206,-0.041709428270394144,1.01,-0.043196898986859626,0.04479094696044922,0.022517045974731444,0,0,1,0,-0.027692734882125206,0.041709428270394144,-0.010000000000000009,0.043196898986859626,-0.02936790700943457,0.015552335788815541,0.024321561538461572,0.04569406237817423,1425896052484,0,0,0,0,0,0,0
0.029800618392150893,-0.04097134426046608,1.008,-0.04284783313646078,0.03111066246032715,0.012426318168640137,0,0,1,0,-0.029800618392150893,0.04097134426046608,-0.008000000000000007,0.04284783313646078,-0.025930807253635706,0.018432135436315757,0.015623822580645185,0.04115880482807928,1425896052546,0,0,0,0,0,0,0
0.03172323984412457,-0.038626418551940496,1.007,-0.044174283367976346,0.027306188583374025,0.03637692642211914,0,0,1,0,-0.03172323984412457,0.038626418551940496,-0.006999999999999895,0.044174283367976346,-0.025527414523297536,0.008627184303278905,0.010557450000000718,0.05039201882820555,1425896052610,0,0,0,0,0,0,0
0.03374407014312904,-0.03653473032736465,1.004,-0.04567526652469155,0.02889735221862793,0.032683311462402345,0,0,1,0,-0.03374407014312904,0.03653473032736465,-0.0040000000000000036,0.04567526652469155,-0.02692682117062813,0.009165963640333117,0.02361654615384559,0.052602881094146355,1425896052675,0,0,0,0,0,0,0
0.03464921307111663,-0.03494498114143814,1.004,-0.04557054676957172,0.0124741792678833,0.02444129180908203,0,0,1,0,-0.03464921307111663,0.03494498114143814,-0.0040000000000000036,0.04557054676957172,-0.021249572268702874,0.011352778852122781,0.007435900000000021,0.04510165234366203,1425896052742,0,0,0,0,0,0,0
0.03510603666096758,-0.03319150217449614,1.002,-0.04602433237509062,0.005647049903869629,0.0265870361328125,0,0,1,0,-0.03510603666096758,0.03319150217449614,-0.0020000000000000018,0.04602433237509062,-0.019309651120190355,0.009060060125159038,0.020134411111111142,0.04818521621089489,1425896052805,0,0,0,0,0,0,0
0.035637426262799,-0.029828869337646446,1,-0.04694935687864742,0.005641778945922851,0.05075280380249023,0,0,1,0,-0.035637426262799,0.029828869337646446,0,0.04694935687864742,-0.01987893295116146,-0.0006921632549371677,0.021229360606060635,0.051154013712996535,1425896052871,0,0,0,0,0,0,0
0.03489519561444697,-0.026491666765033155,1.001,-0.0475602221168454,-0.013470520973205566,0.04948036193847656,0,0,1,0,-0.03489519561444697,0.026491666765033155,-0.0009999999999998899,0.0475602221168454,-0.012893266391081792,-0.0016873843233392218,0.004669441176471267,0.050255215814777654,1425896052939,0,0,0,0,0,0,0
0.03312980653770449,-0.023016392834676453,1.001,-0.04925319149128015,-0.028929229736328124,0.05081120300292969,0,0,1,0,-0.03312980653770449,0.023016392834676453,-0.0009999999999998899,0.04925319149128015,-0.005885511062073228,-0.00585245504260265,0.009810300000000112,0.057444978786932166,1425896053001,0,0,0,0,0,0,0
0.03091980088721476,-0.019649385003747518,1.004,-0.05103342732831417,-0.035596416473388674,0.048811782836914064,0,0,1,0,-0.03091980088721476,0.019649385003747518,-0.0040000000000000036,0.05103342732831417,-0.0030470944493836607,-0.005759853057004247,-0.00852519090909149,0.059125408405741514,1425896053067,0,0,0,0,0,0,0
0.028545313275266614,-0.01678387621865443,1.002,-0.05307546255314754,-0.03776354217529297,0.041109786987304685,0,0,1,0,-0.028545313275266614,0.01678387621865443,-0.0020000000000000018,0.05307546255314754,-0.0013773609764130088,-0.004074792131980053,0.019264417647058857,0.062084441486235944,1425896053135,0,0,0,0,0,0,0
0.023814337857205492,-0.013207355285229637,1.001,-0.055361843873260146,-0.07371074676513673,0.04980755615234375,0,0,1,0,-0.023814337857205492,0.013207355285229637,-0.0009999999999998899,0.055361843873260146,0.014225503018900496,-0.01036371518306075,0.015148415384616101,0.06591437304301064,1425896053200,0,0,0,0,0,0,0
0.018726313982151455,-0.009692608527395171,1.001,-0.05796238445873158,-0.07912068176269531,0.048417350769042966,0,0,1,0,-0.018726313982151455,0.009692608527395171,-0.0009999999999998899,0.05796238445873158,0.020477188495535068,-0.013023566187324764,0.009757700000000114,0.07075192832170585,1425896053261,0,0,0,0,0,0,0
0.011924258733587089,-0.006832841888741545,0.998,-0.05991715322096524,-0.10434447479248046,0.03691382217407226,0,0,1,0,-0.011924258733587089,0.006832841888741545,0.0020000000000000018,0.05991715322096524,0.029687106498170395,-0.009001610526817815,0.0276124764705877,0.06854113305434903,1425896053329,0,0,0,0,0,0,0
0.005482960827115441,-0.004103165869208155,0.996,-0.06241297405131707,-0.09889793395996094,0.03508596420288086,0,0,1,0,-0.005482960827115441,0.004103165869208155,0.0040000000000000036,0.06241297405131707,0.034255943131485264,-0.011053978863620124,0.025086422580645196,0.07448952645624529,1425896053391,0,0,0,0,0,0,0
-0.0014858974546959908,-0.0027952283811310645,0.996,-0.0640884901332317,-0.10555303192138672,0.013060890197753906,0,0,1,0,0.0014858974546959908,0.0027952283811310645,0.0040000000000000036,0.0640884901332317,0.03890379402213307,-0.00333940962903432,0.013822100000000028,0.07182164128053,1425896053456,0,0,0,0,0,0,0
-0.0073591468113222225,-0.0024781695192058494,0.993,-0.06454227573875015,-0.08822246551513672,-0.000896131694316864,0,0,1,0,0.0073591468113222225,0.0024781695192058494,0.007000000000000006,0.06454227573875015,0.0359457694717994,0.0018391720448544995,0.03242144615384619,0.06663667084114301,1425896053521,0,0,0,0,0,0,0
-0.013185111054070489,-0.004912001579045901,0.992,-0.0661305253580653,-0.08485286712646484,-0.042067867279052734,0,0,1,0,0.013185111054070489,0.004912001579045901,0.008000000000000007,0.0661305253580653,0.03813752984676225,0.017673255187386307,0.022423430303030338,0.07334984180949775,1425896053587,0,0,0,0,0,0,0
-0.01842866570945713,-0.006963288785164937,0.993,-0.06771877497737999,-0.07644808959960937,-0.035899646759033205,0,0,1,0,0.01842866570945713,0.006963288785164937,0.007000000000000006,0.06771877497737999,0.03855152611849026,0.017014647037913354,0.010896450000000026,0.07516369506791763,1425896053651,0,0,0,0,0,0,0
-0.02468610432621244,-0.009912712772598866,0.994,-0.06887069228369636,-0.09065276336669922,-0.050491291046142577,0,0,1,0,0.02468610432621244,0.009912712772598866,0.006000000000000005,0.06887069228369636,0.04671450211710133,0.023159339164959415,0.010219584615384641,0.07418723369746419,1425896053716,0,0,0,0,0,0,0
-0.02888664129248736,-0.013254647470964854,0.999,-0.07002260959001272,-0.05940899276733398,-0.05434616088867188,0,0,1,0,0.02888664129248736,0.013254647470964854,0.0010000000000000009,0.07002260959001272,0.03775792264526141,0.02695244124770962,-0.015312376923076916,0.07533915100378055,1425896053781,0,0,0,0,0,0,0
-0.032839099790432945,-0.015633542274442684,1.001,-0.0715759526242874,-0.05664498519897461,-0.039744007110595704,0,0,1,0,0.032839099790432945,0.015633542274442684,-0.0009999999999998899,0.0715759526242874,0.03841969017194004,0.022966451017913773,-0.0007650307692300667,0.0787452281670936,1425896053846,0,0,0,0,0,0,0
-0.03525371667039726,-0.018809314871242145,1.002,-0.07269296334556374,-0.03271979141235352,-0.05010483169555664,0,0,1,0,0.03525371667039726,0.018809314871242145,-0.0020000000000000018,0.07269296334556374,0.031172583714492302,0.028598536223300983,0.0038879696969691298,0.07777028480591076,1425896053912,0,0,0,0,0,0,0
-0.03691264254957748,-0.023558223259626292,0.994,-0.07435102613495824,-0.019644546508789062,-0.07285279083251953,0,0,1,0,0.03691264254957748,0.023558223259626292,0.006000000000000005,0.07435102613495824,0.028153931198050795,0.039718130114473366,0.05870692307692314,0.08200362362447129,1425896053977,0,0,0,0,0,0,0
-0.03801445980129276,-0.02883315668242741,0.974,-0.07524114405347547,-0.010604065895080566,-0.08013308715820312,0,0,1,0,0.03801445980129276,0.02883315668242741,0.026000000000000023,0.07524114405347547,0.02572973353642959,0.04520678087073195,0.13949130769230783,0.07934938060047807,1425896054042,0,0,0,0,0,0,0
-0.03834355235156635,-0.03212884596952693,0.951,-0.07557275661135442,-0.0012063589096069337,-0.049666542053222656,0,0,1,0,0.03834355235156635,0.03212884596952693,0.049000000000000044,0.07557275661135442,0.021785682444759334,0.03649500110329092,0.1762938500000002,0.07712719047641198,1425896054106,0,0,0,0,0,0,0
-0.038937349130387905,-0.035634866148208696,0.913,-0.07630579489719212,-0.004910916805267334,-0.05311267852783203,0,0,1,0,0.038937349130387905,0.035634866148208696,0.08699999999999997,0.07630579489719212,0.023457476912219985,0.03884076066604927,0.2830019515151511,0.07963778710554534,1425896054172,0,0,0,0,0,0,0
-0.039275150384113895,-0.03838360106650789,0.881,-0.07826056365942578,-0.001909160614013672,-0.041497314453125,0,0,1,0,0.039275150384113895,0.03838360106650789,0.119,0.07826056365942578,0.02232191390265549,0.03644842654461032,0.28016799230769246,0.08728257333127344,0,0,0,0,0,0,0,0
-0.03931407836957353,-0.0421200811026035,0.841,-0.08115781021773615,0.0037996768951416016,-0.055921302795410154,0,0,1,0,0.03931407836957353,0.0421200811026035,0.15900000000000003,0.08115781021773615,0.020757614447968212,0.0436626721727401,0.3562784153846156,0.09452971740993782,0,0,0,0,0,0,0,0
-0.03832429915961806,-0.04824860091848979,0.792,-0.08508480103472359,0.02225029182434082,-0.09042161560058594,0,0,1,0,0.03832429915961806,0.04824860091848979,0.20799999999999996,0.08508480103472359,0.01490830148381429,0.058654406511259846,0.437457549253731,0.10266834200630914,0,0,0,0,0,0,0,0
-0.03713444171174998,-0.0524937292019824,0.743,-0.08874999246391167,0.023194700241088866,-0.0619298210144043,0,0,1,0,0.03713444171174998,0.0524937292019824,0.257,0.08874999246391167,0.012896936713551112,0.05237943196717694,0.49452872222222244,0.10620328498385494,0,0,0,0,0,0,0,0
-0.03533218556386167,-0.05194659408370114,0.689,-0.09257226352577928,0.026200027465820314,0.010570831298828125,0,0,1,0,0.03533218556386167,0.05194659408370114,0.31100000000000005,0.09257226352577928,0.009072028070827368,0.025654629028630582,0.5539227363636366,0.10994622289790479,0,0,0,0,0,0,0,0
-0.034051336349677004,-0.04726813693233177,0.638,-0.0972497459211241,0.01264331817626953,0.07165240478515625,0,0,1,0,0.034051336349677004,0.04726813693233177,0.362,0.0972497459211241,0.011006171145000847,0.0006618136261289098,0.5895821499999997,0.11917544464930296,0,0,0,0,0,0,0,0
-0.03183475866188952,-0.039559469827085414,0.584,-0.10239846721450728,0.02186429214477539,0.11831198120117188,0,0,1,0,0.03183475866188952,0.039559469827085414,0.41600000000000004,0.10239846721450728,0.005168958734538461,-0.01846039338495145,0.6429851363636367,0.12580174582079443,0,0,0,0,0,0,0,0
-0.03030608902142869,-0.027813343999807803,0.53,-0.10697122985473227,0.004799667358398437,0.17761286926269532,0,0,1,0,0.03030608902142869,0.027813343999807803,0.47,0.10697122985473227,0.007818686362369466,-0.047672986121260495,0.6981419999999996,0.12840605473078692,0,0,0,0,0,0,0,0
-0.027166077045665142,-0.012096767893070924,0.48,-0.11065387457644026,0.021660701751708984,0.23942987060546875,0,0,1,0,0.027166077045665142,0.012096767893070924,0.52,0.11065387457644026,-0.002025056577744152,-0.07463214404380276,0.7114130151515154,0.127393168766022,0,0,0,0,0,0,0,0
-0.023523194024788828,0.005501764184108009,0.426,-0.11470303844106743,0.02515843963623047,0.26839767456054686,0,0,1,0,0.023523194024788828,-0.005501764184108009,0.5740000000000001,0.11470303844106743,-0.006497713170875465,-0.09341511078697676,0.7796135363636367,0.13310832873482728,0,0,0,0,0,0,0,0
-0.01763356909978195,0.02477810385425752,0.375,-0.11861257596553451,0.05467070388793945,0.29735623168945313,0,0,1,0,0.01763356909978195,-0.02477810385425752,0.625,0.11861257596553451,-0.022321807407684753,-0.11516107228551767,0.8169561499999998,0.13693853311147397,0,0,0,0,0,0,0,0
-0.008073578467391627,0.04756659662427363,0.326,-0.1231329787281998,0.10194227600097656,0.3563948059082031,0,0,1,0,0.008073578467391627,-0.04756659662427363,0.6739999999999999,0.1231329787281998,-0.04716894809591398,-0.1457928485572607,0.8495322499999995,0.14432236667819331,0,0,0,0,0,0,0,0
0.0018962117500324772,0.06806452669819231,0.273,-0.1263792911369092,0.11065061950683594,0.3235086669921875,0,0,1,0,-0.0018962117500324772,-0.06806452669819231,0.727,0.1263792911369092,-0.05274399557135158,-0.14016331067720222,0.9098223060606063,0.14113525663104293,0,0,0,0,0,0,0,0
0.012302685055740998,0.08595369902033889,0.222,-0.12891001855230108,0.12103007507324219,0.28587249755859373,0,0,1,0,-0.012302685055740998,-0.08595369902033889,0.778,0.12891001855230108,-0.06111998559314438,-0.136788934915118,0.9492340846153849,0.14059029893103278,0,0,0,0,0,0,0,0
0.02346353992617872,0.10048161296498216,0.178,-0.13110913340981398,0.13800956726074218,0.23763201904296874,0,0,1,0,-0.02346353992617872,-0.10048161296498216,0.8220000000000001,0.13110913340981398,-0.07077771890862634,-0.12601912136469517,0.9520847769230772,0.14125889429064273,0,0,0,0,0,0,0,0
0.03555526761044114,0.1112420977111011,0.135,-0.13529792361460033,0.15871786499023438,0.18373396301269532,0,0,1,0,-0.03555526761044114,-0.1112420977111011,0.865,0.13529792361460033,-0.08185908574914502,-0.11118551387844358,0.9867226615384612,0.15463080148284503,0,0,0,0,0,0,0,0
0.04735933186057706,0.11923149347252425,0.096,-0.13763666481227285,0.1592780303955078,0.14262869262695313,0,0,1,0,-0.04735933186057706,-0.11923149347252425,0.904,0.13763666481227285,-0.08624294448693354,-0.10033646385078106,1.0022602000000003,0.1484308549553768,0,0,0,0,0,0,0,0
0.05761579479297654,0.12515754983246155,0.07,-0.13760175822723283,0.14019596862792968,0.10915839385986328,0,0,1,0,-0.05761579479297654,-0.12515754983246155,0.9299999999999999,0.13760175822723283,-0.08307538835501402,-0.09227055535321704,0.9591051999999995,0.13744065091166352,0,0,0,0,0,0,0,0
0.06596732959073721,0.12874081626442552,0.017,-0.1374446785945535,0.11671627807617188,0.0704243927001953,0,0,1,0,-0.06596732959073721,-0.12874081626442552,0.983,0.1374446785945535,-0.07703672917776555,-0.08153084741068373,1.1532793153846157,0.13671969567449505,0,0,0,0,0,0,0,0
0.07204152808335393,0.12883807333322178,-0.036,-0.14077825746586267,0.09005384063720703,0.013928700447082519,0,0,1,0,-0.07204152808335393,-0.12883807333322178,1.036,0.14077825746586267,-0.06785807531270674,-0.06289240104492236,1.2024133153846157,0.15616400610267422,0,0,0,0,0,0,0,0
0.07482681610732642,0.11759816307025307,-0.089,-0.1591740277818827,0.065022705078125,-0.16106851196289063,0,0,1,0,-0.07482681610732642,-0.11759816307025307,1.089,0.1591740277818827,-0.05158983884707846,0.0036974009131469435,1.251891815384615,0.2440775830865905,0,0,0,0,0,0,0,0
0.0781480923489103,0.10880992705961146,0,-0.17517869702267072,0.07008374786376953,-0.12226062774658203,0,0,1,0,-0.0781480923489103,-0.10880992705961146,1,0.17517869702267072,-0.055917178518207405,-0.005898607482454618,0.42993750303030337,0.2479271935717072,0,0,0,0,0,0,0,0
