0,0,0.729,0,-0.030784082412719727,-0.005596780300140381,0,0,1,0,0,0,0.271,0,0,0,0.21680000000000002,0,0,0,0,0,0,0,0,0
-0.0021749191284179685,-0.0005280704180399576,0.726,-0.002024581932313474,-0.03262378692626953,-0.007921056270599365,0,0,1,0,0.0021749191284179685,0.0005280704180399576,0.274,0.002024581932313474,0.012450434595044262,0.0030229658268565605,0.23542238179104483,0.011089874166552908,0,0,0,0,0,0,0,0
-0.004661178325655637,-0.0005040694222785202,0.724,-0.0012740903539560922,-0.03729454040527344,0.00028450971841812133,0,0,1,0,0.004661178325655637,0.0005040694222785202,0.276,0.0012740903539560922,0.016370270467160344,0.00011721154915949664,0.2331544225806452,-0.002357320509063497,0,0,0,0,0,0,0,0
-0.0053750058670698,-0.0002731432525631694,0.721,-0.002286381320112829,-0.010711817741394044,0.0034502475261688234,0,0,1,0,0.0053750058670698,0.0002731432525631694,0.279,0.002286381320112829,0.0062647502710906095,-0.0010172016917964757,0.23985000000000006,0.006624771175070273,0,0,0,0,0,0,0,0
-0.005272964258470365,-0.0010924008148090081,0.724,-0.002111848394913407,0.0015587171316146851,-0.012285331726074218,0,0,1,0,0.005272964258470365,0.0010924008148090081,0.276,0.002111848394913407,0.0020623236284127875,0.005248382446433732,0.20574196524590166,0.001253489746391659,0,0,0,0,0,0,0,0
-0.001524578109652319,-0.0028256115042599034,0.725,-0.002495820830352047,0.05628057098388672,-0.02587936210632324,0,0,1,0,0.001524578109652319,0.0028256115042599034,0.275,0.002495820830352047,-0.019409011555124863,0.010748839237800576,0.21730671461538464,0.004268001301607307,0,0,0,0,0,0,0,0
0.003814651957875176,-0.004579082356685851,0.732,-0.002024581932313474,0.08015384674072265,-0.026102094650268554,0,0,1,0,-0.003814651957875176,0.004579082356685851,0.268,0.002024581932313474,-0.030647188751865957,0.011737644252795677,0.17992162230769232,-0.00015036682786455455,0,0,0,0,0,0,0,0
0.011798469852689855,-0.007659982371010132,0.739,-0.001919862177193865,0.1198505859375,-0.045970947265625,0,0,1,0,-0.011798469852689855,0.007659982371010132,0.261,0.001919862177193865,-0.04760381370128796,0.019935714125870602,0.1759713758208955,0.001450967751285169,0,0,0,0,0,0,0,0
0.02407901437599349,-0.01112459301792873,0.75,0.00006981317007936916,0.18430760192871093,-0.05161540985107422,0,0,1,0,-0.02407901437599349,0.01112459301792873,0.25,-0.00006981317007936916,-0.07817923490309617,0.02423659241972008,0.14499527076923072,-0.009252930157494295,0,0,0,0,0,0,0,0
0.04019082061371828,-0.01368859628001167,0.755,0.0005235987755982662,0.24167440795898437,-0.03847692108154297,0,0,1,0,-0.04019082061371828,0.01368859628001167,0.245,-0.0005235987755982662,-0.10824629153807383,0.020893651800796685,0.17335268999999998,-0.002650718801468096,0,0,0,0,0,0,0,0
0.055462303436727325,-0.01713594933741774,0.761,0.002827433388230549,0.22904513549804686,-0.051830230712890626,0,0,1,0,-0.055462303436727325,0.01713594933741774,0.239,-0.002827433388230549,-0.10879233388991288,0.026888162945214907,0.16455147818181814,-0.01329940890019547,0,0,0,0,0,0,0,0
0.06993377892370667,-0.0204377937175546,0.769,0.003403392041388731,0.21693122863769532,-0.0501412239074707,0,0,1,0,-0.06993377892370667,0.0204377937175546,0.23099999999999998,-0.003403392041388731,-0.11183176478188014,0.027780937154224424,0.14800279757575754,-0.0060213859193804665,0,0,0,0,0,0,0,0
0.08746053430366194,-0.023597651764630943,0.777,0.0028972465583103624,0.2627384948730469,-0.048292350769042966,0,0,1,0,-0.08746053430366194,0.023597651764630943,0.22299999999999998,-0.0028972465583103624,-0.1412784327934311,0.02942071882282016,0.14000406555555553,-0.0004870299722228937,0,0,0,0,0,0,0,0
0.10619693415858127,-0.026843040966220488,0.785,0.0022514747350723674,0.2809037780761719,-0.04949489212036133,0,0,1,0,-0.10619693415858127,0.026843040966220488,0.21499999999999997,-0.0022514747350723674,-0.15122363710482967,0.030460157012805772,0.13668961522388057,0.0006400408913664157,0,0,0,0,0,0,0,0
0.12401380235806761,-0.03006346375264935,0.797,0.0015009831567149856,0.26714358520507814,-0.04890793228149414,0,0,1,0,-0.12401380235806761,0.03006346375264935,0.20299999999999996,-0.0015009831567149856,-0.1597707223439966,0.03274777045615936,0.10364541999999992,0.0020169461168352415,0,0,0,0,0,0,0,0
0.1419195415174509,-0.03423688750868029,0.809,0.0022689280275924872,0.2684918212890625,-0.06300442886352539,0,0,1,0,-0.1419195415174509,0.03423688750868029,0.19099999999999995,-0.0022689280275924872,-0.16779536021025904,0.039717330961016165,0.09542748538461532,-0.005813288970104033,0,0,0,0,0,0,0,0
0.1579533074125953,-0.03862195593043101,0.82,0.0010821041362363282,0.24035662841796876,-0.06632154846191406,0,0,1,0,-0.1579533074125953,0.03862195593043101,0.18000000000000005,-0.0010821041362363282,-0.16583505676944008,0.04307459456635278,0.09236310076923138,0.00439554459309979,0,0,0,0,0,0,0,0
0.16933716936177745,-0.04194143307372007,0.829,0.002181661564992776,0.1707039489746094,-0.04997690582275391,0,0,1,0,-0.16933716936177745,0.04194143307372007,0.17100000000000004,-0.002181661564992776,-0.14659911257970412,0.03902379587777863,0.09626578153846155,-0.007256542005407152,0,0,0,0,0,0,0,0
0.17794570706196527,-0.04512411238371825,0.836,0.0014835298641950878,0.1290236053466797,-0.04802178955078125,0,0,1,0,-0.17794570706196527,0.04512411238371825,0.16400000000000003,-0.0014835298641950878,-0.13403531625013365,0.03915314985955587,0.10343246823529413,0.0015964629334417725,0,0,0,0,0,0,0,0
0.18186549715919872,-0.0465076561587727,0.847,0.0008377580409570928,0.05876599884033203,-0.020840360641479493,0,0,1,0,-0.18186549715919872,0.0465076561587727,0.15300000000000002,-0.0008377580409570928,-0.11323930738374036,0.03105950404186307,0.07079938999999996,0.0021892973804710086,0,0,0,0,0,0,0,0
0.18671908521227437,-0.050232417220963985,0.857,0.0007853981633973994,0.07275698852539063,-0.05593238830566406,0,0,1,0,-0.18671908521227437,0.050232417220963985,0.14300000000000002,-0.0007853981633973994,-0.12089230919582605,0.04575756535900974,0.06854269999999997,-0.0005399612373363366,0,0,0,0,0,0,0,0
0.18993668056209403,-0.052509010702950984,0.867,-0.00020943951023943977,0.04823709487915039,-0.03418679809570312,0,0,1,0,-0.18993668056209403,0.052509010702950984,0.133,0.00020943951023943977,-0.11340701946994969,0.038818786185723854,0.061643396153846126,0.004800998003947928,0,0,0,0,0,0,0,0
0.1927701155178709,-0.055118019924192324,0.876,-0.0012391837689160745,0.04250971984863281,-0.039126235961914065,0,0,1,0,-0.1927701155178709,0.055118019924192324,0.124,0.0012391837689160745,-0.112880481555002,0.04194904841297247,0.06006981153846151,0.00599184957819285,0,0,0,0,0,0,0,0
0.19143694113909476,-0.058760673550140315,0.882,-0.0017104226669546474,-0.019929891586303712,-0.05466454315185547,0,0,1,0,-0.19143694113909476,0.058760673550140315,0.118,0.0017104226669546474,-0.09012085589226787,0.04879002128416131,0.07262524641791043,0.0038204475835452723,0,0,0,0,0,0,0,0
0.18946934303169888,-0.061365514808355906,0.889,-0.003316125578789464,-0.029447097778320313,-0.03912304306030273,0,0,1,0,-0.18946934303169888,0.061365514808355906,0.11099999999999999,0.003316125578789464,-0.08546235883801509,0.045348153875377196,0.06030039999999996,0.010842857978015166,0,0,0,0,0,0,0,0
0.18722351311442922,-0.06358009238219815,0.894,-0.0033510321638292595,-0.03357710647583008,-0.03333019256591797,0,0,1,0,-0.18722351311442922,0.06358009238219815,0.10599999999999998,0.0033510321638292595,-0.0831285109889662,0.044176192566015404,0.06786527307692305,0.003512139479397547,0,0,0,0,0,0,0,0
0.18200154380435665,-0.06521718190935788,0.897,-0.0026179938779917755,-0.07824681091308594,-0.024818689346313476,0,0,1,0,-0.18200154380435665,0.06521718190935788,0.10299999999999998,0.0026179938779917755,-0.06503831618379137,0.04179466756642185,0.07668319909090907,-0.0007139983303604243,0,0,0,0,0,0,0,0
0.17704991130469971,-0.06693331839480506,0.9,-0.0012740903539560922,-0.07420684051513672,-0.02593640899658203,0,0,1,0,-0.17704991130469971,0.06693331839480506,0.09999999999999998,0.0012740903539560922,-0.0656205338664006,0.0425987361879561,0.07540228999999998,-0.004485496177625407,0,0,0,0,0,0,0,0
0.17223053961286117,-0.06849406218110907,0.903,-0.0024085543677523358,-0.07226068878173827,-0.023503242492675783,0,0,1,0,-0.17223053961286117,0.06849406218110907,0.09699999999999998,0.0024085543677523358,-0.060421938489839844,0.04379529433026834,0.0709666852459016,0.007987885583143697,0,0,0,0,0,0,0,0
0.1664609735313803,-0.06979988033649857,0.907,-0.001012290966156959,-0.08649606323242187,-0.0197956600189209,0,0,1,0,-0.1664609735313803,0.06979988033649857,0.09299999999999997,0.001012290966156959,-0.05423059345508793,0.04256981456073661,0.06362268846153843,-0.005432001656590934,0,0,0,0,0,0,0,0
0.16068961202138984,-0.07040313468582943,0.911,-0.00027925268031925304,-0.08656121826171875,-0.009136445045471191,0,0,1,0,-0.16068961202138984,0.07040313468582943,0.08899999999999997,0.00027925268031925304,-0.050952515078922914,0.03918421843548365,0.06025702999999996,-0.003156864284544994,0,0,0,0,0,0,0,0
0.15457096962764513,-0.07113527349447828,0.915,0.0006806784082775685,-0.09177656555175781,-0.011007711410522461,0,0,1,0,-0.15457096962764513,0.07113527349447828,0.08499999999999996,-0.0006806784082775685,-0.046609262303751224,0.040239764437400946,0.057559318461538424,-0.005111129586416744,0,0,0,0,0,0,0,0
0.14824177358278467,-0.07174809752264376,0.919,0.002565634000431416,-0.09494417572021484,-0.00912773609161377,0,0,1,0,-0.14824177358278467,0.07174809752264376,0.08099999999999996,-0.002565634000431416,-0.043427557822488985,0.03985328133421748,0.055165067611940254,-0.01088161455405133,0,0,0,0,0,0,0,0
0.14324303474142516,-0.07165093410921332,0.925,0.0023038346126322824,-0.07497709655761718,0.0016498202085494995,0,0,1,0,-0.14324303474142516,0.07165093410921332,0.07499999999999996,-0.0023038346126322824,-0.04716797471898239,0.03612676557377577,0.03909914769230764,-0.0010766499823238438,0,0,0,0,0,0,0,0
0.13704034525156308,-0.0715501753198803,0.93,0.003089232776029682,-0.09303661346435547,0.0017257272005081177,0,0,1,0,-0.13704034525156308,0.0715501753198803,0.06999999999999995,-0.003089232776029682,-0.037149663716188025,0.03609434127292831,0.040197489999999954,-0.006770786666954992,0,0,0,0,0,0,0,0
0.13233031233824183,-0.07189637082274469,0.934,0.0013962634015953763,-0.07066619873046875,-0.004974652290344239,0,0,1,0,-0.13233031233824183,0.07189637082274469,0.06599999999999995,-0.0013962634015953763,-0.04343990442311606,0.03872932592536854,0.04293147846153841,0.006417441403486032,0,0,0,0,0,0,0,0
0.12848083052661402,-0.07267416652640418,0.934,-0.0004014257279589821,-0.057758460998535155,-0.011586300849914551,0,0,1,0,-0.12848083052661402,0.07267416652640418,0.06599999999999995,0.0004014257279589821,-0.0471507368446198,0.04130687281905179,0.06460457999999997,0.008332407181875268,0,0,0,0,0,0,0,0
0.1253537388280221,-0.07330826329001441,0.934,-0.001413716694115719,-0.04690255355834961,-0.009530280113220215,0,0,1,0,-0.1253537388280221,0.07330826329001441,0.06599999999999995,0.001413716694115719,-0.04810694151649631,0.04118950496514039,0.06472931999999997,0.006234149866290657,0,0,0,0,0,0,0,0
0.12294788070254217,-0.07389283919278355,0.935,-0.003420845333908851,-0.036075439453125,-0.008819647789001465,0,0,1,0,-0.12294788070254217,0.07389283919278355,0.06499999999999995,0.003420845333908851,-0.05233351700169263,0.040933637619971,0.05906581999999996,0.01202282521873656,0,0,0,0,0,0,0,0
0.12016367280828086,-0.07419978801692631,0.938,-0.003961897402027459,-0.04174712371826172,-0.0047470703125,0,0,1,0,-0.12016367280828086,0.07419978801692631,0.062000000000000055,0.003961897402027459,-0.04680158916912217,0.039999287198506234,0.04427742000000069,0.006667157742620498,0,0,0,0,0,0,0,0
0.11867178963789203,-0.07431435329726291,0.941,-0.003926990816987441,-0.02237126350402832,-0.0018071258068084717,0,0,1,0,-0.11867178963789203,0.07431435329726291,0.05900000000000005,0.003926990816987441,-0.05434077989239228,0.03893122933186157,0.04333862384615388,0.003765883501418129,0,0,0,0,0,0,0,0
0.11584294931856694,-0.07473684945085082,0.944,-0.0031590459461099396,-0.042407390594482425,-0.006504025459289551,0,0,1,0,-0.11584294931856694,0.07473684945085082,0.05600000000000005,0.0031590459461099396,-0.04580265761705306,0.04084914567830567,0.04104782384615388,-0.00038531499640160607,0,0,0,0,0,0,0,0
0.1145623373884808,-0.07509990965179594,0.943,-0.001832595714594154,-0.019191879272460938,-0.005506558418273926,0,0,1,0,-0.1145623373884808,0.07509990965179594,0.05700000000000005,0.001832595714594154,-0.0535734315749069,0.04075945097505223,0.06349743538461543,-0.004289482277017164,0,0,0,0,0,0,0,0
0.11290936052224416,-0.07539183078660075,0.946,-0.0008726646259971105,-0.02478658676147461,-0.004424248218536377,0,0,1,0,-0.11290936052224416,0.07539183078660075,0.05400000000000005,0.0008726646259971105,-0.05108324133495417,0.04052594567749642,0.04014971820895526,-0.0034255342781687554,0,0,0,0,0,0,0,0
0.10991573188974398,-0.07542921472114131,0.951,0.0002443460952790133,-0.04490392303466797,-0.0005999453067779541,0,0,1,0,-0.10991573188974398,0.07542921472114131,0.049000000000000044,-0.0002443460952790133,-0.04192032028197622,0.03927239458224149,0.024571690000000028,-0.0054803338512608435,0,0,0,0,0,0,0,0
0.10939684792181276,-0.07507069100408685,0.953,0.002024581932313252,-0.00778194522857666,0.0053797574043273925,0,0,1,0,-0.10939684792181276,0.07507069100408685,0.04700000000000004,-0.002024581932313252,-0.05530940223659247,0.03700697295824733,0.03963785923076926,-0.01024105502631743,0,0,0,0,0,0,0,0
0.10794687408738028,-0.07515837779050831,0.957,0.0015707963267947989,-0.021752225875854493,-0.0012712652683258057,0,0,1,0,-0.10794687408738028,0.07515837779050831,0.04300000000000004,-0.0015707963267947989,-0.04964101996791089,0.03950234123881528,0.025752478461538483,0.0005235987755980612,0,0,0,0,0,0,0,0
0.10672907578693488,-0.07444474194286907,0.963,0.000820304748437195,-0.01825013732910156,0.010733218193054199,0,0,1,0,-0.10672907578693488,0.07444474194286907,0.03700000000000003,-0.000820304748437195,-0.05054954780186584,0.034995293215087986,0.01122202641791046,0.0025401053039102845,0,0,0,0,0,0,0,0
0.10590909880372167,-0.0741188740258342,0.965,-0.00038397243543908394,-0.012295640945434571,0.004898106575012207,0,0,1,0,-0.10590909880372167,0.0741188740258342,0.03500000000000003,0.00038397243543908394,-0.052154772458415696,0.036853811583085726,0.030264329230769254,0.005942174822560371,0,0,0,0,0,0,0,0
0.1039223877443381,-0.07392327951174057,0.965,-0.0020943951023932868,-0.029801790237426757,0.0029224748611450194,0,0,1,0,-0.1039223877443381,0.07392327951174057,0.03500000000000003,0.0020943951023932868,-0.044778361829716805,0.03748834112539548,0.04110076000000003,0.010112001353741113,0,0,0,0,0,0,0,0
0.1032672602908021,-0.07437444483053053,0.967,-0.002897246558310584,-0.009812716484069825,-0.006788046360015869,0,0,1,0,-0.1032672602908021,0.07437444483053053,0.03300000000000003,0.002897246558310584,-0.051855138562947926,0.0412612763894411,0.02879587923076925,0.006602714816390417,0,0,0,0,0,0,0,0
0.10245797079139807,-0.07447731515013702,0.967,-0.002303834612632726,-0.01213482093811035,-0.001578218936920166,0,0,1,0,-0.10245797079139807,0.07447731515013702,0.03300000000000003,0.002303834612632726,-0.050754038699898196,0.039478039282837725,0.03963045000000003,-0.00039349241317571896,0,0,0,0,0,0,0,0
0.1022075438043902,-0.07463919689874682,0.969,-0.0031241393610699215,-0.003750800609588623,-0.0024368739128112792,0,0,1,0,-0.1022075438043902,0.07463919689874682,0.031000000000000028,0.0031241393610699215,-0.053638493842165534,0.03993364216702399,0.027321669230769254,0.006910161276933901,0,0,0,0,0,0,0,0
0.10223719171478846,-0.0748020576960693,0.971,-0.0015358897417552249,0.0004523484706878662,-0.0024415106773376465,0,0,1,0,-0.10223719171478846,0.0748020576960693,0.029000000000000026,0.0015358897417552249,-0.055226471118125287,0.040056426713088684,0.025942259393939418,-0.005683426709675213,0,0,0,0,0,0,0,0
0.10164487332341965,-0.07547496632537125,0.974,-0.0023212879051528463,-0.0088692626953125,-0.010107263565063477,0,0,1,0,-0.10164487332341965,0.07547496632537125,0.026000000000000023,0.0023212879051528463,-0.05159889967130626,0.043257498329306074,0.01779199000000001,0.0060028417960791974,0,0,0,0,0,0,0,0
0.10157701011714947,-0.07598151182035762,0.974,-0.0011868238913561586,-0.0010003077983856202,-0.00760052490234375,0,0,1,0,-0.10157701011714947,0.07598151182035762,0.026000000000000023,0.0011868238913561586,-0.054511369458335075,0.04256717591788189,0.034249720000000025,-0.003969830716810603,0,0,0,0,0,0,0,0
0.10006945258698485,-0.0763175556844871,0.974,-0.00003490658504001721,-0.022607364654541016,-0.0050674924850463866,0,0,1,0,-0.10006945258698485,0.0763175556844871,0.026000000000000023,0.00003490658504001721,-0.04593706053913228,0.04193555485776662,0.03429964000000003,-0.005364705788316895,0,0,0,0,0,0,0,0
0.09978677143319263,-0.07704629146874245,0.977,0.00026179938779891153,-0.004239835739135742,-0.010931184768676758,0,0,1,0,-0.09978677143319263,0.07704629146874245,0.02300000000000002,-0.00026179938779891153,-0.05263033974774716,0.04432063260694222,0.01627422820895524,-0.0015903335945403835,1425651516989,0,0,0,0,0,0,0
0.09840046559665704,-0.07682610182359724,0.978,0.0025481807079117407,-0.02079372215270996,0.00330828857421875,0,0,1,0,-0.09840046559665704,0.07682610182359724,0.02200000000000002,-0.0025481807079117407,-0.046237911574859264,0.03930493813393177,0.025966209402985094,-0.012785709006924406,1425651516989,0,0,0,0,0,0,0
0.09791373401001288,-0.07721923301435979,0.98,0.001954768762233439,-0.007315976619720459,-0.005878344535827636,0,0,1,0,-0.09791373401001288,0.07721923301435979,0.020000000000000018,-0.001954768762233439,-0.050549470145929365,0.04291891304883079,0.018336967419354852,0.0009165793620164071,1425651516989,0,0,0,0,0,0,0
0.09660667330899389,-0.07698141391655437,0.984,0.0003665191429187424,-0.019598899841308595,0.003605604648590088,0,0,1,0,-0.09660667330899389,0.07698141391655437,0.016000000000000014,-0.0003665191429187424,-0.04566839328543855,0.03935018806606427,0.004920028461538467,0.00696386371545678,1425651516989,0,0,0,0,0,0,0
0.09585983614440814,-0.07689136619515227,0.984,-0.0006457718232379945,-0.011202061653137207,0.0013548216819763183,0,0,1,0,-0.09585983614440814,0.07689136619515227,0.016000000000000014,0.0006457718232379945,-0.048373871869741625,0.040150835620177155,0.02648969000000002,0.005317883974730627,1425651516989,0,0,0,0,0,0,0
0.09630159905684277,-0.07688266625792115,0.987,-0.0037699111843079165,0.006626358032226562,0.0001347782015800476,0,0,1,0,-0.09630159905684277,0.07688266625792115,0.013000000000000012,0.0037699111843079165,-0.048150799528421384,0.03844133312896057,0.01040000000000001,0.0037699111843079165,1425651516989,0,0,0,0,0,0,0
0.09552647294539589,-0.07744823974511018,0.986,-0.00883136601509138,-0.011594826698303223,-0.008527374267578125,0,0,1,0,-0.09552647294539589,0.07744823974511018,0.014000000000000012,0.00883136601509138,-0.043778072955744374,0.041730498559097204,0.01645202059701494,0.03149459660068897,1425651517381,0,0,0,0,0,0,0
0.09578048041162937,-0.07763806966542655,0.987,-0.00991347015132793,0.0038351099491119385,-0.0028136897087097166,0,0,1,0,-0.09578048041162937,0.07763806966542655,0.013000000000000012,0.00991347015132793,-0.049364467350391884,0.0399288400991812,0.005150849696969702,0.014832125316039523,1425651517447,0,0,0,0,0,0,0
0.09513250103583898,-0.07945303471961243,0.988,-0.010018189906447539,-0.009449328422546387,-0.02731949234008789,0,0,1,0,-0.09513250103583898,0.07945303471961243,0.01200000000000001,0.010018189906447539,-0.04426618478174346,0.04965418203229095,0.004292664615384622,0.010501511853153426,1425651517512,0,0,0,0,0,0,0
0.09664750481831294,-0.08220912439395406,0.992,-0.010227629416686979,0.02313807487487793,-0.04111161041259766,0,0,1,0,-0.09664750481831294,0.08220912439395406,0.008000000000000007,0.010227629416686979,-0.05712516854927651,0.056868878515528555,-0.01608848516129033,0.011241046401716526,1425651517574,0,0,0,0,0,0,0
0.09909769585989357,-0.08506236119330662,0.991,-0.00923279174305014,0.037188663482666015,-0.04242042541503906,0,0,1,0,-0.09909769585989357,0.08506236119330662,0.009000000000000008,0.00923279174305014,-0.06285666518353553,0.05792386854002914,0.012613010303030314,0.004710802317428144,1425651517640,0,0,0,0,0,0,0
0.10107585300270254,-0.08716624816917569,0.99,-0.00787143492649478,0.029962459564208985,-0.03128300476074219,0,0,1,0,-0.10107585300270254,0.08716624816917569,0.010000000000000009,0.00787143492649478,-0.061409243748678115,0.05505951693025193,0.013432810303030313,0.0016834493966976938,0,0,0,0,0,0,0,0
0.10379716638706987,-0.08941021175940998,0.991,-0.008272860654453318,0.041083381652832034,-0.03333710479736328,0,0,1,0,-0.10379716638706987,0.08941021175940998,0.009000000000000008,0.008272860654453318,-0.06635701530812976,0.05663513387897519,0.0022010811764705904,0.010043856513093925,0,0,0,0,0,0,0,0
0.10618552337101612,-0.09124758857171945,0.994,-0.006789330790258229,0.03605213165283203,-0.027263334274291992,0,0,1,0,-0.10618552337101612,0.09124758857171945,0.006000000000000005,0.006789330790258229,-0.067312894515569,0.05660199668963198,-0.012253994754098371,-0.000506717722176633,0,0,0,0,0,0,0,0
0.10593813893391096,-0.09241854202045288,0.996,-0.006649704450098603,-0.003591432094573975,-0.01758909034729004,0,0,1,0,-0.10593813893391096,0.09241854202045288,0.0040000000000000036,0.006649704450098603,-0.05222230442856624,0.05301035344876298,-0.007402310769230774,0.0060052751878234036,0,0,0,0,0,0,0,0
0.10729444503530428,-0.09322637474004886,0.999,-0.005427973973702647,0.020424718856811522,-0.011981938362121582,0,0,1,0,-0.10729444503530428,0.09322637474004886,0.0010000000000000009,0.005427973973702647,-0.06149587421481068,0.05145462665296778,-0.01494019090909092,-0.0001253463735516958,0,0,0,0,0,0,0,0
0.10898550105056193,-0.09256667382172287,0.999,-0.005986479334340709,0.02531175422668457,0.010033052444458007,0,0,1,0,-0.10898550105056193,0.09256667382172287,0.0010000000000000009,0.005986479334340709,-0.06405576485883958,0.04345663564639247,0.0009709100000000009,0.00848724960585442,0,0,0,0,0,0,0,0
0.10938385120067477,-0.09130375345207359,1.003,-0.004939281783143954,0.005861739158630371,0.018979236602783202,0,0,1,0,-0.10938385120067477,0.09130375345207359,-0.0029999999999998916,0.004939281783143954,-0.05770303344309841,0.03931267137748932,-0.024456982222221535,-0.000047373222554877165,0,0,0,0,0,0,0,0
0.11198699954767687,-0.08909980868608751,1.007,-0.004241150082346488,0.03888346099853516,0.03325163269042969,0,0,1,0,-0.11198699954767687,0.08909980868608751,-0.006999999999999895,0.004241150082346488,-0.06970348342564607,0.0344256676824487,-0.025167979859154865,0.0012912978254557852,0,0,0,0,0,0,0,0
0.11291832719113562,-0.08647353806552206,1.009,-0.0038571776469076263,0.013802713394165039,0.039452953338623045,0,0,1,0,-0.11291832719113562,0.08647353806552206,-0.008999999999999897,0.0038571776469076263,-0.0628372214016493,0.02870902099375091,-0.018732536666666594,0.001937315469713317,0,0,0,0,0,0,0,0
0.11388172219000384,-0.08361410029408291,1.013,-0.0027401669256312804,0.014285377502441406,0.04294698715209961,0,0,1,0,-0.11388172219000384,0.08361410029408291,-0.0129999999999999,0.0027401669256312804,-0.06322762501650284,0.027015176772960104,-0.03216582999999994,-0.0024958208303515906,0,0,0,0,0,0,0,0
0.11440775260632599,-0.08043999318627147,1.014,-0.0017104226669546457,0.007759963035583496,0.04763304901123047,0,0,1,0,-0.11440775260632599,0.08043999318627147,-0.014000000000000012,0.0017104226669546457,-0.06104664710411458,0.024538411793703745,-0.01634285059701552,-0.0029003725211496885,0,0,0,0,0,0,0,0
0.11386108915420555,-0.07748689904613403,1.016,-0.001588249619315139,-0.008275705337524414,0.04428232192993164,0,0,1,0,-0.11386108915420555,0.07748689904613403,-0.016000000000000014,0.001588249619315139,-0.055108700636064406,0.023542879293491206,-0.02368719000000002,0.0010155634585049516,0,0,0,0,0,0,0,0
0.1128380727246701,-0.07385429126611515,1.016,-0.0010646508437166507,-0.015431769371032715,0.05446467590332031,0,0,1,0,-0.1128380727246701,0.07385429126611515,-0.016000000000000014,0.0010646508437166507,-0.05223614417675427,0.018661223678130317,-0.012781370000000012,-0.0013153435908219327,0,0,0,0,0,0,0,0
0.11126180686195626,-0.07121789734575641,1.015,-0.0007679448708777218,-0.02368607711791992,0.039520713806152345,0,0,1,0,-0.11126180686195626,0.07121789734575641,-0.014999999999999902,0.0007679448708777218,-0.048835623283478374,0.02308560943452809,-0.006864911176469934,-0.0005410520681175525,0,0,0,0,0,0,0,0
0.11067583383196818,-0.06911006935908472,1.013,-0.0009773843811169394,-0.008813873291015625,0.031610660552978516,0,0,1,0,-0.11067583383196818,0.06911006935908472,-0.0129999999999999,0.0009773843811169394,-0.05341647663630784,0.02374518931725896,0.0008541725806452492,0.0019908013661454117,0,0,0,0,0,0,0,0
0.10760774856064953,-0.06812142680188189,1.007,-0.0017104226669546454,-0.046035751342773434,0.014784650802612305,0,0,1,0,-0.10760774856064953,0.06812142680188189,-0.006999999999999895,0.0017104226669546454,-0.039235132339417174,0.030030987679677396,0.025693063582089663,0.004992683648317508,0,0,0,0,0,0,0,0
0.10530302857103262,-0.06721214666694819,1.004,-0.001012290966156957,-0.03459407806396484,0.013580051422119141,0,0,1,0,-0.10530302857103262,0.06721214666694819,-0.0040000000000000036,0.001012290966156957,-0.041372424429121035,0.02973168563137854,0.013408886666666061,-0.0023121457043082253,0,0,0,0,0,0,0,0
0.10173856089075185,-0.06732797472046433,1.002,-0.0008552113334774329,-0.05346522903442383,-0.0017915440797805786,0,0,1,0,-0.10173856089075185,0.06732797472046433,-0.0020000000000000018,0.0008552113334774329,-0.03326703308667171,0.03550860866582517,0.009107550769230777,0.00013022841341809048,0,0,0,0,0,0,0,0
0.09899127448410538,-0.06813109838656502,0.997,-0.0017278759594745432,-0.04119897842407227,-0.012082093238830567,0,0,1,0,-0.09899127448410538,0.06813109838656502,0.0030000000000000027,0.0017278759594745432,-0.03658306856816265,0.03959043664329038,0.028859411515151537,0.0056945333503705,1425651518879,0,0,0,0,0,0,0
0.09516366265601087,-0.06938033403850848,0.993,-0.0014137166941157167,-0.0573817138671875,-0.018837711334228516,0,0,1,0,-0.09516366265601087,0.06938033403850848,0.007000000000000006,0.0014137166941157167,-0.02868984456449769,0.04272781605843916,0.02709637153846156,-0.000036249146001944175,1425651518879,0,0,0,0,0,0,0
0.09151337487037779,-0.06975797236222875,0.995,-0.0031764992386298357,-0.054746253967285156,-0.005741976261138916,0,0,1,0,-0.09151337487037779,0.06975797236222875,0.0050000000000000044,0.0031764992386298357,-0.028177730292995584,0.03823864944586776,-0.006638250606060609,0.011189147168239467,1425651518879,0,0,0,0,0,0,0
0.0875276092238514,-0.07007510783136406,0.994,-0.0031066860685500224,-0.059771072387695315,-0.004946919441223144,0,0,1,0,-0.0875276092238514,0.07007510783136406,0.006000000000000005,0.0031066860685500224,-0.02380129600218803,0.03817377237200704,0.01024808000000001,0.002779436833800898,1425651518879,0,0,0,0,0,0,0
0.08516525430372322,-0.07042372498208462,0.992,-0.003438298626428969,-0.03541890716552734,-0.00533931827545166,0,0,1,0,-0.08516525430372322,0.07042372498208462,0.008000000000000007,0.003438298626428969,-0.03175225919001852,0.03853669104488264,0.017164160769230784,0.004968818124331798,1425651518879,0,0,0,0,0,0,0
0.08110807660553579,-0.0703526119277678,0.992,-0.004101523742186862,-0.0608609733581543,0.00085744309425354,0,0,1,0,-0.08110807660553579,0.0703526119277678,0.008000000000000007,0.004101523742186862,-0.022214930150455555,0.03631764680137892,0.006411730000000008,0.006943917095434973,1425651519209,0,0,0,0,0,0,0
0.0779962698189548,-0.0696431695171769,0.99,-0.0036477381366684086,-0.046720355987548826,0.01045009994506836,0,0,1,0,-0.0779962698189548,0.0696431695171769,0.010000000000000009,0.0036477381366684086,-0.022839506754937823,0.03222186270759759,0.019696396666666685,0.0013788101090761434,1425651519269,0,0,0,0,0,0,0
0.07512011495498698,-0.06870398651683461,0.992,-0.0038571776469076263,-0.04319342422485352,0.013930279731750489,0,0,1,0,-0.07512011495498698,0.06870398651683461,0.008000000000000007,0.0038571776469076263,-0.024350878454050633,0.03095551398940171,-0.0041604906060606055,0.004809175420722252,1425651519335,0,0,0,0,0,0,0
0.07164854287038717,-0.06681906169771473,0.99,-0.0030194196059503114,-0.0521822509765625,0.028072805404663087,0,0,1,0,-0.07164854287038717,0.06681906169771473,0.010000000000000009,0.0030194196059503114,-0.01922091990890841,0.024887404700975106,0.01883430076923079,-0.0008471559676988339,1425651519400,0,0,0,0,0,0,0
0.06939337576465038,-0.06438766552324042,0.991,-0.003316125578789462,-0.03393747329711914,0.036368637084960936,0,0,1,0,-0.06939337576465038,0.06438766552324042,0.009000000000000008,0.003316125578789462,-0.024688315013395544,0.02077102052903495,0.00189800461538462,0.004685537761124004,1425651519465,0,0,0,0,0,0,0
0.06668762980031699,-0.061316810827306854,0.994,-0.004276056667386283,-0.04073871612548828,0.045927978515625,0,0,1,0,-0.06668762980031699,0.061316810827306854,0.006000000000000005,0.004276056667386283,-0.021174010518164074,0.016083360014644964,-0.011014590909090915,0.008639379797371831,1425651519531,0,0,0,0,0,0,0
0.06471790131989436,-0.05785014827778396,0.996,-0.005096361415823478,-0.02976801109313965,0.05187312316894531,0,0,1,0,-0.06471790131989436,0.05785014827778396,0.0040000000000000036,0.005096361415823478,-0.02413498311356271,0.012289228795985256,-0.007303640606060609,0.008825019363265272,1425651519597,0,0,0,0,0,0,0
0.06108620278603526,-0.05387348915612801,0.997,-0.006405358354819366,-0.054778766632080075,0.05937148666381836,0,0,1,0,-0.06108620278603526,0.05387348915612801,0.0030000000000000027,0.006405358354819366,-0.012942907479797351,0.00697184024716143,-0.002960570000000001,0.012541281506362589,1425651519661,0,0,0,0,0,0,0
0.058191498108534495,-0.049969346382241916,0.995,-0.005602506898901846,-0.0437947883605957,0.05828281784057617,0,0,1,0,-0.058191498108534495,0.049969346382241916,0.0050000000000000044,0.005602506898901846,-0.015807359631470744,0.005777296262920773,0.014887160769230783,0.0018970386408209885,1425651519726,0,0,0,0,0,0,0
0.057821369679756526,-0.04651908779931361,0.993,-0.007068583470577037,-0.005841789245605469,0.05172196197509766,0,0,1,0,-0.057821369679756526,0.04651908779931361,0.007000000000000006,0.007068583470577037,-0.029253751415880946,0.006526396175991173,0.016500810769230784,0.013835090724462533,1425651519791,0,0,0,0,0,0,0
0.05714666582210944,-0.043832474583780645,0.991,-0.007958701389094268,-0.010405160903930665,0.04022665405273437,0,0,1,0,-0.05714666582210944,0.043832474583780645,0.009000000000000008,0.007958701389094268,-0.027313523279777308,0.009323517270371385,0.018118360769230787,0.012066937936096868,1425651519856,0,0,0,0,0,0,0
0.05682176135725576,-0.04021980174313702,0.989,-0.008691739674931975,-0.005304690837860108,0.05414958953857422,0,0,1,0,-0.05682176135725576,0.04021980174313702,0.01100000000000001,0.008691739674931975,-0.029124900269572988,0.003138335414486236,0.019419001194029867,0.011974000656294845,1425651519923,0,0,0,0,0,0,0
0.05760692293772595,-0.037293668970695915,0.99,-0.009302604913129953,0.011395485877990722,0.043992698669433596,0,0,1,0,-0.05760692293772595,0.037293668970695915,0.010000000000000009,0.009302604913129953,-0.03554546401351727,0.004569019932720693,0.002721690000000004,0.012166035717182971,1425651519987,0,0,0,0,0,0,0
0.05806572903816261,-0.03473655799618912,0.991,-0.010611601852125618,0.00652498197555542,0.038419025421142575,0,0,1,0,-0.05806572903816261,0.03473655799618912,0.009000000000000008,0.010611601852125618,-0.03398925178138066,0.005546272713953965,0.0020233746153846197,0.01665312618595177,1425651520052,0,0,0,0,0,0,0
0.05908252929976236,-0.03232677513725337,0.992,-0.011885692206081488,0.01486757755279541,0.03630655288696289,0,0,1,0,-0.05908252929976236,0.03232677513725337,0.008000000000000007,0.011885692206081488,-0.03754063950094975,0.005155698926015561,0.0012389746153846195,0.01776610922433935,1425651520117,0,0,0,0,0,0,0
0.060206966144765145,-0.03066140213462363,0.993,-0.013421581947836714,0.016568456649780273,0.025179296493530273,0,0,1,0,-0.060206966144765145,0.03066140213462363,0.007000000000000006,0.013421581947836714,-0.038721574054384617,0.008351303100812849,0.0004526246153846178,0.02051030383286083,1425651520182,0,0,0,0,0,0,0
0.0608348996635929,-0.029005448340170402,0.992,-0.0156905099754292,0.009084781646728516,0.024963483810424805,0,0,1,0,-0.0608348996635929,0.029005448340170402,0.008000000000000007,0.0156905099754292,-0.03620802698297535,0.008110967429986066,0.011726263768115953,0.025555414443222624,1425651520251,0,0,0,0,0,0,0
0.0606420345376313,-0.028543834142525284,0.991,-0.014398966328953433,-0.0030012607574462892,0.006877970218658447,0,0,1,0,-0.0606420345376313,0.028543834142525284,0.009000000000000008,0.014398966328953433,-0.03187526771503691,0.013691736532760443,0.013115701290322593,0.008149561587941653,1425651520313,0,0,0,0,0,0,0
0.06104323506837394,-0.029292585340413915,0.99,-0.015132004614790917,0.006179097175598144,-0.01114345359802246,0,0,1,0,-0.06104323506837394,0.029292585340413915,0.010000000000000009,0.015132004614790917,-0.03536461137668699,0.020722776131185887,0.013674655384615398,0.01851525824173315,1425651520378,0,0,0,0,0,0,0
0.06046893628396444,-0.02978033011906177,0.992,-0.01609193570338774,-0.008502791404724121,-0.007445683479309082,0,0,1,0,-0.06046893628396444,0.02978033011906177,0.008000000000000007,0.01609193570338774,-0.030002320685365538,0.019465612992160302,-0.0035877576470588236,0.020326925800138423,1425651520446,0,0,0,0,0,0,0
0.05971749663145926,-0.030573920837411585,0.995,-0.01747074581246344,-0.011078587532043457,-0.012083693504333496,0,0,1,0,-0.05971749663145926,0.030573920837411585,0.0050000000000000044,0.01747074581246344,-0.028377577294325863,0.021850860719272218,-0.012619823870967748,0.02414240763057167,1425651520508,0,0,0,0,0,0,0
0.060297527070057054,-0.031258524169888356,0.996,-0.01980948701013574,0.008878527641296386,-0.010115487098693848,0,0,1,0,-0.060297527070057054,0.031258524169888356,0.0040000000000000036,0.01980948701013574,-0.0359360436572685,0.02125816420140067,-0.0016232388235294108,0.030127462882219416,1425651520576,0,0,0,0,0,0,0
0.05927945486464925,-0.03175021588240949,0.995,-0.022689280275926427,-0.015121994018554687,-0.007676421165466308,0,0,1,0,-0.05927945486464925,0.03175021588240949,0.0050000000000000044,0.022689280275926427,-0.026822946127518905,0.020731939695742368,0.009888825555555565,0.03640258154159636,1425651520639,0,0,0,0,0,0,0
0.05896753401664542,-0.03190218821623785,0.994,-0.024399702942881074,-0.004625890731811523,-0.002385148048400879,0,0,1,0,-0.05896753401664542,0.03190218821623785,0.006000000000000005,0.024399702942881074,-0.030681697500394147,0.018915354226647786,0.010529585384615396,0.03229396140574868,1425651520704,0,0,0,0,0,0,0
0.05827498060555825,-0.03200368745417142,0.993,-0.02542944720155771,-0.010348064422607422,-0.0017754817008972168,0,0,1,0,-0.05827498060555825,0.03200368745417142,0.007000000000000006,0.02542944720155771,-0.028380824353531654,0.01870716724706241,0.011261860303030315,0.03011010292281514,1425651520770,0,0,0,0,0,0,0
0.05685384149753491,-0.03186307843380083,0.993,-0.027174776453551708,-0.02136382293701172,0.0015664300918579101,0,0,1,0,-0.05685384149753491,0.03186307843380083,0.007000000000000006,0.027174776453551708,-0.023844066305701378,0.01737398493824261,0.005972690000000007,0.035108091235342614,1425651520836,0,0,0,0,0,0,0
0.056159616851590835,-0.03088999122053039,0.995,-0.028885199120506355,-0.010806127548217774,0.014307972908020019,0,0,1,0,-0.056159616851590835,0.03088999122053039,0.0050000000000000044,0.028885199120506355,-0.027331668779422474,0.012413473342656838,-0.006386790769230772,0.03677945758337396,1425651520901,0,0,0,0,0,0,0
0.05422478912376147,-0.03179096532082088,0.992,-0.030997047515419318,-0.028619991302490235,-0.01434717559814453,0,0,1,0,-0.05422478912376147,0.03179096532082088,0.008000000000000007,0.030997047515419318,-0.01955600235290979,0.023051209100719554,0.023204050000000025,0.04089633686657383,1425651520965,0,0,0,0,0,0,0
0.05253309647555417,-0.03254228943685301,0.991,-0.03183480555637664,-0.02501392364501953,-0.012050884246826172,0,0,1,0,-0.05253309647555417,0.03254228943685301,0.009000000000000008,0.03183480555637664,-0.02035481963218995,0.02250544151351614,0.012918650303030316,0.03564279665163719,1425651521031,0,0,0,0,0,0,0
0.0500559571045806,-0.03323525114677172,0.992,-0.03232349774693511,-0.036807415008544925,-0.011571847915649414,0,0,1,0,-0.0500559571045806,0.03323525114677172,0.008000000000000007,0.03232349774693511,-0.014572527201095305,0.022678532725611572,0.0013622300000000033,0.03461424239017794,1425651521095,0,0,0,0,0,0,0
0.04822541060497118,-0.03432807724827413,0.993,-0.032794736644973684,-0.026914087295532227,-0.01727121925354004,0,0,1,0,-0.04822541060497118,0.03432807724827413,0.007000000000000006,0.032794736644973684,-0.017378667559144807,0.025342072914315318,0.0006600146153846187,0.03496968540515171,1425651521160,0,0,0,0,0,0,0
0.046404792070763506,-0.03540079805232248,0.993,-0.03272492347489387,-0.02676699447631836,-0.01697760009765625,0,0,1,0,-0.046404792070763506,0.03540079805232248,0.007000000000000006,0.03272492347489387,-0.016845544511365877,0.02562146900645784,0.006058700000000007,0.03241232719095441,1425651521227,0,0,0,0,0,0,0
0.04429266405255905,-0.036856424785870444,0.992,-0.03351032163829127,-0.0309505558013916,-0.02285931396484375,0,0,1,0,-0.04429266405255905,0.036856424785870444,0.008000000000000007,0.03351032163829127,-0.013777821543114887,0.02872956378990281,0.012342810000000013,0.03719187552921658,1425651521291,0,0,0,0,0,0,0
0.04440661304087059,-0.037450136431388815,0.993,-0.033667401270970794,0.0020066514015197752,-0.008843408584594727,0,0,1,0,-0.04440661304087059,0.037450136431388815,0.007000000000000006,0.033667401270970794,-0.026027931910826516,0.024287212362735493,0.0007030946153846187,0.034392384191030134,1425651521356,0,0,0,0,0,0,0
0.043929777402482266,-0.03856368231850693,0.992,-0.033545228223331065,-0.00658623456954956,-0.016934484481811524,0,0,1,0,-0.043929777402482266,0.03856368231850693,0.008000000000000007,0.033545228223331065,-0.02263692045702163,0.02766815915456943,0.012287925384615397,0.03298135261884001,1425651521421,0,0,0,0,0,0,0
0.043915418150091944,-0.03978934230817183,0.992,-0.033475415053251474,0.00040134239196777346,-0.018381780624389648,0,0,1,0,-0.043915418150091944,0.03978934230817183,0.008000000000000007,0.033475415053251474,-0.025148543315690185,0.02891054354330793,0.006918910000000008,0.0331532004221149,1425651521486,0,0,0,0,0,0,0
0.045313431866065255,-0.04113352536842949,0.996,-0.0328121899374938,0.02163328742980957,-0.019449594497680665,0,0,1,0,-0.045313431866065255,0.04113352536842949,0.0040000000000000036,0.0328121899374938,-0.03325828594959333,0.030032338706092645,-0.01716857238805971,0.0298425252400714,1425651521553,0,0,0,0,0,0,0
0.046247026700589305,-0.04262164400953215,0.995,-0.03412118687648925,0.014728679656982421,-0.0218503475189209,0,0,1,0,-0.046247026700589305,0.04262164400953215,0.0050000000000000044,0.03412118687648925,-0.03155722149001341,0.03191997289002409,0.01000530000000001,0.04025711002803039,1425651521617,0,0,0,0,0,0,0
0.04819077323082262,-0.04379293056493965,0.994,-0.034033920413889536,0.029738595962524414,-0.016564420700073242,0,0,1,0,-0.04819077323082262,0.04379293056493965,0.006000000000000005,0.034033920413889536,-0.03792114947691377,0.030702860360105246,0.010732865384615396,0.03363115212496779,1425651521682,0,0,0,0,0,0,0
0.049377278115220816,-0.04511272091589972,0.995,-0.03419100004656906,0.018460901260375976,-0.019179786682128906,0,0,1,0,-0.049377278115220816,0.04511272091589972,0.0050000000000000044,0.03419100004656906,-0.03446904213385253,0.03219171462638676,-0.0008266153846153831,0.0349159829666284,1425651521747,0,0,0,0,0,0,0
0.052117874553482615,-0.04570735480825074,0.995,-0.033562681515851185,0.04138982772827148,-0.007509013175964355,0,0,1,0,-0.052117874553482615,0.04570735480825074,0.0050000000000000044,0.033562681515851185,-0.04424140226147798,0.028614052729908163,0.004567750000000006,0.030662749835614837,1425651521812,0,0,0,0,0,0,0
0.05404854942844419,-0.046962255345329766,1,-0.03389429407373013,0.029575462341308593,-0.017841110229492186,0,0,1,0,-0.05404854942844419,0.046962255345329766,0,0.03389429407373013,-0.04028025380483215,0.032437469656591486,-0.024794568840579727,0.035336087803638595,1425651521881,0,0,0,0,0,0,0
0.0562681389106553,-0.04789877132457213,1,-0.03331833542057195,0.03375076675415039,-0.012911416053771973,0,0,1,0,-0.0562681389106553,0.04789877132457213,0,0.03331833542057195,-0.04416159706619325,0.031856771131298874,0.0005677500000000021,0.030531438711742038,1425651521943,0,0,0,0,0,0,0
0.058335072444075396,-0.04753320524714585,1.001,-0.03338814859065155,0.030804128646850587,0.006513258457183838,0,0,1,0,-0.058335072444075396,0.04753320524714585,-0.0009999999999998899,0.03338814859065155,-0.043189819866881675,0.02456568156782161,-0.005306783768115292,0.03369168411273676,1425651522012,0,0,0,0,0,0,0
0.05789703983380819,-0.0476300915497916,1.003,-0.032061698359135984,-0.006518313407897949,-0.0016718202829360963,0,0,1,0,-0.05789703983380819,0.0476300915497916,-0.0029999999999998916,0.032061698359135984,-0.03000837343448055,0.02705340477276751,-0.013315219836065494,0.02553817263037092,1425651522073,0,0,0,0,0,0,0
0.059468417444050896,-0.04840562709593956,1.004,-0.03241076420953483,0.023931461334228514,-0.010871468544006347,0,0,1,0,-0.059468417444050896,0.04840562709593956,-0.0040000000000000036,0.03241076420953483,-0.04167967634192423,0.031029903746844053,-0.007950760303030897,0.03399742716589321,1425651522139,0,0,0,0,0,0,0
0.05945707158065423,-0.04932769001867883,1.002,-0.03241076420953483,0.00027809441089630125,-0.013829195022583007,0,0,1,0,-0.05945707158065423,0.04932769001867883,-0.0020000000000000018,0.03241076420953483,-0.0333200145354422,0.03230053060191325,0.009554370606060614,0.03241076420953483,1425651522205,0,0,0,0,0,0,0
0.059905646374120006,-0.0501701651709998,1.004,-0.032829643230013486,0.0071345953941345215,-0.012412448883056641,0,0,1,0,-0.059905646374120006,0.0501701651709998,-0.0040000000000000036,0.032829643230013486,-0.03609595240502701,0.03247143545245145,-0.013596870000000011,0.03479313863850719,1425651522269,0,0,0,0,0,0,0
0.05965696794095848,-0.051373053589405825,1.002,-0.03420845333908919,-0.0031359169483184813,-0.018156042098999025,0,0,1,0,-0.05965696794095848,0.051373053589405825,-0.0020000000000000018,0.03420845333908919,-0.03221820909881835,0.03497607764095702,0.00970596076923078,0.04057219230405396,1425651522334,0,0,0,0,0,0,0
0.058126251317063546,-0.05323863141318365,1,-0.03436553297176849,-0.021990224838256835,-0.028752593994140624,0,0,1,0,-0.058126251317063546,0.05323863141318365,0,0.03436553297176849,-0.02458735028473935,0.03951179923065111,0.01130596076923078,0.03509051589182681,1425651522399,0,0,0,0,0,0,0
0.05653334779806396,-0.05478432950656641,1.001,-0.034295719801688676,-0.023082820892333985,-0.023992734909057616,0,0,1,0,-0.05653334779806396,0.05478432950656641,-0.0009999999999998899,0.034295719801688676,-0.023872893371755577,0.03823228158035391,-0.005412368823528754,0.033987720521924794,1425651522467,0,0,0,0,0,0,0
0.05314432823188445,-0.05584840307352193,1.002,-0.03488913174736698,-0.050258110046386716,-0.017694808959960937,0,0,1,0,-0.05314432823188445,0.05584840307352193,-0.0020000000000000018,0.03488913174736698,-0.011582746149174702,0.03675522366412925,-0.006624645555556176,0.03771490291726365,1425651522530,0,0,0,0,0,0,0
0.05112110631854064,-0.0569206057445642,1.004,-0.03406882699892957,-0.029768850326538084,-0.017131864547729494,0,0,1,0,-0.05112110631854064,0.0569206057445642,-0.0040000000000000036,0.03406882699892957,-0.018864203115939157,0.03701900071840497,-0.013124891194029858,0.030395820662642657,1425651522597,0,0,0,0,0,0,0
0.04747776512281503,-0.05723538695283477,1.004,-0.03387684078121003,-0.05445757293701172,-0.006580483436584472,0,0,1,0,-0.04747776512281503,0.05723538695283477,-0.0040000000000000036,0.03387684078121003,-0.007400728785978021,0.03336017537738729,-0.0026846900000000004,0.03296262069683129,1425651522660,0,0,0,0,0,0,0
0.04501547885756763,-0.05787720962611961,1.003,-0.03221877799181552,-0.036587020874023435,-0.010872794151306151,0,0,1,0,-0.04501547885756763,0.05787720962611961,-0.0029999999999998916,0.03221877799181552,-0.013181165630131301,0.035425890650659195,0.0034940753846160765,0.0245661805023024,1425651522725,0,0,0,0,0,0,0
0.043099931592269415,-0.05664985628695088,1.004,-0.033457961760731375,-0.029311351776123047,0.017475156784057616,0,0,1,0,-0.043099931592269415,0.05664985628695088,-0.0040000000000000036,0.033457961760731375,-0.015504143264970932,0.0249826538498575,-0.00792246059701551,0.0390065458006531,1425651522792,0,0,0,0,0,0,0
0.040193585662142345,-0.05421820196809299,1.007,-0.031695179216217256,-0.04479093551635742,0.03499606704711914,0,0,1,0,-0.040193585662142345,0.05421820196809299,-0.006999999999999895,0.031695179216217256,-0.008189205081205114,0.016914964077599084,-0.02151826999999932,0.023432136038807325,1425651522856,0,0,0,0,0,0,0
0.03991990476805265,-0.05149286179097696,1.009,-0.030246555937061964,-0.005398636817932129,0.040729476928710935,0,0,1,0,-0.03991990476805265,0.05149286179097696,-0.008999999999999897,0.030246555937061964,-0.022564937814029164,0.01485793248556875,-0.017024497647058746,0.023855570881965087,1425651522924,0,0,0,0,0,0,0
0.0385616028182219,-0.04758036284889346,1.012,-0.030839967882740266,-0.02214003372192383,0.058044475555419923,0,0,1,0,-0.0385616028182219,0.04758036284889346,-0.01200000000000001,0.030839967882740266,-0.01577261036614091,0.005223039615068838,-0.0258197266666673,0.03366573905263694,1425651522987,0,0,0,0,0,0,0
0.037682864791754804,-0.04334595221235637,1.014,-0.029426251188624547,-0.015133328437805176,0.06307951736450196,0,0,1,0,-0.037682864791754804,0.04334595221235637,-0.014000000000000012,0.029426251188624547,-0.018172190862164865,0.002069441741258931,-0.021549590769230784,0.02290140490809046,1425651523052,0,0,0,0,0,0,0
0.03647711307632941,-0.039810726807532615,1.019,-0.02666863097047359,-0.019638647079467775,0.0524732894897461,0,0,1,0,-0.03647711307632941,0.039810726807532615,-0.018999999999999906,0.02666863097047359,-0.016026717975546396,0.004661579485751684,-0.040937952985073994,0.014321077754872286,1425651523119,0,0,0,0,0,0,0
0.03496687410020164,-0.03561912709527061,1.019,-0.026110125609835527,-0.024322093963623045,0.062247570037841794,0,0,1,0,-0.03496687410020164,0.03561912709527061,-0.018999999999999906,0.026110125609835527,-0.013202114075150694,-0.0022308499900984963,-0.014854459999999922,0.023450576273463804,1425651523182,0,0,0,0,0,0,0
0.034924737578736924,-0.03157161340840782,1.019,-0.025394540616517722,-0.0022168686389923095,0.06067551040649414,0,0,1,0,-0.034924737578736924,0.03157161340840782,-0.018999999999999906,0.025394540616517722,-0.02136707446615457,-0.0027417246844149076,-0.014891509999999922,0.022091840647358623,1425651523247,0,0,0,0,0,0,0
0.03551795663935053,-0.0287936503532938,1.016,-0.02453932928304051,0.007837354183197021,0.04188195419311523,0,0,1,0,-0.03551795663935053,0.0287936503532938,-0.016000000000000014,0.02453932928304051,-0.025107916110237133,0.002724051524020346,0.003631136153845558,0.02059220005160722,1425651523312,0,0,0,0,0,0,0
0.03449358337691312,-0.02554620746068784,1.012,-0.024294983187761274,-0.016556203842163084,0.04831995391845703,0,0,1,0,-0.03449358337691312,0.02554620746068784,-0.01200000000000001,0.024294983187761274,-0.015908037799477213,-0.0014110332431590301,0.012192351538461548,0.02316723197878019,1425651523377,0,0,0,0,0,0,0
0.03407203361520113,-0.023165889878530205,1.008,-0.023317598806644333,-0.007188741683959961,0.035540618896484376,0,0,1,0,-0.03407203361520113,0.023165889878530205,-0.008000000000000007,0.023317598806644333,-0.019033821588768974,0.0024660652399999643,0.014733332388059715,0.01894125083149385,1425651523444,0,0,0,0,0,0,0
0.03304436813874577,-0.020619289095454327,1.003,-0.02131047016685098,-0.01630142021179199,0.03782921981811523,0,0,1,0,-0.03304436813874577,0.020619289095454327,-0.0029999999999998916,0.02131047016685098,-0.015210009975955403,-0.00007180353648314312,0.024755036923077636,0.012046799521650884,1425651523509,0,0,0,0,0,0,0
0.03193932611655057,-0.01935337086096375,0.998,-0.02052507200345358,-0.016976495742797852,0.018631254196166992,0,0,1,0,-0.03193932611655057,0.01935337086096375,0.0020000000000000018,0.02052507200345358,-0.014168314909452029,0.006097098913776198,0.029179549999999423,0.01684351811252827,1425651523573,0,0,0,0,0,0,0
0.03284610660999763,-0.017425487187376177,0.997,-0.02202605516016856,0.013005334854125977,0.029191320419311523,0,0,1,0,-0.03284610660999763,0.017425487187376177,0.0030000000000000027,0.02202605516016856,-0.025568917879836194,0.0016865618999760829,0.008026265384615395,0.028953669729622326,1425651523638,0,0,0,0,0,0,0
0.03172721476352548,-0.015941058475303135,0.995,-0.02155481626212999,-0.01726970863342285,0.021891387939453125,0,0,1,0,-0.03172721476352548,0.015941058475303135,0.0050000000000000044,0.02155481626212999,-0.014122628200477626,0.003342543640103673,0.015020630769230785,0.01937986750195196,1425651523703,0,0,0,0,0,0,0
0.03166210591277666,-0.01423409660580557,0.99,-0.021537362969610313,-0.00152826189994812,0.025577430725097657,0,0,1,0,-0.03166210591277666,0.01423409660580557,0.010000000000000009,0.021537362969610313,-0.01979596877417871,0.0015747122405614378,0.03439090298507466,0.02145921389862669,1425651523770,0,0,0,0,0,0,0
0.030732497242079757,-0.012633552488620591,0.99,-0.022060961745208583,-0.014457928657531737,0.02370229721069336,0,0,1,0,-0.030732497242079757,0.012633552488620591,0.010000000000000009,0.022060961745208583,-0.014607156681312183,0.0009465150046189582,0.008290700000000012,0.024515331005825473,1425651523834,0,0,0,0,0,0,0
0.02998148498043218,-0.009823924123456847,0.985,-0.021467549799530503,-0.012192113876342774,0.04188566970825195,0,0,1,0,-0.02998148498043218,0.009823924123456847,0.015000000000000013,0.021467549799530503,-0.015291023755497044,-0.0068277061065397816,0.039243026923076955,0.018728725434862443,1425651523899,0,0,0,0,0,0,0
0.029590142727136816,-0.006694872603481477,0.982,-0.022584560520806627,-0.006876299858093262,0.0467989501953125,0,0,1,0,-0.029590142727136816,0.006694872603481477,0.018000000000000016,0.022584560520806627,-0.017051270881980076,-0.010107851032936264,0.030908896153846184,0.027739994619004123,1425651523964,0,0,0,0,0,0,0
0.02867374269103014,-0.002826916896719986,0.983,-0.024172810140121546,-0.015052724838256835,0.05769411849975586,0,0,1,0,-0.02867374269103014,0.002826916896719986,0.017000000000000015,0.024172810140121546,-0.01378447458153808,-0.016018706242259408,0.008603584615384628,0.03150319299849809,1425651524029,0,0,0,0,0,0,0
0.029990010102069614,0.0019546321999840666,0.981,-0.025586526834237264,0.01800465965270996,0.07217950439453125,0,0,1,0,-0.029990010102069614,-0.0019546321999840666,0.019000000000000017,0.025586526834237264,-0.026273187115720464,-0.022561578138493167,0.026074151194029876,0.031916601584009135,1425651524096,0,0,0,0,0,0,0
0.030614294644104915,0.006999494679736175,0.98,-0.02631956512007497,0.007425206661224365,0.07588774108886719,0,0,1,0,-0.030614294644104915,-0.006999494679736175,0.020000000000000018,0.02631956512007497,-0.022943352578559752,-0.026076731424705457,0.021614248823529435,0.02955355755759426,1425651524164,0,0,0,0,0,0,0
0.03147554716136394,0.01162457800238788,0.979,-0.02759365547403062,0.011088571548461913,0.06969219970703125,0,0,1,0,-0.03147554716136394,-0.01162457800238788,0.02100000000000002,0.02759365547403062,-0.025121562464427122,-0.028967523465402323,0.023043324918032813,0.03385967360823872,1425651524225,0,0,0,0,0,0,0
0.03261437293371802,0.016406704975763586,0.979,-0.028780479365386556,0.015096789360046386,0.0721759033203125,0,0,1,0,-0.03261437293371802,-0.016406704975763586,0.02100000000000002,0.028780479365386556,-0.026720304032105527,-0.029813476426412883,0.01734783000000002,0.03409461619235344,1425651524292,0,0,0,0,0,0,0
0.03412256938899747,0.020662511467040835,0.98,-0.028989918875625992,0.02077656936645508,0.064461669921875,0,0,1,0,-0.03412256938899747,-0.020662511467040835,0.020000000000000018,0.028989918875625992,-0.02992567881887625,-0.0306165061415814,0.011030074444444458,0.029987249876766164,1425651524355,0,0,0,0,0,0,0
0.033600253977851685,0.024570083407980867,0.979,-0.031503192998497936,-0.009530404090881347,0.05836185455322265,0,0,1,0,-0.033600253977851685,-0.024570083407980867,0.02100000000000002,0.031503192998497936,-0.01865941009398555,-0.02876489316534301,0.022501563768115965,0.04243047179359335,1425651524424,0,0,0,0,0,0,0
0.03529026590830609,0.026966459930769876,0.977,-0.03181735226385676,0.024205385208129884,0.03672629165649414,0,0,1,0,-0.03529026590830609,-0.026966459930769876,0.02300000000000002,0.03181735226385676,-0.03171611195262604,-0.02368671552365613,0.03036220258064519,0.033337477741399474,1425651524486,0,0,0,0,0,0,0
0.03623892836861855,0.028309529501502475,0.978,-0.03174753909377695,0.013581849098205567,0.02058852958679199,0,0,1,0,-0.03623892836861855,-0.028309529501502475,0.02200000000000002,0.03174753909377695,-0.027704756719905244,-0.017971341247679955,0.013012409696969714,0.031430206502505074,1425651524552,0,0,0,0,0,0,0
0.036995084271818086,0.029841423029585142,0.98,-0.03155555287605785,0.010607237815856934,0.023326854705810546,0,0,1,0,-0.036995084271818086,-0.029841423029585142,0.020000000000000018,0.03155555287605785,-0.027147704411433424,-0.019883003762924317,0.005985209230769242,0.030669462640431248,1425651524617,0,0,0,0,0,0,0
0.03764926692129647,0.030298664144566938,0.982,-0.03303908274025294,0.009591463088989258,0.007164797306060791,0,0,1,0,-0.03764926692129647,-0.030298664144566938,0.018000000000000016,0.03303908274025294,-0.026845784084987858,-0.014271839955196276,0.0047428588059701595,0.03968175377396229,1425651524684,0,0,0,0,0,0,0
0.03632645926158177,0.029998361558653652,0.981,-0.03429571980168869,-0.019682487487792968,-0.00515752649307251,0,0,1,0,-0.03632645926158177,-0.029998361558653652,0.019000000000000017,0.03429571980168869,-0.015667809928749735,-0.010135600684393425,0.021412285384615405,0.040095583162161386,1425651524749,0,0,0,0,0,0,0
0.03478489964848905,0.02879406533268739,0.984,-0.03492403833240679,-0.022490385055541993,-0.018846698760986328,0,0,1,0,-0.03478489964848905,-0.02879406533268739,0.016000000000000014,0.03492403833240679,-0.013867861289199868,-0.004783051198554204,-0.0022497409090909033,0.037780031653852686,1425651524815,0,0,0,0,0,0,0
0.03109083991494615,0.026201588561187258,0.984,-0.035238197597765836,-0.054019287109375,-0.0407982177734375,0,0,1,0,-0.03109083991494615,-0.026201588561187258,0.016000000000000014,0.035238197597765836,0.000638517926601672,0.004745472338696799,0.013689110000000018,0.03675832307530962,1425651524877,0,0,0,0,0,0,0
0.028853175542203215,0.02207149535008085,0.984,-0.03570943649580419,-0.03136152458190918,-0.06309546279907227,0,0,1,0,-0.028853175542203215,-0.02207149535008085,0.016000000000000014,0.03570943649580419,-0.007426253027172473,0.013735895315194282,0.013721270000000018,0.03781946141239382,1425651524944,0,0,0,0,0,0,0
0.025844961918768856,0.01717013539484816,0.984,-0.037891098060797185,-0.042469623565673825,-0.07508451080322266,0,0,1,0,-0.025844961918768856,-0.01717013539484816,0.016000000000000014,0.037891098060797185,-0.0009154221328988438,0.021830421847220532,0.013751510000000017,0.048279962656001936,1425651525007,0,0,0,0,0,0,0
0.023593963981257616,0.010966410477036202,0.985,-0.03827507049623582,-0.030215587615966797,-0.0942681655883789,0,0,1,0,-0.023593963981257616,-0.010966410477036202,0.015000000000000013,0.03827507049623582,-0.005100395427129473,0.029163109826786077,0.00791009623188407,0.039944515867708134,1425651525076,0,0,0,0,0,0,0
0.021457571970463916,0.003523091347782695,0.986,-0.03886848244191389,-0.027750049591064453,-0.11279427337646485,0,0,1,0,-0.021457571970463916,-0.003523091347782695,0.014000000000000012,0.03886848244191389,-0.003594978667794048,0.042766152911201775,0.006653464444444455,0.04169425361180947,1425651525139,0,0,0,0,0,0,0
0.018990235952933598,-0.00482858307844253,0.986,-0.04005530633327005,-0.03211405944824219,-0.12661865997314453,0,0,1,0,-0.018990235952933598,0.00482858307844253,0.014000000000000012,0.04005530633327005,-0.0007490650685792848,0.05126652699560653,0.012235900000000015,0.045618543324002045,1425651525203,0,0,0,0,0,0,0
0.015219084264109124,-0.011724635641658182,0.985,-0.04260348704118179,-0.05237965774536133,-0.10562303161621094,0,0,1,0,-0.015219084264109124,0.011724635641658182,0.015000000000000013,0.04260348704118179,0.0073331162791573055,0.04507334444565235,0.018289930597014944,0.0540132514049657,1425651525270,0,0,0,0,0,0,0
0.013141157014416814,-0.01986375602860175,0.987,-0.04403465702781741,-0.025940876007080078,-0.12330352783203125,0,0,1,0,-0.013141157014416814,0.01986375602860175,0.013000000000000012,0.04403465702781741,0.0002077951155025383,0.05834859910746469,0.00037950888888889367,0.05084975220227276,1425651525333,0,0,0,0,0,0,0
0.00973316546978584,-0.026512938982106028,0.989,-0.04591961261997103,-0.046679821014404294,-0.1018913803100586,0,0,1,0,-0.00973316546978584,0.026512938982106028,0.01100000000000001,0.04591961261997103,0.00816417029567354,0.05120815658712841,-0.0005350311940298461,0.05435971228633052,1425651525400,0,0,0,0,0,0,0
0.006459561952365282,-0.03208753098360686,0.988,-0.04632103834792957,-0.04521389389038086,-0.08578478240966797,0,0,1,0,-0.006459561952365282,0.03208753098360686,0.01200000000000001,0.04632103834792957,0.00989641626583932,0.04976750079910261,0.01620452000000002,0.048202721447735214,1425651525464,0,0,0,0,0,0,0
0.002571303123078601,-0.03722080528068831,0.986,-0.047542768824325746,-0.054695919036865236,-0.07961717987060547,0,0,1,0,-0.002571303123078601,0.03722080528068831,0.014000000000000012,0.047542768824325746,0.014555883782260146,0.04909456282211043,0.02296955060606063,0.053096089171581096,1425651525530,0,0,0,0,0,0,0
-0.00029953436289120576,-0.040331246691205996,0.985,-0.048607419668042176,-0.04079655456542969,-0.04865044403076172,0,0,1,0,0.00029953436289120576,0.040331246691205996,0.015000000000000013,0.048607419668042176,0.011071832330902285,0.04046391283783074,0.01866104000000002,0.05359797049796294,1425651525594,0,0,0,0,0,0,0
-0.004933522156433944,-0.041976378545146846,0.988,-0.050003683069638,-0.06822870635986328,-0.02802519416809082,0,0,1,0,0.004933522156433944,0.041976378545146846,0.01200000000000001,0.050003683069638,0.02264438248090808,0.033161939237537644,-0.0053381561538461495,0.056447975692387936,1425651525659,0,0,0,0,0,0,0
-0.008913223165530495,-0.04228667729163357,0.992,-0.05035274892003662,-0.059388256072998045,-0.007632415294647216,0,0,1,0,0.008913223165530495,0.04228667729163357,0.008000000000000007,0.05035274892003662,0.020477445763087326,0.026107981995165737,-0.013263752388059704,0.051915730339731944,1425651525726,0,0,0,0,0,0,0
-0.013205436469922347,-0.041086757443478276,1.002,-0.052621676947629106,-0.06520750427246094,0.01473548412322998,0,0,1,0,0.013205436469922347,0.041086757443478276,-0.0020000000000000018,0.052621676947629106,0.025315562519676746,0.01735129232520257,-0.05505957000000004,0.06325727707696889,1425651525790,0,0,0,0,0,0,0
-0.014584716390399677,-0.038630362617838206,1.001,-0.05415756668938433,-0.022598560333251954,0.035706722259521484,0,0,1,0,0.014584716390399677,0.038630362617838206,-0.0009999999999998899,0.05415756668938433,0.009968532916669551,0.009483524948852259,0.00581059538461608,0.06124628857440845,1425651525855,0,0,0,0,0,0,0
-0.017003943034778864,-0.03534886364561224,1.003,-0.055588736676019504,-0.038899662017822266,0.047185985565185544,0,0,1,0,0.017003943034778864,0.03534886364561224,-0.0029999999999998916,0.055588736676019504,0.016788911930534056,0.0034228837424925586,-0.011949100769230687,0.062194136614335684,1425651525920,0,0,0,0,0,0,0
-0.019326548804334466,-0.030818360789794746,1,-0.055501470213419786,-0.03856100082397461,0.06591690826416016,0,0,1,0,0.019326548804334466,0.030818360789794746,0,0.055501470213419786,0.017253214107273467,-0.005177811649212893,0.01712922090909034,0.05510480447433016,1425651525986,0,0,0,0,0,0,0
-0.020624149139295212,-0.026873002747593577,0.997,-0.05667084081225605,-0.02271694564819336,0.05800951766967773,0,0,1,0,0.020624149139295212,0.026873002747593577,0.0030000000000000027,0.05667084081225605,0.01258564992045972,-0.004351864898014507,0.019779826153846172,0.062067935883808024,1425651526051,0,0,0,0,0,0,0
-0.020983077187010642,-0.02188000836777816,0.998,-0.05567600313861921,-0.009617363929748535,0.07446973419189454,0,0,1,0,0.020983077187010642,0.02188000836777816,0.0020000000000000018,0.05567600313861921,0.007724363705475754,-0.012475258823482948,-0.002554735384615382,0.05108444464491072,1425651526116,0,0,0,0,0,0,0
-0.02274758992737858,-0.016863737523789467,0.999,-0.056391588131937016,-0.030613803863525392,0.07365461730957032,0,0,1,0,0.02274758992737858,0.016863737523789467,0.0010000000000000009,0.056391588131937016,0.016189938969549088,-0.015097767623173717,-0.0033527853846153826,0.05969428810109613,1425651526181,0,0,0,0,0,0,0
-0.02086324854826709,-0.012365902779518205,1.002,-0.05602506898901827,0.024417606353759766,0.0689533462524414,0,0,1,0,0.02086324854826709,0.012365902779518205,-0.0020000000000000018,0.05602506898901827,-0.004386346636416423,-0.014547068160024178,-0.01652591615384616,0.05433344217554712,1425651526246,0,0,0,0,0,0,0
-0.01939403175067698,-0.008204953928420626,1.003,-0.05688028032249548,0.01850874137878418,0.06355035400390625,0,0,1,0,0.01939403175067698,0.008204953928420626,-0.0029999999999998916,0.05688028032249548,-0.0027530025937664085,-0.014468655001249152,-0.006481040303029626,0.060767604565573716,1425651526312,0,0,0,0,0,0,0
-0.01729210877025113,-0.005591671666564657,1.005,-0.056740653982335854,0.029249393463134765,0.04092824172973633,0,0,1,0,0.01729210877025113,0.005591671666564657,-0.004999999999999893,0.056740653982335854,-0.006819625473454197,-0.007156573472972953,-0.013082327647058741,0.05612465542280809,1425651526380,0,0,0,0,0,0,0
-0.015136331622757971,-0.002978575973898042,1.006,-0.05852088981937009,0.030061779022216798,0.0409671745300293,0,0,1,0,0.015136331622757971,0.002978575973898042,-0.006000000000000005,0.05852088981937009,-0.00923911800240497,-0.00976190373009403,-0.00924453129032321,0.06713493419211641,1425651526442,0,0,0,0,0,0,0
-0.010576022892405655,-0.00047443081835246486,1.009,-0.057613318608332964,0.06609061431884766,0.04149869155883789,0,0,1,0,0.010576022892405655,0.00047443081835246486,-0.008999999999999897,0.057613318608332964,-0.02389819679716158,-0.009746179805545438,-0.02217076615384548,0.05342452840354622,1425651526507,0,0,0,0,0,0,0
-0.007015449705421784,0.0019048723907593645,1.008,-0.05859070298944969,0.05126492691040039,0.0387056770324707,0,0,1,0,0.007015449705421784,-0.0019048723907593645,-0.008000000000000007,0.05859070298944969,-0.020290731960976444,-0.01026484371174286,0.0001520953846147902,0.06310170782537304,1425651526572,0,0,0,0,0,0,0
-0.001362154662576668,0.004092886091061759,1.006,-0.05989969992844558,0.0827320556640625,0.0377295036315918,0,0,1,0,0.001362154662576668,-0.004092886091061759,-0.006000000000000005,0.05989969992844558,-0.033041978188837105,-0.009811836282132346,0.0066493576470588334,0.06567468642401567,1425651526640,0,0,0,0,0,0,0
0.003507453766181294,0.005597545388291337,1.007,-0.0607898178469628,0.07156200408935547,0.026902116775512696,0,0,1,0,-0.003507453766181294,-0.005597545388291337,-0.006999999999999895,0.0607898178469628,-0.03387083989331309,-0.00779984560658759,-0.010102941290321868,0.06509684003333646,1425651526702,0,0,0,0,0,0,0
0.00926472558076075,0.005878361448626207,1.007,-0.0608072711394827,0.08594365692138672,0.009450980186462402,0,0,1,0,-0.00926472558076075,-0.005878361448626207,-0.006999999999999895,0.0608072711394827,-0.03934125868961144,-0.0009170972879947107,-0.00447184999999991,0.06088542021046731,1425651526769,0,0,0,0,0,0,0
0.015746028874945372,0.005539167678597102,1.006,-0.06044075199656396,0.09734906005859376,0.000829509973526001,0,0,1,0,-0.015746028874945372,-0.005539167678597102,-0.006000000000000005,0.06044075199656396,-0.04796131466133334,0.002570870028465702,0.0017853799999993994,0.058722693514132354,1425651526833,0,0,0,0,0,0,0
0.02247524041572424,0.005440313041393954,1.006,-0.05988224663592545,0.10084342956542969,0.004616953372955322,0,0,1,0,-0.02247524041572424,-0.005440313041393954,-0.006000000000000005,0.05988224663592545,-0.05053222384149514,0.0012704426370157276,-0.0036956099999999985,0.057418252397814395,1425651526901,0,0,0,0,0,0,0
0.027425709728667487,0.004917337701305868,1.005,-0.05970771371072625,0.07459341430664063,-0.003386548042297363,0,0,1,0,-0.027425709728667487,-0.004917337701305868,-0.004999999999999893,0.05970771371072625,-0.04546224237098967,0.003879993969374387,0.0025635400000007034,0.058889590623855,1425651526965,0,0,0,0,0,0,0
0.033628925294674275,0.0034162522548440728,1.006,-0.05981243346584586,0.09422602081298828,-0.01692376136779785,0,0,1,0,-0.033628925294674275,-0.0034162522548440728,-0.006000000000000005,0.05981243346584586,-0.054914759871082006,0.009851062526173356,-0.009101525384615986,0.06029575541255175,1425651527030,0,0,0,0,0,0,0
0.03759394996807599,0.0007772001406787924,1.006,-0.06089453760208241,0.06173532485961914,-0.035959747314453124,0,0,1,0,-0.03759394996807599,-0.0007772001406787924,-0.006000000000000005,0.06089453760208241,-0.045203131047622275,0.0175196396358669,-0.0037284299999999983,0.06596690074069124,1425651527094,0,0,0,0,0,0,0
0.03989315701421499,-0.001879664052023128,1.009,-0.06099925735720202,0.036849510192871096,-0.03768025588989258,0,0,1,0,-0.03989315701421499,0.001879664052023128,-0.008999999999999897,0.06099925735720202,-0.03670651738007119,0.018296156162950623,-0.02181816179104412,0.061468151783110714,1425651527161,0,0,0,0,0,0,0
0.040622543319267075,-0.004584401125953853,1.011,-0.06023131248632452,0.013393715858459472,-0.039828632354736326,0,0,1,0,-0.040622543319267075,0.004584401125953853,-0.010999999999999899,0.06023131248632452,-0.02913816579722111,0.02079858864485897,-0.018878421111111033,0.0565744321488126,1425651527224,0,0,0,0,0,0,0
0.041222790203628304,-0.00792957183791372,1.012,-0.05881759579220902,0.012007809638977051,-0.049544593811035154,0,0,1,0,-0.041222790203628304,0.00792957183791372,-0.01200000000000001,0.05881759579220902,-0.028549380422293186,0.024924942112487133,-0.01381531059701551,0.05248752104243814,1425651527291,0,0,0,0,0,0,0
0.04165191901213712,-0.013630115517447776,1.005,-0.05834635689417067,0.011452285766601563,-0.08498190307617187,0,0,1,0,-0.04165191901213712,0.013630115517447776,-0.004999999999999893,0.05834635689417067,-0.028038616419052042,0.04197871565764294,0.03588800888888963,0.0561023621416071,1425651527354,0,0,0,0,0,0,0
0.04251085405038924,-0.01971200041614558,0.967,-0.057403879098093524,0.01818191909790039,-0.09032172393798828,0,0,1,0,-0.04251085405038924,0.01971200041614558,0.03300000000000003,0.057403879098093524,-0.030667050701876763,0.0456154008360808,0.22897961151515112,0.05311988911592468,1425651527420,0,0,0,0,0,0,0
0.04218702741992341,-0.025326884958426443,0.958,-0.05701990666265511,-0.00001731109619140625,-0.08436322021484376,0,0,1,0,-0.04218702741992341,0.025326884958426443,0.04200000000000004,0.05701990666265511,-0.024260759854267004,0.04596304180968881,0.08247489272727279,0.0552745774106623,1425651527486,0,0,0,0,0,0,0
0.03882542737327916,-0.030613976175318476,0.933,-0.05656612105713643,-0.04582246017456055,-0.08205109405517579,0,0,1,0,-0.03882542737327916,0.030613976175318476,0.06699999999999995,0.05656612105713643,-0.005938320283666539,0.047764057579533475,0.19159500999999945,0.05443900103126764,1425651527550,0,0,0,0,0,0,0
0.03403812914209259,-0.03602176071466201,0.892,-0.05616469532917767,-0.06710860443115234,-0.08504684448242188,0,0,1,0,-0.03403812914209259,0.03602176071466201,0.10799999999999998,0.05616469532917767,0.003057047372335208,0.04982792506441975,0.3020724444776121,0.05436726669652651,0,0,0,0,0,0,0,0
0.026411596207903527,-0.04218906716902004,0.856,-0.05640904142445691,-0.10902456665039062,-0.09878547668457031,0,0,1,0,-0.026411596207903527,0.04218906716902004,0.14400000000000002,0.05640904142445691,0.02228834310097632,0.05739521536355133,0.30788755090909103,0.057519705493907974,0,0,0,0,0,0,0,0
0.020970772275113715,-0.04699526882582534,0.811,-0.05679301385989577,-0.07741800689697266,-0.07657958984375,0,0,1,0,-0.020970772275113715,0.04699526882582534,0.18899999999999995,0.05679301385989577,0.014778607850384765,0.05382363051136426,0.4033356699999996,0.05862145402865225,0,0,0,0,0,0,0,0
0.015216640639290699,-0.051232185336569425,0.766,-0.05696754678509519,-0.08256534576416015,-0.0683505630493164,0,0,1,0,-0.015216640639290699,0.051232185336569425,0.23399999999999999,0.05696754678509519,0.018402768956625373,0.05208843519870361,0.4320996623076925,0.057773083362938675,0,0,0,0,0,0,0,0
0.01019219744368842,-0.05369596903012743,0.719,-0.05768313177841278,-0.07314019012451171,-0.04118793487548828,0,0,1,0,-0.01019219744368842,0.05369596903012743,0.281,0.05768313177841278,0.015785378812057126,0.04322391407653518,0.4698769747058825,0.06084012439599036,0,0,0,0,0,0,0,0
0.006941839798004263,-0.05525468547100366,0.668,-0.06089453760208241,-0.047326347351074216,-0.02615266227722168,0,0,1,0,-0.006941839798004263,0.05525468547100366,0.33199999999999996,0.06089453760208241,0.009602622068602528,0.04001637893227011,0.5527260233333329,0.07618694628622352,0,0,0,0,0,0,0,0
0.0037137738699438766,-0.05546936553109173,0.619,-0.06103416394224181,-0.04813526916503906,-0.006160984039306641,0,0,1,0,-0.0037137738699438766,0.05546936553109173,0.381,0.06103416394224181,0.010538592062380866,0.03265620782158406,0.5731817938461541,0.06167859320451595,0,0,0,0,0,0,0,0
0.0014759080841359915,-0.053216373431151424,0.567,-0.06122615015996135,-0.03556684494018555,0.03168443298339844,0,0,1,0,-0.0014759080841359915,0.053216373431151424,0.43300000000000005,0.06122615015996135,0.006513015431461136,0.018086750149740878,0.6361420000000002,0.0621260855555217,0,0,0,0,0,0,0,0
0.00013201372698764185,-0.04715505125592428,0.516,-0.06258750697651672,-0.025683837890625,0.08951602172851562,0,0,1,0,-0.00013201372698764185,0.04715505125592428,0.484,0.06258750697651672,0.0020732594648677554,-0.00473511322915433,0.663979865454545,0.06877549250631383,0,0,0,0,0,0,0,0
0.0013135796070997382,-0.039363806122842245,0.467,-0.06300638599699537,0.01037904167175293,0.11774839782714844,0,0,1,0,-0.0013135796070997382,0.039363806122842245,0.5329999999999999,0.06300638599699537,-0.012007367617950246,-0.01841463255895965,0.6976108238461534,0.06493967378381994,0,0,0,0,0,0,0,0
0.008011453245556525,-0.03376842425062525,0.417,-0.06377433086787287,0.09498407745361329,0.09009013366699219,0,0,1,0,-0.008011453245556525,0.03376842425062525,0.583,0.06377433086787287,-0.043988286436057115,-0.00846644703708039,0.7361305298507465,0.06721288999120498,0,0,0,0,0,0,0,0
0.01956663755823407,-0.027542552031441046,0.368,-0.06469935537143012,0.167023681640625,0.10424460601806641,0,0,1,0,-0.01956663755823407,0.027542552031441046,0.632,0.06469935537143012,-0.07898478183662955,-0.016920603539197058,0.7875532022222225,0.06910423395979796,0,0,0,0,0,0,0,0
0.03242498843421196,-0.021013376161107933,0.317,-0.06529276731710798,0.18613963317871093,0.11020292663574219,0,0,1,0,-0.03242498843421196,0.021013376161107933,0.683,0.06529276731710798,-0.08841070326373604,-0.019690568660399067,0.8239217204477616,0.06794983573059092,0,0,0,0,0,0,0,0
0.04611905307288933,-0.014533645644470707,0.267,-0.06585127267774626,0.198631591796875,0.11039117431640624,0,0,1,0,-0.04611905307288933,0.014533645644470707,0.733,0.06585127267774626,-0.09965430425825769,-0.022662399752351396,0.8601711698507459,0.06835204294926096,0,0,0,0,0,0,0,0
0.07279316245750733,-0.0054513687621427515,0.223,-0.06675884388878317,0.39027972412109374,0.1622677001953125,0,0,1,0,-0.07279316245750733,0.0054513687621427515,0.777,0.06675884388878317,-0.19207998190291128,-0.044621737709245574,0.8840094567741938,0.07115031749057465,0,0,0,0,0,0,0,0
0.0996125700121523,0.0032212540925690755,0.19,-0.06579891280018657,0.3927168273925781,0.1566361083984375,0,0,1,0,-0.0996125700121523,-0.0032212540925690755,0.81,0.06579891280018657,-0.19507815909841142,-0.04299403574869139,0.8360385197014928,0.06150071389602269,0,0,0,0,0,0,0,0
0.12571529618507932,0.01146625704297527,0.153,-0.06513568768442846,0.3825617980957031,0.14915179443359375,0,0,1,0,-0.12571529618507932,-0.01146625704297527,0.847,0.06513568768442846,-0.20446989346912064,-0.0448903842951137,0.8882365120895519,0.06216602298700406,0,0,0,0,0,0,0,0
0.15000881696085586,0.01972025586818421,0.139,-0.06469935537143012,0.35557131958007815,0.1472662811279297,0,0,1,0,-0.15000881696085586,-0.01972025586818421,0.861,0.06469935537143012,-0.2174929776286387,-0.05255385398983629,0.7867866480645163,0.06258806998595431,0,0,0,0,0,0,0,0
0.17149376597610544,0.02748287725634812,0.087,-0.05949827420048704,0.3140716552734375,0.13703208923339844,0,0,1,0,-0.17149376597610544,-0.02748287725634812,0.913,0.05949827420048704,-0.2068942670002769,-0.05165660444734911,1.0311347400000002,0.03549328418074974,0,0,0,0,0,0,0,0
0.18880541051205837,0.03404626306969088,0.035,-0.053599061328746034,0.25336097717285155,0.11371765899658202,0,0,1,0,-0.18880541051205837,-0.03404626306969088,0.965,0.053599061328746034,-0.19179068940344868,-0.047967871194630515,1.0704030157575755,0.026784457366286915,0,0,0,0,0,0,0,0
0.19748149039539317,0.04147643112944167,0,-0.04968952380427871,0.12398341369628907,0.1182645721435547,0,0,1,0,-0.19748149039539317,-0.04147643112944167,1,0.04968952380427871,-0.15046440609216566,-0.0563069021878818,1.0102315006060607,0.031918898693063615,0,0,0,0,0,0,0,0
