0,0,0.706,0,0.0024202759265899657,-0.04132776260375977,0,0,0.5,0,0,0,-0.20599999999999996,0,0,0,-0.16479999999999997,0,0,0,0,0,0,0,0,0
0.000037137552102406816,-0.0017091930389404296,0.706,-0.0010646508437164304,0.0005570632815361023,-0.025637895584106445,0,0,0.5,0,-0.000037137552102406816,0.0017091930389404296,-0.20599999999999996,0.0010646508437164304,-0.0002185643498576451,0.009919627066105465,-0.16493389999999997,0.005978423968561493,0,0,0,0,0,0,0,0
0.0009376472247704031,-0.003978373064571899,0.704,-0.0018675022996337276,0.013543875694274902,-0.03402330017089844,0,0,0.5,0,-0.0009376472247704031,0.003978373064571899,-0.20399999999999996,0.0018675022996337276,-0.0052448966812927,0.014211562218660767,-0.1526972692307692,0.005572970557713561,0,0,0,0,0,0,0,0
0.0024065036096312885,-0.006778164901812664,0.7,-0.0022514747350725894,0.022111236572265627,-0.04195565795898438,0,0,0.5,0,-0.0024065036096312885,0.006778164901812664,-0.19999999999999996,0.0022514747350725894,-0.00923824330841099,0.018708496096251595,-0.13851949999999996,0.004051345526192254,0,0,0,0,0,0,0,0
0.0036767315945511543,-0.011998451346862293,0.695,-0.0025307274153918424,0.019229671478271485,-0.07826119995117188,0,0,0.5,0,-0.0036767315945511543,0.011998451346862293,-0.19499999999999995,0.0025307274153918424,-0.00847853168053956,0.03328546974242315,-0.13040574701492533,0.0037811125511496915,0,0,0,0,0,0,0,0
0.004889495995814449,-0.019305660232161636,0.69,-0.0023038346126322824,0.01846879577636719,-0.10956174468994141,0,0,0.5,0,-0.004889495995814449,0.019305660232161636,-0.18999999999999995,0.0023038346126322824,-0.009084829153808916,0.049642575327947414,-0.12530299999999994,0.001240274599696845,0,0,0,0,0,0,0,0
0.00820281405609054,-0.02881448762025256,0.69,-0.0019198621771938647,0.05002824020385742,-0.14251753234863282,0,0,0.5,0,-0.00820281405609054,0.02881448762025256,-0.18999999999999995,0.0019198621771938647,-0.021423056676771295,0.06412797503022995,-0.15277404999999997,0.0002005826155293078,0,0,0,0,0,0,0,0
0.010346466942948353,-0.04189393851969527,0.682,-0.0010821041362365498,0.03253139495849609,-0.19612966918945313,0,0,0.5,0,-0.010346466942948353,0.04189393851969527,-0.18200000000000005,0.0010821041362365498,-0.017102206172324497,0.09368473087622148,-0.10204426555555615,-0.0029072198683220926,0,0,0,0,0,0,0,0
0.01253742696964095,-0.056898069859662316,0.672,-0.0010471975511967542,0.033107921600341796,-0.22502627563476563,0,0,0.5,0,-0.01253742696964095,0.056898069859662316,-0.17200000000000004,0.0010471975511967542,-0.018094129875241716,0.10935164062957513,-0.08475435615384616,0.0008860902356284668,0,0,0,0,0,0,0,0
0.014453345402150507,-0.07278219245777574,0.663,-0.0008552113334769903,0.02898826789855957,-0.23823161315917968,0,0,0.5,0,-0.014453345402150507,0.07278219245777574,-0.16300000000000003,0.0008552113334769903,-0.01727282489115957,0.1195277493924932,-0.08449479462686568,-0.000004428447357773227,0,0,0,0,0,0,0,0
0.015941771278269092,-0.0894403318196295,0.652,-0.00013962634015962617,0.02254007339477539,-0.2498529052734375,0,0,0.5,0,-0.015941771278269092,0.0894403318196295,-0.15200000000000002,0.00013962634015962617,-0.016287584665177504,0.13748162531854072,-0.06169436888888886,-0.0032679212470659172,0,0,0,0,0,0,0,0
0.01763088363534632,-0.10585649800000733,0.64,0.00019198621771954227,0.02537106704711914,-0.24623895263671874,0,0,0.5,0,-0.01763088363534632,0.10585649800000733,-0.14,-0.00019198621771954227,-0.017832158596615678,0.14026978173456917,-0.04966151636363633,-0.001699316026261217,0,0,0,0,0,0,0,0
0.018675942291185566,-0.12315933723281133,0.63,0.0002967059728389291,0.01562605094909668,-0.2595455932617188,0,0,0.5,0,-0.018675942291185566,0.12315933723281133,-0.13,-0.0002967059728389291,-0.01503665218827856,0.1551149625365307,-0.05153622615384613,-0.0007800279195437916,0,0,0,0,0,0,0,0
0.01850216218837167,-0.14033893870424913,0.622,-0.00038397243543863947,-0.0026831607818603516,-0.2576932373046875,0,0,0.5,0,-0.01850216218837167,0.14033893870424913,-0.122,0.00038397243543863947,-0.008413173496572661,0.16173219983832993,-0.056638657575757555,0.0034779652003366778,0,0,0,0,0,0,0,0
0.01783416161511248,-0.1568785546455265,0.617,-0.00027925268031880863,-0.0099247465133667,-0.24809806823730468,0,0,0.5,0,-0.01783416161511248,0.1568785546455265,-0.11699999999999999,0.00027925268031880863,-0.005470077625459735,0.16671168499509303,-0.06862496848484848,-0.00019674620658951332,0,0,0,0,0,0,0,0
0.01727242661454814,-0.17139617992110198,0.613,-0.0015533430342749008,-0.008365213394165039,-0.2177667236328125,0,0,0.5,0,-0.01727242661454814,0.17139617992110198,-0.11299999999999999,0.0015533430342749008,-0.005670703476309745,0.16576336987675677,-0.07013743999999998,0.007525641568444083,0,0,0,0,0,0,0,0
0.01673148353759308,-0.18563089963056217,0.609,-0.0016406094968746119,-0.00778246545791626,-0.21353314208984375,0,0,0.5,0,-0.01673148353759308,0.18563089963056217,-0.10899999999999999,0.0016406094968746119,-0.005614625471996136,0.1690971328738497,-0.06767225878787878,0.0020372752359642077,0,0,0,0,0,0,0,0
0.015589176635745494,-0.19807358575424286,0.605,-0.003246312408709206,-0.01682837677001953,-0.18666815185546876,0,0,0.5,0,-0.015589176635745494,0.19807358575424286,-0.10499999999999998,0.003246312408709206,-0.0016750957539473687,0.1680040327950414,-0.06387657999999997,0.010773044807933866,0,0,0,0,0,0,0,0
0.013820257762291439,-0.20882336360823223,0.603,-0.003281218993749446,-0.02601018714904785,-0.16133195495605468,0,0,0.5,0,-0.013820257762291439,0.20882336360823223,-0.10299999999999998,0.003281218993749446,0.002478337425892408,0.1633521363832916,-0.0734492992307692,0.003442326309319783,0,0,0,0,0,0,0,0
0.011850548057724088,-0.21653007987506792,0.602,-0.0031066860685500237,-0.029166175842285157,-0.11569706726074219,0,0,0.5,0,-0.011850548057724088,0.21653007987506792,-0.10199999999999998,0.0031066860685500237,0.004219832938281571,0.14972611602945912,-0.07826298940298507,0.002325195358701865,0,0,0,0,0,0,0,0
0.008576583726109569,-0.2224649731596261,0.599,-0.002897246558310584,-0.04883266067504883,-0.089175537109375,0,0,0.5,0,-0.008576583726109569,0.2224649731596261,-0.09899999999999998,0.002897246558310584,0.013750574280091774,0.14554637939046305,-0.06448257333333332,0.0018999155571703947,0,0,0,0,0,0,0,0
0.005830408254768133,-0.22632648951210324,0.598,-0.002792526803190975,-0.041024642944335936,-0.05804184722900391,0,0,0.5,0,-0.005830408254768133,0.22632648951210324,-0.09799999999999998,0.002792526803190975,0.011494174957084725,0.13513262192395636,-0.07511088969696968,0.0023165279162836623,0,0,0,0,0,0,0,0
0.0031656863694800442,-0.2284811850643477,0.599,-0.0028448866807508906,-0.03988041687011719,-0.03243192672729492,0,0,0.5,0,-0.0031656863694800442,0.2284811850643477,-0.09899999999999998,0.0028448866807508906,0.012609928920870006,0.12748295105731494,-0.08666288538461538,0.0030865476541043465,0,0,0,0,0,0,0,0
-0.0008790253465918481,-0.23031931116843082,0.599,-0.002617993877991331,-0.060591991424560544,-0.027744380950927735,0,0,0.5,0,0.0008790253465918481,0.23031931116843082,-0.09899999999999998,0.002617993877991331,0.021733591273742088,0.12669945646569367,-0.08134361,0.0015866629563569693,0,0,0,0,0,0,0,0
-0.004570916652654353,-0.23058271452555945,0.601,-0.0024783675378319265,-0.055367835998535155,-0.004096016883850097,0,0,0.5,0,0.004570916652654353,0.23058271452555945,-0.10099999999999998,0.0024783675378319265,0.02141937000360769,0.11861399781873909,-0.09345904119402984,0.0018531749699539962,0,0,0,0,0,0,0,0
-0.00808241044140019,-0.22943857759454575,0.601,-0.0018675022996337272,-0.05271477890014648,0.017031459808349608,0,0,0.5,0,0.00808241044140019,0.22943857759454575,-0.10099999999999998,0.0018675022996337272,0.023717077439862448,0.11034935607106101,-0.08307389999999998,-0.0010882972400349795,0,0,0,0,0,0,0,0
-0.011979603033071062,-0.2272781222414743,0.602,-0.0003490658503986217,-0.058518306732177734,0.03229760360717773,0,0,0.5,0,0.011979603033071062,0.2272781222414743,-0.10199999999999998,0.0003490658503986217,0.02651756187663936,0.10442100926330983,-0.0892442503030303,-0.006552918009760949,0,0,0,0,0,0,0,0
-0.015158529099140127,-0.2250772774471865,0.602,0.0016580627893945101,-0.04769541168212891,0.032996025085449215,0,0,0.5,0,0.015158529099140127,0.2250772774471865,-0.10199999999999998,-0.0016580627893945101,0.024567241745122856,0.10307314456371564,-0.08400751999999999,-0.01092173343459358,0,0,0,0,0,0,0,0
-0.018280748596512287,-0.2221474567639102,0.603,0.003089232776030126,-0.04676036071777344,0.04402490234375,0,0,0.5,0,0.018280748596512287,0.2221474567639102,-0.10299999999999998,-0.003089232776030126,0.025834890918182557,0.09782737528211294,-0.09025908538461538,-0.009694632714348353,0,0,0,0,0,0,0,0
-0.02072544567075124,-0.2189950642910499,0.599,0.005131268000863276,-0.03652420425415039,0.04739894485473633,0,0,0.5,0,0.02072544567075124,0.2189950642910499,-0.09899999999999998,-0.005131268000863276,0.023223269776167184,0.09570614139094082,-0.06084527761194027,-0.014274709306086335,0,0,0,0,0,0,0,0
-0.02312981944310739,-0.21741261401913298,0.598,0.005934119456780573,-0.03594333267211914,0.0239215030670166,0,0,0.5,0,0.02312981944310739,0.21741261401913298,-0.09799999999999998,-0.005934119456780573,0.024422816383559233,0.10286775727655983,-0.07553476999999997,-0.009697485656392904,0,0,0,0,0,0,0,0
-0.025762342802655464,-0.21558334271517268,0.596,0.006719517620178195,-0.039324329376220706,0.02767291069030762,0,0,0.5,0,0.025762342802655464,0.21558334271517268,-0.09599999999999997,-0.006719517620178195,0.026984321363342275,0.10089735331595015,-0.0686966892307692,-0.01034443222047491,0,0,0,0,0,0,0,0
-0.028446109376281347,-0.21423029220858145,0.593,0.007679448708774794,-0.04011921310424805,0.0205658016204834,0,0,0.5,0,0.028446109376281347,0.21423029220858145,-0.09299999999999997,-0.007679448708774794,0.028846132827490656,0.10280836289768724,-0.060719189999999965,-0.012109899886912946,0,0,0,0,0,0,0,0
-0.030821766488365664,-0.21409711728597683,0.592,0.008866272600131397,-0.03561846542358398,0.0022712182998657227,0,0,0.5,0,0.030821766488365664,0.21409711728597683,-0.09199999999999997,-0.008866272600131397,0.027975636954891178,0.10957634384153851,-0.07108312969696967,-0.014343921329469565,0,0,0,0,0,0,0,0
-0.03275029405050394,-0.21468368578622418,0.59,0.009424777960769458,-0.029004785537719728,-0.008541702270507812,0,0,0.5,0,0.03275029405050394,0.21468368578622418,-0.08999999999999997,-0.009424777960769458,0.0264380594906442,0.11378386061857725,-0.06439869880597011,-0.011925548232283159,0,0,0,0,0,0,0,0
-0.034680967639173874,-0.2154436650123583,0.588,0.01064650843716519,-0.029066255569458008,-0.011126243591308593,0,0,0.5,0,0.034680967639173874,0.2154436650123583,-0.08799999999999997,-0.01064650843716519,0.028076811963428837,0.11545752274519593,-0.062190788888888855,-0.016464272610478205,0,0,0,0,0,0,0,0
-0.036102713140107365,-0.21761901273060164,0.588,0.011466813185602607,-0.021672365188598632,-0.03240132141113281,0,0,0.5,0,0.036102713140107365,0.21761901273060164,-0.08799999999999997,-0.011466813185602607,0.025740739793271208,0.12417795294127745,-0.07335909999999998,-0.015252835101467608,0,0,0,0,0,0,0,0
-0.03671210080551684,-0.2194715360737123,0.586,0.012304571226559922,-0.009458845138549804,-0.027681209564208983,0,0,0.5,0,0.03671210080551684,0.2194715360737123,-0.08599999999999997,-0.012304571226559922,0.02164571217113273,0.12335964246168725,-0.061209799393939356,-0.016112562321820442,0,0,0,0,0,0,0,0
-0.03776735576410174,-0.22152251815275995,0.583,0.013159782560037355,-0.01620616340637207,-0.03056764030456543,0,0,0.5,0,0.03776735576410174,0.22152251815275995,-0.08299999999999996,-0.013159782560037355,0.024562713872068896,0.1255837710537667,-0.05356154909090905,-0.017047106803116597,0,0,0,0,0,0,0,0
-0.038046038068123664,-0.22391515070750595,0.582,0.013439035240356386,-0.004652156829833985,-0.035831371307373044,0,0,0.5,0,0.038046038068123664,0.22391515070750595,-0.08199999999999996,-0.013439035240356386,0.020631332947681904,0.1287396541562798,-0.06342172969696967,-0.01470836560544289,0,0,0,0,0,0,0,0
-0.03855361632908628,-0.22606513043947976,0.579,0.013369222070276575,-0.008046378135681152,-0.03214446640014648,0,0,0.5,0,0.03855361632908628,0.22606513043947976,-0.07899999999999996,-0.013369222070276575,0.022101673342328074,0.12885019735661496,-0.050222263846153796,-0.013047007439138983,0,0,0,0,0,0,0,0
-0.03923776151748478,-0.22853952438558853,0.577,0.013264502315156967,-0.010757456779479981,-0.03697539901733399,0,0,0.5,0,0.03923776151748478,0.22853952438558853,-0.07699999999999996,-0.013264502315156967,0.023577569429453073,0.13240119332257239,-0.05371350888888885,-0.01276583681458741,0,0,0,0,0,0,0,0
-0.03877637063051431,-0.2309453277176621,0.574,0.013124875974997341,0.006441591739654541,-0.036175674438476565,0,0,0.5,0,0.03877637063051431,0.2309453277176621,-0.07399999999999995,-0.013124875974997341,0.01716179664999185,0.13257982467089544,-0.04680255820895518,-0.012499683407118416,0,0,0,0,0,0,0,0
-0.038935621129002854,-0.23236309154327628,0.57,0.012705996954518906,-0.002667663335800171,-0.02123327445983887,0,0,0.5,0,0.038935621129002854,0.23236309154327628,-0.06999999999999995,-0.012705996954518906,0.02056092723423494,0.12874393168257833,-0.03709607777777772,-0.010711334952240642,0,0,0,0,0,0,0,0
-0.037671828444383076,-0.23386893426926217,0.569,0.011833332328521351,0.018668369293212892,-0.022826677322387696,0,0,0.5,0,0.037671828444383076,0.23386893426926217,-0.06899999999999995,-0.011833332328521351,0.012467643941545118,0.1296434221321089,-0.05334064940298503,-0.00792587877927857,0,0,0,0,0,0,0,0
-0.03629640258757407,-0.23436747592028137,0.566,0.011292280260403187,0.02054145431518555,-0.007721733570098877,0,0,0.5,0,0.03629640258757407,0.23436747592028137,-0.06599999999999995,-0.011292280260403187,0.010883202640207073,0.12490274519778498,-0.039800519999999937,-0.008756098691099293,0,0,0,0,0,0,0,0
-0.034422876290823565,-0.2344771883665014,0.567,0.011257373675363168,0.02808251953125,-0.001962920784950256,0,0,0.5,0,0.034422876290823565,0.2344771883665014,-0.06699999999999995,-0.011257373675363168,0.007402455994880836,0.12297437126512203,-0.06243493538461535,-0.011096266359793848,0,0,0,0,0,0,0,0
-0.03257348412800641,-0.2336980511465669,0.567,0.011676252695842049,0.02787068748474121,0.011374034881591798,0,0,0.5,0,0.03257348412800641,0.2336980511465669,-0.06699999999999995,-0.011676252695842049,0.006628885707027363,0.1179505928014142,-0.05709386999999996,-0.013609540482667654,0,0,0,0,0,0,0,0
-0.030074927373582732,-0.23189416412716646,0.566,0.011536626355682422,0.03779172897338867,0.02661886405944824,0,0,0.5,0,0.030074927373582732,0.23189416412716646,-0.06599999999999995,-0.011536626355682422,0.001903654385496294,0.11168149696281088,-0.05095215461538457,-0.010892197093407222,0,0,0,0,0,0,0,0
-0.027403995825278752,-0.22979397208605856,0.565,0.012514010736799142,0.04042473602294922,0.031038591384887695,0,0,0.5,0,0.027403995825278752,0.22979397208605856,-0.06499999999999995,-0.012514010736799142,0.0000876889366114731,0.10952744824677742,-0.05035643940298503,-0.01689035871194863,0,0,0,0,0,0,0,0
-0.025249395706157522,-0.22738047723360016,0.564,0.012304571226559924,0.03276949691772461,0.03579515838623047,0,0,0.5,0,0.025249395706157522,0.22738047723360016,-0.06399999999999995,-0.012304571226559924,0.0011962065799987678,0.10623857680514456,-0.04935252999999995,-0.011322823522313591,0,0,0,0,0,0,0,0
-0.022571581383927862,-0.22440559462586984,0.562,0.011763519158441982,0.04071323013305664,0.044125633239746095,0,0,0.5,0,0.022571581383927862,0.22440559462586984,-0.062000000000000055,-0.011763519158441982,-0.0027640598483935318,0.10207720045515865,-0.04249234923076986,-0.009266355767128403,0,0,0,0,0,0,0,0
-0.02057841611524413,-0.2218032900915117,0.559,0.010803588069844938,0.030354583740234375,0.03868017578125,0,0,0.5,0,0.02057841611524413,0.2218032900915117,-0.05900000000000005,-0.010803588069844938,-0.00006069468547472735,0.10292640995238928,-0.03474608384615388,-0.0063731368917047376,0,0,0,0,0,0,0,0
-0.01962607696309015,-0.21956210604980086,0.557,0.011100294042684311,0.014647439002990722,0.03346147155761719,0,0,0.5,0,0.01962607696309015,0.21956210604980086,-0.05700000000000005,-0.011100294042684311,0.005080341008249881,0.10389302826087479,-0.03856774923076926,-0.012469706225019878,0,0,0,0,0,0,0,0
-0.0180983612106714,-0.21697001022772022,0.556,0.010594148559605499,0.023345911026000976,0.038624675750732425,0,0,0.5,0,0.0180983612106714,0.21697001022772022,-0.05600000000000005,-0.010594148559605499,0.0014759844072971973,0.10126946525686718,-0.04335061940298511,-0.008327825501043652,0,0,0,0,0,0,0,0
-0.017286281773670795,-0.21389820752550584,0.554,0.009581857593448984,0.012668645858764649,0.04594540786743164,0,0,0.5,0,0.017286281773670795,0.21389820752550584,-0.05400000000000005,-0.009581857593448984,0.004620553164849333,0.09661233680141193,-0.03607156000000003,-0.00483674368959032,0,0,0,0,0,0,0,0
-0.016860049599123843,-0.21088200408437524,0.554,0.008272860654453096,0.006826694965362549,0.04517971420288086,0,0,0.5,0,0.016860049599123843,0.21088200408437524,-0.05400000000000005,-0.008272860654453096,0.0065283297258627165,0.09554325802251257,-0.04704362000000004,-0.002136937502909872,0,0,0,0,0,0,0,0
-0.015965424994387297,-0.20799242512208083,0.552,0.006789330790258007,0.013777482032775878,0.04323118591308594,0,0,0.5,0,0.015965424994387297,0.20799242512208083,-0.052000000000000046,-0.006789330790258007,0.003678290419789975,0.09540708131058277,-0.034871879393939424,-0.00004601322573487797,0,0,0,0,0,0,0,0
-0.015854394254631587,-0.2048084629522702,0.551,0.004974188368183529,0.0019896748065948485,0.04774702453613281,0,0,0.5,0,0.015854394254631587,0.2048084629522702,-0.051000000000000045,-0.004974188368183529,0.007779443965478218,0.09212733884304691,-0.039326474615384646,0.003403392041390985,0,0,0,0,0,0,0,0
-0.0157449906892692,-0.20187393165108924,0.551,0.003944444109507116,0.0018599859476089477,0.044009262084960935,0,0,0.5,0,0.0157449906892692,0.20187393165108924,-0.051000000000000045,-0.003944444109507116,0.007778518434423032,0.0930584741872488,-0.044746280000000034,0.0005327048412598952,0,0,0,0,0,0,0,0
-0.015374767949608164,-0.1989852077504816,0.55,0.0030194196059503122,0.0057242136001586915,0.04330861663818359,0,0,0.5,0,0.015374767949608164,0.1989852077504816,-0.050000000000000044,-0.0030194196059503122,0.006101245791687303,0.09057631050498335,-0.03842222444444447,0.0013854589824154207,0,0,0,0,0,0,0,0
-0.015354417506949856,-0.19579359860301573,0.548,0.0019198621771936422,0.00044980713725090025,0.04787299728393555,0,0,0.5,0,0.015354417506949856,0.19579359860301573,-0.04800000000000004,-0.0019198621771936422,0.008046398912391848,0.08770016742363941,-0.03147100000000003,0.0032343132701032487,0,0,0,0,0,0,0,0
-0.015347172695699166,-0.19325395955054253,0.548,0.0008726646259971096,0.00018180827796459198,0.03809430694580078,0,0,0.5,0,0.015347172695699166,0.19325395955054253,-0.04800000000000004,-0.0008726646259971096,0.008125033130187231,0.09033509598299733,-0.04243970000000004,0.0039605548410638096,0,0,0,0,0,0,0,0
-0.01521296330069168,-0.19021586952305186,0.547,-0.00017453292519920092,0.002052908658981323,0.04556957626342773,0,0,0.5,0,0.01521296330069168,0.19021586952305186,-0.04700000000000004,0.00017453292519920092,0.007395263021904979,0.08650548947733726,-0.03636768969696973,0.004934521794273339,0,0,0,0,0,0,0,0
-0.015472206679875991,-0.18731894821517156,0.546,-0.001640609496874613,-0.0038962347507476808,0.04345314025878906,0,0,0.5,0,0.015472206679875991,0.18731894821517156,-0.04600000000000004,0.001640609496874613,0.009664240642362524,0.08544545802690161,-0.035431410000000024,0.008512843426603106,0,0,0,0,0,0,0,0
-0.01770152643612376,-0.18463479704901475,0.543,-0.004136430327226438,-0.03350580596923828,0.04020735168457031,0,0,0.5,0,0.01770152643612376,0.18463479704901475,-0.04300000000000004,0.004136430327226438,0.021018723532489174,0.08604794096397492,-0.02285732820895525,0.015311747478055502,0,0,0,0,0,0,0,0
-0.019017737245770484,-0.1811406948793065,0.542,-0.00558505360638173,-0.019959789276123047,0.05232941818237305,0,0,0.5,0,0.019017737245770484,0.1811406948793065,-0.04200000000000004,0.00558505360638173,0.017241327935200577,0.07933013387959309,-0.03228710000000003,0.012375475227422161,0,0,0,0,0,0,0,0
-0.020490014303210576,-0.17691802974077053,0.542,-0.007155849933176751,-0.022437566757202147,0.06321564865112304,0,0,0.5,0,0.020490014303210576,0.17691802974077053,-0.04200000000000004,0.007155849933176751,0.01872040280187038,0.07370474160120873,-0.03778315000000003,0.014405679133769153,0,0,0,0,0,0,0,0
-0.02216009438929257,-0.1721181707702186,0.541,-0.009564404300928864,-0.02556576156616211,0.07181678009033203,0,0,0.5,0,0.02216009438929257,0.1721181707702186,-0.041000000000000036,0.009564404300928864,0.020634940137413117,0.06830872213915515,-0.03162518461538464,0.020680809075169386,0,0,0,0,0,0,0,0
-0.025136188221298088,-0.16679087085409383,0.538,-0.012025318546240673,-0.04540364074707031,0.0794788818359375,0,0,0.5,0,0.025136188221298088,0.16679087085409383,-0.038000000000000034,0.012025318546240673,0.029171707284578706,0.06291341961714036,-0.018480653846153862,0.023383384293833635,0,0,0,0,0,0,0,0
-0.027327682755152776,-0.16161990031515364,0.536,-0.013194689145077156,-0.033802757263183596,0.07716365814208985,0,0,0.5,0,0.027327682755152776,0.16161990031515364,-0.03600000000000003,0.013194689145077156,0.025708749238943902,0.06210914810160159,-0.022610858805970167,0.01843067690106141,0,0,0,0,0,0,0,0
-0.02789626265042938,-0.15551185235901685,0.536,-0.014730578886831937,-0.009736827850341797,0.09150021362304687,0,0,0.5,0,0.02789626265042938,0.15551185235901685,-0.03600000000000003,0.014730578886831937,0.017672208323104625,0.05276379711502543,-0.03308166000000003,0.021930062051307472,0,0,0,0,0,0,0,0
-0.02915767416196189,-0.14904053104184195,0.536,-0.015638150097869064,-0.020348962783813478,0.09678057861328125,0,0,0.5,0,0.02915767416196189,0.14904053104184195,-0.03600000000000003,0.015638150097869064,0.02200466109611114,0.048182823738488756,-0.033105060000000026,0.0198269403026558,0,0,0,0,0,0,0,0
-0.02963667939345597,-0.14165309830362754,0.537,-0.015044738152190984,-0.00891701602935791,0.11068558502197266,0,0,0.5,0,0.02963667939345597,0.14165309830362754,-0.03700000000000003,0.015044738152190984,0.018050470660949294,0.03964827423152774,-0.039313725384615424,0.012305913787522925,0,0,0,0,0,0,0,0
-0.02904169984564961,-0.1333944846050781,0.537,-0.0143291531588734,0.0070600233078002925,0.12399945068359375,0,0,0.5,0,0.02904169984564961,0.1333944846050781,-0.03700000000000003,0.0143291531588734,0.011988863026481895,0.030914699395442294,-0.03395316000000003,0.011026453189715318,0,0,0,0,0,0,0,0
-0.028357143721227974,-0.12478434919560438,0.539,-0.013491395117916085,0.008416711807250976,0.12928590393066405,0,0,0.5,0,0.028357143721227974,0.12478434919560438,-0.039000000000000035,0.013491395117916085,0.011346153208245658,0.026847069993848352,-0.04587379764705886,0.00979540376075146,0,0,0,0,0,0,0,0
-0.028287536904130158,-0.1156349652412681,0.538,-0.011833332328521575,-0.0008075059056282043,0.1372423553466797,0,0,0.5,0,0.028287536904130158,0.1156349652412681,-0.038000000000000034,0.011833332328521575,0.014465917048919514,0.015832190618473144,-0.029248064444444468,0.003937795236166766,0,0,0,0,0,0,0,0
-0.02822240022185907,-0.10586050332745549,0.538,-0.01031489587928647,-0.0007579445242881775,0.14661822509765626,0,0,0.5,0,0.02822240022185907,0.10586050332745549,-0.038000000000000034,0.01031489587928647,0.014487661825900793,0.009211961848701003,-0.03482832000000003,0.0033067276520475216,0,0,0,0,0,0,0,0
-0.02870974085314658,-0.09586642457869514,0.538,-0.00944223125328936,-0.008856011390686034,0.14982780456542968,0,0,0.5,0,0.02870974085314658,0.09586642457869514,-0.038000000000000034,0.00944223125328936,0.01772487131533768,0.0030946834621168318,-0.034853020000000026,0.005414548364071936,1425654779833,0,0,0,0,0,0,0
-0.028719072364732402,-0.08584635244608901,0.537,-0.008080874436733557,-0.0015591229200363158,0.15029306030273437,0,0,0.5,0,0.028719072364732402,0.08584635244608901,-0.03700000000000003,0.008080874436733557,0.015173835086825129,-0.0011811699836989098,-0.028774409696969722,0.0018928889069344517,1425654779833,0,0,0,0,0,0,0
-0.029798753118593094,-0.07715171462328793,0.534,-0.006928957130417194,-0.017248575210571288,0.13028443908691406,0,0,0.5,0,0.029798753118593094,0.07715171462328793,-0.03400000000000003,0.006928957130417194,0.021324278680695547,0.0022401990908552313,-0.01602857820895524,0.0017711184454185513,1425654779833,0,0,0,0,0,0,0
-0.030454964367284978,-0.06831348904390432,0.533,-0.005707226654021461,-0.010761520385742188,0.13250199890136719,0,0,0.5,0,0.030454964367284978,0.06831348904390432,-0.03300000000000003,0.005707226654021461,0.019677065639817803,-0.005817379598934108,-0.025365454444444466,-0.00011053751929155156,1425654779833,0,0,0,0,0,0,0
-0.032061156211882186,-0.05976848865077258,0.531,-0.003333578871309143,-0.024824005126953125,0.12803541564941406,0,0,0.5,0,0.032061156211882186,0.05976848865077258,-0.031000000000000028,0.003333578871309143,0.025504108582427777,-0.006961317637480743,-0.01857192923076925,-0.0076217185873630935,1425654779833,0,0,0,0,0,0,0
-0.03414456517557664,-0.051889138936842105,0.527,-0.00031415926535882996,-0.03164495658874512,0.11808541107177735,0,0,0.5,0,0.03414456517557664,0.051889138936842105,-0.027000000000000024,0.00031415926535882996,0.01707228258778832,0.025944569468421053,-0.021600000000000022,0.00031415926535882996,1425654779833,0,0,0,0,0,0,0
-0.035667190779202475,-0.0444301254724724,0.528,0.0006632251157576673,-0.022874532699584962,0.11187802124023437,0,0,0.5,0,0.035667190779202475,0.0444301254724724,-0.028000000000000025,-0.0006632251157576673,0.026055532313900683,-0.017919976336505092,-0.02780281538461541,-0.005174229951679962,1425654780224,0,0,0,0,0,0,0
-0.037931532904582656,-0.037017831665404316,0.527,0.002059488517353266,-0.03389138412475586,0.1112069091796875,0,0,0.5,0,0.037931532904582656,0.037017831665404316,-0.027000000000000024,-0.002059488517353266,0.03084301714712094,-0.020158340436641782,-0.016412409402985093,-0.008311414196139528,1425654780291,0,0,0,0,0,0,0
-0.04124605792053078,-0.030148055386425784,0.53,0.0030368728984702074,-0.04950554656982422,0.10314881896972657,0,0,0.5,0,0.04124605792053078,0.030148055386425784,-0.030000000000000027,-0.0030368728984702074,0.03911163964418633,-0.023018721275223687,-0.0407218566666667,-0.007691084237122309,1425654780354,0,0,0,0,0,0,0
-0.04529632711514777,-0.02510929824780036,0.529,0.0032114058236696295,-0.060524227142333985,0.07576551055908202,0,0,0.5,0,0.04529632711514777,0.02510929824780036,-0.029000000000000026,-0.0032114058236696295,0.04423134222549641,-0.014076785731330782,-0.017971299696969718,-0.004004737301848821,1425654780420,0,0,0,0,0,0,0
-0.0498399936570376,-0.01992898086515109,0.528,0.002513274122871941,-0.06790510559082032,0.07792323303222656,0,0,0.5,0,0.0498399936570376,0.01992898086515109,-0.028000000000000025,-0.002513274122871941,0.04915257097627758,-0.017404489559047234,-0.017189779696969713,0.0006600517898448241,1425654780486,0,0,0,0,0,0,0
-0.05551120499403469,-0.015642861531945565,0.527,0.002443460952792128,-0.08490631866455078,0.06450538635253907,0,0,0.5,0,0.05551120499403469,0.015642861531945565,-0.027000000000000024,-0.002443460952792128,0.0589429394566685,-0.015505872838233554,-0.016241340000000017,-0.0021162117180430033,1425654780550,0,0,0,0,0,0,0
-0.060338850473316226,-0.012123134979310246,0.528,0.0021991148575128926,-0.07228546142578125,0.05297268295288086,0,0,0.5,0,0.060338850473316226,0.012123134979310246,-0.028000000000000025,-0.0021991148575128926,0.05598329910733604,-0.012483236309002638,-0.027831600303030328,-0.001088450788061823,1425654780616,0,0,0,0,0,0,0
-0.06481041786803865,-0.009229048601484803,0.529,0.0013613568165555777,-0.0669778823852539,0.043558692932128905,0,0,0.5,0,0.06481041786803865,0.009229048601484803,-0.029000000000000026,-0.0013613568165555777,0.05711329539310382,-0.011086191218537825,-0.028815880000000026,0.002565634000431836,1425654780680,0,0,0,0,0,0,0
-0.06966045757410864,-0.006782143259857517,0.527,0.0013089969389956622,-0.0727005615234375,0.03680258560180664,0,0,0.5,0,0.06966045757410864,0.006782143259857517,-0.027000000000000024,-0.0013089969389956622,0.0612453087709737,-0.009653844764723519,-0.010995449230769245,-0.0010673359656422064,1425654780745,0,0,0,0,0,0,0
-0.07461360296855336,-0.005816662327713308,0.528,0.0008028514559172938,-0.07427816009521485,0.014579456329345703,0,0,0.5,0,0.07461360296855336,0.005816662327713308,-0.028000000000000025,-0.0008028514559172938,0.06392220815091067,-0.002077076726594164,-0.027886190303030328,0.0014978098308025627,1425654780811,0,0,0,0,0,0,0
-0.07837410346841113,-0.005581662639703495,0.529,0.0005759586531581783,-0.056404659271240234,0.0035702810287475584,0,0,0.5,0,0.07837410346841113,0.005581662639703495,-0.029000000000000026,-0.0005759586531581783,0.05923269452437997,0.0017015274730291896,-0.028626470597014952,0.0004399792696438314,1425654780878,0,0,0,0,0,0,0
-0.08149601178489324,-0.00577463236015454,0.529,0.00031415926535904507,-0.046830284118652345,-0.002867573976516724,0,0,0.5,0,0.08149601178489324,0.00577463236015454,-0.029000000000000026,-0.00031415926535904507,0.05827433663965299,0.004084621567180882,-0.023421150000000023,0.0009130253649493917,1425654780942,0,0,0,0,0,0,0
-0.08518211632804606,-0.006584844480816555,0.532,-0.0004712388980385764,-0.05529538345336914,-0.012135810852050781,0,0,0.5,0,0.08518211632804606,0.006584844480816555,-0.03200000000000003,0.0004712388980385764,0.06235729482495225,0.007671287691190003,-0.04151423179104481,0.0039879470923562844,1425654781009,0,0,0,0,0,0,0
-0.08842614308804582,-0.007184874839094918,0.531,-0.0011519173063163672,-0.04865615463256836,-0.009023385047912598,0,0,0.5,0,0.08842614308804582,0.007184874839094918,-0.031000000000000028,0.0011519173063163672,0.06280161756244053,0.007076879955320545,-0.019506564444444464,0.004393243060020133,1425654781072,0,0,0,0,0,0,0
-0.089764389097017,-0.007777196789451864,0.534,-0.002146754979952984,-0.02006344223022461,-0.008907946586608886,0,0,0.5,0,0.089764389097017,0.007777196789451864,-0.03400000000000003,0.002146754979952984,0.05260437331332618,0.007185773141837608,-0.04339365090909095,0.006668744405573969,1425654781138,0,0,0,0,0,0,0
-0.09071546243922683,-0.008804272731664635,0.53,-0.0031939525311495166,-0.014232994079589844,-0.015436729431152344,0,0,0.5,0,0.09071546243922683,0.008804272731664635,-0.030000000000000027,0.0031939525311495166,0.05124239108211863,0.010180666154575451,-0.002428760000000002,0.008102691052383263,1425654781202,0,0,0,0,0,0,0
-0.09130816471445566,-0.01008623376532581,0.53,-0.004782202150464435,-0.008829071044921874,-0.019257713317871093,0,0,0.5,0,0.09130816471445566,0.01008623376532581,-0.030000000000000027,0.004782202150464435,0.049588383976281125,0.01211424826870681,-0.02432326000000002,0.012112585008840982,1425654781267,0,0,0,0,0,0,0
-0.09111123424603314,-0.011296740349534326,0.53,-0.006475171524898963,0.0030407562255859374,-0.018143264770507813,0,0,0.5,0,0.09111123424603314,0.011296740349534326,-0.030000000000000027,0.006475171524898963,0.04531425012534399,0.012243443403187828,-0.02434306000000002,0.014170486863237724,1425654781333,0,0,0,0,0,0,0
-0.08978277583774802,-0.012324420149796763,0.53,-0.007016223593017349,0.020026273727416992,-0.015285844802856446,0,0,0.5,0,0.08978277583774802,0.012324420149796763,-0.030000000000000027,0.007016223593017349,0.03859947038405683,0.011879601541292526,-0.024362560000000023,0.009513386984332977,1425654781398,0,0,0,0,0,0,0
-0.0871130833488498,-0.013374574060186273,0.527,-0.007609635538695206,0.04015492248535156,-0.015470955848693848,0,0,0.5,0,0.0871130833488498,0.013374574060186273,-0.027000000000000024,0.007609635538695206,0.030317896189292058,0.012448843262056766,-0.0060712890909091,0.010306962564503645,1425654781464,0,0,0,0,0,0,0
-0.08507059337215837,-0.014211287323528365,0.534,-0.008639379797371621,0.03073196792602539,-0.012317198753356934,0,0,0.5,0,0.08507059337215837,0.014211287323528365,-0.03400000000000003,0.008639379797371621,0.03233868948907288,0.011883072766875596,-0.06588339000000006,0.013466306009917318,1425654781528,0,0,0,0,0,0,0
-0.08235581966264524,-0.01496928059246552,0.533,-0.010088003076527357,0.04081831359863281,-0.011017669677734375,0,0,0.5,0,0.08235581966264524,0.01496928059246552,-0.03300000000000003,0.010088003076527357,0.02758668869513451,0.011777525992181126,-0.02143897461538464,0.016773956672630756,1425654781593,0,0,0,0,0,0,0
-0.07869083906150462,-0.015449104894481482,0.536,-0.011274826967883515,0.055044517517089844,-0.006642422676086426,0,0,0.5,0,0.07869083906150462,0.015449104894481482,-0.03600000000000003,0.011274826967883515,0.020688848792729236,0.010529647162564085,-0.04540083615384619,0.016752475697219625,1425654781658,0,0,0,0,0,0,0
-0.07491833911458404,-0.015889324415237417,0.536,-0.013142329267517242,0.05665835189819336,-0.0059648723602294925,0,0,0.5,0,0.07491833911458404,0.015889324415237417,-0.03600000000000003,0.013142329267517242,0.018272345416262867,0.010546828469334895,-0.029270390000000028,0.02176157065044214,1425654781723,0,0,0,0,0,0,0
-0.07135943244683561,-0.016515087344435454,0.534,-0.015062191444710885,0.05350234603881836,-0.008684068679809571,0,0,0.5,0,0.07135943244683561,0.016515087344435454,-0.03400000000000003,0.015062191444710885,0.018262860666539277,0.01176927306255311,-0.01724540880597017,0.02365858925304063,1425654781790,0,0,0,0,0,0,0
-0.06665595791695952,-0.017571833954073798,0.533,-0.015952309363228116,0.07078285980224609,-0.014786771774291992,0,0,0.5,0,0.06665595791695952,0.017571833954073798,-0.03300000000000003,0.015952309363228116,0.008822960367646283,0.01481906453839374,-0.02144554000000002,0.020124737106277633,1425654781854,0,0,0,0,0,0,0
-0.06253769946282688,-0.019003673589403487,0.535,-0.016650441064025804,0.062108619689941406,-0.02048946762084961,0,0,0.5,0,0.06253769946282688,0.019003673589403487,-0.03500000000000003,0.016650441064025804,0.01035136915054562,0.017478159451130324,-0.0393062707692308,0.01987258737539975,1425654781919,0,0,0,0,0,0,0
-0.058234115491023225,-0.021470650703659992,0.534,-0.01787217154042198,0.06516092681884765,-0.035924728393554685,0,0,0.5,0,0.058234115491023225,0.021470650703659992,-0.03400000000000003,0.01787217154042198,0.007591213296702627,0.02409836730280917,-0.02245644969696972,0.023425491887677327,1425654781985,0,0,0,0,0,0,0
-0.053689761073521414,-0.0253071599948042,0.533,-0.01774999849278203,0.06918287658691406,-0.05632025146484375,0,0,0.5,0,0.053689761073521414,0.0253071599948042,-0.03300000000000003,0.01774999849278203,0.0033234955284360164,0.03393127432293833,-0.02151185000000002,0.01717731233196976,1425654782049,0,0,0,0,0,0,0
-0.0501393579783017,-0.030072195471414542,0.53,-0.017139133254584275,0.05451628112792969,-0.07051902770996094,0,0,0.5,0,0.0501393579783017,0.030072195471414542,-0.030000000000000027,0.017139133254584275,0.00760542897588214,0.04062185705178884,-0.008691309090909101,0.014362473080958114,1425654782115,0,0,0,0,0,0,0
-0.04660983540097973,-0.03542934223340147,0.527,-0.016929693744345057,0.054312248229980466,-0.07943804931640625,0,0,0.5,0,0.04660983540097973,0.03542934223340147,-0.027000000000000024,0.016929693744345057,0.0053963165890709985,0.04735087403894859,-0.005811430000000006,0.015947946040098724,1425654782179,0,0,0,0,0,0,0
-0.04399202670146927,-0.041597157230163044,0.526,-0.016004669240788253,0.04082771682739258,-0.09183921813964843,0,0,0.5,0,0.04399202670146927,0.041597157230163044,-0.026000000000000023,0.016004669240788253,0.009536204710627917,0.053873449137796674,-0.016131809696969715,0.011800012406439145,1425654782245,0,0,0,0,0,0,0
-0.04081093153967285,-0.04985928844223544,0.52,-0.015358897417550258,0.049693721771240235,-0.1231524429321289,0,0,0.5,0,0.04081093153967285,0.04985928844223544,-0.020000000000000018,0.015358897417550258,0.004725529148136266,0.0698172122842449,0.015659852307692314,0.012378412079528743,1425654782310,0,0,0,0,0,0,0
-0.038230883762024735,-0.05891069485094309,0.517,-0.015062191444710885,0.04078136444091797,-0.13516070556640625,0,0,0.5,0,0.038230883762024735,0.05891069485094309,-0.017000000000000015,0.015062191444710885,0.007112232374539862,0.07717745313405736,0.0014124117910447754,0.013733657237967425,1425654782377,0,0,0,0,0,0,0
-0.03690320917686942,-0.06945016936802699,0.513,-0.013665928043115729,0.022293983459472658,-0.15777423095703125,0,0,0.5,0,0.03690320917686942,0.06945016936802699,-0.013000000000000012,0.013665928043115729,0.012573535711241576,0.09376011389117836,0.01115480222222223,0.007017054702186412,1425654782440,0,0,0,0,0,0,0
-0.03544236975318966,-0.08082412829963956,0.511,-0.012653637076958992,0.024242008209228515,-0.17029400634765626,0,0,0.5,0,0.03544236975318966,0.08082412829963956,-0.01100000000000001,0.012653637076958992,0.01137606502207206,0.10219138708150234,0.001294660769230769,0.00798152492546636,1425654782505,0,0,0,0,0,0,0
-0.034600004499898515,-0.09138985241489822,0.507,-0.011379546723003122,0.014639836311340332,-0.15831329345703124,0,0,0.5,0,0.034600004499898515,0.09138985241489822,-0.007000000000000006,0.011379546723003122,0.014376688369172424,0.10232052735125563,0.014932931212121222,0.005588226932294622,1425654782571,0,0,0,0,0,0,0
-0.03488191155859313,-0.1012168940151546,0.503,-0.011170107212763682,-0.0025509591102600097,-0.14744419860839844,0,0,0.5,0,0.03488191155859313,0.1012168940151546,-0.0030000000000000027,0.011170107212763682,0.020502714099466822,0.10338359554005809,0.018130951212121223,0.010218109438948048,0,0,0,0,0,0,0,0
-0.03536792598156653,-0.11109440673945928,0.497,-0.009843656981247896,-0.00563480281829834,-0.14823487854003906,0,0,0.5,0,0.03536792598156653,0.11109440673945928,0.0030000000000000027,0.009843656981247896,0.021890749527033383,0.10946807084831728,0.034028472307692334,0.003721578989636578,0,0,0,0,0,0,0,0
-0.03666479981040931,-0.11836078176607394,0.492,-0.009651670763528577,-0.018379266738891602,-0.10918183135986329,0,0,0.5,0,0.03666479981040931,0.11836078176607394,0.008000000000000007,0.009651670763528577,0.02703792992572983,0.09972839071172863,0.03306965000000003,0.008751735367969265,0,0,0,0,0,0,0,0
-0.03895542617409192,-0.12373368615799497,0.488,-0.010210176124166638,-0.033579944610595706,-0.08092143249511718,0,0,0.5,0,0.03895542617409192,0.12373368615799497,0.01200000000000001,0.010210176124166638,0.03345042734139137,0.0916883050256985,0.030472161538461565,0.012787893173265386,0,0,0,0,0,0,0,0
-0.04090867251824232,-0.12751750544825452,0.485,-0.010838494654884514,-0.028717676162719728,-0.05705347061157227,0,0,0.5,0,0.04090867251824232,0.12751750544825452,0.015000000000000013,0.010838494654884514,0.03263697950696839,0.0851064889635001,0.027497296153846176,0.01373842633512086,0,0,0,0,0,0,0,0
-0.04274676110305779,-0.1309681217882703,0.482,-0.011780972450961881,-0.02700872802734375,-0.05205503082275391,0,0,0.5,0,0.04274676110305779,0.1309681217882703,0.018000000000000016,0.011780972450961881,0.032814195811978725,0.08484254754618742,0.029664420909090935,0.016064962433131734,0,0,0,0,0,0,0,0
-0.04549565362967463,-0.13361355846300904,0.479,-0.013002702927357614,-0.040763050079345706,-0.04016455459594727,0,0,0.5,0,0.04549565362967463,0.13361355846300904,0.02100000000000002,0.013002702927357614,0.03904869011017479,0.08198355866779442,0.03207828090909094,0.018556023274610943,0,0,0,0,0,0,0,0
-0.04704655945219848,-0.13512360036425647,0.48,-0.014154620233673977,-0.02296710968017578,-0.022951194763183594,0,0,0.5,0,0.04704655945219848,0.13512360036425647,0.020000000000000018,0.014154620233673977,0.03375830866799083,0.07705426951921088,0.009913240000000009,0.01955423260703193,0,0,0,0,0,0,0,0
-0.04802105269442804,-0.13566497126188373,0.481,-0.01453859266911284,-0.014500994682312012,-0.00832664680480957,0,0,1,0,0.04802105269442804,0.13566497126188373,0.519,0.01453859266911284,0.02401052634721402,0.06783248563094187,0.4152,0.01453859266911284,0,0,0,0,0,0,0,0
-0.048629874806908335,-0.13628003820710285,0.481,-0.017453292519943098,-0.008997238159179688,-0.009357795715332032,0,0,1,0,0.048629874806908335,0.13628003820710285,0.519,0.017453292519943098,0.027624819735434108,0.0715405000641813,0.41553735,0.030905753369928905,0,0,0,0,0,0,0,0
-0.049483322454156445,-0.13721044218443054,0.484,-0.0180467044656214,-0.012556198120117188,-0.01417735481262207,0,0,1,0,0.049483322454156445,0.13721044218443054,0.516,0.0180467044656214,0.029331788373929094,0.07371832249472025,0.39756881909090913,0.02074403149143186,0,0,0,0,0,0,0,0
-0.04960337668001388,-0.1383721983149721,0.488,-0.019268434942017357,-0.0014860491752624512,-0.01745600128173828,0,0,1,0,0.04960337668001388,0.1383721983149721,0.512,0.019268434942017357,0.025544644777833234,0.07571079193675247,0.3890722484615385,0.02490719098692178,0,0,0,0,0,0,0,0
-0.05115789119722386,-0.14069263461718426,0.494,-0.021240656996770912,-0.022642763137817382,-0.03524935150146485,0,0,1,0,0.05115789119722386,0.14069263461718426,0.506,0.021240656996770912,0.034079171619153165,0.08320150737858596,0.3738319176923077,0.030343220326402704,0,0,0,0,0,0,0,0
-0.05190274172077398,-0.14240798038793717,0.509,-0.022584560520806818,-0.01062375259399414,-0.025961681365966795,0,0,1,0,0.05190274172077398,0.14240798038793717,0.491,0.022584560520806818,0.03012560446641672,0.08089356566643406,0.3136895292307692,0.028787192170203302,0,0,0,0,0,0,0,0
-0.05255481424006633,-0.1450809978522137,0.521,-0.024329889772800595,-0.008873136520385742,-0.0403059196472168,0,0,1,0,0.05255481424006633,0.1450809978522137,0.479,0.024329889772800595,0.029986227486238682,0.08748107078153422,0.3205547253846154,0.03238525555123341,0,0,0,0,0,0,0,0
-0.05313098700115717,-0.14727650937350706,0.535,-0.026319565120074495,-0.007838864326477051,-0.0331331787109375,0,0,1,0,0.05313098700115717,0.14727650937350706,0.46499999999999997,0.026319565120074495,0.029853682210783675,0.08592572220494919,0.3000345857575757,0.035363543971319494,0,0,0,0,0,0,0,0
-0.05434812972470754,-0.1492301023433799,0.55,-0.028431413514987458,-0.01747964096069336,-0.02977420997619629,0,0,1,0,0.05434812972470754,0.1492301023433799,0.44999999999999996,0.028431413514987458,0.03380141346498175,0.08556497514016842,0.284220301044776,0.037887451104149976,0,0,0,0,0,0,0,0
-0.05431125398642773,-0.15182305829378992,0.568,-0.030421088862261133,0.0016585845947265625,-0.03886289596557617,0,0,1,0,0.05431125398642773,0.15182305829378992,0.43200000000000005,0.030421088862261133,0.027257862347322765,0.09093351131670263,0.2500174900000006,0.03974769205260648,0,0,0,0,0,0,0,0
-0.05483426734480445,-0.15406183230243253,0.588,-0.0332834288355317,-0.006820138931274414,-0.03380469512939453,0,0,1,0,0.05483426734480445,0.15406183230243253,0.41200000000000003,0.0332834288355317,0.0306163564549522,0.09021456539965705,0.22334366999999997,0.0467006474602375,0,0,0,0,0,0,0,0
-0.053908833351034954,-0.15554835494309935,0.606,-0.03516838442768555,0.014615833282470703,-0.021823551177978514,0,0,1,0,0.053908833351034954,0.15554835494309935,0.394,0.03516838442768555,0.022345344775825667,0.08681999047145282,0.22165169307692306,0.043868179468395614,0,0,0,0,0,0,0,0
-0.053051713532688026,-0.1567543343437807,0.627,-0.03696607355723991,0.013484901428222656,-0.017626445770263673,0,0,1,0,0.053051713532688026,0.1567543343437807,0.373,0.03696607355723991,0.02231911404041611,0.08601425304304133,0.1889402969230768,0.045263100309029254,0,0,0,0,0,0,0,0
-0.0509915455645764,-0.1578732400811902,0.647,-0.039043015367112854,0.03150168991088867,-0.015630035400390624,0,0,1,0,0.0509915455645764,0.1578732400811902,0.353,0.039043015367112854,0.015335159149452214,0.08594639812899452,0.18331608352941164,0.04820599394008173,0,0,0,0,0,0,0,0
-0.04855508059771456,-0.15763864352911347,0.667,-0.04010766621082973,0.03638176727294922,0.004942808151245117,0,0,1,0,0.04855508059771456,0.15763864352911347,0.33299999999999996,0.04010766621082973,0.011215405602453687,0.07886602437174425,0.1593559388888888,0.045177432133291034,0,0,0,0,0,0,0,0
-0.0447603157305782,-0.15636327222232246,0.681,-0.04056145181634841,0.05610861968994141,0.021397560119628907,0,0,1,0,0.0447603157305782,0.15636327222232246,0.31899999999999995,0.04056145181634841,0.00244968457209575,0.07276590506385339,0.18408978461538456,0.04265584691874233,0,0,0,0,0,0,0,0
-0.04104347807858097,-0.1544180947847177,0.697,-0.0414515697348652,0.05452354431152344,0.03141444778442383,0,0,1,0,0.04104347807858097,0.1544180947847177,0.30300000000000005,0.0414515697348652,0.0010375520883666271,0.06828703970997169,0.16071750384615446,0.04555980628186575,0,0,0,0,0,0,0,0
-0.037364894181220146,-0.15157585284319308,0.71,-0.041399209857305504,0.053364635467529294,0.04488359832763672,0,0,1,0,0.037364894181220146,0.15157585284319308,0.29000000000000004,0.041399209857305504,-0.0005714709233615063,0.06213409571475809,0.16665984999999997,0.04115754888395307,0,0,0,0,0,0,0,0
-0.03284775335248008,-0.1476128797653949,0.72,-0.040788344619107526,0.06523880004882812,0.06219795227050781,0,0,1,0,0.03284775335248008,0.1476128797653949,0.28,0.040788344619107526,-0.006597278224897016,0.054853791322831934,0.17660864402985074,0.03805312713463897,0,0,0,0,0,0,0,0
-0.025747418931862366,-0.14213411347472174,0.728,-0.04028219913602916,0.10306531524658204,0.08645610046386719,0,0,1,0,0.025747418931862366,0.14213411347472174,0.272,0.04028219913602916,-0.024766275240833323,0.043407844261385636,0.1795473269230769,0.03794614306028284,0,0,0,0,0,0,0,0
-0.01909409753494063,-0.13564912221740355,0.737,-0.039095375244673,0.09580147552490234,0.10121502685546875,0,0,1,0,0.01909409753494063,0.13564912221740355,0.263,0.039095375244673,-0.02623349714911526,0.03428841738995762,0.16637382,0.033532138253941,0,0,0,0,0,0,0,0
-0.011435169407071163,-0.12887392850986532,0.744,-0.0370533400198394,0.11082396697998047,0.10604053497314453,0,0,1,0,0.011435169407071163,0.12887392850986532,0.256,0.0370533400198394,-0.03367927430124067,0.031059159056922372,0.17359692582089548,0.02790989871461432,0,0,0,0,0,0,0,0
-0.004394117981465614,-0.12183310533659221,0.751,-0.03447025272688786,0.10163088226318359,0.10945237731933594,0,0,1,0,0.004394117981465614,0.12183310533659221,0.249,0.03447025272688786,-0.036304658043081244,0.02389262098051277,0.1658320711111111,0.022169837046166263,0,0,0,0,0,0,0,0
0.0043248497146467614,-0.11534376382506761,0.754,-0.03284709652253315,0.1273521499633789,0.10178958129882812,0,0,1,0,-0.0043248497146467614,0.11534376382506761,0.246,0.03284709652253315,-0.04849828827342793,0.02489599982821987,0.18632701384615385,0.025355606348588314,0,0,0,0,0,0,0,0
0.011586988223719187,-0.10873142001241481,0.758,-0.032690016889853624,0.10561595916748047,0.10270911407470704,0,0,1,0,-0.011586988223719187,0.10873142001241481,0.242,0.032690016889853624,-0.04370005792415491,0.02153873918552754,0.17822845878787877,0.03197601855949215,0,0,0,0,0,0,0,0
0.0182490310253782,-0.10286986252564573,0.761,-0.03174753909377692,0.09700354766845704,0.09114253997802735,0,0,1,0,-0.0182490310253782,0.10286986252564573,0.239,0.03174753909377692,-0.04440413877951584,0.02217805284427308,0.18104208384615386,0.027397641573422914,0,0,0,0,0,0,0,0
0.024385453840541478,-0.09736822500652886,0.767,-0.031084313978018807,0.08938044738769531,0.08540473175048828,0,0,1,0,-0.024385453840541478,0.09736822500652886,0.23299999999999998,0.031084313978018807,-0.04367209035760251,0.022314805928609415,0.16120875641791044,0.028114649280594414,0,0,0,0,0,0,0,0
0.030648344144594775,-0.09271014755831705,0.771,-0.02871066619530671,0.09172642517089843,0.07275710296630859,0,0,1,0,-0.030648344144594775,0.09271014755831705,0.22899999999999998,0.02871066619530671,-0.04956073890974741,0.022905864039767986,0.16727408777777775,0.0174075815157253,0,0,0,0,0,0,0,0
0.0354568687344118,-0.08851693269479075,0.772,-0.0276983752291502,0.07029254150390625,0.06494285583496094,0,0,1,0,-0.0354568687344118,0.08851693269479075,0.22799999999999998,0.0276983752291502,-0.043086268630445096,0.024166151394735973,0.18345989461538464,0.023026263077658607,0,0,0,0,0,0,0,0
0.03875532167295486,-0.08571006158142992,0.776,-0.027349309378751133,0.048291778564453124,0.04345716857910156,0,0,1,0,-0.03875532167295486,0.08571006158142992,0.22399999999999998,0.027349309378751133,-0.03662953101348272,0.03028335526358994,0.16425164846153845,0.025738236223063135,0,0,0,0,0,0,0,0
0.04034161202504482,-0.08336281012214919,0.782,-0.025551620249196775,0.022822641372680665,0.03584628295898438,0,0,1,0,-0.04034161202504482,0.08336281012214919,0.21799999999999997,0.025551620249196775,-0.028100547021693092,0.031831124750867565,0.14931580818181817,0.01738030602394969,0,0,0,0,0,0,0,0
0.041511566791564626,-0.08064295794528985,0.788,-0.025586526834237015,0.016501256942749024,0.04123283004760742,0,0,1,0,-0.041511566791564626,0.08064295794528985,0.21199999999999997,0.025586526834237015,-0.02641289535237363,0.028764592048214743,0.1451327464179104,0.025742824976208237,0,0,0,0,0,0,0,0
0.042658961165714014,-0.07871339267901664,0.796,-0.02565634000431661,0.016464799880981446,0.029374324798583984,0,0,1,0,-0.042658961165714014,0.07871339267901664,0.20399999999999996,0.02565634000431661,-0.0272761768704936,0.031337774831059095,0.1257601055555555,0.025988783671362297,0,0,0,0,0,0,0,0
0.04071496000049496,-0.07581745041087694,0.801,-0.025132741228718343,-0.030264787673950196,0.04267678070068359,0,0,1,0,-0.04071496000049496,0.07581745041087694,0.19899999999999995,0.025132741228718343,-0.009488529240216818,0.025065356784624446,0.13941082307692304,0.022716131495187884,0,0,0,0,0,0,0,0
0.03809148163849658,-0.07263077394137761,0.803,-0.023911010752322166,-0.04054096984863281,0.04679612731933594,0,0,1,0,-0.03809148163849658,0.07263077394137761,0.19699999999999995,0.023911010752322166,-0.005167193397218304,0.02271293152606786,0.15457374235294113,0.01852102335645668,0,0,0,0,0,0,0,0
0.03410462967273434,-0.06946336493245918,0.808,-0.02408554367752181,-0.06092161560058594,0.046067745208740234,0,0,1,0,-0.03410462967273434,0.06946336493245918,0.19199999999999995,0.02408554367752181,0.00580831265117095,0.019693770820171506,0.13276109354838703,0.024930057831713637,0,0,0,0,0,0,0,0
0.029573567029701653,-0.06559508589513523,0.817,-0.024539329283040038,-0.06934363555908203,0.05637051773071289,0,0,1,0,-0.029573567029701653,0.06559508589513523,0.18300000000000005,0.024539329283040038,0.009217337520207513,0.015476686929908442,0.10689458462686627,0.02657120512864404,0,0,0,0,0,0,0,0
0.025397976609686068,-0.060040279582478234,0.824,-0.025237460983837945,-0.06465946197509766,0.08176016998291015,0,0,1,0,-0.025397976609686068,0.060040279582478234,0.17600000000000005,0.025237460983837945,0.01045440790984773,0.0025672903370859666,0.1101409,0.028509953331328133,0,0,0,0,0,0,0,0
0.021058000716877866,-0.05437601760510708,0.831,-0.02635447170511407,-0.06722295379638672,0.08329409790039062,0,0,1,0,-0.021058000716877866,0.05437601760510708,0.16900000000000004,0.02635447170511407,0.011788976197063194,0.0014187621695589125,0.10743151362318844,0.03121104005848852,0,0,0,0,0,0,0,0
0.015128939786557646,-0.048277620112517544,0.84,-0.02822197400474802,-0.0913155517578125,0.08910060882568359,0,0,1,0,-0.015128939786557646,0.048277620112517544,0.16000000000000003,0.02822197400474802,0.026749109597401642,-0.007860028860485088,0.08419701573770491,0.03740641154393138,0,0,0,0,0,0,0,0
0.009287972215098242,-0.042418812877992276,0.849,-0.02977531703902314,-0.09005950164794922,0.08537478637695313,0,0,1,0,-0.009287972215098242,0.042418812877992276,0.15100000000000002,0.02977531703902314,0.027095717988297026,-0.007318478534547899,0.08027297153846152,0.0369445925818314,0,0,0,0,0,0,0,0
0.003838280726452493,-0.03734448146981318,0.857,-0.03188716543393655,-0.08397515106201171,0.07364759826660157,0,0,1,0,-0.003838280726452493,0.03734448146981318,0.14300000000000002,0.03188716543393655,0.02683516586546721,-0.004790901251542204,0.08063927522388058,0.04134320302310106,0,0,0,0,0,0,0,0
-0.0008889294119663715,-0.03207531553402322,0.861,-0.034522612604447556,-0.07339196014404296,0.07673663330078125,0,0,1,0,0.0008889294119663715,0.03207531553402322,0.139,0.034522612604447556,0.026582732666724566,-0.00971300584283654,0.09744428000000001,0.0468762712162179,0,0,0,0,0,0,0,0
-0.005420894522133652,-0.027349296280114736,0.868,-0.03705334001983939,-0.07038580322265625,0.06850168609619141,0,0,1,0,0.005420894522133652,0.027349296280114736,0.132,0.03705334001983939,0.027403197413516316,-0.00869028319844153,0.0761127723076923,0.04873362039857094,0,0,0,0,0,0,0,0
-0.007770840944170334,-0.02416914991323686,0.875,-0.038013271108436435,-0.03699212265014649,0.046363651275634764,0,0,1,0,0.007770840944170334,0.02416914991323686,0.125,0.038013271108436435,0.01683389027352207,-0.0019407155042720434,0.0705940223076923,0.042443722286576634,0,0,0,0,0,0,0,0
-0.012370830596015459,-0.0224714074008536,0.881,-0.03965388060531127,-0.06991781616210938,0.022825462341308594,0,0,1,0,0.012370830596015459,0.0224714074008536,0.119,0.03965388060531127,0.030882376707877912,0.005345929430929002,0.07174668818181816,0.04711119650019688,0,0,0,0,0,0,0,0
-0.01742331712063224,-0.02167251855560621,0.889,-0.041172317054546374,-0.07620278167724609,0.008969439506530761,0,0,1,0,0.01742331712063224,0.02167251855560621,0.11099999999999999,0.041172317054546374,0.03623175727996765,0.009662042968560956,0.054160096923076884,0.04818048528178532,0,0,0,0,0,0,0,0
-0.021273650554105905,-0.022488070806781897,0.902,-0.041521382904945,-0.0572025260925293,-0.014600152015686036,0,0,1,0,0.021273650554105905,0.022488070806781897,0.09799999999999998,0.041521382904945,0.031383702809538304,0.018711268689287252,0.01796230606060599,0.04310804586130241,1425654786222,0,0,0,0,0,0,0
-0.024593694204445293,-0.0233966683139791,0.908,-0.041992621802983354,-0.04919200134277344,-0.01568441390991211,0,0,1,0,0.024593694204445293,0.0233966683139791,0.09199999999999997,0.041992621802983354,0.03079751843731082,0.019824535626402236,0.049348079999999954,0.044201554137538124,1425654786222,0,0,0,0,0,0,0
-0.028670686195777048,-0.024271287611424015,0.915,-0.042987459476620415,-0.06055021667480469,-0.01567502307891846,0,0,1,0,0.028670686195777048,0.024271287611424015,0.08499999999999996,0.042987459476620415,0.036993924911944,0.020091560564613194,0.038333729999999955,0.04765076107179414,1425654786222,0,0,0,0,0,0,0
-0.03319558651284609,-0.0264782205456377,0.918,-0.04443608275577571,-0.06638818359375,-0.0359902229309082,0,0,1,0,0.03319558651284609,0.0264782205456377,0.08199999999999996,0.04443608275577571,0.04097791770459003,0.028132860601269023,0.058360009090909055,0.0510207340246634,1425654786222,0,0,0,0,0,0,0
-0.03730775547471564,-0.027908824447757215,0.921,-0.04637339822548925,-0.06066840362548828,-0.02417790412902832,0,0,1,0,0.03730775547471564,0.027908824447757215,0.07899999999999996,0.04637339822548925,0.04086989842050443,0.024749685994146745,0.05601214909090905,0.05517937763327807,1425654786222,0,0,0,0,0,0,0
-0.04083640363110809,-0.029631243969905265,0.923,-0.048380526865282825,-0.05167513275146484,-0.028262168884277343,0,0,1,0,0.04083640363110809,0.029631243969905265,0.07699999999999996,0.048380526865282825,0.020418201815554045,0.014815621984952633,0.06159999999999997,0.048380526865282825,1425654786222,0,0,0,0,0,0,0
-0.04404181213244795,-0.03072002471105794,0.923,-0.05215043804959052,-0.04723503875732422,-0.01863788414001465,0,0,1,0,0.04404181213244795,0.03072002471105794,0.07699999999999996,0.05215043804959052,0.03957867056769109,0.02133394284952274,0.061649279999999966,0.06982189672603284,1425654786612,0,0,0,0,0,0,0
-0.046085726230997145,-0.03236291747915443,0.925,-0.05372123437638554,-0.029332448959350586,-0.02620802879333496,0,0,1,0,0.046085726230997145,0.03236291747915443,0.07499999999999996,0.05372123437638554,0.03410669689719378,0.02506850112611945,0.04932879923076919,0.060971063576977944,1425654786677,0,0,0,0,0,0,0
-0.049494635140168004,-0.034232978335435545,0.927,-0.0564439480094967,-0.049553661346435546,-0.030756086349487306,0,0,1,0,0.049494635140168004,0.034232978335435545,0.07299999999999995,0.0564439480094967,0.043193294921813875,0.027248995772710644,0.04777624923076919,0.06901031862385591,1425654786742,0,0,0,0,0,0,0
-0.051743376147396596,-0.03507345790639774,0.931,-0.05766567848589266,-0.032966175079345704,-0.014490022659301757,0,0,1,0,0.051743376147396596,0.03507345790639774,0.06899999999999995,0.05766567848589266,0.03810424068638869,0.022148134077190545,0.03385186846153841,0.06330443453079707,1425654786807,0,0,0,0,0,0,0
-0.05334274450305347,-0.03557091936304912,0.937,-0.059760073588285945,-0.02352058982849121,-0.008832181930541992,0,0,1,0,0.05334274450305347,0.03557091936304912,0.06299999999999994,0.059760073588285945,0.03518596840009123,0.02049371734439545,0.019289256417910385,0.06913796210646483,1425654786874,0,0,0,0,0,0,0
-0.05377243755982266,-0.03646136793173092,0.937,-0.06070255138436287,-0.005636166095733643,-0.013717833518981934,0,0,1,0,0.05377243755982266,0.03646136793173092,0.06299999999999994,0.06070255138436287,0.029430203872124992,0.023233238263027353,0.05067285999999996,0.06512041605347345,1425654786938,0,0,0,0,0,0,0
-0.052143919325576084,-0.03803408663295193,0.943,-0.060615284921762935,0.02581392288208008,-0.022065412521362304,0,0,1,0,0.052143919325576084,0.03803408663295193,0.05700000000000005,0.060615284921762935,0.01766439429230309,0.027515234431554434,0.014092298181818792,0.06021861918267233,1425654787004,0,0,0,0,0,0,0
-0.05120895220015727,-0.038962232160948386,0.943,-0.06031857894892401,0.014842130661010743,-0.013047035217285157,0,0,1,0,0.05120895220015727,0.038962232160948386,0.05700000000000005,0.06031857894892401,0.02075266453711463,0.024739863949648843,0.045946960000000044,0.05892776970124157,1425654787068,0,0,0,0,0,0,0
-0.048690259307718274,-0.03936108691007439,0.948,-0.059829886758365765,0.03807234191894531,-0.003694462776184082,0,0,1,0,0.048690259307718274,0.03936108691007439,0.052000000000000046,0.059829886758365765,0.011075875728830873,0.02203675959284354,0.015057683076923099,0.05757438434040462,1425654787133,0,0,0,0,0,0,0
-0.04485873957654748,-0.03882786144647671,0.95,-0.05876523591464889,0.05689170455932617,0.011420610427856446,0,0,1,0,0.04485873957654748,0.03882786144647671,0.050000000000000044,0.05876523591464889,0.00273696213576723,0.01686297595672086,0.029966498805970177,0.05399814258457333,1425654787200,0,0,0,0,0,0,0
-0.04176598855892125,-0.03821464320596625,0.95,-0.05813691738393124,0.045770957946777345,0.011907020568847656,0,0,1,0,0.04176598855892125,0.03821464320596625,0.050000000000000044,0.05813691738393124,0.004319236312731373,0.01601279310844809,0.04044626000000003,0.05519167427119224,1425654787264,0,0,0,0,0,0,0
-0.03780103371208951,-0.03711478269713549,0.95,-0.05724679946541401,0.058415245056152344,0.01992574119567871,0,0,1,0,0.03780103371208951,0.03711478269713549,0.050000000000000044,0.05724679946541401,-0.0020749451786837673,0.01291819889879638,0.04047876000000004,0.0531385629184114,1425654787329,0,0,0,0,0,0,0
-0.0320126406329587,-0.03594724239484788,0.955,-0.05695009349257486,0.085681640625,0.022452205657958985,0,0,1,0,0.0320126406329587,0.03594724239484788,0.04500000000000004,0.05695009349257486,-0.014766847060371176,0.01199336479813392,0.009584933076923093,0.055580681310240354,1425654787394,0,0,0,0,0,0,0
-0.026809606308842437,-0.03409821035459452,0.957,-0.05754350543825294,0.07634030151367187,0.0321328125,0,0,1,0,0.026809606308842437,0.03409821035459452,0.04300000000000004,0.05754350543825294,-0.014199006220557937,0.007421441717999031,0.02416672923076926,0.060282329802921,1425654787459,0,0,0,0,0,0,0
-0.02009503556921005,-0.0311172373150717,0.957,-0.05651376117957653,0.09798023986816407,0.05043308639526367,0,0,1,0,0.02009503556921005,0.0311172373150717,0.04300000000000004,0.05651376117957653,-0.02460260505227419,0.000335882896445908,0.034964770000000034,0.05190296599147319,1425654787526,0,0,0,0,0,0,0
-0.013145068597131042,-0.02898079957546384,0.962,-0.05565854984609909,0.10227296447753906,0.0378838005065918,0,0,1,0,0.013145068597131042,0.02898079957546384,0.038000000000000034,0.05565854984609909,-0.03041582752010122,0.0033548532467884834,0.0040663930769230874,0.051711420614664744,1425654787591,0,0,0,0,0,0,0
-0.00790867744558305,-0.026789123459632316,0.966,-0.055553830090979486,0.07659539794921875,0.0371937255859375,0,0,1,0,0.00790867744558305,0.026789123459632316,0.03400000000000003,0.055553830090979486,-0.024242576571912686,0.0017943269903986283,0.005936230000000008,0.055062956238856355,1425654787655,0,0,0,0,0,0,0
-0.002415524893333389,-0.02333612293485219,0.969,-0.0540703002267844,0.0793942413330078,0.05629023361206055,0,0,1,0,0.002415524893333389,0.02333612293485219,0.031000000000000028,0.0540703002267844,-0.027929582389711563,-0.006524355782446194,0.00927753384615386,0.04722323931511476,1425654787720,0,0,0,0,0,0,0
0.0030692670782085972,-0.019827345239851225,0.974,-0.05349434157362621,0.07930722045898438,0.05700104522705078,0,0,1,0,-0.0030692670782085972,0.019827345239851225,0.026000000000000023,0.05349434157362621,-0.030628954887580526,-0.008566195464422208,-0.005474796923076921,0.050836070866742265,1425654787785,0,0,0,0,0,0,0
0.006453417863269369,-0.015580522900070903,0.974,-0.05359906132874581,0.047283557891845705,0.06632540893554688,0,0,1,0,-0.006453417863269369,0.015580522900070903,0.026000000000000023,0.05359906132874581,-0.020738048467721804,-0.014306932690941927,0.02146544000000002,0.054075060215653094,1425654787851,0,0,0,0,0,0,0
0.01092152974740365,-0.011184418561446922,0.975,-0.0527613032877885,0.06339271545410156,0.06943744659423828,0,0,1,0,-0.01092152974740365,0.011184418561446922,0.025000000000000022,0.0527613032877885,-0.029092013232415982,-0.017648018482876997,0.015297074615384628,0.04889472771413935,1425654787916,0,0,0,0,0,0,0
0.013866640642227406,-0.007109332470757533,0.975,-0.053058009260627426,0.04089158248901367,0.06337096786499023,0,0,1,0,-0.013866640642227406,0.007109332470757533,0.025000000000000022,0.053058009260627426,-0.0216735930214475,-0.016984103947737247,0.02069869000000002,0.0543670061996227,1425654787984,0,0,0,0,0,0,0
0.015329951141032467,-0.003450743594454294,0.973,-0.05422737985946391,0.019008373260498045,0.05596566390991211,0,0,1,0,-0.015329951141032467,0.003450743594454294,0.027000000000000024,0.05422737985946391,-0.015516717606659215,-0.018489875406847343,0.03360575258064519,0.05988562469254367,1425654788046,0,0,0,0,0,0,0
0.015461727747312266,-0.0015251935831396975,0.968,-0.05497787143782129,0.0004082480669021606,0.028947929382324218,0,0,1,0,-0.015461727747312266,0.0015251935831396975,0.03200000000000003,0.05497787143782129,-0.008041598590764523,-0.009166680949734671,0.05325930692307697,0.05844167872254767,1425654788111,0,0,0,0,0,0,0
0.016122047070771264,-0.0008424577972066387,0.964,-0.05532693728822036,0.009327077865600586,0.0107698335647583,0,0,1,0,-0.016122047070771264,0.0008424577972066387,0.03600000000000003,0.05532693728822036,-0.01092873382089568,-0.0025047034276347115,0.04928009985915498,0.05680186341666712,1425654788182,0,0,0,0,0,0,0
0.01600281806295773,-0.0009336736578668156,0.961,-0.05602506898901782,-0.0017100367546081542,-0.001465042471885681,0,0,1,0,-0.01600281806295773,0.0009336736578668156,0.039000000000000035,0.05602506898901782,-0.00693968491501542,0.001430442680679597,0.0491986947540984,0.05945850358310372,1425654788243,0,0,0,0,0,0,0
0.014200838569434491,-0.001899091283581473,0.959,-0.05736897251305351,-0.02617639350891113,-0.01597209167480469,0,0,1,0,-0.014200838569434491,0.001899091283581473,0.041000000000000036,0.05736897251305351,0.003122690785763103,0.0066706248602729605,0.04454932000000004,0.06366852028197077,1425654788307,0,0,0,0,0,0,0
0.014371221572064942,-0.004139247619014118,0.957,-0.05735151922053361,0.004478215217590332,-0.033400524139404295,0,0,1,0,-0.014371221572064942,0.004139247619014118,0.04300000000000004,0.05735151922053361,-0.007743864302020074,0.014576146166028852,0.04600900076923081,0.057270965562749465,1425654788372,0,0,0,0,0,0,0
0.011343463715299281,-0.00759309962693598,0.961,-0.05743878568313333,-0.0423720703125,-0.05432587051391601,0,0,1,0,-0.011343463715299281,0.00759309962693598,0.039000000000000035,0.05743878568313333,0.010983399848619183,0.022843292075073844,0.010526658461538475,0.0578415539720551,1425654788437,0,0,0,0,0,0,0
0.006161455772762285,-0.012235620904453542,0.963,-0.057770398241012495,-0.07360421752929687,-0.07398524475097656,0,0,1,0,-0.006161455772762285,0.012235620904453542,0.03700000000000003,0.057770398241012495,0.02517020702778873,0.03157303270370505,0.019719939230769253,0.059300917738916346,1425654788502,0,0,0,0,0,0,0
0.0019433653239664202,-0.019689865275510914,0.963,-0.056670840812255825,-0.05670987701416016,-0.11528031158447266,0,0,1,0,-0.0019433653239664202,0.019689865275510914,0.03700000000000003,0.056670840812255825,0.021409631358754476,0.049255238140017324,0.03051396000000003,0.051747449340211034,1425654788569,0,0,0,0,0,0,0
-0.0033411890231707523,-0.028118600920377785,0.961,-0.056461401302016385,-0.07197994232177735,-0.13071786499023438,0,0,1,0,0.0033411890231707523,0.028118600920377785,0.039000000000000035,0.056461401302016385,0.030474572091700354,0.059933300143880916,0.04290854076923081,0.05549475740860359,1425654788634,0,0,0,0,0,0,0
-0.010215865730882148,-0.036928721489897426,0.962,-0.056217055206737594,-0.0954983139038086,-0.13776043701171875,0,0,1,0,0.010215865730882148,0.036928721489897426,0.038000000000000034,0.056217055206737594,0.04305904420648958,0.06715684204874858,0.025894880000000026,0.05507168288511826,1425654788698,0,0,0,0,0,0,0
-0.018918601938004757,-0.04634727552804328,0.962,-0.05628686837681696,-0.1223967514038086,-0.148389892578125,0,0,1,0,0.018918601938004757,0.04634727552804328,0.038000000000000034,0.05628686837681696,0.05668770842513564,0.07443118890698573,0.03138833000000003,0.05660908300795251,1425654788763,0,0,0,0,0,0,0
-0.026051723388465623,-0.055073418792112826,0.966,-0.05520476424058041,-0.09946375274658203,-0.13670419311523438,0,0,1,0,0.026051723388465623,0.055073418792112826,0.03400000000000003,0.05520476424058041,0.05181943100392842,0.0751016925546706,0.006671968461538471,0.05021043745795018,1425654788828,0,0,0,0,0,0,0
-0.033880489172403126,-0.06336660930130157,0.972,-0.05375614096142512,-0.11038872528076171,-0.13068783569335937,0,0,1,0,0.033880489172403126,0.06336660930130157,0.028000000000000025,0.05375614096142512,0.05886324170381674,0.07628222508236829,-0.008389271818181821,0.04717148969253743,1425654788894,0,0,0,0,0,0,0
-0.040419804383084054,-0.07147581408106297,0.984,-0.05133013330115311,-0.09141239166259765,-0.12673274993896486,0,0,1,0,0.040419804383084054,0.07147581408106297,0.016000000000000014,0.05133013330115311,0.05640446585482633,0.08075074505354982,-0.05178585000000004,0.039958222393628055,1425654788958,0,0,0,0,0,0,0
-0.04744668722399311,-0.07995023174274918,0.985,-0.04869468613064188,-0.0987423858642578,-0.13235682678222657,0,0,1,0,0.04744668722399311,0.07995023174274918,0.015000000000000013,0.04869468613064188,0.06202392901461389,0.0863241876124774,0.007664284615384622,0.036531083805205436,1425654789023,0,0,0,0,0,0,0
-0.05376777511201785,-0.08718577528690678,0.988,-0.046181412007769936,-0.08942102813720704,-0.11301972961425781,0,0,1,0,0.05376777511201785,0.08718577528690678,0.01200000000000001,0.046181412007769936,0.0614189876507643,0.0833277695056464,-0.005497146153846154,0.0345816852868225,1425654789088,0,0,0,0,0,0,0
-0.061544921942277,-0.09364635469109835,0.984,-0.04328416544945935,-0.11205903625488281,-0.10219084930419922,0,0,1,0,0.061544921942277,0.09364635469109835,0.016000000000000014,0.04328416544945935,0.07255399893699213,0.08191989507347405,0.035079381212121244,0.030114862911683967,1425654789154,0,0,0,0,0,0,0
-0.0671991003723948,-0.09777644160418504,0.981,-0.042271874483302614,-0.08205256652832031,-0.06556317901611328,0,0,1,0,0.0671991003723948,0.09777644160418504,0.019000000000000017,0.042271874483302614,0.06372041923047284,0.07136488127958975,0.03195163179104481,0.037739228366182896,1425654789221,0,0,0,0,0,0,0
-0.07182178611569728,-0.10084226021317402,0.978,-0.04118977034706629,-0.06733495330810547,-0.04887646865844727,0,0,1,0,0.07182178611569728,0.10084226021317402,0.02200000000000002,0.04118977034706629,0.06182128771077098,0.06815344425927031,0.03510032000000003,0.03611740720845854,0,0,0,0,0,0,0,0
-0.07611940077854605,-0.10171826119302312,0.975,-0.03949680097263154,-0.06386846160888672,-0.015783385276794435,0,0,1,0,0.07611940077854605,0.10171826119302312,0.025000000000000022,0.03949680097263154,0.06224107898746233,0.05668097927699962,0.037516320000000034,0.031561007029968655,0,0,0,0,0,0,0,0
-0.07966951275201349,-0.10033089454490432,0.973,-0.03752457891787776,-0.054031883239746094,0.018691545486450196,0,0,1,0,0.07966951275201349,0.10033089454490432,0.027000000000000024,0.03752457891787776,0.059392488039606735,0.04390563660840258,0.03333395060606063,0.028559933214451487,0,0,0,0,0,0,0,0
-0.07974966378892369,-0.09714201696703019,0.982,-0.03509857125760575,-0.002995917320251465,0.04775438690185547,0,0,1,0,0.07974966378892369,0.09714201696703019,0.018000000000000016,0.03509857125760575,0.04108963197151561,0.032560708241405556,-0.03292194846153849,0.023901612825581085,1425654789480,0,0,0,0,0,0,0
-0.07647056974154721,-0.09167251709766294,0.991,-0.033126349202852415,0.04627713394165039,0.08371798706054688,0,0,1,0,0.07647056974154721,0.09167251709766294,0.009000000000000008,0.033126349202852415,0.021679837917693547,0.01805241788380768,-0.03938174272727275,0.024161703499428158,1425654789480,0,0,0,0,0,0,0
-0.07299938652156807,-0.08525422662685135,0.99,-0.030752701420140097,0.048850547790527346,0.09794603729248047,0,0,1,0,0.07299938652156807,0.08525422662685135,0.010000000000000009,0.030752701420140097,0.01839706778054053,0.008802732890866978,0.014620680000000013,0.019626227438676105,1425654789480,0,0,0,0,0,0,0
-0.0681256973812749,-0.07659974589747799,0.991,-0.02727949620867133,0.06907917022705078,0.132003662109375,0,0,1,0,0.0681256973812749,0.07659974589747799,0.009000000000000008,0.02727949620867133,0.008744596623297237,-0.006975741707976615,0.0029731646153846186,0.01124931830958472,1425654789480,0,0,0,0,0,0,0
-0.0608260604351923,-0.0663673762855491,0.992,-0.02511528793619823,0.10526732635498047,0.15641502380371095,0,0,1,0,0.0608260604351923,0.0663673762855491,0.008000000000000007,0.02511528793619823,-0.007928480787788905,-0.02054511247157753,0.0021783646153846186,0.015126634370937767,1425654789480,0,0,0,0,0,0,0
-0.05198063266905377,-0.056075897962809096,0.995,-0.02303834612632506,0.12876287841796874,0.15765547180175782,0,0,1,0,0.05198063266905377,0.056075897962809096,0.0050000000000000044,0.02303834612632506,-0.01991872153841164,-0.025132488115298585,-0.010742810909090917,0.013597701535992464,1425654789806,0,0,0,0,0,0,0
-0.042604556356324416,-0.04432880478520249,1.001,-0.019722220547535817,0.136544677734375,0.1793994903564453,0,0,1,0,0.042604556356324416,0.04432880478520249,-0.0009999999999998899,0.019722220547535817,-0.027392686010411258,-0.03869594737784225,-0.031452561818181166,0.004648922462130174,1425654789872,0,0,0,0,0,0,0
-0.033513146298084995,-0.03191398132615535,1.013,-0.017872171540421988,0.13267214965820312,0.18887550354003907,0,0,1,0,0.033513146298084995,0.03191398132615535,-0.0129999999999999,0.017872171540421988,-0.03191397457196865,-0.05048130885761282,-0.07486769999999998,0.00920006681957591,1425654789936,0,0,0,0,0,0,0
-0.022573894405858427,-0.01757017460232047,1.019,-0.016475908138826614,0.1602174530029297,0.21805520629882813,0,0,1,0,0.022573894405858427,0.01757017460232047,-0.018999999999999906,0.016475908138826614,-0.04566123726873629,-0.06581369182993482,-0.04587342181818177,0.0101292563133931,1425654790002,0,0,0,0,0,0,0
-0.011595114462977606,-0.003169847226970491,1.019,-0.015201817784870522,0.16110063171386718,0.21868875122070314,0,0,1,0,0.011595114462977606,0.003169847226970491,-0.018999999999999906,0.015201817784870522,-0.053172224902590826,-0.07569797543202356,-0.014067399999999924,0.00922951925070134,1425654790066,0,0,0,0,0,0,0
0.0020757379752080426,0.01232640304975938,1.02,-0.0148527519344719,0.2015056610107422,0.23553410339355468,0,0,1,0,-0.0020757379752080426,-0.01232640304975938,-0.020000000000000018,0.0148527519344719,-0.07358107989819922,-0.08814367004235572,-0.020265015384616,0.013241678778785952,1425654790131,0,0,0,0,0,0,0
0.014711509217364083,0.02651113188450807,1.022,-0.013997540600994467,0.1863555450439453,0.2155625,0,0,1,0,-0.014711509217364083,-0.02651113188450807,-0.02200000000000002,0.013997540600994467,-0.06947583742704841,-0.08273688878186261,-0.02649580000000002,0.01033234917180547,1425654790201,0,0,0,0,0,0,0
0.027400685964801524,0.03765239140091137,1.026,-0.013613568165556051,0.18797982788085937,0.16976669311523437,0,0,1,0,-0.027400685964801524,-0.03765239140091137,-0.026000000000000023,0.013613568165556051,-0.08429100739598033,-0.08030142579642732,-0.04229256516129036,0.011755637026337909,1425654790263,0,0,0,0,0,0,0
0.0389860628980089,0.04850836904336933,1.024,-0.013439035240356185,0.17154779052734376,0.16519027709960937,0,0,1,0,-0.0389860628980089,-0.04850836904336933,-0.02400000000000002,0.013439035240356185,-0.08183372766562134,-0.0822348807585981,-0.007189780000000007,0.012620912153481812,1425654790327,0,0,0,0,0,0,0
0.04823145355554878,0.0576754838957082,1.026,-0.01172861257340176,0.1368204345703125,0.13935798645019531,0,0,1,0,-0.04823145355554878,-0.0576754838957082,-0.026000000000000023,0.01172861257340176,-0.07071825984019828,-0.07467270916866292,-0.030039077647058852,0.004182630219191061,1425654790395,0,0,0,0,0,0,0
0.053863376823222696,0.06409562368012353,1.023,-0.011257373675363407,0.08334357452392578,0.09728627014160156,0,0,1,0,-0.053863376823222696,-0.06409562368012353,-0.02299999999999991,0.011257373675363407,-0.057270048438755244,-0.0664069231635026,-0.0006927833333326312,0.009013378922799823,1425654790458,0,0,0,0,0,0,0
0.05714136405607759,0.06809325408882559,1.025,-0.011257373675363405,0.04849166488647461,0.06051416778564453,0,0,1,0,-0.05714136405607759,-0.06809325408882559,-0.02499999999999991,0.011257373675363405,-0.04504155838604722,-0.05398279186646286,-0.02958201060606054,0.011257373675363396,1425654790524,0,0,0,0,0,0,0
0.05952331089150496,0.07005344539607361,1.019,-0.009965830028887415,0.035395946502685544,0.02980321502685547,0,0,1,0,-0.05952331089150496,-0.07005344539607361,-0.018999999999999906,0.009965830028887415,-0.041913632850199,-0.044527962738990526,0.018624390000000105,0.003911719186031212,1425654790588,0,0,0,0,0,0,0
0.05854425942841563,0.07090511235230831,1.013,-0.010140362954087058,-0.01481235408782959,0.012628016471862792,0,0,1,0,-0.05854425942841563,-0.07090511235230831,-0.0129999999999999,0.010140362954087058,-0.023164073560558322,-0.03886598732373422,0.022911132307692407,0.010945899531931562,1425654790653,0,0,0,0,0,0,0
0.05459435182844942,0.06952800629781429,1.014,-0.01031489587928648,-0.05903610610961914,-0.02125632095336914,0,0,1,0,-0.05459435182844942,-0.06952800629781429,-0.014000000000000012,0.01031489587928648,-0.0052276884291574365,-0.026221542058195334,-0.015590275384615996,0.011120432457129967,1425654790718,0,0,0,0,0,0,0
0.05091072024094896,0.0675282768814944,1.007,-0.010611601852125853,-0.054942134857177735,-0.030564279556274415,0,0,1,0,-0.05091072024094896,-0.0675282768814944,-0.006999999999999895,0.010611601852125853,-0.004852758516840961,-0.021912983397099867,0.0330820976923084,0.01198101403446142,1425654790783,0,0,0,0,0,0,0
0.04432360597348703,0.06411870436300511,0.997,-0.010384709049366293,-0.0982584457397461,-0.05218918609619141,0,0,1,0,-0.04432360597348703,-0.06411870436300511,0.0030000000000000027,0.010384709049366293,0.012986460895692185,-0.013207730726510911,0.05563060597014871,0.009368771126562295,1425654790850,0,0,0,0,0,0,0
0.03595026880734074,0.05897318448451144,0.992,-0.00979129710368799,-0.12479177856445313,-0.0784829330444336,0,0,1,0,-0.03595026880734074,-0.05897318448451144,0.008000000000000007,0.00979129710368799,0.028531510521976552,-0.00034435151327344427,0.03474067000000003,0.007009678608320942,1425654790914,0,0,0,0,0,0,0
0.025211742976590852,0.054212143076765085,0.982,-0.008447393579652306,-0.1603709259033203,-0.07298933410644531,0,0,1,0,-0.025211742976590852,-0.054212143076765085,0.018000000000000016,0.008447393579652306,0.04591552957339978,-0.0005022537269704815,0.0692547738461539,0.0022447619302568443,1425654790979,0,0,0,0,0,0,0
0.01268069142183735,0.04972511438326475,0.979,-0.008203047484373517,-0.18739051818847657,-0.06889083099365234,0,0,1,0,-0.01268069142183735,-0.04972511438326475,0.02100000000000002,0.008203047484373517,0.06182487449214101,0.00023348621872121972,0.033976116153846186,0.0070752962753944885,1425654791044,0,0,0,0,0,0,0
-0.00013373690493219108,0.045266590266841066,0.974,-0.007784168463894637,-0.19166136169433592,-0.06845235443115234,0,0,1,0,0.00013373690493219108,-0.045266590266841066,0.026000000000000023,0.007784168463894637,0.0667139029972713,0.0012193291546762075,0.0475752441176471,0.0059361727853113454,1425654791111,0,0,0,0,0,0,0
-0.012709115754601819,0.040969858935860214,0.968,-0.00825540736193321,-0.18812327575683593,-0.0659173355102539,0,0,1,0,0.012709115754601819,-0.040969858935860214,0.03200000000000003,0.00825540736193321,0.07804289757938586,0.004649748998838545,0.06053075774193553,0.010535595578248885,1425654791174,0,0,0,0,0,0,0
-0.025534631433089924,0.03689702214492061,0.968,-0.009180431865490236,-0.19187184143066408,-0.06267864990234374,0,0,1,0,0.025534631433089924,-0.03689702214492061,0.03200000000000003,0.009180431865490236,0.08149656467709214,0.004004450896772774,0.026680910000000026,0.013385088699840354,1425654791240,0,0,0,0,0,0,0
-0.03978076644492005,0.03269313582712177,0.97,-0.010262536001726786,-0.2131041259765625,-0.06501739501953124,0,0,1,0,0.03978076644492005,-0.03269313582712177,0.030000000000000027,0.010262536001726786,0.09734134914219207,0.007123077537728912,0.014331179230769247,0.015256862784357018,1425654791305,0,0,0,0,0,0,0
-0.05229522644542181,0.029335294470575056,0.971,-0.010890854532444661,-0.18719012451171874,-0.052291385650634764,0,0,1,0,0.05229522644542181,-0.029335294470575056,0.029000000000000026,0.010890854532444661,0.09430816713247976,0.004227303560161886,0.018934644615384633,0.013790786212681008,1425654791370,0,0,0,0,0,0,0
-0.06364232611844345,0.025808620529258926,0.97,-0.012304571226559936,-0.1696202850341797,-0.05475062942504883,0,0,1,0,0.06364232611844345,-0.025808620529258926,0.030000000000000027,0.012304571226559936,0.09373729810222844,0.006882963460849701,0.030523375384615414,0.018829417507091974,1425654791435,0,0,0,0,0,0,0
-0.07331776126802764,0.021891507295832217,0.968,-0.012810716709638304,-0.1443975830078125,-0.060537986755371094,0,0,1,0,0.07331776126802764,-0.021891507295832217,0.03200000000000003,0.012810716709638304,0.08806768905254264,0.010299601823150017,0.03720796119402989,0.015077039768198163,1425654791502,0,0,0,0,0,0,0
-0.08317133681628018,0.01829619995674793,0.972,-0.013334315485236793,-0.14710064697265626,-0.055818603515625,0,0,1,0,0.08317133681628018,-0.01829619995674793,0.028000000000000025,0.013334315485236793,0.09639112981614839,0.011284851118928862,0.0017031200000000024,0.01578868474585471,1425654791566,0,0,0,0,0,0,0
-0.09030113530380024,0.01564330838068869,0.972,-0.013700834628155535,-0.10640686798095703,-0.041215858459472655,0,0,1,0,0.09030113530380024,-0.01564330838068869,0.028000000000000025,0.013700834628155535,0.08451920614345781,0.007224092540058972,0.02359632000000002,0.015392461441626652,1425654791631,0,0,0,0,0,0,0
-0.09649585006313993,0.013327801711768198,0.973,-0.014486232791553156,-0.09243614959716796,-0.036002391815185546,0,0,1,0,0.09649585006313993,-0.013327801711768198,0.027000000000000024,0.014486232791553156,0.08264421959700519,0.006556494841890236,0.017429254615384637,0.01811114739184987,1425654791696,0,0,0,0,0,0,0
-0.1005968596215422,0.010942490883179775,0.974,-0.014922565104551712,-0.060990394592285155,-0.03666699981689453,0,0,1,0,0.1005968596215422,-0.010942490883179775,0.026000000000000023,0.014922565104551712,0.07348631509914344,0.008117906189168474,0.016646154615384635,0.016936406549160427,0,0,0,0,0,0,0,0
-0.10210082021497416,0.008416246527333355,0.969,-0.014678219009272254,-0.02199144744873047,-0.03822607803344726,0,0,1,0,0.10210082021497416,-0.008416246527333355,0.031000000000000028,0.014678219009272254,0.060080854347480075,0.00972820697103606,0.05217094298507467,0.01358413201548364,0,0,0,0,0,0,0,0
-0.10204518339513097,0.0057081684783899704,0.964,-0.014259339988793595,0.001430687427520752,-0.040604545593261716,0,0,1,0,0.10204518339513097,-0.0057081684783899704,0.03600000000000003,0.014259339988793595,0.05196327186798235,0.012463695537251972,0.056998016923076975,0.012326052201969015,0,0,0,0,0,0,0,0
-0.09979204170072187,0.004531045485589535,0.961,-0.012618730491918983,0.03404545593261719,-0.01717314147949219,0,0,1,0,0.09979204170072187,-0.004531045485589535,0.039000000000000035,0.012618730491918983,0.038681699025299644,0.0050070159321411525,0.049166176666666714,0.004806304316325592,1425654791956,0,0,0,0,0,0,0
-0.09638424231748911,0.0027467086932581406,0.959,-0.009861110273767803,0.05145065307617187,-0.02611790657043457,0,0,1,0,0.09638424231748911,-0.0027467086932581406,0.041000000000000036,0.009861110273767803,0.03148720339550987,0.00882019139888993,0.04473263060606064,-0.0026735270814648333,1425654791956,0,0,0,0,0,0,0
-0.09025781561871114,0.0022415547483756976,0.961,-0.007260569688296147,0.09196665191650391,-0.006670754909515381,0,0,1,0,0.09025781561871114,-0.0022415547483756976,0.039000000000000035,0.007260569688296147,0.013565869567246022,0.0023289789834125894,0.021782689230769255,-0.004741925321573031,1425654791956,0,0,0,0,0,0,0
-0.08473106708148018,0.002357659122196018,0.962,-0.004555309347705105,0.08288639831542968,0.0023434245586395263,0,0,1,0,0.08473106708148018,-0.002357659122196018,0.038000000000000034,0.004555309347705105,0.01497664212031197,-0.0010572279239511356,0.026553499402985098,-0.007557796654941353,1425654791956,0,0,0,0,0,0,0
-0.07833494558693276,0.003696647333054841,0.962,-0.0003141592653588369,0.09584933471679688,0.020521657943725586,0,0,1,0,0.07833494558693276,-0.003696647333054841,0.038000000000000034,0.0003141592653588369,0.005164998533938259,-0.008561358925231962,0.03180132000000003,-0.01988179350771863,1425654791956,0,0,0,0,0,0,0
-0.07175992772280863,0.0053293914320547255,0.966,0.0033859387488690447,0.09861756896972657,0.02452214431762695,0,0,1,0,0.07175992772280863,-0.0053293914320547255,0.03400000000000003,-0.0033859387488690447,0.0020541995126535234,-0.010734070680117372,0.007084958461538473,-0.020463314199151574,1425654792282,0,0,0,0,0,0,0
-0.06462804798440835,0.00683926681244167,0.972,0.0045029494701456126,0.10705426788330077,0.02228577995300293,0,0,1,0,0.06462804798440835,-0.00683926681244167,0.028000000000000025,-0.0045029494701456126,-0.0038857178698976855,-0.010708738187783664,-0.00797628181818182,-0.00958027093049365,1425654792348,0,0,0,0,0,0,0
-0.057794943581028435,0.009128095586939357,0.973,0.006195918844579697,0.10265012359619141,0.03387054824829101,0,0,1,0,0.057794943581028435,-0.009128095586939357,0.027000000000000024,-0.006195918844579697,-0.006237768083078105,-0.016176633573083278,0.017674834615384633,-0.014009623649660085,1425654792413,0,0,0,0,0,0,0
-0.051216002620833916,0.012379397002546646,0.978,0.007120943348136723,0.09898439025878907,0.04815715026855469,0,0,1,0,0.051216002620833916,-0.012379397002546646,0.02200000000000002,-0.007120943348136723,-0.0075881201800817935,-0.022727741982248743,-0.007441181515151517,-0.01132560018248684,1425654792479,0,0,0,0,0,0,0
-0.04482497486574705,0.015593325753915558,0.983,0.007941248096574139,0.09620627593994141,0.047525062561035156,0,0,1,0,0.04482497486574705,-0.015593325753915558,0.017000000000000015,-0.007941248096574139,-0.01081755583558365,-0.02467910901421368,-0.012258900000000005,-0.011786426604874528,1425654792543,0,0,0,0,0,0,0
-0.03937171111795959,0.018871516540881407,0.987,0.009267698328090147,0.08218686676025391,0.04852173233032227,0,0,1,0,0.03937171111795959,-0.018871516540881407,0.013000000000000012,-0.009267698328090147,-0.007931390934321075,-0.026406094579600158,-0.009645161538461542,-0.015389776319702488,1425654792608,0,0,0,0,0,0,0
-0.033520883910419116,0.022419150739977228,0.987,0.009075712110370383,0.08825180816650391,0.05239888381958008,0,0,1,0,0.033520883910419116,-0.022419150739977228,0.013000000000000012,-0.009075712110370383,-0.012975742285296556,-0.029645333269367358,0.011901750000000013,-0.008189621874740703,1425654792673,0,0,0,0,0,0,0
-0.026870599668288545,0.025683263096656042,0.987,0.009738937226128497,0.10019451141357422,0.048054340362548825,0,0,1,0,0.026870599668288545,-0.025683263096656042,0.013000000000000012,-0.009738937226128497,-0.020045354475915406,-0.029501381453874938,0.011910330000000012,-0.012753596843210837,1425654792739,0,0,0,0,0,0,0
-0.02036664572559673,0.030313001127739013,0.991,0.009128071987930076,0.0982310028076172,0.06849266815185547,0,0,1,0,0.02036664572559673,-0.030313001127739013,0.009000000000000008,-0.009128071987930076,-0.022507895448907175,-0.039078211384122166,-0.012495851212121219,-0.006351411814300888,1425654792805,0,0,0,0,0,0,0
-0.014887756185060098,0.0348600526586481,0.992,0.008360127117052796,0.08280249786376953,0.06745276641845703,0,0,1,0,0.014887756185060098,-0.0348600526586481,0.008000000000000007,-0.008360127117052796,-0.020709824382418678,-0.041689094569012444,0.002452640000000004,-0.004760385534815548,1425654792869,0,0,0,0,0,0,0
-0.009093752895533994,0.03967008863856257,0.994,0.007941248096574139,0.08751019287109375,0.07142144775390626,0,0,1,0,0.009093752895533994,-0.03967008863856257,0.006000000000000005,-0.007941248096574139,-0.024836717164284317,-0.04515340379492671,-0.00444394076923077,-0.006007960309749566,1425654792934,0,0,0,0,0,0,0
-0.0032859989127993227,0.04404696984266479,0.996,0.007714355293815023,0.08763492584228516,0.06495934295654297,0,0,1,0,0.0032859989127993227,-0.04404696984266479,0.0040000000000000036,-0.007714355293815023,-0.027812500450558317,-0.04503810305761727,-0.006041340769230771,-0.006667157742619102,1425654792999,0,0,0,0,0,0,0
0.0017360550170719244,0.04830282001660875,0.995,0.006527531402458864,0.07582102966308593,0.06325473022460938,0,0,1,0,-0.0017360550170719244,-0.04830282001660875,0.0050000000000000044,-0.006527531402458864,-0.025684255939870466,-0.0461989885751391,0.010834220303030313,-0.0011328773508399587,1425654793065,0,0,0,0,0,0,0
0.006895489376137131,0.05153126246310656,0.992,0.004834562028024336,0.07770597076416015,0.047920433044433594,0,0,1,0,-0.006895489376137131,-0.05153126246310656,0.008000000000000007,-0.004834562028024336,-0.0289970567214502,-0.04239884611939921,0.02384556090909093,0.002860753310314425,1425654793131,0,0,0,0,0,0,0
0.008333181626655414,0.05375170793067262,0.995,0.002548180707911729,0.02172615432739258,0.03320203399658203,0,0,1,0,-0.008333181626655414,-0.05375170793067262,0.0050000000000000044,-0.002548180707911729,-0.010102102472631203,-0.0383797241633257,-0.010614126153846158,0.008004348461838763,1425654793196,0,0,0,0,0,0,0
0.01086787627395923,0.056129634719136734,0.991,0.0009075712110373389,0.038111186981201174,0.03557190322875976,0,0,1,0,-0.01086787627395923,-0.056129634719136734,0.009000000000000008,-0.0009075712110373389,-0.017283449898552527,-0.04045314816342244,0.030284031538461563,0.006664472620690615,1425654793261,0,0,0,0,0,0,0
0.012647107584759924,0.05742483218476848,0.988,-0.0013788101090754905,0.026706090927124025,0.019403732299804688,0,0,1,0,-0.012647107584759924,-0.05742483218476848,0.01200000000000001,0.0013788101090754905,-0.014113406669635379,-0.03530799206806103,0.027307216153846178,0.01193133927882701,1425654793326,0,0,0,0,0,0,0
0.01367810313046009,0.0582937646542134,0.99,-0.002129301687433094,0.015446947097778321,0.0130552978515625,0,0,1,0,-0.01367810313046009,-0.0582937646542134,0.010000000000000009,0.002129301687433094,-0.010608833397440494,-0.033485076193418103,-0.0012093607692307672,0.005593108972160496,1425654793391,0,0,0,0,0,0,0
0.013350477607405832,0.05769134225942543,0.988,-0.0036477381366681995,-0.004895130634307862,-0.00904677963256836,0,0,1,0,-0.013350477607405832,-0.05769134225942543,0.01200000000000001,0.0036477381366681995,-0.003264723878120216,-0.025533269818500966,0.02116827000000002,0.010155322919104365,1425654793461,0,0,0,0,0,0,0
0.013299249558701329,0.056550415120146885,0.985,-0.00558505360638174,-0.0007059887051582336,-0.017116596221923828,0,0,1,0,-0.013299249558701329,-0.056550415120146885,0.015000000000000013,0.00558505360638174,-0.004591418584277014,-0.021463110717869206,0.03079053475409839,0.015112834604972925,1425654793522,0,0,0,0,0,0,0
0.01430476059785495,0.05206607082779723,0.975,-0.009564404300928874,0.015458107948303223,-0.06717987823486328,0,0,1,0,-0.01430476059785495,-0.05206607082779723,0.025000000000000022,0.009564404300928874,-0.010896149073000858,-0.0012768062663926112,0.07628092000000006,0.028217610681618564,1425654793586,0,0,0,0,0,0,0
0.013989302737211058,0.044878686575829975,0.953,-0.013613568165556046,-0.0037005214691162107,-0.10785108947753906,0,0,1,0,-0.013989302737211058,-0.044878686575829975,0.04700000000000004,0.013613568165556046,-0.003550005444465788,0.016465256682814795,0.15768550846153861,0.03230201677152761,1425654793651,0,0,0,0,0,0,0
0.012836877223918408,0.036957237286084604,0.93,-0.016859880574265254,-0.015667243003845213,-0.11904605102539062,0,0,1,0,-0.012836877223918408,-0.036957237286084604,0.06999999999999995,0.016859880574265254,0.0014304631425679712,0.023707975360231004,0.17963986696969644,0.03161584606839802,1425654793717,0,0,0,0,0,0,0
0.010037715250234258,0.02775427418552508,0.892,-0.019216075064457452,-0.03965415954589844,-0.13873269653320314,0,0,1,0,-0.010037715250234258,-0.02775427418552508,0.10799999999999998,0.019216075064457452,0.011556112587905877,0.03508704566204762,0.28965660151515166,0.029926050019876534,0,0,0,0,0,0,0,0
0.007054634234757558,0.01806272196263336,0.861,-0.021083577364091624,-0.041944622039794925,-0.14620623779296876,0,0,1,0,-0.007054634234757558,-0.01806272196263336,0.139,0.021083577364091624,0.014512821663585026,0.04411834565043962,0.28256166000000016,0.029837494393626804,0,0,0,0,0,0,0,0
0.0034151235133934297,0.007643986829352439,0.83,-0.023195425759004587,-0.05128580856323242,-0.157397216796875,0,0,1,0,-0.0034151235133934297,-0.007643986829352439,0.17000000000000004,0.023195425759004587,0.019613998313325103,0.05242294989359916,0.3048639869230771,0.032942418350910566,0,0,0,0,0,0,0,0
-0.0002004608828437593,-0.0019427175038076953,0.781,-0.02426007660272124,-0.05088396072387695,-0.14501974487304686,0,0,1,0,0.0002004608828437593,0.0019427175038076953,0.21899999999999997,0.02426007660272124,0.02129308675264172,0.05273739897975248,0.44112941384615345,0.029173849727567328,0,0,0,0,0,0,0,0
-0.003191780669787067,-0.012807247858959063,0.731,-0.02513274122871835,-0.04090336608886719,-0.16400843811035157,0,0,1,0,0.003191780669787067,0.012807247858959063,0.269,0.02513274122871835,0.019429396484273987,0.06505859052531235,0.4866888792307695,0.029160424117935783,0,0,0,0,0,0,0,0
-0.005261403933322603,-0.023882576068185356,0.68,-0.023893557459802494,-0.026859683990478514,-0.16685760498046875,0,0,1,0,0.005261403933322603,0.023882576068185356,0.31999999999999995,0.023893557459802494,0.015172091521111729,0.06996713079667156,0.5248904204477607,0.018344973419880752,0,0,0,0,0,0,0,0
-0.005440926232164904,-0.03459694998861865,0.63,-0.021397736629450673,0.0011476364135742188,-0.16073406982421876,0,0,1,0,0.005440926232164904,0.03459694998861865,0.37,0.021397736629450673,0.005435632625601307,0.07608450004450121,0.5721468100000002,0.009698576487176511,0,0,0,0,0,0,0,0
-0.004779005022950876,-0.044717101539165124,0.579,-0.0179768912955416,0.013174522399902343,-0.15155508422851563,0,0,1,0,0.004779005022950876,0.044717101539165124,0.42100000000000004,0.0179768912955416,0.0005618246759283006,0.07707253329211715,0.6143983446153849,0.0021883743698074207,0,0,0,0,0,0,0,0
-0.0005041469221419097,-0.05248404228895978,0.527,-0.014346606451393532,0.06620677947998047,-0.11533261871337891,0,0,1,0,0.0005041469221419097,0.05248404228895978,0.473,0.014346606451393532,-0.02102955224910338,0.06831898321353096,0.6616904099999996,-0.002408554367751399,0,0,0,0,0,0,0,0
0.005123397548185164,-0.05907602892122291,0.481,-0.010402162341886415,0.0858230209350586,-0.09765862274169922,0,0,1,0,-0.005123397548185164,0.05907602892122291,0.519,0.010402162341886415,-0.03113035052853997,0.06532669993098388,0.6665200676923079,-0.0078029643173772,0,0,0,0,0,0,0,0
0.011347505520037247,-0.06684586708332753,0.435,-0.007016223593017359,0.0945688934326172,-0.11557012176513672,0,0,1,0,-0.011347505520037247,0.06684586708332753,0.565,0.007016223593017359,-0.03379013922463961,0.07101775258216339,0.6765881552054791,-0.00689859318315684,0,0,0,0,0,0,0,0
0.014335534584197313,-0.07489238364895087,0.387,-0.004136430327226451,0.04566616821289062,-0.12038031005859375,0,0,1,0,-0.014335534584197313,0.07489238364895087,0.613,0.004136430327226451,-0.023482064673035537,0.08638836520728188,0.7844509224137932,-0.010759052082036868,0,0,0,0,0,0,0,0
0.019266132742120357,-0.0828137202536888,0.341,-0.0026703537555510387,0.0744498291015625,-0.11851310729980469,0,0,1,0,-0.019266132742120357,0.0828137202536888,0.659,0.0026703537555510387,-0.03368591823985457,0.08322806981192554,0.7723357874626868,-0.003894168207174686,0,0,0,0,0,0,0,0
0.024554363273178365,-0.0898418961806607,0.294,-0.005742133239061044,0.07960469055175781,-0.10521044158935547,0,0,1,0,-0.024554363273178365,0.0898418961806607,0.706,0.005742133239061044,-0.03996770521127178,0.08446406339460132,0.8311931711111107,0.02036965458910869,0,0,0,0,0,0,0,0
0.029689871887571242,-0.09563285925078167,0.255,-0.008133234314293261,0.07753014373779298,-0.08642068481445313,0,0,1,0,-0.029689871887571242,0.09563285925078167,0.745,0.008133234314293261,-0.040828438122202035,0.0795583933107772,0.8117663100000002,0.019169085430749647,0,0,0,0,0,0,0,0
0.0376294813334536,-0.10067537763019276,0.226,-0.009075712110370629,0.11970537567138671,-0.07466666412353516,0,0,1,0,-0.0376294813334536,0.10067537763019276,0.774,0.009075712110370629,-0.05864628763697317,0.07730651008667871,0.776977427313433,0.013295761943552873,0,0,0,0,0,0,0,0
0.048823796368177894,-0.10546178837150462,0.177,-0.00865683308989175,0.16855940246582032,-0.07026927947998046,0,0,1,0,-0.048823796368177894,0.10546178837150462,0.823,0.00865683308989175,-0.08401803099793817,0.07960138082114498,0.9331803599999995,0.006693337681397002,0,0,0,0,0,0,0,0
0.0580503972575281,-0.10837558292032409,0.132,-0.0061784655520600446,0.13877218627929688,-0.04250719833374023,0,0,1,0,-0.0580503972575281,0.10837558292032409,0.868,0.0061784655520600446,-0.0771318509511833,0.07064270143808545,0.9440835023076924,-0.005260153853317054,0,0,0,0,0,0,0,0
0.06582715055988263,-0.10855032960380966,0.101,-0.007801621756414759,0.11666526794433593,-0.0019004287719726562,0,0,1,0,-0.06582715055988263,0.10855032960380966,0.899,0.007801621756414759,-0.07325614362794006,0.05605191321919581,0.8940832369230771,0.015293111930359593,0,0,0,0,0,0,0,0
0.0726000260014804,-0.10292259865472186,0,-0.009756390518648418,0.10093146514892579,0.08520597839355469,0,0,1,0,-0.0726000260014804,0.10292259865472186,1,0.009756390518648418,-0.07073243559712594,0.022521005219143107,1.3442262206060605,0.018641703074255958,0,0,0,0,0,0,0,0
