0.18104255267281086,-0.16679633735149152,0.703,0.0026354471705115623,0.024236478805541993,-0.13716436767578125,0,0,1,0,-0.18104255267281086,0.16679633735149152,0.29700000000000004,-0.0026354471705115623,-0.09052127633640543,0.050038901205447454,0.23760000000000003,-0.0026354471705115623,0,0,0,0,0,0,0,0
0.18239323438478441,-0.17377957004336025,0.705,-0.00026179938779913314,0.01998409652709961,-0.10480152130126953,0,0,1,0,-0.18239323438478441,0.17377957004336025,0.29500000000000004,0.00026179938779913314,-0.09858807432075377,0.08984884992052175,0.22523076923076926,0.013633706580002342,0,0,0,0,0,0,0,0
0.18551746912911904,-0.18291711618450654,0.706,-0.0021467549799528696,0.046899402618408206,-0.13705091857910157,0,0,1,0,-0.18551746912911904,0.18291711618450654,0.29400000000000004,0.0021467549799528696,-0.1098206789913377,0.10430915923064929,0.22981538461538467,0.010846550020662421,0,0,0,0,0,0,0,0
0.18888738263807836,-0.19091834940233446,0.71,-0.003193952531149513,0.05080623626708984,-0.11990970611572266,0,0,1,0,-0.18888738263807836,0.19091834940233446,0.29000000000000004,0.003193952531149513,-0.1126782524054668,0.10006414599310809,0.2107878787878788,0.007953941400225165,0,0,0,0,0,0,0,0
0.1909073264164206,-0.20135020922645927,0.712,-0.0037000980142278816,0.030798784255981447,-0.1563803253173828,0,0,1,0,-0.1909073264164206,0.20135020922645927,0.28800000000000003,0.0037000980142278816,-0.10698621906475114,0.11794101927167894,0.21946250000000003,0.006072654966157734,0,0,0,0,0,0,0,0
0.19563249560630147,-0.21051666401129326,0.717,-0.0037175513067478905,0.07138580322265625,-0.13723362731933594,0,0,1,0,-0.19563249560630147,0.21051666401129326,0.28300000000000003,0.0037175513067478905,-0.12387261595876961,0.11313639158235232,0.1994769230769231,0.0037981049645325468,0,0,0,0,0,0,0,0
0.19823876685739414,-0.22115577622538607,0.723,-0.00556760031386172,0.03968706893920899,-0.15944024658203124,0,0,1,0,-0.19823876685739414,0.22115577622538607,0.277,0.00556760031386172,-0.11389515634314451,0.12440157035098182,0.1892923076923077,0.014106288039002473,0,0,0,0,0,0,0,0
0.199451095210625,-0.22891086086833226,0.729,-0.005846852994180973,0.018832298278808595,-0.11622322082519532,0,0,1,0,-0.199451095210625,0.22891086086833226,0.271,0.005846852994180973,-0.1071251173585449,0.11134750857417909,0.18449230769230768,0.0071357115187313715,0,0,0,0,0,0,0,0
0.20029560347519842,-0.23623743868015448,0.736,-0.006143558967019902,0.013309965133666992,-0.10982272338867187,0,0,1,0,-0.20029560347519842,0.23623743868015448,0.264,0.006143558967019902,-0.10563009760530516,0.11079631470345477,0.1740787878787879,0.007492222479924124,0,0,0,0,0,0,0,0
0.19872121257992087,-0.24097505630495014,0.747,-0.007888888219014234,-0.0231788330078125,-0.0712080078125,0,0,1,0,-0.19872121257992087,0.24097505630495014,0.253,0.007888888219014234,-0.09201612859154108,0.09903141837278871,0.14316923076923074,0.01594425399744961,0,0,0,0,0,0,0,0
0.19711990786213032,-0.24439685707913364,0.76,-0.009250245035569704,-0.023613914489746094,-0.05151490020751953,0,0,1,0,-0.19711990786213032,0.24439685707913364,0.24,0.009250245035569704,-0.09119868358999393,0.09313164890500279,0.12199999999999994,0.015533430342748795,0,0,0,0,0,0,0,0
0.19391940612670977,-0.24623109181657588,0.771,-0.011379546723003009,-0.047750968933105466,-0.027956418991088867,0,0,1,0,-0.19391940612670977,0.24623109181657588,0.22899999999999998,0.011379546723003009,-0.08187953724030445,0.08486518946668964,0.12658235294117642,0.020773524755797,0,0,0,0,0,0,0,0
0.18486051386920055,-0.24480058073861058,0.784,-0.01293288975727791,-0.13611875915527344,0.01991001892089844,0,0,1,0,-0.18486051386920055,0.24480058073861058,0.21599999999999997,0.01293288975727791,-0.04279896742187231,0.06707143265087447,0.09941290322580637,0.02044906572957582,0,0,0,0,0,0,0,0
0.17370148014535255,-0.24257550049774274,0.791,-0.01528908424747022,-0.1678031463623047,0.03120869445800781,0,0,1,0,-0.17370148014535255,0.24257550049774274,0.20899999999999996,0.01528908424747022,-0.029296307452035236,0.0628398062276538,0.13007878787878785,0.025999059202889807,0,0,0,0,0,0,0,0
0.15942626949792554,-0.23917744411021344,0.8,-0.016249015336067152,-0.2148824005126953,0.04769119262695312,0,0,1,0,-0.15942626949792554,0.23917744411021344,0.19999999999999996,0.016249015336067152,-0.004572504322837553,0.05547829589198196,0.11153846153846148,0.02067946651420684,0,0,0,0,0,0,0,0
0.14367847186142696,-0.2338642220428859,0.807,-0.018186330805780804,-0.23748074340820313,0.07584968566894532,0,0,1,0,-0.14367847186142696,0.2338642220428859,0.19299999999999995,0.018186330805780804,0.011137318045241054,0.043723910432582586,0.11670769230769226,0.027127786819843812,0,0,0,0,0,0,0,0
0.12901528964618084,-0.2267915753934343,0.814,-0.020402898955813598,-0.22184063720703126,0.10207233428955079,0,0,1,0,-0.12901528964618084,0.2267915753934343,0.18600000000000005,0.020402898955813598,0.011347225260702767,0.032854996658449064,0.11167878787878849,0.030478208728689934,0,0,0,0,0,0,0,0
0.11432097129885337,-0.21935411583654973,0.82,-0.022270401255447547,-0.22264492797851562,0.10704188537597656,0,0,1,0,-0.11432097129885337,0.21935411583654973,0.18000000000000005,0.022270401255447547,0.021221472848377144,0.027596997978474112,0.11118750000000002,0.031024318284981686,0,0,0,0,0,0,0,0
0.09909365104644528,-0.21177333276642088,0.825,-0.022549653935766578,-0.23088536071777344,0.10859719085693359,0,0,1,0,-0.09909365104644528,0.21177333276642088,0.17500000000000004,0.022549653935766578,0.03040443153703587,0.025314421528598453,0.1130769230769231,0.02383851246031595,0,0,0,0,0,0,0,0
0.08365048378457943,-0.2030566839819539,0.833,-0.02261946710584639,-0.23453672790527344,0.12549336242675782,0,0,1,0,-0.08365048378457943,0.2030566839819539,0.16700000000000004,0.02261946710584639,0.037973126915529135,0.01742839280663345,0.09117575757575758,0.02293679969711827,0,0,0,0,0,0,0,0
0.07221138534865025,-0.19447866182078963,0.838,-0.02261946710584639,-0.17445278930664063,0.12475655364990235,0,0,1,0,-0.07221138534865025,0.19447866182078963,0.16200000000000003,0.02261946710584639,0.023345300192810982,0.015016699834791536,0.10267692307692308,0.02261946710584639,0,0,0,0,0,0,0,0
0.06035131447195219,-0.18525005272359021,0.842,-0.02387610416728225,-0.1809864807128906,0.1343700408935547,0,0,1,0,-0.06035131447195219,0.18525005272359021,0.15800000000000003,0.02387610416728225,0.03150288195781649,0.008865369215097417,0.10486153846153848,0.029675967527755438,0,0,0,0,0,0,0,0
0.050641643486570014,-0.1760547249136708,0.848,-0.024609142453119955,-0.14889646911621093,0.1344134979248047,0,0,1,0,-0.050641643486570014,0.1760547249136708,0.15200000000000002,0.024609142453119955,0.023953053328444957,0.007152375491646157,0.08978181818181818,0.027941134661473164,0,0,0,0,0,0,0,0
0.04408645445550145,-0.16727748063723083,0.853,-0.02394591733736217,-0.10153774261474609,0.12919927978515625,0,0,1,0,-0.04408645445550145,0.16727748063723083,0.14700000000000002,0.02394591733736217,0.011008483886401167,0.006128950027982277,0.09067692307692309,0.020884878341557007,0,0,0,0,0,0,0,0
0.03584087416832419,-0.15942362051866313,0.862,-0.02432988977280081,-0.126468994140625,0.11481269073486328,0,0,1,0,-0.03584087416832419,0.15942362051866313,0.138,0.02432988977280081,0.024904181360268944,0.008186110151572792,0.06118124999999998,0.026129760563919434,0,0,0,0,0,0,0,0
0.02982473010827151,-0.15253341404041146,0.87,-0.02502802147359861,-0.09272977447509766,0.10112714385986328,0,0,1,0,-0.02982473010827151,0.15253341404041146,0.13,0.02502802147359861,0.014703346130778287,0.012631544036476768,0.061575757575757555,0.02820134738631588,0,0,0,0,0,0,0,0
0.026430764187990986,-0.1460939889866907,0.875,-0.024207716725161307,-0.05331078338623047,0.09528709411621093,0,0,1,0,-0.026430764187990986,0.1460939889866907,0.125,0.024207716725161307,0.0027545559455440533,0.012659824149163716,0.07307692307692307,0.020421694809296835,0,0,0,0,0,0,0,0
0.0254700564839278,-0.14028779677181868,0.88,-0.026005405854715332,-0.016514507293701172,0.08671855163574219,0,0,1,0,-0.0254700564839278,0.14028779677181868,0.12,0.026005405854715332,-0.009883805364924558,0.01441886883871231,0.06907692307692306,0.03430243260650314,0,0,0,0,0,0,0,0
0.024656165168847104,-0.13369307960996948,0.887,-0.026179938779914865,-0.014776426315307617,0.09856986236572265,0,0,1,0,-0.024656165168847104,0.13369307960996948,0.11299999999999999,0.026179938779914865,-0.010283436001572773,0.008281450631257695,0.052707692307692275,0.026985475357758863,0,0,0,0,0,0,0,0
0.026120541774116074,-0.1276828472268354,0.893,-0.02504547476611851,0.01959817886352539,0.09069758605957032,0,0,1,0,-0.026120541774116074,0.1276828472268354,0.10699999999999998,0.02504547476611851,-0.023300199150550937,0.009708600498557846,0.05329230769230767,0.019809487010135338,0,0,0,0,0,0,0,0
0.02835777388466249,-0.1215742734979572,0.903,-0.02513274122871822,0.03125331497192383,0.09244026947021484,0,0,1,0,-0.02835777388466249,0.1215742734979572,0.09699999999999998,0.02513274122871822,-0.02841653621612595,0.007925105563204499,0.024569696969696922,0.025529406967807818,0,0,0,0,0,0,0,0
0.03029546059963648,-0.11505590266826368,0.91,-0.025429447201557372,0.02659901237487793,0.09847509765625,0,0,1,0,-0.03029546059963648,0.11505590266826368,0.08999999999999997,0.025429447201557372,-0.027974659641876426,0.003339412391370866,0.03430769230769226,0.026798859383891916,0,0,0,0,0,0,0,0
0.03383811045934329,-0.10992164962635222,0.913,-0.024591689160600057,0.05116436004638672,0.07834006500244141,0,0,1,0,-0.03383811045934329,0.10992164962635222,0.08699999999999997,0.024591689160600057,-0.03841008858439744,0.0093235274852656,0.05344615384615382,0.020783698065339536,0,0,0,0,0,0,0,0
0.03581571758702507,-0.10394739051969698,0.917,-0.02562143341927669,0.027451602935791016,0.09031620788574218,0,0,1,0,-0.03581571758702507,0.10394739051969698,0.08299999999999996,0.02562143341927669,-0.030834034110548136,0.0035641558682493885,0.04518787878787875,0.03037409922855345,0,0,0,0,0,0,0,0
0.03795208938070034,-0.09783500094631545,0.923,-0.025778513051956102,0.029686193466186523,0.09247671508789063,0,0,1,0,-0.03795208938070034,0.09783500094631545,0.07699999999999996,0.025778513051956102,-0.03294311876738024,0.0005628418940046218,0.02929230769230764,0.026503495972014932,1425566514444,0,0,0,0,0,0,0
0.04021494545019876,-0.09119144729339018,0.926,-0.024696408915719666,0.031362934112548826,0.10049509429931641,0,0,1,0,-0.04021494545019876,0.09119144729339018,0.07399999999999995,0.024696408915719666,-0.03478175569418136,-0.00423106403559851,0.0430461538461538,0.019702082133089965,1425566514444,0,0,0,0,0,0,0
0.040333371531057816,-0.08536477864213987,0.932,-0.025761059759436208,-0.0003823979496955872,0.08741724395751953,0,0,1,0,-0.040333371531057816,0.08536477864213987,0.06799999999999995,0.025761059759436208,-0.023320254718047946,-0.0015249659773756766,0.022092307692307633,0.030674832884281782,1425566514444,0,0,0,0,0,0,0
0.04048583072988007,-0.07894762917552231,0.936,-0.026302111827554483,-0.00019328510761260987,0.09628421020507813,0,0,1,0,-0.04048583072988007,0.07894762917552231,0.06399999999999995,0.026302111827554483,-0.023606055358004557,-0.006578306941143593,0.029661538461538406,0.0287992752188696,1425566514444,0,0,0,0,0,0,0
0.040800251153912094,-0.07317839710317589,0.94,-0.02624975194999468,0.0024387927055358888,0.08663258361816406,0,0,1,0,-0.040800251153912094,0.07317839710317589,0.06000000000000005,0.02624975194999468,-0.024661884638246333,-0.004772724635578155,0.026461538461539084,0.026008090976641734,1425566514444,0,0,0,0,0,0,0
0.03995137435338686,-0.06779141107834956,0.941,-0.025254914276357843,-0.014849627494812011,0.0804427490234375,0,0,1,-0.02624975194999468,-0.03995137435338686,0.06779141107834956,0.05900000000000005,-0.0009948376736368357,-0.01997568717669343,0.020337423323504866,0.04720000000000005,-0.0009948376736368357,1425566514444,0,0,0,0,0,0,0
0.038101294624070546,-0.06256941473853125,0.945,-0.025342180738957554,-0.02972035217285156,0.07760418701171876,0,0,1,-0.02624975194999468,-0.038101294624070546,0.06256941473853125,0.05500000000000005,-0.0009075712110371247,-0.009113445380299234,-0.009306947288651446,0.022461538461538484,-0.0005048029221153814,1425566514834,0,0,0,0,0,0,0
0.036181739576886175,-0.05705934921330304,0.951,-0.026790804018112846,-0.030878412246704103,0.08189483642578126,0,0,1,-0.02624975194999468,-0.036181739576886175,0.05705934921330304,0.049000000000000044,0.0005410520681181676,-0.007960056994516,-0.012023910397916077,0.007381818181818198,0.00712570333700586,1425566514900,0,0,0,0,0,0,0
0.035585549273052394,-0.05301022324578459,0.955,-0.0263893782901542,-0.010566640853881835,0.06047553634643555,0,0,1,-0.02624975194999468,-0.035585549273052394,0.05301022324578459,0.04500000000000004,0.0001396263401595224,-0.01460377945359635,-0.006128334828193006,0.014125000000000013,-0.0017420567596466265,1425566514964,0,0,0,0,0,0,0
0.03487221668349411,-0.048410803835551505,0.956,-0.02581341963699602,-0.01251668930053711,0.0686849365234375,0,0,1,-0.02624975194999468,-0.03487221668349411,0.048410803835551505,0.04400000000000004,-0.0004363323129986593,-0.013747720207352666,-0.009723412394676762,0.029896969696969724,-0.0030543261909903945,1425566515030,0,0,0,0,0,0,0
0.03413239595817475,-0.044313849163606894,0.958,-0.02630211182755449,-0.012679783821105958,0.06114741897583008,0,0,1,-0.02624975194999468,-0.03413239595817475,0.044313849163606894,0.04200000000000004,0.00005235987755981136,-0.01319917018122049,-0.00859335944211682,0.022830769230769255,0.0023078622955219836,1425566515095,0,0,0,0,0,0,0
0.03315480006681602,-0.039516652255251014,0.956,-0.02609267231731516,-0.016551294326782227,0.07154741668701171,0,0,1,-0.02624975194999468,-0.03315480006681602,0.039516652255251014,0.04400000000000004,-0.00015707963267951736,-0.011451595038449513,-0.013777367809795276,0.045969230769230804,-0.0011237235260918037,1425566515160,0,0,0,0,0,0,0
0.03155522874424098,-0.03624766249117965,0.955,-0.02609267231731516,-0.025264707565307618,0.04839216995239258,0,0,1,-0.02624975194999468,-0.03155522874424098,0.03624766249117965,0.04500000000000004,-0.00015707963267951736,-0.0074540385092064666,-0.006238632785176387,0.04130303030303034,-0.00015707963267951736,1425566515226,0,0,0,0,0,0,0
0.02831052971598697,-0.03303127957372454,0.956,-0.02696533694331227,-0.04991263580322266,0.04695952224731445,0,0,1,-0.02624975194999468,-0.02831052971598697,0.03303127957372454,0.04400000000000004,0.0007155849933175931,0.0028737881308782635,-0.006902771314141444,0.029896969696969724,0.0046822423842135495,1425566515292,0,0,0,0,0,0,0
0.025539489481663128,-0.029898943635045402,0.959,-0.027541295596470342,-0.042817306518554685,0.04584726333618164,0,0,1,-0.02624975194999468,-0.025539489481663128,0.029898943635045402,0.041000000000000036,0.0012915436464756638,0.0017306252474738083,-0.007377035117618879,0.01689090909090911,0.003909537524466895,1425566515358,0,0,0,0,0,0,0
0.023638975988057517,-0.02807695140418247,0.963,-0.026354471705114294,-0.029249496459960937,0.026534479141235353,0,0,1,-0.02624975194999468,-0.023638975988057517,0.02807695140418247,0.03700000000000003,0.00010471975511961579,-0.0016357241157355755,-0.0012588111484244172,0.00772500000000001,-0.005458517235611859,1425566515422,0,0,0,0,0,0,0
0.021225257150982432,-0.026838535175598182,0.963,-0.02659881780039353,-0.036682720184326174,0.017615718841552733,0,0,1,-0.02624975194999468,-0.021225257150982432,0.026838535175598182,0.03700000000000003,0.00034906585039885113,0.0021608533017486026,0.001682733966403757,0.02960000000000003,0.0014768170593799372,1425566515487,0,0,0,0,0,0,0
0.017529414963968686,-0.02461393030875788,0.964,-0.02806489437206872,-0.05630549621582031,0.03188286781311035,0,0,1,-0.02624975194999468,-0.017529414963968686,0.02461393030875788,0.03600000000000003,0.0018151424220740411,0.010901121390583223,-0.004278894952633863,0.023415384615384637,0.008581649675959532,1425566515552,0,0,0,0,0,0,0
0.014739729484186387,-0.023019810388697028,0.965,-0.026319565120074388,-0.04249979782104492,0.022728153228759766,0,0,1,-0.02624975194999468,-0.014739729484186387,0.023019810388697028,0.03500000000000003,0.00006981317007970916,0.007641934471859158,-0.0014815999721575854,0.02253125000000002,-0.008111417698643722,1425566515616,0,0,0,0,0,0,0
0.010629707391731125,-0.023555670049078152,0.964,-0.025848326222035926,-0.061417449951171876,-0.009657533645629882,0,0,1,-0.02624975194999468,-0.010629707391731125,0.023555670049078152,0.03600000000000003,-0.0004014257279587527,0.016229409146063065,0.010254227998194556,0.034103030303030336,-0.0025434207190426703,1425566515682,0,0,0,0,0,0,0
0.006279077569675239,-0.024501584962462672,0.964,-0.026947883650792374,-0.06487093353271485,-0.015870643615722657,0,0,1,-0.02624975194999468,-0.006279077569675239,0.024501584962462672,0.03600000000000003,0.0006981317007976953,0.020031539226865062,0.012805636480410297,0.028800000000000027,0.005773012141212071,1425566515747,0,0,0,0,0,0,0
0.004461778900941277,-0.02549009456830858,0.965,-0.02659881780039353,-0.026850057601928712,-0.0155567569732666,0,0,1,-0.02624975194999468,-0.004461778900941277,0.02549009456830858,0.03500000000000003,0.00034906585039885113,0.007296274502443773,0.013348113959964015,0.022615384615384634,-0.0012620073052881221,1425566515812,0,0,0,0,0,0,0
0.0012664191434320416,-0.028293103065759256,0.965,-0.026930430358272476,-0.04679522323608398,-0.04330499649047852,0,0,1,-0.02624975194999468,-0.0012664191434320416,0.028293103065759256,0.03500000000000003,0.0006806784082777975,0.01631346014831432,0.023977785673294567,0.028000000000000025,0.002211197906180627,1425566515877,0,0,0,0,0,0,0
-0.003362867480603032,-0.03037072995585819,0.967,-0.027558748888990462,-0.068574951171875,-0.03302290725708008,0,0,1,-0.02624975194999468,0.003362867480603032,0.03037072995585819,0.03300000000000003,0.0013089969389957837,0.026351433990102605,0.02071491375213233,0.015630769230769247,0.004208928619232643,1425566515942,0,0,0,0,0,0,0
-0.006924241887320121,-0.03283180318587822,0.97,-0.027628562059070164,-0.052383098602294925,-0.038374099731445316,0,0,1,-0.02624975194999468,0.006924241887320121,0.03283180318587822,0.030000000000000027,0.001378810109075486,0.0220958396167906,0.023338828912096574,0.0080909090909091,0.0016961427003468596,1425566516008,0,0,0,0,0,0,0
-0.010241925413908504,-0.03565287137720346,0.97,-0.02719222974607161,-0.04857727813720703,-0.04367464065551758,0,0,1,-0.02624975194999468,0.010241925413908504,0.03565287137720346,0.030000000000000027,0.0009424777960769307,0.022739711990899372,0.026347545003175397,0.02400000000000002,-0.0010713636485317857,1425566516073,0,0,0,0,0,0,0
-0.01115025292425852,-0.03819708707872563,0.969,-0.02829178717482795,-0.012582260131835938,-0.03851957321166992,0,0,1,-0.02624975194999468,0.01115025292425852,0.03819708707872563,0.031000000000000028,0.002042035224833271,0.010227667938422409,0.02564489364437055,0.030184615384615414,0.00711691566524715,1425566516138,0,0,0,0,0,0,0
-0.013370465766940055,-0.04126534861447848,0.969,-0.028466320100027483,-0.03198793983459473,-0.04694758605957031,0,0,1,-0.02624975194999468,0.013370465766940055,0.04126534861447848,0.031000000000000028,0.0022165681500328042,0.01841046310583525,0.02941397984293797,0.024800000000000023,0.0030221047278768034,1425566516203,0,0,0,0,0,0,0
-0.014415031564726306,-0.04393424763464164,0.966,-0.02878047936538642,-0.014522686958312988,-0.04046323013305664,0,0,1,-0.02624975194999468,0.014415031564726306,0.04393424763464164,0.03400000000000003,0.002530727415391742,0.012611708610424686,0.028092793264466454,0.04335384615384619,0.003980693255509915,1425566516268,0,0,0,0,0,0,0
-0.016456960972149638,-0.04537716846151507,0.965,-0.028344147052387754,-0.02999342346191406,-0.02251624298095703,0,0,1,-0.02624975194999468,0.016456960972149638,0.04537716846151507,0.03500000000000003,0.0020943951023930756,0.018847363367589725,0.02183647658954096,0.033303030303030334,0.00011106640694459255,1425566516334,0,0,0,0,0,0,0
-0.017255023654305077,-0.04618673324274949,0.966,-0.027541295596470346,-0.011621981620788575,-0.01247785472869873,0,0,1,-0.02624975194999468,0.017255023654305077,0.04618673324274949,0.03400000000000003,0.0012915436464756673,0.012726457546049692,0.018816709506613356,0.02181538461538464,-0.002413924611604678,1425566516399,0,0,0,0,0,0,0
-0.0177148865045303,-0.04629382911738726,0.967,-0.027576202181510363,-0.006851089000701904,-0.0017957831621170043,0,0,1,-0.02624975194999468,0.0177148865045303,0.04629382911738726,0.03300000000000003,0.001326450231515685,0.011146827629304464,0.015096404376256757,0.021015384615384637,0.0014875575470849971,1425566516464,0,0,0,0,0,0,0
-0.0184190730745245,-0.04482433028607294,0.967,-0.02741912254883084,-0.011166553497314453,0.021742856979370118,0,0,1,-0.02624975194999468,0.0184190730745245,0.04482433028607294,0.03300000000000003,0.0011693705988361607,0.012826482572094504,0.006195334432575587,0.026400000000000024,0.0004443876787768177,1425566516529,0,0,0,0,0,0,0
-0.01742473008486512,-0.04367340711292199,0.969,-0.025918139392115742,0.014436238288879395,0.01766626739501953,0,0,1,-0.02624975194999468,0.01742473008486512,0.04367340711292199,0.031000000000000028,-0.000331612557878936,0.0031947087536853304,0.007593852585364168,0.014030769230769246,-0.007259227127333228,1425566516594,0,0,0,0,0,0,0
-0.0162136412787082,-0.0421259476446773,0.974,-0.026982790235832284,0.01755868911743164,0.023674880981445313,0,0,1,-0.02624975194999468,0.0162136412787082,0.0421259476446773,0.026000000000000023,0.0007330382858376054,0.0014326103593743306,0.005021801175739677,-0.006123076923076922,0.005646811410683181,1425566516659,0,0,0,0,0,0,0
-0.01441311275327493,-0.04028215795623217,0.976,-0.027488935718910656,0.026251928329467773,0.028375438690185547,0,0,1,-0.02624975194999468,0.01441311275327493,0.04028215795623217,0.02400000000000002,0.0012391837689159774,-0.0026321915607714673,0.002899223409259905,0.008430769230769242,0.0035752398446623093,1425566516724,0,0,0,0,0,0,0
-0.012574232793389626,-0.03839495781696568,0.977,-0.027890361446869304,0.02679471969604492,0.029055444717407227,0,0,1,-0.02624975194999468,0.012574232793389626,0.03839495781696568,0.02300000000000002,0.001640609496874626,-0.0037499660133709185,0.0021242715087152406,0.013015384615384628,0.0034933436259145427,1425566516789,0,0,0,0,0,0,0
-0.01040815563761963,-0.03568748840636181,0.98,-0.027768188399229798,0.031345983505249024,0.0415023193359375,0,0,1,-0.02624975194999468,0.01040815563761963,0.03568748840636181,0.020000000000000018,0.0015184364492351193,-0.006411246681825734,-0.002860360997335047,0.00009090909090909288,0.0009631044145100891,1425566516855,0,0,0,0,0,0,0
-0.008242117952866678,-0.03326303741804272,0.982,-0.028256880589788157,0.03146833038330078,0.037254833221435545,0,0,1,-0.02624975194999468,0.008242117952866678,0.03326303741804272,0.018000000000000016,0.002007128639793479,-0.007488616410353839,-0.002064887419442815,0.0037939393939394,0.004228456778695114,1425566516921,0,0,0,0,0,0,0
-0.0060587421723182315,-0.031710866700745355,0.984,-0.028309240467347962,0.032079757690429686,0.02419857406616211,0,0,1,-0.02624975194999468,0.0060587421723182315,0.031710866700745355,0.016000000000000014,0.0020594885173532834,-0.009030199525761597,0.0018582597691043715,0.001862500000000003,0.0023049254434148667,1425566516985,0,0,0,0,0,0,0
-0.00399515639367744,-0.02989420630880503,0.987,-0.029146998508305166,0.030170063018798828,0.028115148544311522,0,0,1,-0.02624975194999468,0.00399515639367744,0.02989420630880503,0.013000000000000012,0.0028972465583104873,-0.009230674994694505,0.00003910900077967738,-0.0057538461538461545,0.00676382213195912,1425566517050,0,0,0,0,0,0,0
-0.0013583699496063353,-0.027402721189237096,0.99,-0.029338984726024597,0.03844586181640625,0.03850905609130859,0,0,1,-0.02624975194999468,0.0013583699496063353,0.027402721189237096,0.010000000000000009,0.003089232776029918,-0.01341951437694918,-0.004120654332660345,-0.007909090909090914,0.003961897402027331,1425566517116,0,0,0,0,0,0,0
0.002551232482888053,-0.025791217923296587,0.991,-0.028291787174827956,0.05790970230102539,0.025882455825805666,0,0,1,-0.02624975194999468,-0.002551232482888053,0.025791217923296587,0.009000000000000008,0.002042035224833278,-0.02244472088452068,-0.00005224521031573122,0.001815384615384618,-0.0027911842422281372,1425566517181,0,0,0,0,0,0,0
0.005653145518062808,-0.024413018878840256,0.991,-0.029164451800825178,0.04592527770996094,0.02198091697692871,0,0,1,-0.02624975194999468,-0.005653145518062808,0.024413018878840256,0.009000000000000008,0.0029146998508304996,-0.01965025519189677,0.0008064170389180374,0.007200000000000007,0.006942382740048445,1425566517246,0,0,0,0,0,0,0
0.009374915831307569,-0.021065637062482975,0.992,-0.02904227875318545,0.054338653564453124,0.051817295074462894,0,0,1,-0.02624975194999468,-0.009374915831307569,0.021065637062482975,0.008000000000000007,0.002792526803190771,-0.02485492707957107,-0.010787396690595951,0.0010153846153846176,0.0022286511986997154,1425566517311,0,0,0,0,0,0,0
0.01394801166440971,-0.01913473833548327,0.991,-0.02850122668506729,0.06772646331787109,0.03094318389892578,0,0,1,-0.02624975194999468,-0.01394801166440971,0.01913473833548327,0.009000000000000008,0.0022514747350726103,-0.031734601695243746,-0.003727012093775464,0.012584615384615395,-0.000245688656241977,1425566517376,0,0,0,0,0,0,0
0.017606880455988638,-0.01638172382711453,0.992,-0.027558748888990476,0.05368393707275391,0.04284246826171875,0,0,1,-0.02624975194999468,-0.017606880455988638,0.01638172382711453,0.008000000000000007,0.0013089969389957976,-0.028652719570512304,-0.008969045610093276,0.0010153846153846176,-0.0030409005813587225,1425566517441,0,0,0,0,0,0,0
0.021420663989449203,-0.014444581526779248,0.993,-0.027698375229149884,0.05638435363769531,0.030622447967529297,0,0,1,-0.02624975194999468,-0.021420663989449203,0.014444581526779248,0.007000000000000006,0.0014486232791552055,-0.031096757437189985,-0.004989454920514334,0.0002969696969696983,0.002083288461697969,1425566517507,0,0,0,0,0,0,0
0.025741429563215613,-0.011727655643843106,0.994,-0.027122416575991813,0.06365795135498047,0.042533199310302736,0,0,1,-0.02624975194999468,-0.025741429563215613,0.011727655643843106,0.006000000000000005,0.0008726646259971348,-0.03667819182338934,-0.010382491088130318,-0.0006687500000000001,-0.0018271415606813217,1425566517571,0,0,0,0,0,0,0
0.028321862934131702,-0.009991984921747417,0.996,-0.027087509990951907,0.0379862174987793,0.027075170516967773,0,0,1,-0.02624975194999468,-0.028321862934131702,0.009991984921747417,0.0040000000000000036,0.0008377580409572281,-0.028042030567767516,-0.005242723607759567,-0.0074060606060606105,0.000679091745321289,1425566517637,0,0,0,0,0,0,0
0.028266697142098222,-0.007772610188918347,0.996,-0.027715828521669896,-0.0017288330793380738,0.033255996704101565,0,0,1,-0.02624975194999468,-0.028266697142098222,0.007772610188918347,0.0040000000000000036,0.0014660765716752178,-0.014051658091486518,-0.008649648726247633,0.003200000000000003,0.004366008251912093,1425566517702,0,0,0,0,0,0,0
0.028861799147060115,-0.0062593595731837036,0.997,-0.02844886680750738,0.0082940673828125,0.022937416076660156,3,0,1,0,2.97113820085294,0.0062593595731837036,0.0030000000000000027,0.02844886680750738,1.48556910042647,0.001877807871955111,0.0024000000000000024,0.02844886680750738,0,0,0,0,0,0,0,0
0.030424142490009305,-0.005296384715709511,0.998,-0.02785545486182941,0.02301478958129883,0.015105391502380371,3,0,1,0,2.969575857509991,0.005296384715709511,0.0020000000000000018,0.02785545486182941,1.4783055350618823,-0.0035928911677752797,-0.003784615384615387,0.025116630497161865,0,0,0,0,0,0,0,0
0.028613693840990512,-0.00474129336918531,0.999,-0.02916445180082519,-0.02737809944152832,0.007566774845123291,3,0,1,0,2.9713863061590096,0.00474129336918531,0.0010000000000000009,0.02916445180082519,1.4991853563967776,-0.0015147063171232684,-0.004503030303030306,0.03511443788716963,0,0,0,0,0,0,0,0
0.028342684711296078,-0.00460042703418452,0.998,-0.03061307507998048,-0.00412502384185791,0.001993555784225464,3,0,1,0,2.971657315288704,0.00460042703418452,0.0020000000000000018,0.03061307507998048,1.4931108540978602,0.0006311792568968106,0.00698461538461539,0.03729902867608183,0,0,0,0,0,0,0,0
0.030531499417202262,-0.005161260025547719,0.999,-0.03141592653589789,0.0330743293762207,-0.007403614997863769,3,0,1,0,2.969468500582798,0.005161260025547719,0.0010000000000000009,0.03141592653589789,1.480701396001667,0.004581164961436167,-0.004584615384615388,0.03512139479397825,0,0,0,0,0,0,0,0
0.037631629045034316,-0.0056962888313901346,0.996,-0.03249803067213422,0.10670147705078124,-0.004676165103912354,3,0,1,0,2.9623683709549655,0.0056962888313901346,0.0040000000000000036,0.03249803067213422,1.4526313287415769,0.00460643057658661,0.019353846153846166,0.037492357454763425,0,0,0,0,0,0,0,0
0.04929916646763902,-0.00583686436628762,0.995,-0.03459242577452762,0.17498916625976563,0.00357905912399292,3,0,1,0,2.950700833532361,0.00583686436628762,0.0050000000000000044,0.03459242577452762,1.424121781292527,0.002528418047652012,0.009384615384615392,0.044258864708650994,0,0,0,0,0,0,0,0
0.07127350373591768,-0.006034130998890181,0.995,-0.034522612604447694,0.3295202026367188,0.008442681312561035,3,0,1,0,2.9287264962640824,0.006034130998890181,0.0050000000000000044,0.034522612604447694,1.3595401318657938,0.002896779979455545,0.0040000000000000036,0.03420039797330958,0,0,0,0,0,0,0,0
0.09970250642059725,-0.006490454472639809,1,-0.035499996985564636,0.4264172058105469,0.007877954006195068,3,0,1,0,2.900297493579403,0.006490454472639809,0,0.035499996985564636,1.3148033186689292,0.004395652986027683,-0.026515151515151533,0.03994265326336891,0,0,0,0,0,0,0,0
0.13353612849498492,-0.006005962355899156,0.997,-0.03623303527140223,0.5069266357421875,0.025275421142578126,3,0,1,0,2.8664638715050152,0.006005962355899156,0.0030000000000000027,0.03623303527140223,1.2683285299309897,-0.0007744916882681016,0.018553846153846167,0.039616288898344974,0,0,0,0,0,0,0,0
0.17910091637907716,-0.005551209314537732,0.999,-0.035587263448164236,0.682776123046875,0.031575658798217776,3,0,1,0,2.820899083620923,0.005551209314537732,0.0010000000000000009,0.035587263448164236,1.1842119044948867,-0.0007471758318108421,-0.009969230769230777,0.03260677811014272,0,0,0,0,0,0,0,0
0.22770655329516334,-0.004224937033465916,0.996,-0.03574434308084376,0.7279151000976563,0.04582213592529297,3,0,1,0,2.7722934467048366,0.004224937033465916,0.0040000000000000036,0.03574434308084376,1.145337274297234,-0.005835107213193521,0.019353846153846166,0.0364693260009031,0,0,0,0,0,0,0,0
0.2818788340545891,-0.0022384485531722863,0.995,-0.03705334001983953,0.8110003051757813,0.058817398071289065,3,0,1,0,2.7181211659454108,0.0022384485531722863,0.0050000000000000044,0.03705334001983953,1.098805409060883,-0.009665266496302297,0.009223880597014933,0.04291452034370118,0,0,0,0,0,0,0,0
0.3455779377790568,-0.00002930033651020892,0.995,-0.03639011490408175,0.9536031494140625,0.06851034545898438,3,0,1,0,2.6544220622209433,0.00002930033651020892,0.0050000000000000044,0.03639011490408175,1.003289740180499,-0.012032092890556734,0.0040000000000000036,0.033281247173967146,0,0,0,0,0,0,0,0
0.41375845874513606,0.0013504313022377726,0.996,-0.03487167845484664,1.0212777709960938,0.057890514373779296,3,0,1,0,2.586241541254864,-0.0013504313022377726,0.0040000000000000036,0.03487167845484664,0.9521091280674125,-0.007794935061299823,-0.0021846153846153855,0.027863510227607694,0,0,0,0,0,0,0,0
0.48512807472849373,0.0023727324539312682,1.001,-0.03509857125760587,1.0693587646484375,0.0526493034362793,3,0,1,0,2.5148719252715064,-0.0023727324539312682,-0.0009999999999998899,0.03509857125760587,0.9008869367341252,-0.006178541983378773,-0.027723076923076257,0.0361457688088023,0,0,0,0,0,0,0,0
0.5676724271447652,0.002747267538457781,1.002,-0.0337372144410504,1.23720556640625,0.0490634765625,3,0,1,0,2.4323275728552347,-0.002747267538457781,-0.0020000000000000018,0.0337372144410504,0.8010241157326534,-0.0028047171017375853,-0.006984615384615989,0.027454029133871308,0,0,0,0,0,0,0,0
0.6562939522651502,0.0035680958223074915,1.004,-0.031922072018976254,1.328151123046875,0.05714456176757812,3,0,1,0,2.34370604773485,-0.0035680958223074915,-0.0040000000000000036,0.031922072018976254,0.7327671558835749,-0.005389470414754912,-0.013806060606060617,0.02367142464591196,0,0,0,0,0,0,0,0
0.750109062886297,0.004554008264894235,1.003,-0.031590459461097196,1.4060377197265626,0.05969511413574219,3,0,1,0,2.249890937113703,-0.004554008264894235,-0.0029999999999998916,0.031590459461097196,0.652126374936264,-0.006644086296300053,0.0029846153846160737,0.030059939963193855,0,0,0,0,0,0,0,0
0.8487432942683065,0.007014374248786001,1,-0.030752701420140104,1.477609619140625,0.08361781311035156,3,0,1,0,2.1512567057316936,-0.007014374248786001,0,0.030752701420140104,0.5782584643147275,-0.015326120657140951,0.016153846153845568,0.026886125846491984,0,0,0,0,0,0,0,0
0.9492509164859231,0.007500843733333196,0.998,-0.030072023011862313,1.5066771240234376,0.053649497985839845,3,0,1,0,2.050749083514077,-0.007500843733333196,0.0020000000000000018,0.030072023011862313,0.5192501509953953,-0.004848263592922553,0.012369230769230778,0.02693043035827251,0,0,0,0,0,0,0,0
1.0532828564165908,0.007598012799670633,0.995,-0.029722957161463247,1.559729736328125,0.04837656784057617,3,0,1,0,1.9467171435834092,-0.007598012799670633,0.0050000000000000044,0.029722957161463247,0.44952245179542105,-0.0027861200000140994,0.020153846153846168,0.02811188400577525,0,0,0,0,0,0,0,0
1.1587303562745017,0.007453036907674843,0.994,-0.02832669375986787,1.5810784912109375,0.04483257293701172,3,0,1,0,1.8412696437254983,-0.007453036907674843,0.006000000000000005,0.02832669375986787,0.3903732813728096,-0.0014436142384572073,0.010184615384615393,0.021882401137119978,0,0,0,0,0,0,0,0
1.2787088949253902,0.006168481136025251,0.991,-0.028797932657906443,1.7995018310546875,0.03171150588989258,3,0,1,0,1.7212911050746098,-0.006168481136025251,0.009000000000000008,0.028797932657906443,0.2532587962265539,0.005073942332281264,0.02335384615384617,0.03097288141808447,0,0,0,0,0,0,0,0
1.402379832800658,0.002203137363490068,0.989,-0.028937558998065847,1.856007568359375,-0.006040867805480957,3,0,1,0,1.597620167199342,-0.002203137363490068,0.01100000000000001,0.028937558998065847,0.17257963072786453,0.020697125737216424,0.019569230769230783,0.02958198826034002,0,0,0,0,0,0,0,0
1.5270220047196281,-0.0023925139560275685,0.986,-0.028169614127188457,1.8708443603515625,-0.014810856819152831,3,0,1,0,1.4729779952803719,0.0023925139560275685,0.014000000000000012,0.028169614127188457,0.10598625869153044,0.02547133998166403,0.027353846153846173,0.024625253184677422,0,0,0,0,0,0,0,0
1.6554655535139795,-0.006589966729853597,0.983,-0.02733185608623103,1.9276622314453125,-0.00867091178894043,3,0,1,0,1.3445344464860205,0.006589966729853597,0.017000000000000015,0.02733185608623103,0.03266200203060077,0.024248329649588916,0.029509090909090936,0.023523864990970006,0,0,0,0,0,0,0,0
1.7926010779083181,-0.01077223333103484,0.983,-0.025848326222035943,2.05797900390625,-0.006495041847229004,3,0,1,0,1.2073989220916819,0.01077223333103484,0.017000000000000015,0.025848326222035943,-0.0924029738130665,0.025770689409754046,0.013600000000000013,0.01900126531036631,0,0,0,0,0,0,0,0
1.9361787735390141,-0.015359401871905015,0.983,-0.02422517001768123,2.154724365234375,-0.013122095108032226,3,0,1,0,1.0638212264609859,0.015359401871905015,0.017000000000000015,0.02422517001768123,-0.19818895218083143,0.02933706479694148,0.013600000000000013,0.016733679843736395,0,0,0,0,0,0,0,0
2.082924095856484,-0.02049821763411511,0.984,-0.022479840765686897,2.202401123046875,-0.023740879058837892,3,0,1,0,0.9170759041435161,0.02049821763411511,0.016000000000000014,0.022479840765686897,-0.28802196539219305,0.03386244148197394,0.007415384615384624,0.01442447498725152,0,0,0,0,0,0,0,0
2.226384757091937,-0.024194681963244247,0.987,-0.020437805540853525,2.152612548828125,-0.007062437534332275,3,0,1,0,0.7736152429080629,0.024194681963244247,0.013000000000000012,0.020437805540853525,-0.3415628095065559,0.027220599607399018,-0.0057538461538461545,0.011013027580084118,0,0,0,0,0,0,0,0
2.373914622484193,-0.026753664493236302,0.992,-0.0179419847105017,2.213270263671875,0.006847930431365967,3,0,1,0,0.6260853775158068,0.026753664493236302,0.008000000000000007,0.0179419847105017,-0.4368318860131603,0.021880782252963717,-0.020523076923076936,0.0064228116473394326,0,0,0,0,0,0,0,0
2.5162475391551022,-0.027562996677918516,1.002,-0.015341444125030045,2.134867919921875,0.02616594123840332,3,0,1,0,0.48375246084489776,0.027562996677918516,-0.0020000000000000018,0.015341444125030045,-0.4680832550675961,0.012654549886806086,-0.05463030303030307,0.003520805100158883,0,0,0,0,0,0,0,0
2.6414649334571987,-0.028218278467759067,1.011,-0.012479104151759367,1.878190673828125,0.018986034393310546,3,0,1,0,0.3585350665428013,0.028218278467759067,-0.010999999999999899,0.012479104151759367,-0.44991064198139297,0.012106003611008538,-0.057261538461537816,-0.0007316957248745294,0,0,0,0,0,0,0,0
2.7641918196506934,-0.027307521226455023,1.024,-0.010454522219445893,1.8405894775390625,0.03663252258300781,3,0,1,0,0.23580818034930662,0.027307521226455023,-0.02400000000000002,0.010454522219445893,-0.49771038148382696,0.003418008467405158,-0.08920000000000067,0.0011102979164606293,0,0,0,0,0,0,0,0
2.869592210865976,-0.02783974270055488,1.038,-0.007958701389094068,1.5810029296875,0.008545474052429199,3,0,1,0,0.13040778913402384,0.02783974270055488,-0.038000000000000034,0.007958701389094068,-0.4570293006073901,0.011365656133026862,-0.10578461538461546,-0.0035604716740681996,0,0,0,0,0,0,0,0
2.95767930713246,-0.029567240125490987,1.048,-0.005550147021341954,1.3214708251953124,-0.015395868301391601,3,0,1,0,0.04232069286753992,0.029567240125490987,-0.04800000000000004,0.005550147021341954,-0.40781990595058204,0.01833922534032293,-0.09224615384615392,-0.00556625775289857,1425566520113,0,0,0,0,0,0,0
3.0253489806693104,-0.03035256067030746,1.057,-0.005218534463463009,1.0150948486328124,-0.0061460061073303224,3,0,1,0,-0.02534898066931035,0.03035256067030746,-0.05699999999999994,0.005218534463463009,-0.32085488738893636,0.013395669264726507,-0.09261492537313373,0.003733702114751313,1425566520113,0,0,0,0,0,0,0
3.081331044175604,-0.027740017982346515,1.063,-0.005305800926062609,0.8395150146484375,0.043569751739501957,3,0,1,0,-0.0813310441756041,0.027740017982346515,-0.06299999999999994,0.005305800926062609,-0.29684237014381576,-0.005540020837036138,-0.08270769230769229,0.00570856921498384,1425566520113,0,0,0,0,0,0,0
3.127181323444549,-0.026210795770099413,1.061,-0.0030368728984701216,0.687622802734375,0.026587080001831055,3,0,1,0,-0.12718132344454913,0.026210795770099413,-0.06099999999999994,0.0030368728984701216,-0.26915074015883106,-0.0002774090140848142,-0.037862499999999945,-0.007598727230869662,0,0,0,0,0,0,0,0
3.156830295056663,-0.02441716052688648,1.056,-0.003106686068549824,0.44465081787109373,0.0282550048828125,3,0,1,0,-0.1568302950566629,0.02441716052688648,-0.05600000000000005,0.003106686068549824,-0.1929817595852443,-0.0020947303844726017,-0.017876923076923696,0.003428900699686911,0,0,0,0,0,0,0,0
3.178669348194151,-0.023958353140408097,1.05,-0.0030368728984701216,0.32756283569335937,0.007899782180786134,3,0,1,0,-0.17866934819415103,0.023958353140408097,-0.050000000000000044,0.0030368728984701216,-0.1619640140592534,0.004970734942311196,-0.007692307692307707,0.002714658267333034,0,0,0,0,0,0,0,0
3.188035396749419,-0.02235120696015781,1.041,-0.0033161255787891525,0.1404168701171875,0.024533733367919922,3,0,1,0,-0.18803539674941883,0.02235120696015781,-0.040999999999999925,0.0033161255787891525,-0.09884467949742874,-0.0015489006986301856,0.014927272727273413,0.004585455943875657,0,0,0,0,0,0,0,0
3.18842140838416,-0.02126033688328575,1.032,-0.0034906585039885746,0.005735880851745605,0.01638216209411621,3,0,1,0,-0.18842140838416022,0.02126033688328575,-0.03200000000000003,0.0034906585039885746,-0.05157024410907988,0.0007864865940071554,0.02286153846153787,0.004296195081832061,0,0,0,0,0,0,0,0
3.182142813390882,-0.020589022880199155,1.026,-0.004817108735504249,-0.0942135009765625,0.0097409029006958,3,0,1,0,-0.182142813390882,0.020589022880199155,-0.026000000000000023,0.004817108735504249,-0.012662996059500858,0.0028576233475673322,0.011507692307692309,0.010939186727115054,0,0,0,0,0,0,0,0
3.1694206148313553,-0.019896359941045896,1.015,-0.003351032163829059,-0.19088081359863282,0.009470563888549804,3,0,1,0,-0.1694206148313553,0.019896359941045896,-0.014999999999999902,0.003351032163829059,0.02828430671580641,0.0025478012901933122,0.04723076923076995,-0.003415475090056432,0,0,0,0,0,0,0,0
3.1484791973794035,-0.019270842845921694,1.002,-0.004642575810304827,-0.31415093994140625,0.008330075263977051,3,0,1,0,-0.14847919737940352,0.019270842845921694,-0.0020000000000000018,0.004642575810304827,0.08291583646115905,0.002734226754277741,0.06839999999999945,0.010603546486346833,0,0,0,0,0,0,0,0
3.1248272222538436,-0.018789022778364663,0.99,-0.005969026041820502,-0.3548093566894531,0.005580137729644776,3,0,1,0,-0.12482722225384357,0.018789022778364663,0.010000000000000009,0.005969026041820502,0.10925599687967183,0.0033756468241782672,0.07261538461538466,0.012091104033431306,0,0,0,0,0,0,0,0
3.0991888907653933,-0.018556974374549062,0.98,-0.006213372137099737,-0.38458889770507815,0.0011851396560668946,3,0,1,0,-0.09918889076539328,0.018556974374549062,0.020000000000000018,0.006213372137099737,0.13061375762074928,0.004682135937300854,0.06903030303030308,0.007324036206550807,1425566520896,0,0,0,0,0,0,0
3.0726477372052226,-0.019337589714583343,0.972,-0.008220500776893201,-0.398036865234375,-0.014182639122009278,3,0,1,0,-0.07264773720522255,0.019337589714583343,0.028000000000000025,0.008220500776893201,0.15302392457881908,0.010428246454744886,0.06615000000000006,0.017628916275925062,1425566520896,0,0,0,0,0,0,0
3.0485937146539066,-0.020550234760312393,0.965,-0.009040805525330618,-0.36064862060546876,-0.02115506935119629,3,0,1,0,-0.048593714653906606,0.020550234760312393,0.03500000000000003,0.009040805525330618,0.14743114097002452,0.01296730640691366,0.06512121212121218,0.012769463472773423,1425566520896,0,0,0,0,0,0,0
3.0243662351179004,-0.021499915983781905,0.964,-0.010140362954086954,-0.3632685546875,-0.017530130386352538,3,0,1,0,-0.02436623511790037,0.021499915983781905,0.03600000000000003,0.010140362954086954,0.16242549122583183,0.011949160421397539,0.03418461538461542,0.015215243394500809,1425566520896,0,0,0,0,0,0,0
3.0024844034491798,-0.022339772990942555,0.963,-0.010105456369047158,-0.3280828552246094,-0.015925496101379395,3,0,1,0,-0.002484403449179773,0.022339772990942555,0.03700000000000003,0.010105456369047158,0.16073438060487366,0.011624277211249825,0.03498461538461542,0.00994434905347887,1425566520896,0,0,0,0,0,0,0
2.9881310940683736,-0.022343377593159568,0.965,-0.00949459113084907,-0.21528810119628905,-0.0022297303676605223,3,0,1,-0.010105456369047158,0.011868905931626372,0.022343377593159568,0.03500000000000003,-0.0006108652381980884,0.005934452965813186,0.00670301327794787,0.028000000000000025,-0.0006108652381980884,1425566520896,0,0,0,0,0,0,0
2.9716378051738888,-0.021270450307861444,0.971,-0.010541788682045713,-0.24754098510742187,0.013744263648986817,3,0,1,-0.010105456369047158,0.028362194826111242,0.021270450307861444,0.029000000000000026,0.00043633231299855524,0.10300954996384187,0.0006176601180686485,-0.009107692307692306,0.005269551780059987,1425566521287,0,0,0,0,0,0,0
2.961957152307169,-0.018701476696469425,0.973,-0.009372418083209563,-0.14560794067382812,0.0370017204284668,3,0,1,-0.010105456369047158,0.03804284769283095,0.018701476696469425,0.027000000000000024,-0.000733038285837595,0.07119117948331274,-0.008196510069078764,0.010830769230769244,-0.006130133357389057,1425566521352,0,0,0,0,0,0,0
2.95903946650675,-0.016866756787832164,0.98,-0.007958701389094066,-0.044021297454833984,0.027109409332275392,3,0,1,-0.010105456369047158,0.04096053349325013,0.016866756787832164,0.020000000000000018,-0.0021467549799530916,0.03626067021944395,-0.004782288865693774,-0.021692307692307705,-0.008671601260486151,1425566521417,0,0,0,0,0,0,0
2.9583279255916275,-0.012869068443395386,0.986,-0.007470009198535706,-0.011150016784667968,0.059878482818603515,3,0,1,-0.010105456369047158,0.041672074408372506,0.012869068443395386,0.014000000000000012,-0.002635447170511452,0.02476428583531088,-0.017619983590380153,-0.02110769230769232,-0.004890949588473116,1425566521482,0,0,0,0,0,0,0
2.9613013933458365,-0.006379885842123154,0.992,-0.003857177646907313,0.043873664855957034,0.09766819763183594,3,0,1,-0.010105456369047158,0.03869860665416347,0.006379885842123154,0.008000000000000007,-0.006248278722139845,0.0034603516792085787,-0.03297832975100149,-0.025907692307692323,-0.022922885883501654,1425566521547,0,0,0,0,0,0,0
2.9672311343571303,0.0007581737487743533,0.996,-0.0015358897417550215,0.08853246307373047,0.10741317749023438,3,0,1,-0.010105456369047158,0.03276886564286974,-0.0007581737487743533,0.0040000000000000036,-0.008569566627292136,-0.015401613524995705,-0.03861419346226663,-0.018338461538461553,-0.0192832031126104,1425566521612,0,0,0,0,0,0,0
2.9730566025181715,0.007866187373899696,0.997,0.0015533430342751049,0.0872181625366211,0.10675428771972656,3,0,1,-0.010105456369047158,0.0269433974818285,-0.007866187373899696,0.0030000000000000027,-0.011658799403322262,-0.017259824474321186,-0.04001009539241486,-0.0029030303030303044,-0.025700766567095565,1425566521678,0,0,0,0,0,0,0
2.9818466050086565,0.015703380782616162,1.005,0.005358160803622706,0.13203248596191405,0.11735295104980469,3,0,1,-0.010105456369047158,0.018153394991343497,-0.015703380782616162,-0.004999999999999893,-0.015463617172669863,-0.038820899479269214,-0.04753694338425688,-0.04774999999999934,-0.033298700466486746,1425566521742,0,0,0,0,0,0,0
2.991480462103355,0.021810552639976867,1.007,0.00776671517137482,0.14499662780761718,0.09083197021484375,3,0,1,-0.010105456369047158,0.008519537896645168,-0.021810552639976867,-0.006999999999999895,-0.017872171540421977,-0.04588791296779693,-0.038427193126117885,-0.016047761194029776,-0.028656743336326965,1425566521809,0,0,0,0,0,0,0
3.0004068833243727,0.029007560750031258,1.007,0.010995574287564352,0.13473072814941406,0.10691194152832031,3,0,1,-0.010105456369047158,-0.0004068833243726644,-0.029007560750031258,-0.006999999999999895,-0.021101030656611508,-0.04530423339894471,-0.045209737084837026,-0.005599999999999917,-0.03513954855308773,1425566521878,0,0,0,0,0,0,0
3.0085511333479564,0.036001300331931,1.006,0.01464331242423254,0.12330984497070313,0.1035565185546875,3,0,1,-0.010105456369047158,-0.00855113334795643,-0.036001300331931,-0.006000000000000005,-0.024748768793279696,-0.05161066600576311,-0.0516197110902671,0.001033333333332686,-0.04298745947662064,1425566521938,0,0,0,0,0,0,0
3.0185155973863163,0.04234120728978984,1.004,0.017191493132144166,0.15084344482421874,0.09289979553222656,3,0,1,-0.010105456369047158,-0.01851559738631625,-0.04234120728978984,-0.0040000000000000036,-0.027296949501191325,-0.0627516143860712,-0.04689035127693146,0.007569230769230774,-0.03905778353770654,1425566522003,0,0,0,0,0,0,0
3.028192790977763,0.04886950788848806,1.024,0.019966566642815244,0.14681983947753907,0.09541468048095703,3,0,1,-0.010105456369047158,-0.02819279097776306,-0.04886950788848806,-0.02400000000000002,-0.030072023011862403,-0.06527246292717395,-0.04936291069161805,-0.12526060606060616,-0.04268599351491276,1425566522069,0,0,0,0,0,0,0
3.0377467290931874,0.05368127235774235,1.025,0.022689280275926406,0.14472152709960937,0.06930088043212891,3,0,1,-0.010105456369047158,-0.03774672909318744,-0.05368127235774235,-0.02499999999999991,-0.032794736644973566,-0.07019979865504106,-0.042131057945531666,-0.02538461538461472,-0.045361107259332775,1425566522134,0,0,0,0,0,0,0
3.0417448743560054,0.05646541116984215,1.025,0.02528982086139795,0.06090421295166016,0.040390724182128905,3,0,1,-0.010105456369047158,-0.04174487435600538,-0.05646541116984215,-0.02499999999999991,-0.03539527723044511,-0.042310197786900636,-0.03208501779866702,-0.01999999999999993,-0.047397772240313774,1425566522199,0,0,0,0,0,0,0
3.0463999758965192,0.05929130535052466,1.031,0.02755874888899055,0.07087607574462891,0.04060914611816406,3,0,1,-0.010105456369047158,-0.04639997589651923,-0.05929130535052466,-0.030999999999999917,-0.03766420525803771,-0.048205365421391345,-0.0331961620014104,-0.05710769230769226,-0.04813618077000355,1425566522264,0,0,0,0,0,0,0
3.0504478603228957,0.06101883462947519,1.022,0.029269171555944974,0.061409248352050784,0.024229991912841798,3,0,1,-0.010105456369047158,-0.05044786032289572,-0.06101883462947519,-0.02200000000000002,-0.039374627924992134,-0.04699246812920369,-0.02783981047981711,0.03086153846153788,-0.04726888638785871,1425566522329,0,0,0,0,0,0,0
3.051849535500636,0.06292320845568233,1.014,0.03146828641345787,0.021852094650268553,0.027938072204589843,3,0,1,-0.010105456369047158,-0.05184953550063609,-0.06292320845568233,-0.014000000000000012,-0.04157374278250503,-0.03347818888503171,-0.02940426258301877,0.0318769230769231,-0.05172350366333378,1425566522394,0,0,0,0,0,0,0
3.0507240967952307,0.06293636423197056,1.007,0.03274237676741374,-0.016867013931274415,0.0007283856868743896,3,0,1,-0.010105456369047158,-0.05072409679523071,-0.06293636423197056,-0.006999999999999895,-0.0428478331364609,-0.01969424037641934,-0.01926404700313492,0.029907246376812267,-0.0483873564145299,1425566522463,0,0,0,0,0,0,0
3.0473987084481444,0.0613957850420337,1.001,0.03516838442768575,-0.05061058807373047,-0.021463376998901367,3,0,1,-0.010105456369047158,-0.04739870844814442,-0.0613957850420337,-0.0009999999999998899,-0.04527384079673291,-0.004997326886256835,-0.010076388426608332,0.033070967741935596,-0.05701258753998458,1425566522525,0,0,0,0,0,0,0
3.0428372781184745,0.058840187481383935,0.997,0.03584906283596354,-0.06972701263427734,-0.03590448379516602,3,0,1,-0.010105456369047158,-0.04283727811847449,-0.058840187481383935,0.0030000000000000027,-0.0459545192050107,0.0030447384045317744,-0.004283863346024154,0.02393846153846096,-0.04909611185860051,1425566522590,0,0,0,0,0,0,0
3.03461146426608,0.055750161611091135,0.994,0.037803831598197314,-0.12496919250488281,-0.041898239135742185,3,0,1,-0.010105456369047158,-0.034611464266080194,-0.055750161611091135,0.006000000000000005,-0.047909287967244474,0.02686644377054866,-0.0005154022919056332,0.02095384615384617,-0.05693129763909265,1425566522655,0,0,0,0,0,0,0
3.026232661530504,0.05215087664470146,0.994,0.03879866927183393,-0.12763275909423827,-0.04920056915283203,3,0,1,-0.010105456369047158,-0.026232661530503965,-0.05215087664470146,0.006000000000000005,-0.04890412564088109,0.03117873257101593,0.0029784800253934846,0.004800000000000005,-0.05342611506650208,1425566522721,0,0,0,0,0,0,0
3.0164289088558456,0.047927264121065495,0.996,0.040823251204147516,-0.14940306091308594,-0.05760235214233399,3,0,1,-0.010105456369047158,-0.01642890885584558,-0.047927264121065495,0.0040000000000000036,-0.050928707573194676,0.04442632278664464,0.007869822788224127,-0.007569230769230774,-0.06027293187618045,1425566522786,0,0,0,0,0,0,0
3.0050995976099912,0.04450558622363923,0.994,0.041905355340383955,-0.17189276123046876,-0.04434684371948242,3,0,1,-0.010105456369047158,-0.0050995976099912355,-0.04450558622363923,0.006000000000000005,-0.052010811709431115,0.05830220982371896,0.004549288000662106,0.015569230769230783,-0.05700513849206083,1425566522851,0,0,0,0,0,0,0
2.9914724115660496,0.04213942943770731,0.99,0.042603487041181644,-0.20571522521972657,-0.026897918701171874,3,0,1,-0.010105456369047158,0.008527588433950406,-0.04213942943770731,0.010000000000000009,-0.052708943410228803,0.07749451776787267,-0.00045183080843157024,0.029538461538461562,-0.05593108972160275,1425566522916,0,0,0,0,0,0,0
2.98206852768734,0.038878743119477636,0.988,0.04335397861953914,-0.1430133819580078,-0.042858158111572266,3,0,1,-0.010105456369047158,0.017931472312660013,-0.038878743119477636,0.01200000000000001,-0.053459434988586296,0.05946725735144283,0.005317801385612917,0.020369230769230785,-0.056923242273313183,1425566522981,0,0,0,0,0,0,0
2.9721407097854464,0.03561029837024014,0.984,0.04438372287821577,-0.1509021759033203,-0.04252647018432617,3,0,1,-0.010105456369047158,0.027859290214553578,-0.03561029837024014,0.016000000000000014,-0.05448917924726293,0.06727045804278885,0.0063169642834087075,0.03433846153846157,-0.059241845056539705,1425566523046,0,0,0,0,0,0,0
2.9611413135344358,0.03263524296584348,0.981,0.04586725274241097,-0.1668084716796875,-0.03726137542724609,3,0,1,-0.010105456369047158,0.03885868646556423,-0.03263524296584348,0.019000000000000017,-0.05597270911145813,0.07766845352531271,0.005365432726570224,0.031109090909090933,-0.06271602667598176,1425566523112,0,0,0,0,0,0,0
2.9518496249130326,0.029376791772184867,0.982,0.04558800006209194,-0.1414698028564453,-0.04243484115600586,3,0,1,-0.010105456369047158,0.0481503750869674,-0.029376791772184867,0.018000000000000016,-0.0556934564311391,0.07404763344553666,0.008092570634698882,0.009015384615384625,-0.054404597906589726,1425566523177,0,0,0,0,0,0,0
2.944883670782422,0.027121522360461982,0.983,0.04705407663376724,-0.10592241668701172,-0.029032085418701174,3,0,1,-0.010105456369047158,0.05511632921757803,-0.027121522360461982,0.017000000000000015,-0.0571595330028144,0.06504325040518126,0.003349774412104437,0.008215384615384624,-0.0639260402567004,1425566523242,0,0,0,0,0,0,0
2.9415326156155945,0.025128562821668917,0.989,0.04815363406252358,-0.05161632537841797,-0.027496965408325195,3,0,1,-0.010105456369047158,0.05846738438440546,-0.025128562821668917,0.01100000000000001,-0.05825909043157074,0.047291941214227626,0.0025188909305938513,-0.02350769230769232,-0.0633339708719846,1425566523307,0,0,0,0,0,0,0
2.9364068529687093,0.022334947826576364,0.996,0.048572513083002235,-0.07881437683105469,-0.03815472030639649,3,0,1,-0.010105456369047158,0.06359314703129071,-0.022334947826576364,0.0040000000000000036,-0.058677969452049394,0.05945227528355189,0.00765367940080082,-0.03449230769230772,-0.060611257238873964,1425566523372,0,0,0,0,0,0,0
2.9334191196914463,0.019287439158403124,1.003,0.049637163926718776,-0.04698264694213867,-0.04348274612426758,3,0,1,-0.010105456369047158,0.06658088030855369,-0.019287439158403124,-0.0029999999999998916,-0.059742620295765936,0.04923386500357949,0.009673690826210862,-0.03952121212121148,-0.0645819423126593,1425566523438,0,0,0,0,0,0,0
2.93317818341127,0.016073080513133116,1.001,0.051539572811392625,-0.006001884937286377,-0.04797667694091797,3,0,1,-0.010105456369047158,0.06682181658872999,-0.016073080513133116,-0.0009999999999998899,-0.061645029180439785,0.03485107641870197,0.011774605114380469,0.009969230769230866,-0.07042537787893448,1425566523503,0,0,0,0,0,0,0
2.9338756187324697,0.011233941693745652,0.997,0.05139994647123311,0.006708187103271484,-0.0730296401977539,3,0,1,-0.010105456369047158,0.06612438126753029,-0.011233941693745652,0.0030000000000000027,-0.06150540284028027,0.029492569444670637,0.021967861020266682,0.02393846153846096,-0.06086097357800558,1425566523568,0,0,0,0,0,0,0
2.935590187200232,0.0063361034770329115,0.995,0.05167919915155225,0.021909994125366213,-0.07469189453125,3,0,1,-0.010105456369047158,0.06440981279976787,-0.0063361034770329115,0.0050000000000000044,-0.06178465552059941,0.02320028079992546,0.023749167695925773,0.014769230769230781,-0.0630735140451493,1425566523633,0,0,0,0,0,0,0
2.9370665869781,0.0019286421924497562,0.99,0.05195845183187129,0.01870133972167969,-0.06716763305664063,3,0,1,-0.010105456369047158,0.06293341302189992,-0.0019286421924497562,0.010000000000000009,-0.06206390820091845,0.02378543442119511,0.02242966129087017,0.034923076923076946,-0.06335276672546786,1425566523698,0,0,0,0,0,0,0
2.9397744886134283,-0.0026895415022674374,0.986,0.052499503899989454,0.03696602249145508,-0.07128879547119141,3,0,1,-0.010105456369047158,0.06022551138657173,0.0026895415022674374,0.014000000000000012,-0.06260496026903661,0.01606099296902596,0.0245747757346594,0.03241212121212124,-0.0650642878513919,1425566523764,0,0,0,0,0,0,0
2.9434659293106726,-0.007832136650546979,0.984,0.05263913024014908,0.0512474250793457,-0.07993829345703125,3,0,1,-0.010105456369047158,0.056534070689327365,0.007832136650546979,0.016000000000000014,-0.06274458660919624,0.008423972542360544,0.029755765985707637,0.023737500000000022,-0.06339908507869449,1425566523828,0,0,0,0,0,0,0
2.9473337596510607,-0.010511912490445339,0.988,0.05295328950550801,0.055822154998779294,-0.04319353866577148,3,0,1,-0.010105456369047158,0.0526662403489393,0.010511912490445339,0.01200000000000001,-0.06305874587455516,0.00620116190179399,0.01665400186707658,-0.011612121212121218,-0.06448674253527754,1425566523894,0,0,0,0,0,0,0
2.951079778955188,-0.012281310532408076,0.993,0.053581608036226,0.05470675277709961,-0.029477838516235352,3,0,1,-0.010105456369047158,0.048920221044812084,0.012281310532408076,0.007000000000000006,-0.06368706440527315,0.0043846396238113,0.012658144376080377,-0.021743750000000017,-0.06663230751801372,1425566523958,0,0,0,0,0,0,0
2.9561574821107515,-0.012594289883671662,0.999,0.05216789134211061,0.0758048095703125,-0.008767072677612304,3,0,1,-0.010105456369047158,0.04384251788924853,0.012594289883671662,0.0010000000000000009,-0.06227334771115777,-0.004566446526463975,0.004743693854772517,-0.03101818181818184,-0.05584736273790605,1425566524024,0,0,0,0,0,0,0
2.9599539621994215,-0.011773692046677034,0.998,0.05201081170943109,0.05751156997680664,0.00932275390625,3,0,1,-0.010105456369047158,0.04004603780057847,0.011773692046677034,0.0020000000000000018,-0.06211626807847825,0.000045971964678676036,-0.0015731753181324696,0.00698461538461539,-0.06139128515841891,1425566524089,0,0,0,0,0,0,0
2.965415555707211,-0.009673409204997683,0.994,0.05103342732831426,0.08345094299316407,0.027202632904052733,3,0,1,-0.010105456369047158,0.03458444429278895,0.009673409204997683,0.006000000000000005,-0.06113888369736142,-0.011628340234145926,-0.009087584018340002,0.02633846153846156,-0.05662787886143759,1425566524154,0,0,0,0,0,0,0
2.9697780078952642,-0.006437929993761028,0.996,0.05066690818539552,0.06782727813720703,0.04513098907470703,2.965415555707211,-0.009673409204997683,0.994,-3.090559226261479,-0.004362452188053201,-0.003235479211236655,-0.0020000000000000018,-3.1412261344468746,-0.0021812260940266004,-0.0009706437633709965,-0.0016000000000000016,-3.1412261344468746,0,0,0,0,0,0,0,0
2.97361253603411,-0.001352934168326385,0.993,0.048415433450322704,0.06130707168579102,0.07326404571533203,2.965415555707211,-0.009673409204997683,0.994,-3.090559226261479,-0.008196980326899084,-0.008320475036671299,0.0010000000000000009,-3.138974659711802,-0.0244385190885874,-0.029467520977588094,0.016709090909090923,-3.128740683643289,0,0,0,0,0,0,0,0
2.9775405814037263,0.0027351670325807542,0.991,0.0076096355386952854,0.061819385528564454,0.05839810562133789,2.965415555707211,-0.009673409204997683,0.994,-3.090559226261479,-0.012125025696515301,-0.012408576237578437,0.0030000000000000027,-3.0981688618001746,-0.027557180986807865,-0.026092809316050694,0.013337500000000013,-2.9068916840894223,0,0,0,0,0,0,0,0
2.982660782678431,0.007638388917427524,0.995,-0.05874778262212912,0.07736046600341796,0.07296176147460938,2.965415555707211,-0.009673409204997683,0.994,-3.090559226261479,-0.017245226971219996,-0.017311798122425205,-0.0010000000000000009,-3.03181144363935,-0.0357997478762459,-0.031220332463628382,-0.02201212121212123,-2.7301868156356015,0,0,0,0,0,0,0,0
2.98771608214403,0.01113347888495055,0.999,-0.14018484552018454,0.07262051391601562,0.056788158416748044,2.965415555707211,-0.009673409204997683,0.994,-3.090559226261479,-0.022300526436819013,-0.020806888089948232,-0.0050000000000000044,-2.9503743807412945,-0.038410153710158365,-0.02510016490305936,-0.02553846153846156,-2.5745110135195004,0,0,0,0,0,0,0,0
2.9906808370506983,0.011314249333401043,1.009,-0.22896974456913613,0.04365619277954102,0.008898763656616212,2.965415555707211,-0.009673409204997683,0.994,-3.090559226261479,-0.025265281343487267,-0.020987658538398728,-0.014999999999999902,-2.861589481692343,-0.028652175202123188,-0.007321702143715459,-0.06584615384615322,-2.451813024543335,0,0,0,0,0,0,0,0
2.990544081798068,0.011599145862099352,1.015,-0.3189763740944836,-0.0029677534103393554,0.003696315288543701,2.965415555707211,-0.009673409204997683,0.994,-3.090559226261479,-0.02512852609085714,-0.021272555067097035,-0.020999999999999908,-2.7715828521669956,-0.011899691798468207,-0.007981677156760625,-0.049107692307692255,-2.3561676389730852,0,0,0,0,0,0,0,0
2.99235122531286,0.010758943909257095,1.021,-0.41189770347066146,0.0296920280456543,-0.0034666333198547362,2.965415555707211,-0.009673409204997683,0.994,-3.090559226261479,-0.026935669605649082,-0.02043235311425478,-0.026999999999999913,-2.6786615227908177,-0.023140752355909414,-0.0017534272759232184,-0.053418181818181774,-2.256291843808191,0,0,0,0,0,0,0,0
2.990401924085738,0.009805466991411601,1.026,-0.5068261614866332,-0.021068151473999024,-0.024811973571777345,2.965415555707211,-0.009673409204997683,0.994,-3.090559226261479,-0.02498636837852697,-0.019478876196409284,-0.03200000000000003,-2.583733064774846,-0.0021027686841166605,-0.0008015554059784356,-0.052523076923077575,-2.145601720085746,0,0,0,0,0,0,0,0
2.990072958776451,0.006817994106397284,1.028,-0.6035523086321588,0.017437843322753905,-0.0415739631652832,2.965415555707211,-0.009673409204997683,0.994,-3.090559226261479,-0.024657403069240136,-0.016491403311394967,-0.03400000000000003,-2.48700691762932,-0.010679199052888992,0.011036253024436334,-0.037969230769230804,-2.0405785461884314,0,0,0,0,0,0,0,0
2.9896421106888735,0.0016836821532839373,1.028,-0.7006798815056434,0.03839036178588867,-0.06707613372802734,2.965415555707211,-0.009673409204997683,0.994,-3.090559226261479,-0.024226554981662485,-0.01135709135828162,-0.03400000000000003,-2.389879344755836,-0.009930922694426149,0.02412906717536685,-0.027200000000000026,-1.941598239185909,0,0,0,0,0,0,0,0
2.9871579860853865,-0.003579068471853696,1.025,-0.7994829704610422,0.022413270950317383,-0.08436714172363281,2.965415555707211,-0.009673409204997683,0.994,-3.090559226261479,-0.02174243037817547,-0.006094340733143987,-0.030999999999999917,-2.291076255800437,0.002353111344006578,0.02639552389079313,-0.008646153846153169,-1.835061999083212,0,0,0,0,0,0,0,0
2.9819568877532086,-0.010671661110681244,1.019,-0.8987572983144798,0.021896854400634765,-0.13009878540039063,2.965415555707211,-0.009673409204997683,0.994,-3.090559226261479,-0.016541332045997503,0.0009982519056835615,-0.02499999999999991,-2.191801927946999,0.01957276718337079,0.03837694600451041,0.012307692307692398,-1.733612722469593,0,0,0,0,0,0,0,0
2.9759607261385868,-0.018152877658385407,1.01,-0.9972985878820796,0.0318202018737793,-0.14024995422363282,2.965415555707211,-0.009673409204997683,0.994,-3.090559226261479,-0.010545170431375706,0.008479468453387724,-0.016000000000000014,-2.0932606383793995,0.025881100945338263,0.04151709073846353,0.03421492537313377,-1.6520309835991025,0,0,0,0,0,0,0,0
2.9692714125950137,-0.026922725537191217,1.006,-1.098492777912711,0.05605951690673828,-0.15566049194335937,2.965415555707211,-0.009673409204997683,0.994,-3.090559226261479,-0.0038558568878026556,0.017249316332193534,-0.01200000000000001,-1.9920664483487682,0.03448224109494322,0.053038208286158406,0.01227500000000001,-1.5177186825801843,0,0,0,0,0,0,0,0
2.9607919636008364,-0.03598276922751285,0.999,-1.2001931134264205,0.06315815353393554,-0.17509361267089843,2.965415555707211,-0.009673409204997683,0.994,-3.090559226261479,0.004623592106374641,0.026309360022515164,-0.0050000000000000044,-1.8903661128350586,0.047801358992594405,0.056598067530243636,0.033692307692307716,-1.4209799489256296,0,0,0,0,0,0,0,0
2.950932502741201,-0.044258838930196734,0.988,-1.3021552483279293,0.06214982986450195,-0.18281251525878905,2.965415555707211,-0.009673409204997683,0.994,-3.090559226261479,0.014483052966010046,0.034585429725199054,0.006000000000000005,-1.7884039779335499,0.060171336528537525,0.054881970575397745,0.06403076923076928,-1.3178095091573558,0,0,0,0,0,0,0,0
2.940397375150535,-0.05314225492157193,0.988,-1.4059674322365519,0.08652810668945313,-0.18772662353515626,2.965415555707211,-0.009673409204997683,0.994,-3.090559226261479,0.02501818055667604,0.04346884571657425,0.006000000000000005,-1.6845917940249273,0.06823410855382428,0.060121256762448935,0.004800000000000005,-1.2127182308039157,0,0,0,0,0,0,0,0
2.9312402251466576,-0.059736630023563705,0.988,-1.5090291245668168,0.07503690338134765,-0.15172599792480468,2.965415555707211,-0.009673409204997683,0.994,-3.090559226261479,0.03417533056055344,0.050063220818566026,0.006000000000000005,-1.5815301016946623,0.0670446189914339,0.05108557439670123,0.004800000000000005,-1.0984284188965454,0,0,0,0,0,0,0,0
2.919947902865825,-0.0684534993900116,0.986,-1.611253058856125,0.12004792022705078,-0.1771329345703125,2.965415555707211,-0.009673409204997683,0.994,-3.090559226261479,0.04546765284138621,0.058780090185013914,0.008000000000000007,-1.4793061674053543,0.08163282263363109,0.06321291377814293,0.016847761194029864,-1.0215870586472584,0,0,0,0,0,0,0,0
2.9073582195754075,-0.07440676600013799,0.983,-1.714960523009628,0.09686390686035157,-0.18507896423339842,2.965415555707211,-0.009673409204997683,0.994,-3.090559226261479,0.05805733613180353,0.0647333567951403,0.01100000000000001,-1.375598703251851,0.0978249082103522,0.05206136513355755,0.02520625000000002,-0.8894699650323049,0,0,0,0,0,0,0,0
2.8949899455956407,-0.0810440580452735,0.981,-1.8165037788906586,0.12517996978759766,-0.1692963104248047,2.965415555707211,-0.009673409204997683,0.994,-3.090559226261479,0.07042561011157034,0.07137064884027582,0.013000000000000012,-1.2740554473708205,0.09981678632600904,0.05621586543899737,0.020847761194029868,-0.8193841523811316,0,0,0,0,0,0,0,0
2.8844790745244935,-0.08740629756069213,0.979,-1.9097392675321951,0.13091766357421875,-0.12971421813964842,2.965415555707211,-0.009673409204997683,0.994,-3.090559226261479,0.08093648118271757,0.07773288835569445,0.015000000000000013,-1.180819958729284,0.09890655355629954,0.05884686296764121,0.02311111111111113,-0.7368414413886339,0,0,0,0,0,0,0,0
2.8751071622861026,-0.09208607587083309,0.966,-1.9958014529480361,0.11294400787353516,-0.10924097442626954,2.965415555707211,-0.009673409204997683,0.994,-3.090559226261479,0.09030839342110841,0.08241266666583541,0.028000000000000025,-1.094757773313443,0.09495791963963993,0.04977641992516537,0.09133939393939401,-0.7035660214232569,0,0,0,0,0,0,0,0
2.866221200980472,-0.09746738139837252,0.964,-2.076261131464974,0.12849711608886719,-0.0881488037109375,2.965415555707211,-0.009673409204997683,0.994,-3.090559226261479,0.09919435472673888,0.08779397219337484,0.030000000000000027,-1.014298094796505,0.09761332597889513,0.055607132008116046,0.0347692307692308,-0.6429457324106372,0,0,0,0,0,0,0,0
2.8593032421971487,-0.10287378002286518,0.959,-2.1515197288109698,0.12120149230957031,-0.051525146484375,2.965415555707211,-0.009673409204997683,0.994,-3.090559226261479,0.10611231351006234,0.0932003708178675,0.03500000000000003,-0.9390394974505094,0.09054434171576226,0.057424748512397455,0.05492307692307696,-0.5916921250843759,0,0,0,0,0,0,0,0
2.853996035427932,-0.10668692997048056,0.948,-2.2213678054757824,0.09149597930908203,-0.035177562713623045,2.965415555707211,-0.009673409204997683,0.994,-3.090559226261479,0.11141952027927893,0.09701352076548288,0.04600000000000004,-0.8691914207856968,0.08459708771259197,0.05005272094814811,0.09603076923076931,-0.5468156823327155,0,0,0,0,0,0,0,0
2.852274526867282,-0.10829129858135983,0.941,-2.2865383997452513,0.03478910064697266,-0.0059729647636413575,2.965415555707211,-0.009673409204997683,0.994,-3.090559226261479,0.11314102883992927,0.09861788937636215,0.05300000000000005,-0.8040208265162279,0.06622377792322948,0.03870469519246597,0.08009230769230777,-0.5032334683494483,0,0,0,0,0,0,0,0
2.850519976014238,-0.11070147633320908,0.938,-2.346123940408338,0.04455049133300781,0.003862636089324951,2.965415555707211,-0.009673409204997683,0.994,-3.090559226261479,0.11489557969297293,0.1010280671282114,0.05600000000000005,-0.7444352858531413,0.06735365551251574,0.043832389059184726,0.060953846153846206,-0.4694250981773574,0,0,0,0,0,0,0,0
2.850807580924391,-0.11318332982122001,0.934,-2.4001593340500817,0.023568153381347656,0.02913867950439453,2.965415555707211,-0.009673409204997683,0.994,-3.090559226261479,0.11460797478282014,0.10350992061622233,0.05999999999999994,-0.6903998922113974,0.056336645174401574,0.04463332283078979,0.0688955223880591,-0.44845036844239483,0,0,0,0,0,0,0,0
2.852052880979171,-0.11490815623672124,0.931,-2.4517687200315543,0.0036966543197631836,0.03169604682922363,2.965415555707211,-0.009673409204997683,0.994,-3.090559226261479,0.11336267472804007,0.10523474703172356,0.06299999999999994,-0.6387905062299248,0.050478726294012295,0.04168585917265871,0.06680624999999997,-0.39687150944177213,0,0,0,0,0,0,0,0
2.853160004965315,-0.11635130073563314,0.929,-2.499835087631478,0.00096645188331604,0.027266345977783202,2.965415555707211,-0.009673409204997683,0.994,-3.090559226261479,0.11225555074189586,0.10667789153063546,0.06499999999999995,-0.5907241386300011,0.05093837559127393,0.04040960448035146,0.06260606060606058,-0.3722406495394385,0,0,0,0,0,0,0,0
2.8560323137122925,-0.11548172742830598,0.928,-2.5442362638022145,-0.0423206787109375,0.015342134475708008,2.965415555707211,-0.009673409204997683,0.994,-3.090559226261479,0.10938324199491856,0.1058083182233083,0.06599999999999995,-0.5463229624592647,0.039735400080364344,0.0278079317779895,0.058268749999999966,-0.33819244915893804,0,0,0,0,0,0,0,0
2.858011684391848,-0.11493683486947251,0.933,-2.584117037210285,-0.029146102905273436,0.009941746711730957,2.965415555707211,-0.009673409204997683,0.994,-3.090559226261479,0.10740387131536311,0.10526342566447483,0.06099999999999994,-0.5064421890511941,0.04386531590398286,0.029534327406209634,0.021876923076923013,-0.32237708101394513,0,0,0,0,0,0,0,0
2.862123139130135,-0.11217855896951268,0.93,-2.6208911245498054,-0.07422310638427734,-0.002482605457305908,2.965415555707211,-0.009673409204997683,0.994,-3.090559226261479,0.10329241657707611,0.102505149764515,0.06399999999999995,-0.4696681017116737,0.030396275981675328,0.016855254992888202,0.06735384615384613,-0.2999415447600413,0,0,0,0,0,0,0,0
2.864822439739301,-0.10877904504819358,0.933,-2.654872685086135,-0.060491752624511716,-0.02409158706665039,2.965415555707211,-0.009673409204997683,0.994,-3.090559226261479,0.10059311596790987,0.0991056358431959,0.06099999999999994,-0.4356865411753441,0.036937146643164345,0.012725340041758008,0.03289090909090903,-0.2812249023738459,0,0,0,0,0,0,0,0
2.866632656564289,-0.10422123033239239,0.936,-2.6855032134586354,-0.05597734451293945,-0.04772748565673828,2.965415555707211,-0.009673409204997683,0.994,-3.090559226261479,0.09878289914292226,0.09454782112739471,0.05799999999999994,-0.40505601280284376,0.04066339867719223,0.004905097812149518,0.03024615384615379,-0.26368434339130364,0,0,0,0,0,0,0,0
2.8693087570375857,-0.09856224750926057,0.941,-2.7166224340216942,-0.07342500305175781,-0.058528018951416017,2.965415555707211,-0.009673409204997683,0.994,-3.090559226261479,0.09610679866962535,0.08888883830426289,0.05300000000000005,-0.37393679223978493,0.03472536744570584,-0.0026641860216725655,0.015476923076923697,-0.2303096204102827,0,0,0,0,0,0,0,0
2.8722300218407515,-0.09080058695308717,0.945,-2.743151438652008,-0.08792256927490234,-0.08800274658203125,2.965415555707211,-0.009673409204997683,0.994,-3.090559226261479,0.09318553386645956,0.08112717774808949,0.049000000000000044,-0.347407787609471,0.03224445350140186,-0.01562801541172364,0.017987878787878813,-0.22682140292622585,0,0,0,0,0,0,0,0
2.8759450529356867,-0.08087495557791738,0.95,-2.7668530098940907,-0.1091248321533203,-0.11560140228271484,2.965415555707211,-0.009673409204997683,0.994,-3.090559226261479,0.08947050277152435,0.0712015463729197,0.04400000000000004,-0.3237062163673885,0.025932635966987135,-0.03084481009266999,0.008276923076923088,-0.21431434909623853,0,0,0,0,0,0,0,0
2.8772208668797505,-0.0693437065158852,0.958,-2.789071051271979,-0.08112093353271485,-0.15396041870117189,2.965415555707211,-0.009673409204997683,0.994,-3.090559226261479,0.08819468882746051,0.05967029731088752,0.03600000000000003,-0.3014881749895002,0.0383780796773183,-0.04388180672422874,-0.014950000000000012,-0.1973411060306488,0,0,0,0,0,0,0,0
2.877803018062446,-0.057017472683473694,0.965,-2.809980095710871,-0.0720326156616211,-0.170508544921875,2.965415555707211,-0.009673409204997683,0.994,-3.090559226261479,0.08761253764476518,0.047344063478476014,0.029000000000000026,-0.280579130550608,0.042034770504637026,-0.049853303019583496,-0.01392121212121213,-0.18553801946473442,0,0,0,0,0,0,0,0
2.8794575524193404,-0.04279309318748279,0.976,-2.8313778323403214,-0.09293096923828124,-0.19366127014160156,2.965415555707211,-0.009673409204997683,0.994,-3.090559226261479,0.08595800328787062,0.033119683982485104,0.018000000000000016,-0.2591813939211578,0.03544151023859601,-0.06532551020899688,-0.04483076923076927,-0.16042260947754144,0,0,0,0,0,0,0,0
2.8795625907664437,-0.028204986659608307,0.98,-2.8502622948469,-0.06829855346679688,-0.20789584350585938,2.965415555707211,-0.009673409204997683,0.994,-3.090559226261479,0.08585296494076733,0.018531577454610624,0.014000000000000012,-0.24029693141457908,0.043788235544978044,-0.07164842681369447,-0.010338461538461545,-0.15313787369190812,0,0,0,0,0,0,0,0
2.8777597652289946,-0.014466244798954139,0.985,-2.865987711407369,-0.03328913116455078,-0.20516470336914064,2.965415555707211,-0.009673409204997683,0.994,-3.090559226261479,0.08765579047821648,0.004792835593956456,0.009000000000000008,-0.2245715148541101,0.055019737802026604,-0.07119343197449145,-0.019723076923076933,-0.15199266919040705,0,0,0,0,0,0,0,0
2.8759511806555853,-0.0003184677285667011,0.992,-2.881992380648157,-0.03164537811279297,-0.21159028625488283,2.965415555707211,-0.009673409204997683,0.994,-3.090559226261479,0.08946437505162574,-0.009354941476430982,0.0020000000000000018,-0.20856684561332228,0.056013192126146194,-0.0776463430907465,-0.036092307692307715,-0.1346991414250709,0,0,0,0,0,0,0,0
2.875465473953404,0.014151901410453558,0.996,-2.8971418385554677,-0.048675426483154295,-0.2116527557373047,2.965415555707211,-0.009673409204997683,0.994,-3.090559226261479,0.08995008175380725,-0.02382531061545124,-0.0020000000000000018,-0.19341738770601147,0.04897570653049539,-0.07715683734656117,-0.02131830985915495,-0.1294055937314587,0,0,0,0,0,0,0,0
2.874916859115233,0.02963890297861535,1.005,-2.9106855935509435,-0.04823870468139648,-0.2273903503417969,2.965415555707211,-0.009673409204997683,0.994,-3.090559226261479,0.09049869659197807,-0.03931231218361303,-0.010999999999999899,-0.1798736327105357,0.05000881357563546,-0.09792112759142699,-0.05960645161290256,-0.11433933434533032,0,0,0,0,0,0,0,0
2.8735863827802604,0.04483237773386123,1.009,-2.9224316594168656,-0.03273035049438477,-0.2264208221435547,2.965415555707211,-0.009673409204997683,0.994,-3.090559226261479,0.0918291729269507,-0.05450578693885891,-0.014999999999999902,-0.1681275668446136,0.055026420068619686,-0.09949507999271953,-0.03422222222222216,-0.11219391986403225,0,0,0,0,0,0,0,0
2.8723004020221774,0.05967784360013996,1.013,-2.936184853922581,-0.029585155487060547,-0.2215492706298828,2.965415555707211,-0.009673409204997683,0.994,-3.090559226261479,0.09311515368503365,-0.06935125280513764,-0.018999999999999906,-0.15437437233889817,0.05515892618402866,-0.09831225384623332,-0.03641212121212115,-0.09185985185837346,0,0,0,0,0,0,0,0
2.8711458347830145,0.07407964781889549,1.015,-2.9486814113668607,-0.027107826232910158,-0.21501811218261718,2.965415555707211,-0.009673409204997683,0.994,-3.090559226261479,0.0942697209241965,-0.08375305702389317,-0.020999999999999908,-0.14187781489461848,0.05529098708494565,-0.10272030853819647,-0.027737499999999936,-0.08330020187455744,0,0,0,0,0,0,0,0
2.870440243214177,0.08513684475406913,1.015,-2.959013760538667,-0.021410234451293947,-0.16481044006347656,2.965415555707211,-0.009673409204997683,0.994,-3.090559226261479,0.09497531249303393,-0.09481025395906681,-0.020999999999999908,-0.13154546572281234,0.05313420045754549,-0.08597682597884182,-0.016799999999999926,-0.0845802422146026,0,0,0,0,0,0,0,0
2.8696837097951966,0.09654834124812495,1.02,-2.9689272306899945,-0.019919748306274413,-0.17038775634765624,2.965415555707211,-0.009673409204997683,0.994,-3.090559226261479,0.09573184591201445,-0.10622175045312263,-0.026000000000000023,-0.12163199557148463,0.053906560882589175,-0.09227918823443099,-0.04772307692307756,-0.07587751794997213,0,0,0,0,0,0,0,0
2.8698606846476062,0.10491395029853716,1.02,-2.9806209366783567,-0.024174421310424805,-0.12316213989257813,2.965415555707211,-0.009673409204997683,0.994,-3.090559226261479,0.0955548710596048,-0.11458735950353484,-0.026000000000000023,-0.10993828958312246,0.048853601122779935,-0.07846242034438176,-0.02080000000000002,-0.055967338867604764,0,0,0,0,0,0,0,0
2.8696100656672634,0.11203315324301474,1.02,-2.990290060734405,-0.013405029296875,-0.10601001739501953,2.965415555707211,-0.009673409204997683,0.994,-3.090559226261479,0.09580549003994765,-0.12170656244801242,-0.026000000000000023,-0.10026916552707421,0.05132412379662535,-0.07338626931240061,-0.02080000000000002,-0.0563186016359458,0,0,0,0,0,0,0,0
2.8711932105840536,0.11846038159317648,1.02,-2.998877080654217,-0.038007129669189454,-0.09172769927978516,2.965415555707211,-0.009673409204997683,0.994,-3.090559226261479,0.09422234512315741,-0.12813379079817416,-0.026000000000000023,-0.09168214560726229,0.0406059898281398,-0.0727919995355198,-0.02080000000000002,-0.0514304897331439,0,0,0,0,0,0,0,0
2.8747553313373064,0.12269823199463717,1.024,-3.008458938247666,-0.061929935455322264,-0.05532179641723633,2.965415555707211,-0.009673409204997683,0.994,-3.090559226261479,0.09066022436990462,-0.13237164119963485,-0.030000000000000027,-0.0821002880138133,0.0283610321512277,-0.06181968565219445,-0.045538461538461576,-0.03787632989020261,0,0,0,0,0,0,0,0
2.8768996651435166,0.12688709945691146,1.028,-3.016173293541481,-0.04022087478637695,-0.058007381439208985,2.965415555707211,-0.009673409204997683,0.994,-3.090559226261479,0.08851589056369447,-0.13656050866190914,-0.03400000000000003,-0.07438593271999805,0.03515646879157266,-0.06256097244500809,-0.048412121212121254,-0.03932068138447416,0,0,0,0,0,0,0,0
2.881536328248672,0.1316918009676289,1.031,-3.023730569202616,-0.07801901245117188,-0.06280437088012696,2.965415555707211,-0.009673409204997683,0.994,-3.090559226261479,0.08387922745853915,-0.14136521017262657,-0.03699999999999992,-0.06682865705886298,0.020044429045621155,-0.0669825934975059,-0.04527164179104415,-0.03299010932243732,0,0,0,0,0,0,0,0
2.8872345431654485,0.13573285394849688,1.033,-3.0329633609456663,-0.09200801086425782,-0.05014451599121094,2.965415555707211,-0.009673409204997683,0.994,-3.090559226261479,0.07818101254176257,-0.14540626315349456,-0.038999999999999924,-0.057595865315812844,0.00980920051740234,-0.06563762267942337,-0.04231111111111106,-0.013630190348907424,0,0,0,0,0,0,0,0
2.891419669796662,0.13937276432529336,1.031,-3.0392814528378853,-0.06832622528076172,-0.0474708251953125,2.965415555707211,-0.009673409204997683,0.994,-3.090559226261479,0.07399588591054895,-0.14904617353029104,-0.03699999999999992,-0.05127777342359385,0.016886186820288623,-0.06397569888062102,-0.01883076923076916,-0.02211734930566005,0,0,0,0,0,0,0,0
2.897487705729474,0.1436442010105101,1.032,-3.0468038219139815,-0.09708837890625,-0.05444032287597656,2.965415555707211,-0.009673409204997683,0.994,-3.090559226261479,0.06792784997773715,-0.15331761021550777,-0.038000000000000034,-0.043755404347497695,0.004253320048286727,-0.06841036027458842,-0.03570303030303092,-0.009562817637969706,0,0,0,0,0,0,0,0
2.9036731088605725,0.1474674396076551,1.028,-3.0537676856294387,-0.09779241180419922,-0.0483096923828125,2.965415555707211,-0.009673409204997683,0.994,-3.090559226261479,0.06174244684663854,-0.15714084881265278,-0.03400000000000003,-0.03679154063204049,0.00007371264500371372,-0.06759458459552284,-0.005661538461538471,-0.004650631176084143,0,0,0,0,0,0,0,0
2.9077616423275923,0.15168777159980998,1.024,-3.0606093762972564,-0.06664424896240234,-0.05768178558349609,2.965415555707211,-0.009673409204997683,0.994,-3.090559226261479,0.05765391337961878,-0.16136118080480766,-0.030000000000000027,-0.029949849964222786,0.00969189748352679,-0.07076106164650373,-0.002787878787878794,0.0011487439804031274,0,0,0,0,0,0,0,0
2.913732161169229,0.15473113475256106,1.02,-3.068498264516271,-0.0929571533203125,-0.03825607681274414,2.965415555707211,-0.009673409204997683,0.994,-3.090559226261479,0.051683394537981986,-0.16440454395755874,-0.026000000000000023,-0.022060961745208107,-0.004229942609429195,-0.06604213329882379,0.0010749999999999996,0.014918201781423196,0,0,0,0,0,0,0,0
2.918293252195301,0.15754491782158078,1.017,-3.0745021971431314,-0.07131600952148437,-0.0370976448059082,2.965415555707211,-0.009673409204997683,0.994,-3.090559226261479,0.04712230351191016,-0.16721832702657846,-0.02299999999999991,-0.01605702911834772,0.0016116953804013213,-0.06550270749290338,-0.002246153846153162,0.011653429159469448,0,0,0,0,0,0,0,0
2.9233080488460867,0.15980090074930622,1.018,-3.079668371729035,-0.07732134246826172,-0.028720724105834962,2.965415555707211,-0.009673409204997683,0.994,-3.090559226261479,0.0421075068611243,-0.1694743099543039,-0.02400000000000002,-0.010890854532444205,-0.0033113633524535675,-0.0632861214503375,-0.024584615384616006,0.012953028171725865,0,0,0,0,0,0,0,0
2.927291894178158,0.1610165959879223,1.012,-3.083595362546022,-0.060771636962890625,-0.014502389907836914,2.965415555707211,-0.009673409204997683,0.994,-3.090559226261479,0.038123661529053,-0.17069000519292,-0.018000000000000016,-0.006963863715457208,0.0009138756995587319,-0.05796823871423152,0.016943283582089564,0.010619677256126357,0,0,0,0,0,0,0,0
2.931848901705909,0.16152711769535302,1.008,-3.0892851359075233,-0.06868406677246094,-0.0036827607154846192,2.965415555707211,-0.009673409204997683,0.994,-3.090559226261479,0.03356665400130199,-0.1712005269003507,-0.014000000000000012,-0.0012740903539558701,-0.005849057228085826,-0.05471483649746634,0.01102222222222223,0.025820068510336216,0,0,0,0,0,0,0,0
2.9353839196588947,0.16092479849586214,1.004,-3.093002687214271,-0.05248037338256836,0.01179478645324707,2.965415555707211,-0.009673409204997683,0.994,-3.090559226261479,0.03003163604831638,-0.17059820770085982,-0.010000000000000009,0.0024434609527919093,-0.0013150492081794966,-0.0485655406366484,0.013538461538461548,0.019601390060858582,0,0,0,0,0,0,0,0
2.939879556913009,0.15997850590229726,1,-3.0969994912013386,-0.06666553497314454,0.01745298957824707,2.965415555707211,-0.009673409204997683,0.994,-3.090559226261479,0.025535998794202097,-0.16965191510729494,-0.006000000000000005,0.006440264939859386,-0.008718834903636338,-0.0466186620513699,0.01641212121212122,0.024607555790166095,0,0,0,0,0,0,0,0
2.944158438745057,0.15769132271906017,1.001,-3.0999665509297287,-0.06259003829956054,0.03713482666015625,2.965415555707211,-0.009673409204997683,0.994,-3.090559226261479,0.021257116962154043,-0.16736473192405785,-0.006999999999999895,0.009407324668249561,-0.009328008618748164,-0.038743910715465076,-0.010984615384614708,0.02310144649158883,0,0,0,0,0,0,0,0
2.948977678450753,0.15391964193016403,1.002,-3.104626580032553,-0.06987165069580079,0.05953442764282227,2.965415555707211,-0.009673409204997683,0.994,-3.090559226261479,0.016437877256457956,-0.1635930511351617,-0.008000000000000007,0.014067353771074043,-0.01498565609438334,-0.02972529331617766,-0.011784615384615994,0.03557518039949473,0,0,0,0,0,0,0,0
2.9531961060461853,0.1493000340133784,1.002,-3.108256864876702,-0.06067223739624023,0.0715853271484375,2.965415555707211,-0.009673409204997683,0.994,-3.090559226261479,0.012219449661025727,-0.1589734432183761,-0.008000000000000007,0.017697638615223,-0.013851785117629772,-0.023876982221367513,-0.006400000000000006,0.03445279943437203,0,0,0,0,0,0,0,0
2.9585451183568012,0.14423194459537952,1,-3.1122187622787285,-0.07765684509277344,0.07865331268310546,2.965415555707211,-0.009673409204997683,0.994,-3.090559226261479,0.006870437350409819,-0.1539053538003772,-0.006000000000000005,0.021659536017249348,-0.022609589339649006,-0.02004169348478974,0.005969230769230773,0.03994521633429403,0,0,0,0,0,0,0,0
2.9622044226335333,0.1392422868738561,1,-3.1154476213949183,-0.05266771697998047,0.07642466735839844,2.965415555707211,-0.009673409204997683,0.994,-3.090559226261479,0.0032111330736777077,-0.14891569607885377,-0.006000000000000005,0.0248883951334391,-0.0150401496174657,-0.01947248667952007,-0.004800000000000005,0.039565027479756154,0,0,0,0,0,0,0,0
2.967122702801522,0.13312439536272672,1,-3.1195316918445855,-0.0713499755859375,0.09366561889648438,2.965415555707211,-0.009673409204997683,0.994,-3.090559226261479,-0.001707147094311079,-0.1427978045677244,-0.006000000000000005,0.02897246558310629,-0.02457804493795378,-0.011247751145903075,-0.004800000000000005,0.04782202150464715,0,0,0,0,0,0,0,0
2.9716352146561777,0.1277638940345803,1.003,-3.122655831205655,-0.0658974838256836,0.08188108825683593,2.965415555707211,-0.009673409204997683,0.994,-3.090559226261479,-0.0062196589489667,-0.13743730323957798,-0.008999999999999897,0.032096604944175766,-0.02465343734103522,-0.01380718982601159,-0.023353846153845486,0.046515709687573355,0,0,0,0,0,0,0,0
2.9767637033991408,0.12233235272088795,1.004,-3.1264781022675225,-0.07537078857421875,0.0829151840209961,2.965415555707211,-0.009673409204997683,0.994,-3.090559226261479,-0.01134814769192971,-0.13200576192588565,-0.010000000000000009,0.035918876006043376,-0.030541856637863966,-0.011881008178062303,-0.013384615384615994,0.05356012706081696,0,0,0,0,0,0,0,0
2.9822576328716495,0.11746468688200125,1.008,-3.129619694921112,-0.08129598236083985,0.0742521743774414,2.965415555707211,-0.009673409204997683,0.994,-3.090559226261479,-0.016842077164438418,-0.12713809608699894,-0.014000000000000012,0.039060468659632974,-0.035267526498752026,-0.013539600745498547,-0.032738461538461563,0.05356012706081573,0,0,0,0,0,0,0,0
2.9869174382423913,0.11179200868652268,1.007,-3.1332674330577803,-0.06887331390380859,0.08592092895507812,2.965415555707211,-0.009673409204997683,0.994,-3.090559226261479,-0.02150188253518026,-0.12146541789152036,-0.0129999999999999,0.04270820679630116,-0.03311996793671848,-0.0075820678883743685,-0.005015384615383934,0.05954392127323126,0,0,0,0,0,0,0,0
2.9912547698701477,0.10706643997615117,1.006,-3.13642647900389,-0.0644676055908203,0.0714227066040039,2.965415555707211,-0.009673409204997683,0.994,-3.090559226261479,-0.025839214162936663,-0.11673984918114885,-0.01200000000000001,0.04586725274241088,-0.03321542899961824,-0.011726801788916708,-0.004296969696970292,0.06022655249745505,0,0,0,0,0,0,0,0
2.993856122577033,0.1026120755795052,1.013,-3.1399520440929187,-0.038674591064453125,0.06701615905761718,2.965415555707211,-0.009673409204997683,0.994,-3.090559226261479,-0.028440566869821993,-0.11228548478450288,-0.018999999999999906,0.04939281783143956,-0.02554087447154796,-0.011538273046321896,-0.052892307692307045,0.06566465670387964,0,0,0,0,0,0,0,0
2.9982162778639156,0.09761494970240095,1.014,3.139760057875199,-0.06527926635742187,0.0750640869140625,2.965415555707211,-0.009673409204997683,0.994,-3.090559226261479,-0.0328007221567046,-0.10728835890739863,-0.020000000000000018,0.052866023042907884,-0.03721274801514568,-0.007186310898628111,-0.021384615384616,0.06889620094199245,0,0,0,0,0,0,0,0
3.0014866271491134,0.09436768795316247,1.013,3.1374911298476067,-0.0491444206237793,0.048618946075439456,2.965415555707211,-0.009673409204997683,0.994,-3.090559226261479,-0.03607107144190236,-0.10404109715816015,-0.018999999999999906,0.05513495107050037,-0.0330031826912634,-0.015702104390902014,-0.009815384615383938,0.0656069265824657,0,0,0,0,0,0,0,0
3.0049997650791442,0.09128110798672469,1.012,3.136129773031051,-0.05288652038574219,0.04608217239379883,2.965415555707211,-0.009673409204997683,0.994,-3.090559226261479,-0.03958420937193319,-0.10095451719172237,-0.018000000000000016,0.05649630788705551,-0.035806581062001144,-0.01595978886039397,-0.009096969696970296,0.06268429341685158,0,0,0,0,0,0,0,0
3.0077388205275555,0.08763876742858963,1.015,3.13342451269046,-0.041383682250976564,0.054409847259521485,2.965415555707211,-0.009673409204997683,0.994,-3.090559226261479,-0.04232326482034443,-0.09731217663358731,-0.020999999999999908,0.059201568227646995,-0.033322102113491125,-0.011685963697168476,-0.032953846153845494,0.07168738518422309,1425566529825,0,0,0,0,0,0,0
3.0113022394722737,0.08491547300586819,1.013,3.132342408554223,-0.05378316116333008,0.04041146087646484,2.965415555707211,-0.009673409204997683,0.994,-3.090559226261479,-0.045886683765062664,-0.09458888221086587,-0.018999999999999906,0.06028367236388377,-0.039572518295027476,-0.015879168103708586,-0.004430769230769148,0.06527799914651503,1425566529825,0,0,0,0,0,0,0
3.012143054645345,0.08213507631438188,1.009,3.131452290635706,-0.012997472763061523,0.04158750152587891,2.965415555707211,-0.009673409204997683,0.994,-3.090559226261479,-0.046727498938134104,-0.09180848551937956,-0.014999999999999902,0.06117379028240144,-0.025294993901348168,-0.015025007832731571,0.009212121212121305,0.06521978082111814,1425566529825,0,0,0,0,0,0,0
3.0137421905384,0.07876400784074572,1.007,3.130579626009709,-0.02449855422973633,0.05032019424438477,2.965415555707211,-0.009673409204997683,0.994,-3.090559226261479,-0.04832663483118882,-0.0884374170457434,-0.0129999999999999,0.062046454908397664,-0.030411896967264943,-0.010379284431749295,0.0005375000000000883,0.06613707034275496,1425566529825,0,0,0,0,0,0,0
3.0144083140139477,0.07532111287519086,1.009,3.1294800685809525,-0.010559985160827637,0.05153025436401367,2.965415555707211,-0.009673409204997683,0.994,-3.090559226261479,-0.04899275830673666,-0.08499452208018854,-0.014999999999999902,0.063146012337155,-0.025618348297283648,-0.009298527897491173,-0.0227692307692307,0.06822089277757347,1425566529825,0,0,0,0,0,0,0
3.016058318603519,0.0701572240598772,1.007,3.127350766893519,-0.025686450958251953,0.07715287017822266,3,0,1,3.141592653589793,-0.016058318603518806,-0.0701572240598772,-0.006999999999999895,0.014241886696273909,-0.008029159301759403,-0.02104716721796316,-0.005599999999999917,0.014241886696273909,1425566529825,0,0,0,0,0,0,0
3.015202835434968,0.06647674283044565,1.006,3.1216086336544584,0.012044717788696289,0.055384368896484376,3,0,1,3.141592653589793,-0.01520283543496781,-0.06647674283044565,-0.006000000000000005,0.019984019935334718,-0.002858311234080175,0.0004622147441695479,0.0007555555555549378,0.04732751154991,1425566530216,0,0,0,0,0,0,0
3.016136298074093,0.06407616839762469,0.992,3.114505143598841,-0.014718692779541015,0.035721630096435544,3,0,1,3.141592653589793,-0.016136298074092892,-0.06407616839762469,0.008000000000000007,0.027087509990951997,-0.013038557442126328,-0.006576702176483673,0.08064242424242431,0.05937610115284871,1425566530282,0,0,0,0,0,0,0
3.0176223508552056,0.06255173431860589,0.96,3.1101767270538954,-0.022901935577392576,0.02225439453125,3,0,1,3.141592653589793,-0.017622350855205582,-0.06255173431860589,0.040000000000000036,0.031415926535897754,-0.01696953262191308,-0.010552975155037243,0.20700000000000018,0.05170537909033099,1425566530346,0,0,0,0,0,0,0
3.021382762596031,0.06077196067487012,0.935,3.106511535624707,-0.057216903686523435,0.024911670684814452,3,0,1,3.141592653589793,-0.02138276259603078,-0.06077196067487012,0.06499999999999995,0.03508111796508606,-0.03038115572623886,-0.009099184140612867,0.1825970149253726,0.05149242287189938,1425566530413,0,0,0,0,0,0,0
3.0272044175407915,0.05995118685533345,0.904,3.102898704073079,-0.08770291137695313,0.009241208076477051,3,0,1,3.141592653589793,-0.027204417540791503,-0.05995118685533345,0.09599999999999997,0.03869394951671401,-0.04550262757532167,-0.013700038933337998,0.2463312500000001,0.05562909741497002,1425566530477,0,0,0,0,0,0,0
3.033538644989867,0.05957207575328504,0.863,3.100402883242727,-0.09516227722167969,0.002006883144378662,3,0,1,3.141592653589793,-0.03353864498986692,-0.05957207575328504,0.137,0.04118977034706628,-0.05044530143512573,-0.016103792335933828,0.3270242424242426,0.05253441048503114,0,0,0,0,0,0,0,0
3.037681124063964,0.060535987663383105,0.823,3.0980815953375744,-0.06148910140991211,-0.017005107879638673,3,0,1,3.141592653589793,-0.03768112406396407,-0.060535987663383105,0.17700000000000005,0.04351105825221868,-0.04160423921931078,-0.02371353986179455,0.36035000000000017,0.05439209530762057,0,0,0,0,0,0,0,0
3.0427556269616813,0.061478640816909236,0.778,3.0962140930379407,-0.07543045806884766,-0.017437324523925782,3,0,1,3.141592653589793,-0.04275562696168134,-0.061478640816909236,0.22199999999999998,0.04537856055185241,-0.04802455172864621,-0.023690440757271017,0.41267462686567125,0.053740511147227304,0,0,0,0,0,0,0,0
3.0460369874244217,0.05997432170693583,0.727,3.0953065218269034,-0.05019334411621094,0.020308773040771486,3,0,1,3.141592653589793,-0.04603698742442175,-0.05997432170693583,0.273,0.04628613176288976,-0.04141541838377039,-0.009995292939793156,0.5017333333333336,0.05060789943449619,0,0,0,0,0,0,0,0
3.049217206750865,0.059177276974803565,0.676,3.0946607500036656,-0.04820538330078125,0.009735653877258301,3,0,1,3.141592653589793,-0.04921720675086494,-0.059177276974803565,0.32399999999999995,0.04693190358612753,-0.04142180926061567,-0.013989490173329,0.5256179104477607,0.04982341921256532,0,0,0,0,0,0,0,0
3.05070829887046,0.058807539518797795,0.623,3.096022106820221,-0.022601945877075195,0.004490643501281738,3,0,1,3.141592653589793,-0.05070829887046013,-0.058807539518797795,0.377,0.04557054676957195,-0.0338700606239054,-0.016025187219752997,0.5960444444444447,0.03908789526216442,0,0,0,0,0,0,0,0
3.051402300603904,0.05832078493954978,0.57,3.095830120602502,-0.010731828689575196,0.006819512367248535,3,0,1,3.141592653589793,-0.05140230060390394,-0.05832078493954978,0.43000000000000005,0.04576253298729105,-0.02959303811280154,-0.015429584947656045,0.6208656716417913,0.04662217276812283,0,0,0,0,0,0,0,0
3.0514040308858372,0.05948335924494824,0.516,3.0965980654733793,0.0007718296051025391,-0.017421545028686522,3,0,1,3.141592653589793,-0.051404030885837226,-0.05948335924494824,0.484,0.04499458811641377,-0.02601088212322597,-0.02471700262388207,0.6825124999999996,0.04139484653417652,0,0,0,0,0,0,0,0
3.051681034715049,0.0671485591460629,0.464,3.0992160593513707,0.0010207901000976562,-0.11504852294921875,3,0,1,3.141592653589793,-0.051681034715048924,-0.0671485591460629,0.536,0.04237659423842244,-0.027621582780486056,-0.06074581293187004,0.7004417910447764,0.03065423359070006,0,0,0,0,0,0,0,0
3.0521377925352775,0.08264353378754496,0.412,3.0990764330112115,0.003001199722290039,-0.23250621032714844,3,0,1,3.141592653589793,-0.052137792535277505,-0.08264353378754496,0.5880000000000001,0.04251622057858162,-0.028973317016894096,-0.11148747416760542,0.7592888888888892,0.04318110791267297,0,0,0,0,0,0,0,0
3.052149224707408,0.10577428185531607,0.366,3.100839215555726,0.014575708389282226,-0.34665496826171877,3,0,1,3.141592653589793,-0.05214922470740779,-0.10577428185531607,0.634,0.04075343803406728,-0.026536149939972005,-0.15324664092977158,0.7474985074626861,0.03286038186460008,0,0,0,0,0,0,0,0
3.05003141064896,0.1316141175064025,0.314,3.1038411818691563,0.04753239440917969,-0.3859814453125,3,0,1,3.141592653589793,-0.050031410648959884,-0.1316141175064025,0.6859999999999999,0.037751471720636864,-0.013683408739239813,-0.1838038849994924,0.8376888888888885,0.023456394037634887,0,0,0,0,0,0,0,0
3.0500878949819783,0.14037144486551362,0.265,3.1054294314884703,0.004111190795898437,-0.1312982940673828,3,0,1,3.141592653589793,-0.0500878949819783,-0.14037144486551362,0.735,0.036163222101322834,-0.02579835994403262,-0.08739452273276874,0.8365507246376813,0.029257788973870526,0,0,0,0,0,0,0,0
3.051157464101583,0.14757527719435726,0.218,3.1064591757471476,-0.012126192092895508,-0.10856689453125,3,0,1,3.141592653589793,-0.05115746410158284,-0.14757527719435726,0.782,0.03513347784264553,-0.031752351149888156,-0.08343398751755571,0.8748424242424244,0.030452822121385073,0,0,0,0,0,0,0,0
3.049483649562464,0.1571289743244126,0.183,3.106738428427467,0.030125507354736326,-0.14233509826660157,3,0,1,3.141592653589793,-0.049483649562464205,-0.1571289743244126,0.817,0.03485422516232628,-0.01597569146533468,-0.10127304193956368,0.8480444444444439,0.03352445049413936,0,0,0,0,0,0,0,0
3.0443539632345633,0.16852134302966548,0.146,3.1076285463459836,0.08285343933105468,-0.16810041809082032,3,0,1,3.141592653589793,-0.04435396323456331,-0.16852134302966548,0.854,0.033964107243809494,0.005314767606083473,-0.11402452740055598,0.8855437500000002,0.02979167950076206,0,0,0,0,0,0,0,0
3.036341139008634,0.17992021069139663,0.094,3.107523826590864,0.12592921447753908,-0.16680296325683594,3,0,1,3.141592653589793,-0.036341139008634116,-0.17992021069139663,0.906,0.034068826998929325,0.02310189605132692,-0.11480904148944518,0.9964417910447765,0.03453772142483902,0,0,0,0,0,0,0,0
3.034328256399171,0.18477370760147566,0.042,3.1021307592022014,0.03265553283691406,-0.07173175811767578,3,0,1,3.141592653589793,-0.03432825639917114,-0.18477370760147566,0.958,0.039461894387591734,-0.006407936175127851,-0.08423209953460192,1.0599483870967736,0.06555738175208727,0,0,0,0,0,0,0,0
3.030594752221165,0.18706234270591562,0.119,3.0978023426572556,0.05731332015991211,-0.03209340667724609,3,0,1,3.141592653589793,-0.030594752221165145,-0.18706234270591562,0.881,0.04379031093253749,0.0035786504753427713,-0.06960080547179968,0.3025611940298511,0.06317128053677222,0,0,0,0,0,0,0,0
3.025512126965499,0.18646311361433904,0,3.1049930991754726,0.07577281188964843,0.012317298889160156,3,0,1,3.141592653589793,-0.025512126965498982,-0.18646311361433904,1,0.0365995544143205,0.014395862174482568,-0.054307782526749254,1.45078125,0.0028928832351783618,0,0,0,0,0,0,0,0
