0.22003128315034529,-0.06832599951975377,0.718,-0.34707617505159244,-0.0017275198698043822,-0.017007474899291993,0.2205257045024674,-0.06729916680411707,0.721,-0.3475125073645911,0.0004944213521221041,0.001026832715636694,0.0030000000000000027,-0.00043633231299866626,0.00024721067606105207,0.0003080498146910082,0.0024000000000000024,-0.00043633231299866626,1425557983379,0,0,0,0,0,0,0
0.21987448317428193,-0.06944478842354551,0.718,-0.3474776007795512,0.0034965841770172117,-0.016581186294555662,0.2205257045024674,-0.06729916680411707,0.721,-0.3475125073645911,0.0006512213281854584,0.0021456216194284394,0.0030000000000000027,-0.000034906585039906624,0.0011331121949219834,0.006403617807457843,0.0024000000000000024,0.0017360892736016798,1425557983379,0,0,0,0,0,0,0
0.21918378659616,-0.07006205459412772,0.717,-0.34824554565042876,-0.006588313579559326,-0.012233640670776367,0.2205257045024674,-0.06729916680411707,0.721,-0.3475125073645911,0.0013419179063073883,0.0027628877900106458,0.0040000000000000036,0.0007330382858376505,0.004571327358930955,0.004316605442130537,0.008845161290322588,0.004448900564277443,1425557983379,0,0,0,0,0,0,0
0.21876166013052528,-0.07077758553190315,0.711,-0.34824554565042876,-0.002289196014404297,-0.012249449729919433,0.2205257045024674,-0.06729916680411707,0.721,-0.3475125073645911,0.0017640443719421084,0.0034784187277860784,0.010000000000000009,0.0007330382858376505,0.0030572063053395226,0.0047319427829870505,0.03888235294117651,0.0007330382858376505,1425557983379,0,0,0,0,0,0,0
0.22000380383570023,-0.07270819856659695,0.707,-0.3484549851606681,0.02739602279663086,-0.02086264991760254,0.2205257045024674,-0.06729916680411707,0.721,-0.3475125073645911,0.0005219006667671611,0.0054090317624798795,0.014000000000000012,0.0009424777960769792,-0.006424702166193202,0.012027371385606722,0.032738461538461563,0.0019091216894892655,1425557983379,0,0,0,0,0,0,0
0.21987393143775186,-0.07365218957092677,0.703,-0.3486644246709074,0.00300382137298584,-0.013974042892456054,0.2205257045024674,-0.06729916680411707,0.721,-0.3475125073645911,0.0006517730647155329,0.006353022766809699,0.018000000000000016,0.001151917306316308,0.0010178475696393007,0.0069251659353295695,0.03561212121212124,0.0021039150801314384,1425557983708,0,0,0,0,0,0,0
0.22110239031770373,-0.07495853096359754,0.698,-0.34815827918782905,0.02401266860961914,-0.012120665550231934,0.2205257045024674,-0.06729916680411707,0.721,-0.3475125073645911,-0.0005766858152363441,0.007659364159480472,0.02300000000000002,0.0006457718232379395,-0.00722030519324688,0.009690312119011777,0.04662580645161294,-0.0018033192239154563,1425557983770,0,0,0,0,0,0,0
0.22157311838941093,-0.07723462887892302,0.695,-0.34808846601774923,0.01828523254394531,-0.02968411636352539,0.2205257045024674,-0.06729916680411707,0.721,-0.3475125073645911,-0.0010474138869435434,0.009935462074805945,0.026000000000000023,0.0005759586531581262,-0.0029443980296497575,0.014720599604262023,0.03624117647058827,0.00026795937339424425,1425557983838,0,0,0,0,0,0,0
0.22282084279157216,-0.0804468596221383,0.69,-0.3487691444260271,0.03402886199951172,-0.038909717559814455,0.2205257045024674,-0.06729916680411707,0.721,-0.3475125073645911,-0.00229513828910477,0.013147692818021223,0.031000000000000028,0.0012566370614359723,-0.00819042363757753,0.02211077118566392,0.05302580645161295,0.004550242262780389,1425557983900,0,0,0,0,0,0,0
0.22727353368006456,-0.08364249093018107,0.689,-0.34944982283430476,0.07915037536621093,-0.022223503112792968,0.2205257045024674,-0.06729916680411707,0.721,-0.3475125073645911,-0.00674782917759717,0.016343324126064,0.03200000000000003,0.0019373154697136519,-0.026638010168201873,0.02164044634335628,0.030823880597014956,0.004985129238121172,1425557983967,0,0,0,0,0,0,0
0.23275967879188608,-0.08766149166720323,0.689,-0.35016540782762245,0.09795897674560547,-0.0284661865234375,0.2205257045024674,-0.06729916680411707,0.721,-0.3475125073645911,-0.012233974289418692,0.02036232486308616,0.03200000000000003,0.002652900463031349,-0.036130943011031216,0.02814449234766716,0.025600000000000026,0.006007205119208055,1425557984031,0,0,0,0,0,0,0
0.23978710868913644,-0.09192563938887308,0.693,-0.34871678454846716,0.12095709991455078,-0.023918998718261718,0.2205257045024674,-0.06729916680411707,0.721,-0.3475125073645911,-0.01926140418666905,0.024626472584756004,0.028000000000000025,0.0012042771838760569,-0.04636566170731626,0.029736724666246463,0.0015044776119403046,-0.005282095707864057,1425557984098,0,0,0,0,0,0,0
0.2477934728140066,-0.09758446748267131,0.689,-0.3497639820996638,0.14187080383300782,-0.03873784255981445,0.2205257045024674,-0.06729916680411707,0.721,-0.3475125073645911,-0.02726776831153921,0.03028530067855424,0.03200000000000003,0.0022514747350727005,-0.05887251193292018,0.04112274873846987,0.048180645161290364,0.00731855966021775,1425557984160,0,0,0,0,0,0,0
0.2541869621739123,-0.10366298218365484,0.688,-0.34941491624926485,0.12134022521972657,-0.052793800354003904,0.2205257045024674,-0.06729916680411707,0.721,-0.3475125073645911,-0.0336612576714449,0.03636381537953777,0.03300000000000003,0.0019024088846737452,-0.04673356940174207,0.03939498064452298,0.031066666666666694,0.0005061454830779244,1425557984235,0,0,0,0,0,0,0
0.2638555094649125,-0.1104190149013902,0.689,-0.3489436773512264,0.17095834350585937,-0.04556666946411133,0.2205257045024674,-0.06729916680411707,0.721,-0.3475125073645911,-0.043329804962445095,0.04311984809727312,0.03200000000000003,0.0014311699866352834,-0.08112453019598576,0.05456437826002666,0.019459649122807038,-0.0010490347398829365,1425557984292,0,0,0,0,0,0,0
0.2726740675816528,-0.1173910550036213,0.691,-0.3503923006303817,0.16006320190429688,-0.05305130767822266,0.2205257045024674,-0.06729916680411707,0.721,-0.3475125073645911,-0.05214836307918541,0.050091888199504234,0.030000000000000027,0.0028797932657905756,-0.07093333531959567,0.05057156307728157,0.01385507246376813,0.009178155349074454,1425557984361,0,0,0,0,0,0,0
0.28214761443162706,-0.12327857223009979,0.696,-0.3488913174736666,0.1637835388183594,-0.034167469024658205,0.2205257045024674,-0.06729916680411707,0.721,-0.3475125073645911,-0.06162190992915967,0.05597940542598272,0.025000000000000022,0.001378810109075479,-0.08623762198120012,0.05134983556785318,-0.009166666666666674,-0.006126105674500004,1425557984421,0,0,0,0,0,0,0
0.2916081527061908,-0.1298714838195282,0.702,-0.34951963600438457,0.1671658477783203,-0.04442341232299805,0.2205257045024674,-0.06729916680411707,0.721,-0.3475125073645911,-0.07108244820372339,0.06257231701541113,0.019000000000000017,0.002007128639793465,-0.0844478175598416,0.05296051150157787,-0.01568235294117648,0.0047791221576669336,1425557984489,0,0,0,0,0,0,0
0.2974677497737722,-0.135581177358123,0.706,-0.3491880234465056,0.11190862274169922,-0.050368072509765625,0.2205257045024674,-0.06729916680411707,0.721,-0.3475125073645911,-0.07694204527130483,0.06828201055400593,0.015000000000000013,0.0016755160819145187,-0.07180974370306803,0.053013791584263247,-0.010580645161290328,0.0000709391889518751,1425557984551,0,0,0,0,0,0,0
0.30458806724137183,-0.14230569155986597,0.711,-0.34936255637170516,0.13486955261230468,-0.05823878860473633,0.2205257045024674,-0.06729916680411707,0.721,-0.3475125073645911,-0.08406236273890444,0.0750065247557489,0.010000000000000009,0.0018500490071140518,-0.07899738714867105,0.057461479493969736,-0.01773529411764707,0.0026200472065237568,1425557984619,0,0,0,0,0,0,0
0.30801091132513314,-0.15052614859141933,0.713,-0.3509508059910198,0.09044891357421875,-0.09828348541259765,0.2205257045024674,-0.06729916680411707,0.721,-0.3475125073645911,-0.08748520682266575,0.08322698178730226,0.008000000000000007,0.003438298626428693,-0.0634368640953016,0.07177355299939897,-0.004890322580645163,0.011123377429564053,1425557984681,0,0,0,0,0,0,0
0.3102205725075166,-0.15652126640363292,0.719,-0.35266122865797433,0.06204060745239258,-0.07305047607421875,0.2205257045024674,-0.06729916680411707,0.721,-0.3475125073645911,-0.08969486800504922,0.08922209959951585,0.0020000000000000018,0.005148721293383229,-0.056175567087813884,0.056783027876335296,-0.02797746478873242,0.012375859322768594,1425557984752,0,0,0,0,0,0,0
0.3113494580293883,-0.16092322012151083,0.722,-0.35367351962413096,0.038697444915771484,-0.05611695861816406,0.2205257045024674,-0.06729916680411707,0.721,-0.3475125073645911,-0.0908237535269209,0.09362405331739376,-0.0010000000000000009,0.006161012259539855,-0.05248697367562137,0.05428445411213524,-0.018300000000000018,0.011222467090322985,1425557984812,0,0,0,0,0,0,0
0.3114147930408259,-0.1646069572211429,0.729,-0.3548952501005269,0.020057098388671875,-0.05149665069580078,0.2205257045024674,-0.06729916680411707,0.721,-0.3475125073645911,-0.09088908853835853,0.09730779041702584,-0.008000000000000007,0.00738274273593581,-0.04633256336440023,0.04873809272744453,-0.04242941176470591,0.012772730131800317,1425557984880,0,0,0,0,0,0,0
0.3090931157939085,-0.16819299984273034,0.732,-0.35671039252260117,-0.013963130950927735,-0.06254003143310546,0.2205257045024674,-0.06729916680411707,0.721,-0.3475125073645911,-0.08856741129144113,0.10089383303861327,-0.01100000000000001,0.009197885158010066,-0.031784110865915996,0.051159837141013076,-0.02573548387096776,0.017980832361595176,0,0,0,0,0,0,0,0
0.3045512634938278,-0.16988127420802948,0.734,-0.3582811888493961,-0.054996162414550784,-0.047519763946533206,0.2205257045024674,-0.06729916680411707,0.721,-0.3475125073645911,-0.08402555899136038,0.10258210740391241,-0.013000000000000012,0.010768681484804976,-0.020601476960322097,0.03970327885086108,-0.020122222222222243,0.01731366617978377,0,0,0,0,0,0,0,0
0.29993402886454174,-0.1711160305551775,0.735,-0.3597298121285513,-0.05836587905883789,-0.04163180160522461,0.2205257045024674,-0.06729916680411707,0.721,-0.3475125073645911,-0.07940832436207435,0.10381686375106042,-0.014000000000000012,0.012217304763960213,-0.012554742391824192,0.039378146148183496,-0.017234482758620703,0.019710183794073504,0,0,0,0,0,0,0,0
0.29416585584714017,-0.17244029810008993,0.735,-0.36306339099986046,-0.07399189758300781,-0.049050357818603514,0.2205257045024674,-0.06729916680411707,0.721,-0.3475125073645911,-0.07364015134467278,0.10514113129597286,-0.014000000000000012,0.015550883635269352,-0.008325241711490766,0.03911415704514953,-0.01120000000000001,0.030044704814874305,0,0,0,0,0,0,0,0
0.2866215119141927,-0.17243971549260995,0.735,-0.3658035579254915,-0.10579139709472657,-0.04018125915527344,0.2205257045024674,-0.06729916680411707,0.721,-0.3475125073645911,-0.06609580741172533,0.10514054868849287,-0.014000000000000012,0.018291050560900413,0.009434982460871759,0.03245747602694214,-0.01120000000000001,0.031767281342692515,0,0,0,0,0,0,0,0
0.28003630123907874,-0.17292043015188452,0.736,-0.3670427416944075,-0.08966339111328125,-0.04206656265258789,0.2205257045024674,-0.06729916680411707,0.721,-0.3475125073645911,-0.059510596736611354,0.10562126334776745,-0.015000000000000013,0.019530234329816376,0.0032943680153898897,0.03515112234222329,-0.017147058823529425,0.024997221545622096,0,0,0,0,0,0,0,0
0.27289957886404664,-0.1728547657225717,0.735,-0.3679503129054446,-0.10027392578125,-0.03749655151367187,0.2205257045024674,-0.06729916680411707,0.721,-0.3475125073645911,-0.05237387436157925,0.10555559891845462,-0.014000000000000012,0.020437805540853504,0.013223739581966563,0.03235191456163187,-0.005554838709677426,0.024829279142646057,0,0,0,0,0,0,0,0
0.2669468518873348,-0.17273556955466332,0.733,-0.36898005716412113,-0.08395748901367188,-0.03044999885559082,0.2205257045024674,-0.06729916680411707,0.721,-0.3475125073645911,-0.04642114738486741,0.10543640275054625,-0.01200000000000001,0.021467549799530028,0.006075115498173845,0.03215497488065166,0.0005449275362318824,0.02594469875029752,0,0,0,0,0,0,0,0
0.2610296714645252,-0.17171938720728563,0.732,-0.37140606482439337,-0.08828144073486328,-0.017794904708862306,0.2205257045024674,-0.06729916680411707,0.721,-0.3475125073645911,-0.040503966962057825,0.10442022040316856,-0.01100000000000001,0.02389355745980226,0.012217039209904277,0.026782965704776143,-0.003154838709677423,0.03544597488967004,0,0,0,0,0,0,0,0
0.25515453968106494,-0.16972327196356718,0.733,-0.3723659959129903,-0.09298493194580078,-0.0040833292007446285,0.2205257045024674,-0.06729916680411707,0.721,-0.3475125073645911,-0.03462883517859755,0.10242410515945011,-0.01200000000000001,0.024853488548399194,0.01152866643917054,0.02186609476480049,-0.014672463768115956,0.029088478645150365,0,0,0,0,0,0,0,0
0.24980555166271737,-0.1685034619416634,0.731,-0.3741811383350643,-0.08139313507080079,-0.012147825241088867,0.2205257045024674,-0.06729916680411707,0.721,-0.3475125073645911,-0.029279847160249978,0.10120429513754634,-0.010000000000000009,0.026668630970473173,0.015074821496439251,0.02468819866726609,0.0034754098360655766,0.0355955609150993,0,0,0,0,0,0,0,0
0.2447496466406854,-0.16725396073931081,0.729,-0.37460001735554305,-0.07744168090820312,-0.010274120330810547,0.2205257045024674,-0.06729916680411707,0.721,-0.3475125073645911,-0.02422394213821802,0.09995479393519374,-0.008000000000000007,0.02708750999095194,0.012918427422006183,0.024948971339599675,0.0038941176470588257,0.028935505669534744,1425557985661,0,0,0,0,0,0,0
0.2416184804432593,-0.16652206983494375,0.726,-0.3757170280768193,-0.04772747421264648,-0.006968361854553223,0.2205257045024674,-0.06729916680411707,0.721,-0.3475125073645911,-0.021092775940791897,0.09922290303082668,-0.0050000000000000044,0.028204520712228176,0.0061238306563361905,0.027090536254676043,0.01293548387096775,0.03360941129904867,1425557985661,0,0,0,0,0,0,0
0.23796379614844293,-0.16568099030511754,0.724,-0.3765373328252567,-0.05562564468383789,-0.0083795804977417,0.2205257045024674,-0.06729916680411707,0.721,-0.3475125073645911,-0.01743809164597554,0.09838182350100047,-0.0030000000000000027,0.029024825460665593,0.008278902888043251,0.026893538996159677,0.007459154929577471,0.032490901862513834,1425557985661,0,0,0,0,0,0,0
0.2346709493443876,-0.1644479115968793,0.724,-0.37767179683905283,-0.05273351287841797,-0.0009614229202270508,0.2205257045024674,-0.06729916680411707,0.721,-0.3475125073645911,-0.014145244841920201,0.09714874479276223,-0.0030000000000000027,0.030159289474461726,0.011434768228179805,0.02341222614650356,-0.0024000000000000024,0.03592775056156071,1425557985661,0,0,0,0,0,0,0
0.23155627574229817,-0.1630969452009872,0.725,-0.3782128489071711,-0.050900218963623046,0.0016079881191253661,0.2205257045024674,-0.06729916680411707,0.721,-0.3475125073645911,-0.011030571239830783,0.09579777839687012,-0.0040000000000000036,0.03070034154258,0.00924972595796514,0.02353518229266362,-0.00827246376811595,0.033052741838746416,1425557985661,0,0,0,0,0,0,0
0.22876385122561085,-0.16270941957109383,0.728,-0.37817794232213137,-0.04107255935668945,-0.01006490421295166,0.2205257045024674,-0.06729916680411707,0.721,-0.3475125073645911,-0.008238146723143464,0.09541025276697676,-0.007000000000000006,0.03066543495754026,0.010605448356985707,0.028143162370634155,-0.022535483870967758,0.030496532126702808,1425557985984,0,0,0,0,0,0,0
0.22560427444803513,-0.16228478095625676,0.724,-0.37948693926112703,-0.046396591186523437,-0.011579554557800293,0.2205257045024674,-0.06729916680411707,0.721,-0.3475125073645911,-0.00507856994556774,0.09498561415213969,-0.0030000000000000027,0.031974431896535926,0.012680624062099332,0.02808236575937988,0.01818823529411766,0.037749418392105036,1425557986052,0,0,0,0,0,0,0
0.2249351178522712,-0.16149369396624588,0.724,-0.37974873864892605,-0.013719040870666504,0.007303799152374267,0.2205257045024674,-0.06729916680411707,0.721,-0.3475125073645911,-0.004409413349803798,0.09419452716212881,-0.0030000000000000027,0.03223623128433495,0.0005274379036353176,0.025623266545238412,-0.0024000000000000024,0.033503002515620536,1425557986114,0,0,0,0,0,0,0
0.22389117055078184,-0.1598592737844331,0.725,-0.3804992302272836,-0.02363149070739746,0.016965040206909178,0.2205257045024674,-0.06729916680411707,0.721,-0.3475125073645911,-0.003365466048314447,0.09256010698031603,-0.0040000000000000036,0.0329867228626925,0.0026428842953269793,0.021249238198574355,-0.00834705882352942,0.03629771512015227,1425557986182,0,0,0,0,0,0,0
0.22291688460040063,-0.1555961558988235,0.724,-0.3812497218056413,-0.03731787490844726,0.05394573974609375,0.2205257045024674,-0.06729916680411707,0.721,-0.3475125073645911,-0.0023911800979332376,0.08829698909470643,-0.0030000000000000027,0.03373721444105021,0.003255287902223535,0.004371515720359095,0.0032451612903225823,0.03736862530407141,1425557986244,0,0,0,0,0,0,0
0.22148070875169987,-0.1525815013493701,0.724,-0.38053413681232356,-0.03682130813598633,0.03395745086669922,0.2205257045024674,-0.06729916680411707,0.721,-0.3475125073645911,-0.0009550042492324773,0.08528233454525302,-0.0030000000000000027,0.03302162944773246,0.005864806665082375,0.012074495108281754,-0.0024000000000000024,0.02986463683015414,1425557986312,0,0,0,0,0,0,0
0.22000961121140003,-0.14826275017538268,0.725,-0.3799407248666456,-0.04454879760742188,0.05195138168334961,3,0,1,0,2.7799903887886,0.14826275017538268,0.275,0.3799407248666456,1.3899951943943,0.0444788250526148,0.22000000000000003,0.3799407248666456,0,0,0,0,0,0,0,0
0.21821492636556095,-0.14413996904696147,0.727,-0.37055085349091604,-0.04793545150756836,0.04744777679443359,3,0,1,0,2.781785073634439,0.14413996904696147,0.273,0.37055085349091604,1.4021315521604898,0.02180164815085105,0.2079522388059702,0.3285066533010822,0,0,0,0,0,0,0,0
0.2189540952737999,-0.13946759157363448,0.73,-0.3453657523846379,-0.01504504680633545,0.06934392547607422,3,0,1,0,2.7810459047262,0.13946759157363448,0.27,0.3453657523846379,1.3900323133477503,0.016067063204448784,0.19933333333333333,0.22543669949759915,0,0,0,0,0,0,0,0
0.21942979410542965,-0.1327222883353639,0.737,-0.322868458326431,-0.02753926658630371,0.09762071990966797,3,0,1,0,2.7805702058945703,0.1327222883353639,0.263,0.322868458326431,1.393343295737924,0.0053729034687079805,0.1743705882352941,0.22361569042257712,0,0,0,0,0,0,0,0
0.22687427118287523,-0.12398121210569081,0.742,-0.3069510555482428,0.0642956314086914,0.15977192687988281,3,0,1,0,2.7731257288171247,0.12398121210569081,0.258,0.3069510555482428,1.3517635711954603,-0.01179886366627568,0.1781741935483871,0.2299313646860418,0,0,0,0,0,0,0,0
0.2387732326830078,-0.11393847070205697,0.75,-0.2904576941168963,0.1246251678466797,0.19752975463867187,3,0,1,0,2.7612267673169923,0.11393847070205697,0.25,0.2904576941168963,1.3284723436913661,-0.017080003513776795,0.1588235294117647,0.2176928642727206,0,0,0,0,0,0,0,0
0.2581392657034801,-0.0997261140130128,0.759,-0.2724982561138748,0.21726837158203124,0.2874494323730469,3,0,1,0,2.74186073429652,0.0997261140130128,0.241,0.2724982561138748,1.2724095556622075,-0.04982234540105358,0.14199354838709674,0.18559774964764164,0,0,0,0,0,0,0,0
0.2877620899164979,-0.08218166826124058,0.769,-0.25481807079117225,0.3571185607910156,0.37304580688476563,3,0,1,0,2.712237910083502,0.08218166826124058,0.23099999999999998,0.25481807079117225,1.216296426545359,-0.06510104407751059,0.13332941176470584,0.176817253191014,0,0,0,0,0,0,0,0
0.32305409670003765,-0.06030795784286811,0.784,-0.23731241839366912,0.4295805969238281,0.45095135498046873,3,0,1,0,2.6769459032999623,0.06030795784286811,0.21599999999999997,0.23731241839366912,1.156740613463146,-0.10284348231439164,0.08946666666666658,0.1539521688817495,0,0,0,0,0,0,0,0
0.37037895810181853,-0.03661946308450313,0.806,-0.22254693292179706,0.6064431762695313,0.512253662109375,3,0,1,0,2.6296210418981816,0.03661946308450313,0.19399999999999995,0.22254693292179706,1.0977203477645328,-0.10517768742331053,0.04674929577464776,0.16015755768853482,0,0,0,0,0,0,0,0
0.4228140311641266,-0.008552631401425571,0.809,-0.20998056230743786,0.6742078247070312,0.5842175903320312,3,0,1,0,2.5771859688358734,0.008552631401425571,0.19099999999999995,0.20998056230743786,0.995259403079225,-0.16331657499225996,0.1350033898305084,0.14608376257340805,0,0,0,0,0,0,0,0
0.48177296405982256,0.020127475316583095,0.808,-0.1980425102237967,0.775286865234375,0.605093994140625,3,0,1,0,2.5182270359401775,-0.020127475316583095,0.19199999999999995,0.1980425102237967,0.9750827533953819,-0.15305433598141446,0.15874705882352938,0.1453746333842034,0,0,0,0,0,0,0,0
0.5475430364808924,0.04962090724901976,0.813,-0.1877276143445101,0.880224853515625,0.6278585205078125,3,0,1,0,2.452456963519108,-0.04962090724901976,0.18700000000000006,0.1877276143445101,0.8759006693957633,-0.18081011444470357,0.12137419354838774,0.13781682783183297,0,0,0,0,0,0,0,0
0.6160524368465521,0.0800186569894708,0.816,-0.17912314113217806,0.9244906616210937,0.6397407836914063,3,0,1,0,2.383947563153448,-0.0800186569894708,0.18400000000000005,0.17912314113217806,0.8720503975719767,-0.17547902086523137,0.13220000000000004,0.14224682736504074,0,0,0,0,0,0,0,0
0.6909677291844608,0.10985217887012677,0.821,-0.1688606051304514,1.0260198974609376,0.64055419921875,3,0,1,0,2.309032270815539,-0.10985217887012677,0.17900000000000005,0.1688606051304514,0.7415193006226761,-0.20653511767165483,0.11403333333333336,0.11754792512181808,0,0,0,0,0,0,0,0
0.7732764780042776,0.13871168146518298,0.825,-0.16044811813583876,1.1443193359375,0.6342266845703125,3,0,1,0,2.2267235219957224,-0.13871168146518298,0.17500000000000004,0.16044811813583876,0.7152369983121565,-0.1897999722309622,0.11941176470588238,0.12333420492431241,0,0,0,0,0,0,0,0
0.8628972872036295,0.16827541116407077,0.831,-0.15210544431130585,1.25619873046875,0.6525281982421876,3,0,1,0,2.1371027127963704,-0.16827541116407077,0.16900000000000004,0.15210544431130585,0.5975275558474011,-0.21447648994670676,0.10186666666666669,0.11237842609924438,0,0,0,0,0,0,0,0
0.9585550384417213,0.19626533831909537,0.834,-0.1443212758474111,1.354684326171875,0.6324118041992187,3,0,1,0,2.0414449615582786,-0.19626533831909537,0.16600000000000004,0.1443212758474111,0.5566241746940571,-0.20282978728488713,0.11735882352941178,0.10997935615375787,0,0,0,0,0,0,0,0
1.0607071607721048,0.2174234154890651,0.843,-0.13709561274415455,1.470707275390625,0.5344456787109375,3,0,1,0,1.9392928392278952,-0.2174234154890651,0.15700000000000003,0.13709561274415455,0.431614149842229,-0.1827932588209198,0.07559999999999997,0.10268769320483759,0,0,0,0,0,0,0,0
1.16334265435843,0.2349195474240138,0.849,-0.12906709818498058,1.4892200927734376,0.4703821105957031,3,0,1,0,1.83665734564157,-0.2349195474240138,0.15100000000000002,0.12906709818498058,0.4128831906843444,-0.16205232546947174,0.08945671641791045,0.0931185255319628,0,0,0,0,0,0,0,0
1.2719310068412628,0.24714558539194897,0.855,-0.12210323446952327,1.59167333984375,0.391509765625,3,0,1,0,1.7280689931587372,-0.24714558539194897,0.14500000000000002,0.12210323446952327,0.2828172167133486,-0.14349361925560533,0.0821290322580645,0.08840711971731051,0,0,0,0,0,0,0,0
1.3835704720950008,0.2532870733864171,0.863,-0.1148426647812269,1.650903564453125,0.2954018249511719,3,0,1,0,1.6164295279049992,-0.2532870733864171,0.137,0.1148426647812269,0.2748244418853011,-0.1076453527982392,0.06902028985507244,0.08327497048428614,0,0,0,0,0,0,0,0
1.4939844126940875,0.25726320963550353,0.868,-0.10840239984136785,1.6384649658203125,0.2490348205566406,3,0,1,0,1.5060155873059125,-0.25726320963550353,0.132,0.10840239984136785,0.15330067369067912,-0.1006565454077359,0.07691147540983606,0.07672896571091349,0,0,0,0,0,0,0,0
1.6118388482191326,0.25847138869880876,0.872,-0.10285225282002591,1.7554791259765625,0.20927676391601563,3,0,1,0,1.3881611517808674,-0.25847138869880876,0.128,0.10285225282002591,0.13959560110393798,-0.08442692790419108,0.08239999999999999,0.0790659084428462,0,0,0,0,0,0,0,0
1.7373754579629044,0.2537555680794629,0.877,-0.09723229262860417,1.880360595703125,0.1229710693359375,3,0,1,0,1.2626245420370956,-0.2537555680794629,0.123,0.09723229262860417,-0.053422348292082256,-0.05006809013820866,0.06971147540983605,0.06959314414620213,0,0,0,0,0,0,0,0
1.8667642001525586,0.2460898474043412,0.88,-0.0922581042604203,1.94282666015625,0.0739715576171875,3,0,1,0,1.1332357998474414,-0.2460898474043412,0.12,0.0922581042604203,-0.0729767680777107,-0.03494643179670953,0.08032835820895522,0.06998561902974629,0,0,0,0,0,0,0,0
1.9956597514724403,0.2348267700833864,0.884,-0.08740608893987604,1.940775390625,0.009894282341003417,3,0,1,0,1.0043402485275597,-0.2348267700833864,0.11599999999999999,0.08740608893987604,-0.17696686580594312,-0.009187607179397927,0.07057777777777775,0.06430125408014148,0,0,0,0,0,0,0,0
2.1375699273309032,0.21966524159740602,0.888,-0.0841074166536067,2.14037939453125,-0.04073435974121094,3,0,1,0,0.8624300726690968,-0.21966524159740602,0.11199999999999999,0.0841074166536067,-0.27257954355092123,0.011843038350445645,0.06870447761194029,0.06933724223747531,0,0,0,0,0,0,0,0
2.284012095520727,0.20102510003823845,0.893,-0.07918558816298275,2.2123564453125,-0.09407840728759766,3,0,1,0,0.715987904479273,-0.20102510003823845,0.10699999999999998,0.07918558816298275,-0.4175953421345878,0.041662762521545285,0.0578222222222222,0.05574830963620205,0,0,0,0,0,0,0,0
2.429888915940213,0.18081986545171444,0.9,-0.07358308126408102,2.20527001953125,-0.1290397033691406,3,0,1,0,0.5701110840597869,-0.18081986545171444,0.09999999999999998,0.07358308126408102,-0.42741505144112424,0.04804256435366997,0.04397058823529408,0.048866139063043934,0,0,0,0,0,0,0,0
2.5625850320338017,0.16454965710384392,0.91,-0.06810274741281878,2.00299755859375,-0.09706201171875,3,0,1,0,0.4374149679661983,-0.16454965710384392,0.08999999999999997,0.06810274741281878,-0.4917463144669266,0.04067202546145864,0.015548387096774134,0.041585002971227344,0,0,0,0,0,0,0,0
2.689776845766245,0.14357629534741526,0.921,-0.062447880636357124,1.9248631591796874,-0.18403988647460937,3,0,1,0,0.3102231542337548,-0.14357629534741526,0.07899999999999996,0.062447880636357124,-0.45121305616782037,0.06140363359878849,0.007402898550724561,0.03786150334739338,0,0,0,0,0,0,0,0
2.805449304024805,0.12121077496637939,0.933,-0.05729915934297384,1.752641357421875,-0.22654678344726562,3,0,1,0,0.1945506959751948,-0.12121077496637939,0.06699999999999995,0.05729915934297384,-0.5167424808245019,0.08790849132049158,-0.014141935483871056,0.03238599179434504,0,0,0,0,0,0,0,0
2.90927195204382,0.1014122856830298,0.951,-0.052394784144869797,1.5717911376953124,-0.2073045196533203,3,0,1,0,0.09072804795617984,-0.1014122856830298,0.049000000000000044,0.052394784144869797,-0.44998370261218124,0.06942609681670456,-0.05344705882352886,0.030757834741469613,0,0,0,0,0,0,0,0
3.0030349228640034,0.0828413306429234,0.963,-0.04735078260660623,1.4191031494140625,-0.20452540588378906,3,0,1,0,-0.00303492286400342,-0.0828413306429234,0.03700000000000003,0.04735078260660623,-0.49179288644573343,0.0778780692620506,-0.03814193548387099,0.022944323550492206,1425557988589,0,0,0,0,0,0,0
3.0843694530204298,0.06594000191290232,0.98,-0.04392993727269738,1.230650390625,-0.19548855590820313,3,0,1,0,-0.08436945302042975,-0.06594000191290232,0.020000000000000018,0.04392993727269738,-0.42184404051150937,0.06505972533225257,-0.07150000000000006,0.028837972564275983,1425557988589,0,0,0,0,0,0,0
3.1497226194483763,0.051000982602913754,0.988,-0.04089306437422717,0.989192626953125,-0.18081854248046875,3,0,1,0,-0.14972261944837628,-0.051000982602913754,0.01200000000000001,0.04089306437422717,-0.40490900596934043,0.06685085087093821,-0.035561290322580666,0.026198518091306796,0,0,0,0,0,0,0,0
3.199449920471742,0.041596029929021824,0.996,-0.039479347680111784,0.7510532836914062,-0.11046232604980469,3,0,1,0,-0.19944992047174193,-0.041596029929021824,0.0040000000000000036,0.039479347680111784,-0.31692846061050833,0.03371872249365703,-0.03797647058823533,0.03324236226489685,0,0,0,0,0,0,0,0
3.2393681319915753,0.034178074792690125,0.999,-0.03895574890451352,0.6026983032226563,-0.08754959106445312,3,0,1,0,-0.23936813199157525,-0.034178074792690125,0.0010000000000000009,0.03895574890451352,-0.3064313735603145,0.029390627172122364,-0.016135483870967752,0.03642220644194126,0,0,0,0,0,0,0,0
3.2689343513393685,0.027692084287879955,1,-0.03909537524467292,0.4469458618164063,-0.07994380187988281,3,0,1,0,-0.2689343513393685,-0.027692084287879955,0,0.03909537524467292,-0.2460288818878131,0.022341715432431124,-0.005072463768115946,0.03970244628884425,0,0,0,0,0,0,0,0
3.287612499674052,0.022876225375457394,0.995,-0.0389382956119935,0.28278158569335937,-0.061232036590576175,3,0,1,0,-0.2876124996740521,-0.022876225375457394,0.0050000000000000044,0.0389382956119935,-0.2110138593569622,0.018058638322494335,0.03222580645161292,0.03817823287322211,0,0,0,0,0,0,0,0
3.2937533758350366,0.02019010857898627,0.989,-0.038030724400956485,0.09361181640625,-0.03667538833618164,3,0,1,0,-0.2937533758350366,-0.02019010857898627,0.01100000000000001,0.038030724400956485,-0.1399951991440021,0.0052894720014807686,0.03923478260869568,0.03408476261383902,0,0,0,0,0,0,0,0
3.2911166068131235,0.019775153457677993,0.982,-0.036459928074161575,-0.039286277770996095,-0.007723637104034424,3,0,1,0,-0.29111660681312346,-0.019775153457677993,0.018000000000000016,0.036459928074161575,-0.0925760213473735,-0.005842444392469974,0.05456393442622956,0.028734700237465296,0,0,0,0,0,0,0,0
3.2811700210727297,0.01996800689993126,0.973,-0.03661700770684099,-0.149205078125,-0.0025476927757263185,3,0,1,0,-0.2811700210727297,-0.01996800689993126,0.027000000000000024,0.03661700770684099,-0.05247204259185822,-0.009273210488586446,0.06725217391304353,0.03729996263153409,0,0,0,0,0,0,0,0
3.262103041616032,0.021306590662340297,0.967,-0.037926004645836765,-0.28654803466796874,0.009595001220703125,3,0,1,0,-0.26210304161603215,-0.021306590662340297,0.03300000000000003,0.037926004645836765,0.015848570297222433,-0.016389939176000196,0.06082622950819677,0.044363694509750425,0,0,0,0,0,0,0,0
3.2369846075322384,0.0232893483532541,0.962,-0.038030724400956485,-0.3776332702636719,0.015433775901794433,3,0,1,0,-0.23698460753223838,-0.0232893483532541,0.038000000000000034,0.038030724400956485,0.048131993789506375,-0.019525575071320085,0.0561352941176471,0.03849272332060231,0,0,0,0,0,0,0,0
3.208595264409612,0.025940297846988446,0.954,-0.03705334001983954,-0.42704412841796874,0.023544384002685548,3,0,1,0,-0.20859526440961185,-0.025940297846988446,0.04600000000000004,0.03705334001983954,0.09317369935618991,-0.025096609900796193,0.0819612903225807,0.03232406075637043,0,0,0,0,0,0,0,0
3.1770248122718514,0.027007533034284503,0.943,-0.03764675196551761,-0.4738247680664063,-0.0015453059673309327,3,0,1,0,-0.1770248122718514,-0.027007533034284503,0.05700000000000005,0.03764675196551761,0.11107110193766125,-0.015963230402372196,0.10221764705882361,0.04026474584350911,0,0,0,0,0,0,0,0
3.1446928984117326,0.028367707675232636,0.935,-0.03796091123087666,-0.4854029846191406,0.0021346025466918946,3,0,1,0,-0.1446928984117326,-0.028367707675232636,0.06499999999999995,0.03796091123087666,0.1442726717705751,-0.018452557945983983,0.09644444444444383,0.039456907732586415,0,0,0,0,0,0,0,0
3.117798223636445,0.029307395487113523,0.928,-0.03930481475491234,-0.4036644287109375,-0.0012253551483154296,3,0,1,0,-0.11779822363644499,-0.029307395487113523,0.07199999999999995,0.03930481475491234,0.11644663580691747,-0.016034495978938867,0.09362941176470588,0.045233800890363884,0,0,0,0,0,0,0,0
3.0868466217951744,0.03075102509922418,0.926,-0.03925245487735253,-0.464766357421875,0.0033942131996154783,3,0,1,0,-0.08684662179517444,-0.03075102509922418,0.07399999999999995,0.03925245487735253,0.16539259381033788,-0.01967049407660587,0.07031111111111109,0.03900312212706771,1425557989632,0,0,0,0,0,0,0
3.061636629119431,0.030622247754624098,0.923,-0.03876376268679406,-0.37778280639648437,-0.01676967239379883,3,0,1,0,-0.0616366291194308,-0.030622247754624098,0.07699999999999996,0.03876376268679406,0.13769694163379115,-0.010959495795704115,0.07727164179104476,0.036575588699218814,1425557989632,0,0,0,0,0,0,0
3.038896362627084,0.02858994135290617,0.923,-0.03853686988403483,-0.33966635131835937,-0.043680858612060544,3,0,1,0,-0.03889636262708418,-0.02858994135290617,0.07699999999999996,0.03853686988403483,0.1379397339988237,-0.00026400827492047835,0.06159999999999997,0.03750553896240198,1425557989632,0,0,0,0,0,0,0
3.0227341821522673,0.02550468427909989,0.927,-0.03989822670059031,-0.24046971130371095,-0.05558478164672852,3,0,1,0,-0.0227341821522673,-0.02550468427909989,0.07299999999999995,0.03989822670059031,0.11380087652341078,0.006740363038308238,0.036524999999999946,0.04627958677819411,1425557989632,0,0,0,0,0,0,0
3.0109526339793233,0.023582500278817854,0.933,-0.040840704496667234,-0.17543251037597657,-0.03585888671875,3,0,1,0,-0.010952633979323334,-0.023582500278817854,0.06699999999999995,0.040840704496667234,0.09780667519113478,0.0012809361771114348,0.019729032258064452,0.04540108092929751,1425557989632,0,0,0,0,0,0,0
3.0028341340595333,0.01974537557039344,0.937,-0.040352012306108874,-0.11932594299316407,-0.062480972290039065,3,0,1,-0.040840704496667234,-0.0028341340595332554,-0.01974537557039344,0.06299999999999994,-0.0004886921905583597,-0.0014170670297666277,-0.005923612671118032,0.05039999999999996,-0.0004886921905583597,1425557989632,0,0,0,0,0,0,0
2.99929941364724,0.016498492927063145,0.939,-0.041713369122664455,-0.05101290512084961,-0.05080250930786133,3,0,1,-0.040840704496667234,0.0007005863527598244,-0.016498492927063145,0.061000000000000054,0.0008726646259972215,0.020304794383508587,0.013369399268614714,0.0375096774193555,0.007459875028685517,1425557990022,0,0,0,0,0,0,0
2.9985884720429246,0.011736538475304203,0.947,-0.04448844263333542,-0.007676154136657715,-0.0718118896484375,3,0,1,-0.040840704496667234,0.0014115279570754424,-0.011736538475304203,0.05300000000000005,0.0036477381366681882,0.0043664164385941,0.020970888223801772,0.0012235294117647136,0.01589070950727539,1425557990090,0,0,0,0,0,0,0
2.998853060397226,0.008557430676457305,0.947,-0.044907321653814086,0.006085701942443848,-0.04746292495727539,3,0,1,-0.040840704496667234,0.0011469396027741219,-0.008557430676457305,0.05300000000000005,0.004066617157146853,-0.0009180688290816675,0.015355831562078558,0.04240000000000004,0.006093451127204906,1425557990152,0,0,0,0,0,0,0
3.00101652077477,0.0056451024193305555,0.949,-0.046286131762889565,0.03438030242919922,-0.04218404388427734,3,0,1,-0.040840704496667234,-0.0010165207747698801,-0.0056451024193305555,0.051000000000000045,0.005445427266222332,-0.011642304142002667,0.013269039938616566,0.030505882352941206,0.011528413041555326,1425557990220,0,0,0,0,0,0,0
3.0019804045303795,0.002946830986845645,0.946,-0.04759512870188535,0.01631549072265625,-0.03976174545288086,3,0,1,-0.040840704496667234,-0.0019804045303795093,-0.002946830986845645,0.05400000000000005,0.006754424205218115,-0.0064312953105604195,0.014318946921739002,0.0601354838709678,0.013088280361649326,1425557990282,0,0,0,0,0,0,0
3.0025756506242605,0.0007668531903919388,0.95,-0.048432886742842664,0.010474337577819823,-0.03223783493041992,3,0,1,-0.040840704496667234,-0.0025756506242604615,-0.0007668531903919388,0.050000000000000044,0.00759218224617543,-0.004353157194068535,0.010960715311393823,0.01941176470588237,0.011288173603340054,1425557990350,0,0,0,0,0,0,0
3.0042287545226602,-0.0024376088768900037,0.948,-0.04996877648459767,0.02709459114074707,-0.04681006622314453,3,0,1,-0.040840704496667234,-0.00422875452266025,0.0024376088768900037,0.052000000000000046,0.009128071987930433,-0.011450602447518943,0.01879279651527392,0.05289032258064521,0.01655979654480948,1425557990412,0,0,0,0,0,0,0
3.005222337157901,-0.005727233329922183,0.949,-0.050352748920036425,0.017349788665771484,-0.04853836441040039,3,0,1,-0.040840704496667234,-0.005222337157900991,0.005727233329922183,0.051000000000000045,0.009512044423369191,-0.007732935087900315,0.018625763718398223,0.03565294117647062,0.011206040462069593,1425557990480,0,0,0,0,0,0,0
3.0071303303412984,-0.0085154933694613,0.954,-0.05010840282475719,0.030688682556152345,-0.04033041000366211,3,0,1,-0.040840704496667234,-0.0071303303412983965,0.0085154933694613,0.04600000000000004,0.009267698328089956,-0.014348253475903542,0.018275808411631164,0.00857419354838711,0.008085378512222689,1425557990542,0,0,0,0,0,0,0
3.009391536108377,-0.011750722877469987,0.95,-0.051731559029111904,0.03630617904663086,-0.04676866149902344,3,0,1,-0.040840704496667234,-0.009391536108377174,0.011750722877469987,0.050000000000000044,0.01089085453244467,-0.016184291584005243,0.01992489208117331,0.060289855072463816,0.017948055420943427,1425557990611,0,0,0,0,0,0,0
3.009793862666374,-0.013523687329868906,0.952,-0.052586770362589116,0.007401984691619873,-0.02624683380126953,3,0,1,-0.040840704496667234,-0.009793862666374054,0.013523687329868906,0.04800000000000004,0.011746065865921883,-0.007192841043367626,0.014063251937924234,0.02710967741935487,0.015884185221456782,1425557990673,0,0,0,0,0,0,0
3.009592551696345,-0.013322586519365222,0.963,-0.052970742798027985,-0.00317404580116272,0.002853621006011963,3,0,1,-0.040840704496667234,-0.009592551696345097,0.013322586519365222,0.03700000000000003,0.012130038301360752,-0.003821147183123102,0.002998073157017914,-0.025400000000000013,0.013775634453241618,1425557990743,0,0,0,0,0,0,0
3.0079449998700314,-0.013986514832312114,0.962,-0.054140113396864135,-0.024151329040527345,-0.011253424644470215,3,0,1,-0.040840704496667234,-0.007944999870031388,0.013986514832312114,0.038000000000000034,0.013299408900196902,0.00544439364652232,0.008020712223884705,0.03613770491803282,0.01905041184529272,1425557990804,0,0,0,0,0,0,0
3.003660986573181,-0.01295596316940351,0.965,-0.054873151682701723,-0.06500254821777343,0.011958270072937012,3,0,1,-0.040840704496667234,-0.0036609865731809244,0.01295596316940351,0.03500000000000003,0.01403244718603449,0.019550737872044574,-0.0012415671617289062,0.013000000000000013,0.017174039839624154,1425557990874,0,0,0,0,0,0,0
2.9992293574542535,-0.012435899388520806,0.968,-0.05503023131538125,-0.06680223083496094,0.004143383502960205,3,0,1,-0.040840704496667234,0.0007706425457465471,0.012435899388520806,0.03200000000000003,0.014189526818714014,0.026198118193193693,0.0007289281696999787,0.00810000000000001,0.014974924982111636,1425557990934,0,0,0,0,0,0,0
2.994957335245275,-0.012422717023686072,0.967,-0.05665338751973597,-0.06399420547485352,-0.0033271398544311524,3,0,1,-0.040840704496667234,0.005042664754725035,0.012422717023686072,0.03300000000000003,0.015812683023068735,0.024474738054342225,0.0036992758890705,0.03154705882352944,0.022973666277574856,1425557991002,0,0,0,0,0,0,0
2.9902731602535084,-0.013209925087365083,0.968,-0.05841617006425019,-0.06948128509521484,-0.01576766300201416,3,0,1,-0.040840704496667234,0.009726839746491578,0.013209925087365083,0.03200000000000003,0.017575465567582958,0.03127742992644957,0.008455395357476518,0.01995483870967744,0.026105058524909845,1425557991064,0,0,0,0,0,0,0
2.985493984141368,-0.013507959368485593,0.972,-0.05855579640440971,-0.07130435943603515,-0.008648224830627441,3,0,1,-0.040840704496667234,0.014506015858632093,0.013507959368485593,0.028000000000000025,0.017715091907742474,0.031130129413705868,0.005600516130462613,0.0024000000000000063,0.018313490508426112,1425557991134,0,0,0,0,0,0,0
2.98076737935589,-0.01351246187286132,0.978,-0.059061941887488076,-0.07077360534667969,-0.004216601371765136,3,0,1,-0.040840704496667234,0.01923262064411002,0.01351246187286132,0.02200000000000002,0.018221237390820842,0.03718095206674997,0.004146067562154907,-0.017400000000000016,0.020751964806212685,1425557991194,0,0,0,0,0,0,0
2.97401894096408,-0.012937199416987262,0.981,-0.05893976883984857,-0.10155941772460937,0.002638728141784668,3,0,1,-0.040840704496667234,0.025981059035919962,0.012937199416987262,0.019000000000000017,0.018099064343181336,0.047735586503788105,0.0009951118127860675,-0.00024117647058823424,0.017560065603595278,1425557991262,0,0,0,0,0,0,0
2.968194033105322,-0.012719622031090849,0.984,-0.05831145030913058,-0.08741414642333985,-0.0018888061046600341,3,0,1,-0.040840704496667234,0.03180596689467796,0.012719622031090849,0.016000000000000014,0.01747074581246335,0.04881569512698827,0.0026703750255161716,-0.004135483870967741,0.01443049485737632,1425557991324,0,0,0,0,0,0,0
2.962652106862732,-0.013499133071569198,0.986,-0.058293997016610574,-0.08230617523193359,-0.016517412185668944,3,0,1,-0.040840704496667234,0.03734789313726816,0.013499133071569198,0.014000000000000012,0.01745329251994334,0.04684110400170134,0.008095843685663861,0.0010550724637681183,0.017377408639421565,1425557991393,0,0,0,0,0,0,0
2.955191061900076,-0.015289887184966405,0.987,-0.05927138139772752,-0.11016060638427734,-0.03333600234985352,3,0,1,-0.040840704496667234,0.044808938099924145,0.015289887184966405,0.013000000000000012,0.01843067690106029,0.06329167377182848,0.014482000495449588,0.004931250000000005,0.023012166187545983,1425557991457,0,0,0,0,0,0,0
2.947335905766375,-0.0160347643423266,0.988,-0.06003932626860503,-0.11695857238769532,-0.01813323783874512,3,0,1,-0.040840704496667234,0.05266409423362495,0.0160347643423266,0.01200000000000001,0.019198621771937797,0.06517665436514831,0.008595591416658437,0.0046704225352112725,0.02244345925451882,1425557991528,0,0,0,0,0,0,0
2.945510540148582,-0.01702551823803244,0.991,-0.060667644799322906,-0.026439422607421874,-0.016477449417114258,3,0,1,-0.040840704496667234,0.054489459851418065,0.01702551823803244,0.009000000000000008,0.019826940302655673,0.0386061808794856,0.011314169034386872,-0.011221052631578956,0.02313387993801291,1425557991585,0,0,0,0,0,0,0
2.9431228654526516,-0.018928093851413447,0.992,-0.06117379028240128,-0.0340189208984375,-0.030657617568969727,3,0,1,-0.040840704496667234,0.05687713454734844,0.018928093851413447,0.008000000000000007,0.020333085785734048,0.04056982032887193,0.015327492898422473,0.0014000000000000028,0.0225022807132128,1425557991655,0,0,0,0,0,0,0
2.9404763571948047,-0.019626786134794218,0.992,-0.061557762717840143,-0.03898264312744141,-0.012887720108032227,3,0,1,-0.040840704496667234,0.05952364280519529,0.019626786134794218,0.008000000000000007,0.02071705822117291,0.04542838000126653,0.010111703574600384,0.006400000000000006,0.02263692039836722,1425557991715,0,0,0,0,0,0,0
2.942062074904447,-0.019674484785356525,0.995,-0.06171484235051956,0.02378472900390625,0.0007491493821144104,3,0,1,-0.040840704496667234,0.057937925095552956,0.019674484785356525,0.0050000000000000044,0.020874137853852323,0.020952774743075928,0.006312662143363669,-0.011671641791044785,0.02157747949271537,1425557991782,0,0,0,0,0,0,0
2.9433531324797317,-0.020512002919340855,0.992,-0.062395520758797236,0.02010381317138672,-0.011344452857971192,3,0,1,-0.040840704496667234,0.05664686752026826,0.020512002919340855,0.008000000000000007,0.021554816262130003,0.021453991372799908,0.010980546612357082,0.023066666666666687,0.024796142015833238,1425557991845,0,0,0,0,0,0,0
2.9444315588760994,-0.019716635380622016,0.99,-0.06218608124855802,0.015400989532470703,0.012915976524353027,3,0,1,-0.040840704496667234,0.05556844112390058,0.019716635380622016,0.010000000000000009,0.021345376751890785,0.022574382700543977,0.0020086616325534212,0.01829411764705884,0.020421378912600117,1425557991913,0,0,0,0,0,0,0
2.9480981496342444,-0.01843192470500724,0.992,-0.06078981784696253,0.053694957733154296,0.022651371002197267,3,0,1,-0.040840704496667234,0.051901850365755564,0.01843192470500724,0.008000000000000007,0.019949113350295297,0.005954560929791998,-0.0014086174806483961,-0.004711111111111114,0.013300240009364403,1425557991976,0,0,0,0,0,0,0
2.9516883332000496,-0.018017073888167246,0.99,-0.06099925735720186,0.0533752326965332,0.009482951164245605,3,0,1,-0.040840704496667234,0.04831166679995036,0.018017073888167246,0.010000000000000009,0.020158552860534626,0.006083383736206597,0.0034811988584720985,0.01829411764705884,0.021082550699825783,1425557992044,0,0,0,0,0,0,0
2.9544415344858184,-0.01770939443672501,0.988,-0.06145304296272042,0.04093986129760742,0.007124194622039795,3,0,1,-0.040840704496667234,0.045558465514181634,0.01770939443672501,0.01200000000000001,0.020612338466053183,0.007671650019521031,0.00379823627574547,0.02089032258064518,0.02280807526694943,1425557992106,0,0,0,0,0,0,0
2.9584901802053976,-0.016080545376379384,0.988,-0.06161012259539995,0.05911452865600586,0.028116291046142577,3,0,1,-0.040840704496667234,0.04150981979460244,0.016080545376379384,0.01200000000000001,0.020769418098732714,0.0012609517525226203,-0.0029716387474536914,0.00960000000000001,0.021433134856533552,1425557992177,0,0,0,0,0,0,0
2.964719982692846,-0.0164185987271661,0.987,-0.06337290513991417,0.09358195495605469,0.00069246244430542,3,0,1,-0.040840704496667234,0.03528001730715413,0.0164185987271661,0.013000000000000012,0.022532200643246937,-0.01821518328878144,0.007141143918029905,0.01623333333333335,0.03134611336581805,1425557992237,0,0,0,0,0,0,0
2.970519146982014,-0.015846750626668522,0.987,-0.06387905062299241,0.08626961517333985,0.014069461822509765,3,0,1,-0.040840704496667234,0.029480853017985975,0.015846750626668522,0.013000000000000012,0.02303834612632518,-0.01504864056081571,0.002020962734582174,0.01040000000000001,0.02530466918488448,1425557992304,0,0,0,0,0,0,0
2.9779603911996815,-0.015361057916360782,0.982,-0.06347762489503388,0.11092594146728516,0.014395777702331542,3,0,1,-0.040840704496667234,0.022039608800318522,0.015361057916360782,0.018000000000000016,0.022636920398366643,-0.029801481560725922,0.0021739057495632976,0.042177777777777814,0.0207253693128498,1425557992367,0,0,0,0,0,0,0
2.9864777577220387,-0.014667587761471798,0.98,-0.06485643500410936,0.12684333038330078,0.0184855899810791,3,0,1,-0.040840704496667234,0.013522242277961283,0.014667587761471798,0.020000000000000018,0.024015730507442122,-0.034114048192992914,0.0013036827261730857,0.025722222222222244,0.029760772628589952,1425557992439,0,0,0,0,0,0,0
2.9944917916847027,-0.012654142764575108,0.978,-0.06553711341238704,0.11800037384033203,0.03792913818359375,3,0,1,-0.040840704496667234,0.005508208315297303,0.012654142764575108,0.02200000000000002,0.0246964089157198,-0.04507455514896188,-0.008072075014141849,0.0296689655172414,0.028217159303362972,1425557992497,0,0,0,0,0,0,0
3.0034314157448905,-0.011851479654692583,0.977,-0.06558947328994684,0.1330179901123047,0.02079596710205078,3,0,1,-0.040840704496667234,-0.003431415744890476,0.011851479654692583,0.02300000000000002,0.024748768793279606,-0.0471989216650912,-0.0002860700637796628,0.023547058823529435,0.02497976825310227,1425557992565,0,0,0,0,0,0,0
3.011431608712463,-0.009665030651804489,0.975,-0.06778858814745985,0.11759528350830079,0.04059149932861328,3,0,1,-0.040840704496667234,-0.01143160871246307,0.009665030651804489,0.025000000000000022,0.026947883650792613,-0.048271639929598466,-0.00857755519130821,0.030769230769230795,0.03709764453162188,1425557992630,0,0,0,0,0,0,0
3.0204753686679346,-0.00827991851827594,0.974,-0.06878342582109657,0.13393748474121095,0.029917877197265626,3,0,1,-0.040840704496667234,-0.020475368667934646,0.00827991851827594,0.026000000000000023,0.02794272132442934,-0.060781736122422776,-0.005033949742208725,0.026445161290322605,0.032756452003316734,1425557992692,0,0,0,0,0,0,0
3.0277541213484866,-0.008671257284226616,0.975,-0.0697957167872532,0.10932656097412109,0.0016477420330047608,3,0,1,-0.040840704496667234,-0.02775412134848665,0.008671257284226616,0.025000000000000022,0.028955012290585967,-0.05085066985434169,0.004922773389756772,0.014852941176470602,0.033421001847159314,1425557992760,0,0,0,0,0,0,0
3.0347934341540554,-0.008216165667909819,0.974,-0.06914994496401532,0.1048565444946289,0.014173480033874511,3,0,1,-0.040840704496667234,-0.03479343415405545,0.008216165667909819,0.026000000000000023,0.028309240467348083,-0.056035371276190696,0.0002488916836414371,0.02635555555555558,0.025234136547167683,1425557992823,0,0,0,0,0,0,0
3.0428965669480417,-0.008215563697783208,0.979,-0.0703891287329314,0.1212558822631836,0.008407279014587403,3,0,1,-0.040840704496667234,-0.04289656694804167,0.008215563697783208,0.02100000000000002,0.02954842423626417,-0.0627161151199547,0.0027794860575818168,-0.008935294117647062,0.03501541145207045,1425557992891,0,0,0,0,0,0,0
3.0462972555451757,-0.008050681742181608,0.982,-0.07122688677388862,0.05071006774902344,0.006054713249206543,0,0,0.7,undefined,-3.0462972555451757,0.008050681742181608,-0.28200000000000003,0,-1.5231486277725879,0.0024152045226544824,-0.22560000000000002,0,0,0,0,0,0,0,0,0
3.0497834017952834,-0.007907209359498528,0.985,-0.0731816555361223,0.052006446838378906,0.005868090629577637,0,0,0.7,undefined,-3.0497834017952834,0.007907209359498528,-0.28500000000000003,0,-1.544908953427593,0.0016390789169922816,-0.24344117647058827,0,0,0,0,0,0,0,0,0
3.052909264022274,-0.009482716572851395,0.986,-0.07681194038027048,0.04849036407470703,-0.02014107894897461,0,0,0.7,undefined,-3.052909264022274,0.009482716572851395,-0.28600000000000003,0,-1.54806728491074,0.011750063491938648,-0.2344451612903226,0,0,0,0,0,0,0,0,0
3.0556968803538473,-0.010739859043321481,0.99,-0.08049458510197846,0.04313798141479492,-0.015592859268188477,0,0,0.7,undefined,-3.0556968803538473,0.010739859043321481,-0.29000000000000004,0,-1.5482409957485186,0.009711103248852148,-0.2525882352941177,0,0,0,0,0,0,0,0,0
3.0567583946303407,-0.013779356522188,0.989,-0.08419468311620658,0.019537141799926758,-0.04416452789306641,0,0,0.7,undefined,-3.0567583946303407,0.013779356522188,-0.28900000000000003,0,-1.5423113371581816,0.021319362958219595,-0.22555483870967746,0,0,0,0,0,0,0,0,0
3.05359528300889,-0.01874909671028212,0.985,-0.08866272600131198,-0.0410096321105957,-0.07827207946777344,0,0,0.7,undefined,-3.05359528300889,0.01874909671028212,-0.28500000000000003,0,-1.5207995736956328,0.030873595422704698,-0.20771014492753626,0,0,0,0,0,0,0,0,0
3.0427474484809856,-0.024640932460989223,0.981,-0.09220574438286055,-0.15425283813476562,-0.1024384765625,0,0,0.7,undefined,-3.0427474484809856,0.024640932460989223,-0.281,0,-1.4720691533833012,0.040707959593815936,-0.20221935483870968,0,0,0,0,0,0,0,0,0
3.0224134655995964,-0.032337989637653594,0.977,-0.09517280411125084,-0.2930834655761719,-0.14304922485351562,0,0,0.7,undefined,-3.0224134655995964,0.032337989637653594,-0.277,0,-1.4235857125223328,0.04826463611405303,-0.2016,0,0,0,0,0,0,0,0,0
2.995881327046025,-0.042587379399782126,0.969,-0.09885544883295894,-0.3815711364746094,-0.19086500549316407,0,0,0.7,undefined,-2.995881327046025,0.042587379399782126,-0.269,0,-1.3590162782195545,0.07266782653275938,-0.1685333333333333,0,0,0,0,0,0,0,0,0
2.960111361823514,-0.056425210973582066,0.962,-0.1023286540444277,-0.5134441528320313,-0.2595085754394531,0,0,0.7,undefined,-2.960111361823514,0.056425210973582066,-0.262,0,-1.3138048644476394,0.08829357130305249,-0.1735705882352941,0,0,0,0,0,0,0,0,0
2.9152995051632553,-0.07134528943283595,0.951,-0.10402162341886212,-0.6458003540039062,-0.2912935485839844,0,0,0.7,undefined,-2.9152995051632553,0.07134528943283595,-0.251,0,-1.224346378360599,0.10581594518659199,-0.13870322580645156,0,0,0,0,0,0,0,0,0
2.864031401128587,-0.08607898275587328,0.936,-0.10574949937833644,-0.7419168090820313,-0.2996614685058594,0,0,0.7,undefined,-2.864031401128587,0.08607898275587328,-0.2360000000000001,0,-1.1857829320355522,0.10303453140777682,-0.11044179104477672,0,0,0,0,0,0,0,0,0
2.806068682036926,-0.0997549231082671,0.925,-0.10676179034449317,-0.842930908203125,-0.2957648010253906,0,0,0.7,undefined,-2.806068682036926,0.0997549231082671,-0.2250000000000001,0,-1.1094322903261495,0.10502440079385492,-0.11984375000000003,0,0,0,0,0,0,0,0,0
2.7396939329176666,-0.11127362747657558,0.91,-0.10608111193621537,-0.9715411987304687,-0.27788931274414064,0,0,0.7,undefined,-2.7396939329176666,0.11127362747657558,-0.21000000000000008,0,-1.0534567895595917,0.0930528283234068,-0.09079411764705883,0,0,0,0,0,0,0,0,0
2.664446166884902,-0.12187005999696143,0.893,-0.10581931254841624,-1.1055419921875,-0.27756405639648435,0,0,0.7,undefined,-2.664446166884902,0.12187005999696143,-0.19300000000000006,0,-0.9343338252891006,0.09683843924178924,-0.058432258064516115,0,0,0,0,0,0,0,0,0
2.582278115533918,-0.1292713643023432,0.881,-0.10456267548698038,-1.213900390625,-0.24057978820800782,0,0,0.7,undefined,-2.582278115533918,0.1292713643023432,-0.18100000000000005,0,-0.890529612795496,0.07799040162137569,-0.08211343283582088,0,0,0,0,0,0,0,0,0
2.4955685233978655,-0.13412935332369252,0.864,-0.10084512418023249,-1.2859345703125,-0.20822296142578126,0,0,0.7,undefined,-2.4955685233978655,0.13412935332369252,-0.16400000000000003,0,-0.8038149877353391,0.06743723862092485,-0.03823124999999997,0,0,0,0,0,0,0,0,0
2.4048816410905216,-0.1384330434190885,0.852,-0.0972497459211241,-1.34689306640625,-0.2011749267578125,0,0,0.7,undefined,-2.4048816410905216,0.1384330434190885,-0.15200000000000002,0,-0.7675292303332585,0.0644066987378085,-0.059835294117647035,0,0,0,0,0,0,0,0,0
2.306602804676038,-0.14160996605238996,0.834,-0.09534733703645036,-1.4625899658203125,-0.1905666809082031,0,0,0.7,undefined,-2.306602804676038,0.14160996605238996,-0.134,0,-0.622672594561335,0.06152305614515043,-0.003921311475409764,0,0,0,0,0,0,0,0,0
2.206180937253467,-0.14300553415924483,0.821,-0.0940732466824945,-1.4974931640625,-0.16424528503417968,0,0,0.7,undefined,-2.206180937253467,0.14300553415924483,-0.121,0,-0.620979568128659,0.050993796861355294,-0.02988823529411759,0,0,0,0,0,0,0,0,0
2.1014937869552295,-0.14235433583193133,0.813,-0.09238027730805998,-1.564281494140625,-0.13778132629394532,0,0,0.7,undefined,-2.1014937869552295,0.14235433583193133,-0.11299999999999999,0,-0.5052419134233133,0.040087280971436746,-0.04595555555555551,0,0,0,0,0,0,0,0,0
1.9870929183028045,-0.14174129859222342,0.803,-0.09255481023325929,-1.709544189453125,-0.14914402770996094,0,0,0.7,undefined,-1.9870929183028045,0.14174129859222342,-0.10300000000000009,0,-0.4333516327519614,0.04041367161289847,-0.030161194029851374,0,0,0,0,0,0,0,0,0
1.866436190663669,-0.1413903281912971,0.794,-0.09377654070965546,-1.802591064453125,-0.16202932739257814,0,0,0.7,undefined,-1.866436190663669,0.1413903281912971,-0.09400000000000008,0,-0.30150044821681465,0.041650054180436984,-0.025200000000000028,0,0,0,0,0,0,0,0,0
1.7486278029670175,-0.14089571206324047,0.789,-0.09435249936281354,-1.76005615234375,-0.1580855255126953,0,0,0.7,undefined,-1.7486278029670175,0.14089571206324047,-0.08900000000000008,0,-0.30773377344543484,0.04100149568075101,-0.04546470588235299,0,0,0,0,0,0,0,0,0
1.6227755345766721,-0.13747381515306717,0.786,-0.09449212570297316,-1.88422314453125,-0.1267528305053711,0,0,0.7,undefined,-1.6227755345766721,0.13747381515306717,-0.08600000000000008,0,-0.14172410764505827,0.023288818702482932,-0.05186451612903231,0,0,0,0,0,0,0,0,0
1.4895476122294748,-0.13568364193248908,0.784,-0.09646434775772672,-1.992037353515625,-0.16182115173339845,0,0,0.7,undefined,-1.4895476122294748,0.13568364193248908,-0.08400000000000007,0,-0.10084743940660845,0.03294706471898587,-0.05690588235294124,0,0,0,0,0,0,0,0,0
1.3587791010066799,-0.13274700218324437,0.782,-0.09826203688728086,-1.9566510009765625,-0.14507936096191407,0,0,0.7,undefined,-1.3587791010066799,0.13274700218324437,-0.08200000000000007,0,0.01617175745256816,0.024784697770129722,-0.05430967741935489,0,0,0,0,0,0,0,0,0
1.2308253342693642,-0.12695936782452166,0.782,-0.09904743505067826,-1.91856494140625,-0.10189588165283203,0,0,0.7,undefined,-1.2308253342693642,0.12695936782452166,-0.08200000000000007,0,0.009529849673266089,0.009477364445865756,-0.06560000000000006,0,0,0,0,0,0,0,0,0
1.1002279975394613,-0.11978480289360127,0.782,-0.09880308895539913,-1.960000732421875,-0.08662185668945313,0,0,0.7,undefined,-1.1002279975394613,0.11978480289360127,-0.08200000000000007,0,0.13126093463630262,-0.0022243238391077766,-0.06560000000000006,0,0,0,0,0,0,0,0,0
0.9562568683787236,-0.11082391920511324,0.781,-0.09995500626171527,-2.16229345703125,-0.07926718139648438,0,0,0.7,undefined,-0.9562568683787236,0.11082391920511324,-0.08100000000000007,0,0.2180833556158699,-0.011100730075378984,-0.05965294117647065,0,0,0,0,0,0,0,0,0
0.8223963309370701,-0.09998626011293424,0.782,-0.09995500626171527,-2.0141080322265625,-0.03861296081542969,0,0,0.7,undefined,-0.8223963309370701,0.09998626011293424,-0.08200000000000007,0,0.2871372964215691,-0.02837605818248065,-0.07115555555555562,0,0,0,0,0,0,0,0,0
0.6948555359837641,-0.08979369578451138,0.782,-0.09951867394871672,-1.9188194580078124,-0.0387815055847168,0,0,0.7,undefined,-0.6948555359837641,0.08979369578451138,-0.08200000000000007,0,0.2632255137044914,-0.023625278750101824,-0.06560000000000006,0,0,0,0,0,0,0,0,0
0.5767915760267591,-0.07950730760182688,0.786,-0.10075785771763268,-1.77752685546875,-0.022420373916625977,0,0,0.7,undefined,-0.5767915760267591,0.07950730760182688,-0.08600000000000008,0,0.3213450296157562,-0.03134597845503191,-0.09102222222222231,0,0,0,0,0,0,0,0,0
0.4609435008827066,-0.06709662150662325,0.792,-0.10182250856134922,-1.7476331787109376,0.010423173904418945,0,0,0.7,undefined,-0.4609435008827066,0.06709662150662325,-0.09200000000000008,0,0.32822585833870616,-0.04270957082064682,-0.10494328358208965,0,0,0,0,0,0,0,0,0
0.3586283893146084,-0.057112391914926966,0.801,-0.10056587149991336,-1.5420006103515624,-0.007012076377868652,0,0,0.7,undefined,-0.3586283893146084,0.057112391914926966,-0.10100000000000009,0,0.35156985981410116,-0.0372000741315284,-0.13160645161290335,0,0,0,0,0,0,0,0,0
0.29070677984947635,-0.05329575744352671,0.811,-0.09754645189396317,-1.0194241943359375,-0.04532605743408203,0,0,0.7,undefined,-0.29070677984947635,0.05329575744352671,-0.1110000000000001,0,0.1573441960029322,-0.00159067908535699,-0.14027058823529426,0,0,0,0,0,0,0,0,0
0.21869107240318544,-0.04650408727595969,0.825,-0.09515535081873097,-1.0850220947265625,-0.003815370559692383,0,0,0.7,undefined,-0.21869107240318544,0.04650408727595969,-0.125,0,0.24370501863514196,-0.021685941359363893,-0.17777777777777723,0,0,0,0,0,0,0,0,0
0.15502219385895108,-0.04038829589953929,0.834,-0.09185667853246164,-0.9594288330078125,0.000582427978515625,0,0,0.7,undefined,-0.15502219385895108,0.04038829589953929,-0.134,0,0.20794694870779445,-0.01771028158978321,-0.1542149253731344,0,0,0,0,0,0,0,0,0
0.10114278009431535,-0.034310871159184575,0.849,-0.08726646259971664,-0.81314599609375,0.01664364242553711,0,0,0.7,undefined,-0.10114278009431535,0.034310871159184575,-0.14900000000000002,0,0.20155439284792565,-0.02132720003613399,-0.20253333333333343,0,0,0,0,0,0,0,0,0
0.058328856401643606,-0.02971436842325873,0.86,-0.0855385866402422,-0.6457742309570312,0.012712985038757325,0,0,0.7,undefined,-0.058328856401643606,0.02971436842325873,-0.16000000000000003,0,0.1472470231504994,-0.012934352906648783,-0.18546268656716425,0,0,0,0,0,0,0,0,0
0.02275234771502984,-0.025950932394236792,0.864,-0.08208283472129345,-0.5365194091796875,0.010653324127197265,0,0,0.7,undefined,-0.02275234771502984,0.025950932394236792,-0.16400000000000003,0,0.1390133887357079,-0.010943431110628746,-0.1534222222222223,0,0,0,0,0,0,0,0,0
-0.002946158542448645,-0.024089305383103977,0.861,-0.07936012108818229,-0.38646926879882815,-0.003775188446044922,0,0,0.7,undefined,0.002946158542448645,0.024089305383103977,-0.16100000000000003,0,0.08648909815514884,-0.0001594642810691417,-0.11335882352941178,0,0,0,0,0,0,0,0,0
-0.023381295667323523,-0.022749209558915448,0.857,-0.07572983624403411,-0.3071558837890625,-0.004262327194213867,0,0,0.7,undefined,0.023381295667323523,0.022749209558915448,-0.15700000000000003,0,0.07797821313241449,0.0015897659064208688,-0.10337777777777778,0,0,0,0,0,0,0,0,0
-0.03569686389939254,-0.02369533964373515,0.853,-0.07286749627076343,-0.18313032531738282,-0.02812774658203125,0,0,0.7,undefined,0.03569686389939254,0.02369533964373515,-0.15300000000000002,0,0.03496643249334212,0.014276928202817202,-0.10150447761194031,0,0,0,0,0,0,0,0,0
-0.04091130128511941,-0.026573965870114204,0.848,-0.0689405054537761,-0.07486540985107422,-0.04875921249389648,0,0,0.7,undefined,0.04091130128511941,0.026573965870114204,-0.14800000000000002,0,0.0027002983449997825,0.02646483067969105,-0.0901741935483871,0,0,0,0,0,0,0,0,0
-0.04372414914733732,-0.030963629347720744,0.838,-0.06616543194310513,-0.03755670166015625,-0.06859502410888672,0,0,0.7,undefined,0.04372414914733732,0.030963629347720744,-0.138,0,-0.010606341254883701,0.03448324388026745,-0.05816119402985072,0,0,0,0,0,0,0,0,0
-0.045061248159835664,-0.03348125566791189,0.831,-0.06339035843243417,-0.017515724182128906,-0.03900783920288086,0,0,0.7,undefined,0.045061248159835664,0.03348125566791189,-0.131,0,-0.01717505668487585,0.02631535998925251,-0.06591111111111109,0,0,0,0,0,0,0,0,0
-0.041979109333165586,-0.0348519980686792,0.826,-0.06101671064972185,0.04744173049926758,-0.01759113311767578,0,0,0.7,undefined,0.041979109333165586,0.0348519980686792,-0.126,0,-0.04197985799423218,0.019818760946873917,-0.07506470588235292,0,0,0,0,0,0,0,0,0
-0.03591907443344061,-0.03763728228497098,0.816,-0.05921902152016783,0.09327901458740234,-0.03615850448608399,0,0,0.7,undefined,0.03591907443344061,0.03763728228497098,-0.11599999999999999,0,-0.06279015713807443,0.02909656713256665,-0.0372444444444444,0,0,0,0,0,0,0,0,0
-0.030112432545013102,-0.03955052650180376,0.808,-0.059061941887488194,0.08864546203613281,-0.023493415832519533,0,0,0.7,undefined,0.030112432545013102,0.03955052650180376,-0.1080000000000001,0,-0.06233964609322595,0.024217797390415508,-0.04460895522388123,0,0,0,0,0,0,0,0,0
-0.024333724610873766,-0.0376220991063131,0.801,-0.05960299395560647,0.084822021484375,0.033992523193359374,0,0,0.7,undefined,0.024333724610873766,0.0376220991063131,-0.10100000000000009,0,-0.06698439888646095,0.0029549262220378465,-0.04191111111111116,0,0,0,0,0,0,0,0,0
-0.019644592062159787,-0.03303449372675357,0.797,-0.06244788063635724,0.06611299133300781,0.07288169860839844,0,0,0.7,undefined,0.019644592062159787,0.03303449372675357,-0.09700000000000009,0,-0.061707338854753636,-0.011650839479571755,-0.056704477611940356,0,1425557996276,0,0,0,0,0,0,0
-0.016071348241595985,-0.026803292961654852,0.79,-0.06461208890883023,0.04766109466552734,0.09663076782226562,0,0,0.7,undefined,0.016071348241595985,0.026803292961654852,-0.09000000000000008,0,-0.05883972183627302,-0.024155992933819426,-0.03311111111111115,0,1425557996276,0,0,0,0,0,0,0
-0.013648346918028,-0.019364254006857023,0.785,-0.06782349473249975,0.02906441879272461,0.11369944000244141,0,0,0.7,undefined,0.013648346918028,0.019364254006857023,-0.08500000000000008,0,-0.05266191740535901,-0.03004592599007907,-0.04226470588235298,0,1425557996276,0,0,0,0,0,0,0
-0.013828604255189635,-0.012430940641383788,0.781,-0.07140141969908824,-0.00974586009979248,0.10357734680175781,0,0,0.7,undefined,0.013828604255189635,0.012430940641383788,-0.08100000000000007,0,-0.039090316723305416,-0.03234732500220821,-0.042577777777777825,0,1425557996276,0,0,0,0,0,0,0
-0.015690844164110873,-0.006567011602335534,0.773,-0.07555530331883469,-0.034137481689453124,0.08574201202392578,0,0,0.7,undefined,0.015690844164110873,0.006567011602335534,-0.07300000000000006,0,-0.029564898290969498,-0.02576561826105433,-0.017223529411764728,0,1425557996276,0,0,0,0,0,0,0
-0.019794719125185444,-0.0014096987778435231,0.766,-0.07792895110154689,-0.06722187805175782,0.07249237060546875,0,0,0.7,undefined,0.019794719125185444,0.0014096987778435231,-0.06600000000000006,0,-0.013539120839358341,-0.02672110364808517,-0.012636065573770505,0,1425557996599,0,0,0,0,0,0,0
-0.021649771805045022,0.0024509100784526634,0.747,-0.08000589291142017,-0.03224957275390625,0.05556714248657227,0,0,0.7,undefined,0.021649771805045022,-0.0024509100784526634,-0.04700000000000004,0,-0.02659563093776718,-0.018160594644901076,0.060194117647058856,0,1425557996667,0,0,0,0,0,0,0
-0.025133214744111114,0.006979478336360366,0.72,-0.08122762338781613,-0.05751338958740235,0.0635352554321289,0,0,0.7,undefined,0.025133214744111114,-0.006979478336360366,-0.020000000000000018,0,-0.015033680034339067,-0.024811493859561898,0.1340000000000001,0,1425557996730,0,0,0,0,0,0,0
-0.03359628514272844,0.010919200899722082,0.681,-0.08086110424489738,-0.13132243347167968,0.04860079956054687,0,0,0.7,undefined,0.03359628514272844,-0.010919200899722082,0.018999999999999906,0,0.013428161035631114,-0.02112010692325938,0.2159352941176466,0,1425557996798,0,0,0,0,0,0,0
-0.0425007113169252,0.01452553925799821,0.643,-0.07901105523778355,-0.1374993896484375,0.0431297607421875,0,0,0.7,undefined,0.0425007113169252,-0.01452553925799821,0.05699999999999994,0,0.024613725345502876,-0.02229139218301923,0.2601161290322582,0,1425557996860,0,0,0,0,0,0,0
-0.05286215496353388,0.017369715512327442,0.594,-0.075747289536554,-0.15830409240722657,0.030262290954589845,0,0,0.7,undefined,0.05286215496353388,-0.017369715512327442,0.10599999999999998,0,0.033689887284104686,-0.01765555821824643,0.3407701492537315,0,0,0,0,0,0,0,0,0
-0.0632479975617851,0.013719095215571585,0.546,-0.07195992505972629,-0.151197021484375,-0.06639149475097657,0,0,0.7,undefined,0.0632479975617851,-0.013719095215571585,0.15399999999999991,0,0.04159391958827357,0.018252814547207008,0.38569999999999954,0,0,0,0,0,0,0,0,0
-0.06776500705227648,0.010597666262519644,0.492,-0.0667588438887832,-0.06421343231201172,-0.05157170867919922,0,0,0.7,undefined,0.06776500705227648,-0.010597666262519644,0.20799999999999996,0,0.010350241383128133,0.015283885507006658,0.4443411764705884,0,0,0,0,0,0,0,0,0
-0.07679553950182445,0.0026648024392536534,0.437,-0.06058037833672328,-0.1272183151245117,-0.12776419830322266,0,0,0.7,undefined,0.07679553950182445,-0.0026648024392536534,0.26299999999999996,0,0.040292055113683084,0.044311254684391635,0.5065538461538461,0,0,0,0,0,0,0,0,0
-0.08194216920694926,-0.007411356265025689,0.381,-0.055606189968539416,-0.06790716552734374,-0.1555390319824219,0,0,0.7,undefined,0.08194216920694926,0.007411356265025689,0.31899999999999995,0,0.021586241123570347,0.058057748150929386,0.552169696969697,0,0,0,0,0,0,0,0,0
-0.09390824104853232,-0.02013114380493473,0.326,-0.05263913024014913,-0.16860963439941407,-0.20047758483886718,0,0,0.7,undefined,0.09390824104853232,0.02013114380493473,0.37399999999999994,0,0.06899161704163351,0.08143417698775547,0.6147737704918033,0,0,0,0,0,0,0,0,0
-0.11488143299183193,-0.03252298914678824,0.276,-0.05085889440311488,-0.3043822021484375,-0.2021727294921875,0,0,0.7,undefined,0.11488143299183193,0.03252298914678824,0.42399999999999993,0,0.11728544818119133,0.07504897044540279,0.592823188405797,0,0,0,0,0,0,0,0,0
-0.13775010145164235,-0.04876825163238138,0.238,-0.05068436147791535,-0.3301985778808594,-0.2608024597167969,0,0,0.7,undefined,0.13775010145164235,0.04876825163238138,0.46199999999999997,0,0.14946896685094052,0.1073475449262561,0.5807111111111113,0,0,0,0,0,0,0,0,0
-0.15224250574137055,-0.06857779157738465,0.2,-0.05274384999526873,-0.20205284118652345,-0.30777487182617186,0,0,0.7,undefined,0.15224250574137055,0.06857779157738465,0.49999999999999994,0,0.10223560208840668,0.12213465283558239,0.5899999999999999,0,0,0,0,0,0,0,0,0
-0.16482771709364208,-0.08632838755246205,0.168,-0.05668829410477596,-0.1744786376953125,-0.2758409423828125,0,0,0.7,undefined,0.16482771709364208,0.08632838755246205,0.5319999999999999,0,0.11210702731069569,0.13557786773471608,0.6187034482758619,0,0,0,0,0,0,0,0,0
-0.17496682636655317,-0.10108835603672155,0.121,-0.06284930636431588,-0.1392982940673828,-0.22966079711914061,0,0,0.7,undefined,0.17496682636655317,0.10108835603672155,0.579,0,0.0927823325662741,0.10782934923375231,0.7016057971014494,0,0,0,0,0,0,0,0,0
-0.1811133807169673,-0.109748860249926,0,-0.06588617926278609,-0.0838570556640625,-0.13544186401367186,0,0,0.7,undefined,0.1811133807169673,0.109748860249926,0.7,0,0.07815522698115751,0.082990466829296,1.22171875,0,0,0,0,0,0,0,0,0
