0.2703273502445453,-0.017859471691153497,0.707,0.016126842288427652,-0.013653493881225586,-0.014358708381652832,0,0,1,0,-0.2703273502445453,0.017859471691153497,0.29300000000000004,-0.016126842288427652,-0.13516367512227265,0.005357841507346049,0.23440000000000005,-0.016126842288427652,0,0,0,0,0,0,0,0
0.2696424697084752,-0.016716643276504534,0.708,0.0157428698529889,-0.009995430946350097,0.017305864334106445,0,0,1,0,-0.2696424697084752,0.016716643276504534,0.29200000000000004,-0.0157428698529889,-0.1311221520947387,-0.0014260934260742547,0.22786229508196723,-0.013854480826240946,0,0,0,0,0,0,0,0
0.2685158159968343,-0.016736365333484975,0.708,0.013578661580515912,-0.016902368545532228,-0.00002975374460220337,0,0,1,0,-0.2685158159968343,0.016736365333484975,0.29200000000000004,-0.013578661580515912,-0.12889545211116216,0.005142861430423034,0.23360000000000003,-0.0041690603958507415,0,0,0,0,0,0,0,0
0.26767076091706754,-0.017114425059750214,0.71,0.008447393579652636,-0.012751658439636231,-0.005498257637023926,0,0,1,0,-0.26767076091706754,0.017114425059750214,0.29000000000000004,-0.008447393579652636,-0.1295024371797641,0.007335874878825239,0.22052459016393444,0.016788350686888068,0,0,0,0,0,0,0,0
0.2683449770638999,-0.017573785750788724,0.706,0.00654498469497878,0.010054676055908204,-0.006975594043731689,0,0,1,0,-0.2683449770638999,0.017573785750788724,0.29400000000000004,-0.00654498469497878,-0.13834092669228953,0.007680794607737469,0.2557882352941177,0.0018479956785823499,0,0,0,0,0,0,0,0
0.2691500995850767,-0.018094249257383784,0.709,0.0034382986264288665,0.012025483131408691,-0.007885827541351318,0,0,1,0,-0.2691500995850767,0.018094249257383784,0.29100000000000004,-0.0034382986264288665,-0.1396594522686753,0.008203539522282387,0.21712835820895524,0.010472236008869252,0,0,0,0,0,0,0,0
0.27105924443123797,-0.01877965485054075,0.707,0.00331612557878936,0.028601654052734377,-0.010379486083984375,0,0,1,0,-0.27105924443123797,0.01877965485054075,0.29300000000000004,-0.00331612557878936,-0.1477074745910938,0.009699789072999145,0.24606666666666674,-0.0027052603405918266,0,0,0,0,0,0,0,0
0.2702049604163629,-0.019671082963853028,0.714,0.002181661564992894,-0.012858530998229981,-0.01332885456085205,0,0,1,0,-0.2702049604163629,0.019671082963853028,0.28600000000000003,-0.002181661564992894,-0.13199677102393492,0.010504328067478749,0.19329275362318843,0.0027507906689047826,0,0,0,0,0,0,0,0
0.2708526598631288,-0.020654723717857613,0.719,0.0019373154697138809,0.009683279037475586,-0.014775772094726563,0,0,1,0,-0.2708526598631288,0.020654723717857613,0.281,-0.0019373154697138809,-0.1405354738840847,0.011934123260321117,0.19611147540983606,-0.0007356133617843071,0,0,0,0,0,0,0,0
0.2689910589366415,-0.021786940925044834,0.724,-0.0011344640137962367,-0.027956863403320313,-0.016929128646850585,0,0,1,0,-0.2689910589366415,0.021786940925044834,0.276,0.0011344640137962367,-0.1267686542285444,0.012306284925231326,0.1958,0.014299233228839596,0,0,0,0,0,0,0,0
0.26803402540247334,-0.02346049820919774,0.728,-0.0015009831567150897,-0.014327014923095703,-0.02511962890625,0,0,1,0,-0.26803402540247334,0.02346049820919774,0.272,0.0015009831567150897,-0.13036171452901965,0.016609312381068168,0.1950193548387097,0.0032744628805159914,0,0,0,0,0,0,0,0
0.2631043167984454,-0.024528447651489826,0.736,-0.00286233997327056,-0.07392150115966797,-0.01613021469116211,0,0,1,0,-0.2631043167984454,0.024528447651489826,0.264,0.00286233997327056,-0.10847524258492228,0.012916255897204191,0.17062028985507247,0.008781282653946516,0,0,0,0,0,0,0,0
0.257654764316364,-0.026267072453721205,0.743,-0.0036128315516282747,-0.08166830444335937,-0.026313241958618165,0,0,1,0,-0.257654764316364,0.026267072453721205,0.257,0.0036128315516282747,-0.09912177133829758,0.018178446742155983,0.16476666666666664,0.007365289443416849,0,0,0,0,0,0,0,0
0.2501834332792749,-0.027615449776485577,0.754,-0.0055501470213419266,-0.11199616241455078,-0.02063041687011719,0,0,1,0,-0.2501834332792749,0.027615449776485577,0.246,0.0055501470213419266,-0.0871075371509948,0.01571942524474717,0.13756923076923072,0.014491603035404935,0,0,0,0,0,0,0,0
0.2416872592607402,-0.029009105246445985,0.765,-0.005061454830783567,-0.12732462310791015,-0.021611831665039063,0,0,1,0,-0.2416872592607402,0.029009105246445985,0.235,0.005061454830783567,-0.08077800517640107,0.0158656123327863,0.13299999999999995,0.002967059728390597,0,0,0,0,0,0,0,0
0.22980054032162653,-0.02994417192101909,0.774,-0.006527531402458646,-0.17822750854492186,-0.014928277969360351,0,0,1,0,-0.22980054032162653,0.02994417192101909,0.22599999999999998,0.006527531402458646,-0.04925320841288797,0.014561257587614677,0.12916065573770485,0.013737744050041,0,0,0,0,0,0,0,0
0.21737013950641376,-0.030687518131923976,0.785,-0.006178465552059913,-0.18637925720214843,-0.012367044448852539,0,0,1,0,-0.21737013950641376,0.030687518131923976,0.21499999999999997,0.006178465552059913,-0.048337721359441324,0.013210895902991817,0.11620289855072458,0.0046607879416306385,0,0,0,0,0,0,0,0
0.20340935796724186,-0.031086082880244358,0.798,-0.00727802298081625,-0.20937078857421876,-0.007272192001342773,0,0,1,0,-0.20340935796724186,0.031086082880244358,0.20199999999999996,0.00727802298081625,-0.02443132315965303,0.011865678032655928,0.08700983606557368,0.012685682466503152,0,0,0,0,0,0,0,0
0.19148037070470655,-0.032641890145491896,0.807,-0.007435102613495663,-0.17876022338867187,-0.024638771057128906,0,0,1,0,-0.19148037070470655,0.032641890145491896,0.19299999999999995,0.007435102613495663,-0.03819244020153272,0.017959872182977912,0.10874782608695646,0.008118057538188764,0,0,0,0,0,0,0,0
0.17820735635602178,-0.0326903757294187,0.815,-0.008709192967451533,-0.19908430480957032,-0.00220754337310791,0,0,1,0,-0.17820735635602178,0.0326903757294187,0.18500000000000005,0.008709192967451533,-0.01724747046056649,0.010376618849490782,0.10283870967741998,0.014874146293044453,0,0,0,0,0,0,0,0
0.16735417754855214,-0.03202462665137449,0.82,-0.007784168463894618,-0.16287847900390626,0.008568038940429687,0,0,1,0,-0.16735417754855214,0.03202462665137449,0.18000000000000005,0.007784168463894618,-0.032600441750858945,0.006596857032990152,0.11900000000000002,0.0038197777343649836,0,0,0,0,0,0,0,0
0.15427385439229513,-0.032284727290446534,0.827,-0.007522369076095485,-0.19616853332519532,-0.0054286675453186035,0,0,1,0,-0.15427385439229513,0.032284727290446534,0.17300000000000004,0.007522369076095485,-0.005369246758143903,0.01151570701456713,0.09823606557377051,0.006234831103312863,0,0,0,0,0,0,0,0
0.14334691074680855,-0.03199570617172953,0.83,-0.006998770300497219,-0.16393212890625,0.0031022582054138184,0,0,1,0,-0.14334691074680855,0.03199570617172953,0.17000000000000004,0.006998770300497219,-0.017971802974382146,0.008448245271906654,0.12032835820895525,0.004654298170952743,0,0,0,0,0,0,0,0
0.12794495745957796,-0.0317534600825358,0.838,-0.0064751715248988415,-0.231049072265625,0.0020166945457458494,0,0,1,0,-0.12794495745957796,0.0317534600825358,0.16200000000000003,0.0064751715248988415,0.019515309393706146,0.008537552159144524,0.08443870967741934,0.003941629062326047,0,0,0,0,0,0,0,0
0.11702229268709749,-0.03101544087807248,0.848,-0.0053756140961425045,-0.16390821838378905,0.01000917148590088,0,0,1,0,-0.11702229268709749,0.03101544087807248,0.15200000000000002,0.0053756140961425045,-0.00743846045496304,0.006015279429552053,0.0716,0.0006632251157582042,0,0,0,0,0,0,0,0
0.1066395512625989,-0.030462429832975722,0.857,-0.004625122517785012,-0.15578346252441405,0.007457845687866211,0,0,1,0,-0.1066395512625989,0.030462429832975722,0.14300000000000002,0.004625122517785012,0.002647642802622044,0.006385040027359618,0.0627606557377049,0.0009341803291416043,0,0,0,0,0,0,0,0
0.09847933419003166,-0.029671958167579195,0.864,-0.0016580627893946138,-0.122456787109375,0.011290820121765136,0,0,1,0,-0.09847933419003166,0.029671958167579195,0.136,0.0016580627893946138,-0.012113205366199462,0.005389324764653455,0.07379999999999998,-0.01105790747513566,0,0,0,0,0,0,0,0
0.08927152423971987,-0.02944744167160039,0.869,-0.00012217304763961052,-0.13812254333496093,0.0031387360095977783,0,0,1,0,-0.08927152423971987,0.02944744167160039,0.131,0.00012217304763961052,0.004466855052549165,0.008004081679105053,0.07611147540983604,-0.007431383059352209,0,0,0,0,0,0,0,0
0.08126136919306019,-0.0281964803305069,0.874,-0.0021642082724728715,-0.12015461730957032,0.018749740600585936,0,0,1,0,-0.08126136919306019,0.0281964803305069,0.126,0.0021642082724728715,-0.0043658715854729,0.002681933510697972,0.07579999999999998,0.010915787807472559,0,0,0,0,0,0,0,0
0.07707056301012005,-0.02683747413472613,0.879,-0.00277507351067096,-0.06290606307983398,0.020248998641967775,0,0,1,0,-0.07707056301012005,0.02683747413472613,0.121,0.00277507351067096,-0.017921116664623146,0.0006176046998575477,0.06763333333333331,0.005829399701661402,0,0,0,0,0,0,0,0
0.07156823207019175,-0.026246961863891152,0.887,-0.0024434609527921244,-0.08255922698974609,0.008628609657287598,0,0,1,0,-0.07156823207019175,0.026246961863891152,0.11299999999999999,0.0024434609527921244,-0.01175532834230194,0.005390745465909338,0.049820289855072426,0.0010016672228841447,0,0,0,0,0,0,0,0
0.06909594364355745,-0.025746927903026674,0.894,-0.002129301687433076,-0.03710254287719727,0.007409873008728027,0,0,1,0,-0.06909594364355745,0.025746927903026674,0.10599999999999998,0.002129301687433076,-0.024286445523281838,0.005382745685673597,0.04463606557377044,0.0005842561200934927,0,0,0,0,0,0,0,0
0.06482004665244029,-0.024537886107169365,0.896,-0.0005759586531581748,-0.06417692565917969,0.017999015808105468,0,0,1,0,-0.06482004665244029,0.024537886107169365,0.10399999999999998,0.0005759586531581748,-0.014689151760570833,0.00177319090114186,0.0730550724637681,-0.006081225779448544,0,0,0,0,0,0,0,0
0.06283218813587754,-0.024425710053231367,0.901,-0.00019198621771931296,-0.0298188419342041,0.0016654666662216187,0,0,1,0,-0.06283218813587754,0.024425710053231367,0.09899999999999998,0.00019198621771931296,-0.024201729074233395,0.007254250811425562,0.05097419354838707,-0.0016964028090291877,1425558661559,0,0,0,0,0,0,0
0.061793015012495546,-0.025501536592549744,0.902,0.0017627825445143477,-0.015584498405456544,-0.016140390396118164,0,0,1,0,-0.061793015012495546,0.025501536592549744,0.09799999999999998,-0.0017627825445143477,-0.02975131395447924,0.01360723446281967,0.07339999999999998,-0.010140362954087179,1425558661559,0,0,0,0,0,0,0
0.061081418603460336,-0.024051052404971577,0.906,0.002373647782712436,-0.010635576248168944,0.021776044845581054,0,0,1,0,-0.061081418603460336,0.024051052404971577,0.09399999999999997,-0.002373647782712436,-0.03040608477397777,-0.0007974205835734804,0.051471186440677934,-0.00547974221422814,1425558661559,0,0,0,0,0,0,0
0.060793968043321475,-0.02368319570801595,0.909,0.0015707963267950278,-0.004298648834228516,0.005528069496154785,0,0,1,0,-0.060793968043321475,0.02368319570801595,0.09099999999999997,-0.0015707963267950278,-0.03308899710071425,0.005874084374004052,0.05779999999999996,0.0018699956271367212,1425558661559,0,0,0,0,0,0,0
0.061063841333109374,-0.02377074698898531,0.915,-0.0007853981633973925,0.004046031475067139,-0.0013196263313293456,0,0,1,0,-0.061063841333109374,0.02377074698898531,0.08499999999999996,0.0007853981633973925,-0.03627208570819845,0.008264611496920996,0.032999999999999946,0.012566370614359496,1425558661559,0,0,0,0,0,0,0
0.06125796784339904,-0.02379921699530506,0.919,-0.0018675022996339427,0.0029122321605682374,-0.00042476296424865724,0.061063841333109374,-0.02377074698898531,0.915,-0.0007853981633973925,-0.0001941265102896675,0.00002847000631974947,-0.0040000000000000036,0.0010821041362365502,-0.00009706325514483374,0.00000854100189592484,-0.003200000000000003,0.0010821041362365502,1425558661559,0,0,0,0,0,0,0
0.06177408696439498,-0.0240756012331455,0.924,-0.0020769418098732714,0.007749515533447266,-0.004131298542022705,0.061063841333109374,-0.02377074698898531,0.915,-0.0007853981633973925,-0.0007102456312856054,0.0003048542441601923,-0.009000000000000008,0.001291543646475879,-0.0033168952843070382,0.0016774534350608476,-0.035888524590163964,0.0023215740247020857,1425558661949,0,0,0,0,0,0,0
0.06294810958037406,-0.024171989213348014,0.928,-0.0030717794835098886,0.017613304138183593,-0.001409240961074829,0.061063841333109374,-0.02377074698898531,0.915,-0.0007853981633973925,-0.0018842682472646824,0.00040124222436270507,-0.013000000000000012,0.002286381320112496,-0.006899054701060602,0.0006097600227916822,-0.030689855072463794,0.006611762509836918,1425558662018,0,0,0,0,0,0,0
0.0647776873854634,-0.025180481021357604,0.927,-0.003211405823669515,0.027490005493164063,-0.015043004989624024,0.061063841333109374,-0.02377074698898531,0.915,-0.0007853981633973925,-0.0037138460523540237,0.0014097340323722951,-0.01200000000000001,0.0024260076602721226,-0.011563414101637708,0.005772376070629476,-0.004296969696969703,0.003060672842815879,1425558662084,0,0,0,0,0,0,0
0.06545924951916951,-0.026035579409425514,0.929,-0.003508111796508666,0.010264570236206055,-0.012793578147888184,0.061063841333109374,-0.02377074698898531,0.915,-0.0007853981633973925,-0.004395408186060136,0.002264832420440205,-0.014000000000000012,0.0027227136331112733,-0.005874695592396477,0.005286691045640744,-0.02196923076923079,0.004092125815445815,1425558662149,0,0,0,0,0,0,0
0.0678058965973364,-0.027286447106013172,0.935,-0.0036128315516282747,0.03526531219482422,-0.018639415740966798,0.061063841333109374,-0.02377074698898531,0.915,-0.0007853981633973925,-0.006742055264227019,0.003515700117027863,-0.020000000000000018,0.002827433388230882,-0.017070889036553384,0.008356413069031648,-0.051000000000000045,0.0033510321638289264,1425558662209,0,0,0,0,0,0,0
0.07122156149732282,-0.029184897026698357,0.938,-0.004555309347705087,0.051337520599365236,-0.028291460037231445,0.061063841333109374,-0.02377074698898531,0.915,-0.0007853981633973925,-0.01015772016421345,0.0054141500377130475,-0.02299999999999991,0.003769911184307695,-0.022175381767953556,0.01112525932359485,-0.03339999999999938,0.007809101738922606,1425558662279,0,0,0,0,0,0,0
0.07559797351266491,-0.031200975001756663,0.939,-0.004206243497306354,0.06578325653076172,-0.02994181823730469,0.061063841333109374,-0.02377074698898531,0.915,-0.0007853981633973925,-0.014534132179555535,0.007430228012771354,-0.02399999999999991,0.0034208453339089617,-0.03199982613715553,0.013623525197125425,-0.024845161290322514,0.001731817025527995,1425558662341,0,0,0,0,0,0,0
0.08002229014389335,-0.03416350688292592,0.94,-0.004572762640225096,0.06655107879638672,-0.04415843963623047,0.061063841333109374,-0.02377074698898531,0.915,-0.0007853981633973925,-0.018958448810783977,0.010392759893940614,-0.02499999999999991,0.0037873644768277037,-0.03229154245330159,0.018386592354092422,-0.02514705882352935,0.005404360695586859,1425558662409,0,0,0,0,0,0,0
0.08367803657473236,-0.03728085950827406,0.944,-0.005061454830783567,0.05504944610595703,-0.04650904846191406,0.061063841333109374,-0.02377074698898531,0.915,-0.0007853981633973925,-0.022614195241622982,0.013510112519288752,-0.028999999999999915,0.004276056667386174,-0.03233658664827198,0.02196816294107664,-0.046150819672131096,0.006679460883247506,1425558662470,0,0,0,0,0,0,0
0.08876261080527095,-0.04107873430054986,0.944,-0.005026548245743549,0.07655597686767578,-0.056581363677978516,0.061063841333109374,-0.02377074698898531,0.915,-0.0007853981633973925,-0.02769876947216158,0.017307987311564552,-0.028999999999999915,0.004241150082346157,-0.037652066641186414,0.022957472576827686,-0.023199999999999932,0.004101523742186086,1425558662545,0,0,0,0,0,0,0
0.0942929149287752,-0.04465129531792329,0.942,-0.0055501470213419266,0.08322287750244141,-0.053170764923095706,0.061063841333109374,-0.02377074698898531,0.915,-0.0007853981633973925,-0.03322907359566583,0.020880548328937983,-0.026999999999999913,0.004764748857944534,-0.05127221468020688,0.028646024650400795,-0.00909999999999992,0.007569742298650126,1425558662601,0,0,0,0,0,0,0
0.10158321309175702,-0.048635298363664314,0.944,-0.005881759579220873,0.10968446350097656,-0.05915219497680664,0.061063841333109374,-0.02377074698898531,0.915,-0.0007853981633973925,-0.04051937175864765,0.024864551374679005,-0.028999999999999915,0.0050963614158234805,-0.056319821279570775,0.027169824670949798,-0.03305915492957741,0.006497541237847198,1425558662672,0,0,0,0,0,0,0
0.107350424481566,-0.052728120575731174,0.946,-0.00738274273593597,0.08686776733398438,-0.06088245391845703,0.061063841333109374,-0.02377074698898531,0.915,-0.0007853981633973925,-0.04628658314845662,0.028957373586745865,-0.030999999999999917,0.006597344572538577,-0.05750491747920085,0.03305475835144805,-0.03666440677966096,0.014229462318547543,1425558662731,0,0,0,0,0,0,0
0.11315949577255817,-0.05553442862602733,0.951,-0.007138396640656734,0.08744446563720704,-0.041450176239013675,0.061063841333109374,-0.02377074698898531,0.915,-0.0007853981633973925,-0.052095654439448795,0.03176368163704202,-0.03599999999999992,0.006352998477259342,-0.05527900558127152,0.02367097179476696,-0.05379999999999995,0.005305800926062619,1425558662801,0,0,0,0,0,0,0
0.11785157441229852,-0.05981715297864814,0.95,-0.007452555906015783,0.07083795928955078,-0.06373682403564453,0.061063841333109374,-0.02377074698898531,0.915,-0.0007853981633973925,-0.05678773307918914,0.03604640598966283,-0.03499999999999992,0.00666715774261839,-0.05598421981784703,0.035928435416287624,-0.0221666666666666,0.008237954069413633,1425558662861,0,0,0,0,0,0,0
0.1216101284073902,-0.06372673167682016,0.947,-0.007749261878854712,0.056813785552978516,-0.05822189331054688,0.061063841333109374,-0.02377074698898531,0.915,-0.0007853981633973925,-0.06054628707428083,0.03995598468783486,-0.03199999999999992,0.006963863715457319,-0.04959994398226544,0.03197751622662797,-0.010382608695652098,0.008253889684322226,1425558662930,0,0,0,0,0,0,0
0.12754900045026907,-0.06651344650431786,0.943,-0.007644542123735104,0.08940432739257813,-0.04110914611816406,0.061063841333109374,-0.02377074698898531,0.915,-0.0007853981633973925,-0.06648515911715969,0.04274269951533255,-0.027999999999999914,0.006859143960337711,-0.06707136240638623,0.0287402895248592,0.00018064516129040475,0.006352435467823479,1425558662992,0,0,0,0,0,0,0
0.130513298575544,-0.0692223967716369,0.94,-0.008988445647770786,0.04477379989624024,-0.040293159484863283,0.061063841333109374,-0.02377074698898531,0.915,-0.0007853981633973925,-0.06944945724243462,0.04545164978265159,-0.02499999999999991,0.008203047484373394,-0.049897726150829345,0.02739808742514005,-0.0049999999999999194,0.013962634015954888,1425558663062,0,0,0,0,0,0,0
0.13375009291775541,-0.07151477955058165,0.94,-0.008813912722571255,0.048859024047851564,-0.033947952270507814,0.061063841333109374,-0.02377074698898531,0.915,-0.0007853981633973925,-0.07268625158464603,0.047744032561596345,-0.02499999999999991,0.008028514559173862,-0.05561954477607775,0.027941930218942933,-0.01999999999999993,0.007155849933176205,1425558663122,0,0,0,0,0,0,0
0.135146947452743,-0.07462602663945835,0.942,-0.009843656981248,0.021363332748413087,-0.04648221969604492,0.061063841333109374,-0.02377074698898531,0.915,-0.0007853981633973925,-0.07408310611963362,0.05085527965047304,-0.026999999999999913,0.009058258817850608,-0.04447280256322664,0.03109490560856703,-0.03159999999999994,0.013471448497893803,1425558663192,0,0,0,0,0,0,0
0.13657118902508117,-0.07691002935306888,0.942,-0.010245082709206649,0.02169982719421387,-0.03404808807373047,0.061063841333109374,-0.02377074698898531,0.915,-0.0007853981633973925,-0.07550734769197179,0.05313928236408358,-0.026999999999999913,0.009459684545809257,-0.04641858803062136,0.029361219543192228,-0.021599999999999932,0.011433909437409167,1425558663253,0,0,0,0,0,0,0
0.137022963161294,-0.07941535811466859,0.937,-0.009808750396208094,0.007161259174346924,-0.037508533477783206,0.061063841333109374,-0.02377074698898531,0.915,-0.0007853981633973925,-0.07595912182818462,0.05564461112568328,-0.02200000000000002,0.009023352232810701,-0.04081661695602924,0.029754468721098708,0.007762318840579152,0.007126255219773505,1425558663322,0,0,0,0,0,0,0
0.13583585745678306,-0.08115355693288329,0.935,-0.012077678423800694,-0.017549989700317382,-0.026246385574340822,0.061063841333109374,-0.02377074698898531,0.915,-0.0007853981633973925,-0.07477201612367368,0.05738280994389798,-0.020000000000000018,0.011292280260403301,-0.031165804857300514,0.027576014417984896,-0.0045245901639344305,0.02245094269118658,1425558663383,0,0,0,0,0,0,0
0.13619072273319477,-0.08428696280988963,0.934,-0.012479104151759454,0.005890241146087646,-0.04693337249755859,0.061063841333109374,-0.02377074698898531,0.915,-0.0007853981633973925,-0.07512688140008539,0.06051621582090433,-0.019000000000000017,0.011693705988362061,-0.04000637853983049,0.03447860824413022,-0.010127536231884067,0.013439035240356667,1425558663452,0,0,0,0,0,0,0
0.13514753520423373,-0.08745195541311787,0.933,-0.013823007675795026,-0.015054165840148926,-0.047666458129882815,0.061063841333109374,-0.02377074698898531,0.915,-0.0007853981633973925,-0.07408369387112435,0.06368120842413257,-0.018000000000000016,0.013037609512397633,-0.03174443235610026,0.03773265740540119,-0.008662295081967222,0.019646971106015203,1425558663513,0,0,0,0,0,0,0
0.13318472349110927,-0.08887778277416733,0.932,-0.015027284859671194,-0.029143733978271483,-0.021792333602905275,0.061063841333109374,-0.02377074698898531,0.915,-0.0007853981633973925,-0.07212088215799989,0.06510703578518202,-0.017000000000000015,0.014241886696273801,-0.026842000825119915,0.02727799347183951,-0.008527536231884066,0.01947787445225714,1425558663582,0,0,0,0,0,0,0
0.13053548451219926,-0.09191273038891949,0.931,-0.01750565239750312,-0.03905001831054687,-0.046116214752197265,0.061063841333109374,-0.02377074698898531,0.915,-0.0007853981633973925,-0.06947164317908988,0.06814198339993419,-0.016000000000000014,0.016720254234105728,-0.02056136372033684,0.03813103695041713,-0.007154838709677428,0.028712355223615052,1425558663644,0,0,0,0,0,0,0
0.1292176991304153,-0.0942231986469868,0.929,-0.018709929581379178,-0.019157089233398438,-0.034997726440429686,0.061063841333109374,-0.02377074698898531,0.915,-0.0007853981633973925,-0.06815385779730593,0.0704524516580015,-0.014000000000000012,0.017924531417981785,-0.028220459920629562,0.03345978735295399,-0.0010550724637681183,0.02316051917396464,1425558663713,0,0,0,0,0,0,0
0.12452655207050141,-0.09722496314756665,0.934,-0.018727382873899186,-0.06951249694824219,-0.04633507537841797,0.061063841333109374,-0.02377074698898531,0.915,-0.0007853981633973925,-0.06346271073739204,0.07345421615858135,-0.019000000000000017,0.017941984710501794,-0.005681599690591416,0.039908596186309486,-0.04388852459016397,0.018027820575354295,1425558663774,0,0,0,0,0,0,0
0.12155738785614009,-0.09961377347515045,0.933,-0.019634954084936204,-0.04385865020751953,-0.03665989303588867,0.061063841333109374,-0.02377074698898531,0.915,-0.0007853981633973925,-0.06049354652303072,0.07584302648616514,-0.018000000000000016,0.01884955592153881,-0.01630995955105321,0.03539914210329072,-0.009400000000000009,0.02273914682598317,1425558663844,0,0,0,0,0,0,0
0.11885008549196287,-0.1025671116247732,0.931,-0.021362830044410527,-0.03973193359375,-0.045088848114013674,0.061063841333109374,-0.02377074698898531,0.915,-0.0007853981633973925,-0.05778624415885349,0.07879636463578789,-0.016000000000000014,0.020577431881013134,-0.014044204062899378,0.04161617560183937,-0.0011333333333333351,0.02921681167838475,1425558663904,0,0,0,0,0,0,0
0.1168202921583275,-0.10444124343957842,0.927,-0.02396337062988207,-0.029839447021484375,-0.028755945205688478,0.061063841333109374,-0.02377074698898531,0.915,-0.0007853981633973925,-0.05575645082521812,0.08067049645059311,-0.01200000000000001,0.02317797246648468,-0.01885546812486742,0.03424656328626896,0.010118309859154939,0.034166172123406696,1425558663975,0,0,0,0,0,0,0
0.11374726765263593,-0.1068514180833506,0.93,-0.023317598806644187,-0.045215877532958984,-0.037246734619140624,0.061063841333109374,-0.02377074698898531,0.915,-0.0007853981633973925,-0.052683426319526556,0.08308067109436529,-0.015000000000000013,0.022532200643246795,-0.009430613120279877,0.03984013821042081,-0.029500000000000026,0.019303341527057375,1425558664035,0,0,0,0,0,0,0
0.11334397752559693,-0.10935419583543567,0.929,-0.024225170017681204,-0.005172405242919922,-0.037672504425048825,0.061063841333109374,-0.02377074698898531,0.915,-0.0007853981633973925,-0.05228013619248755,0.08558344884645036,-0.014000000000000012,0.023439771854283812,-0.02520401331463458,0.03893002050210946,-0.006270422535211273,0.02727457978824304,1425558664106,0,0,0,0,0,0,0
0.11161024311312814,-0.11122173570501093,0.93,-0.02574360646691631,-0.025319829940795898,-0.028634817123413085,0.061063841333109374,-0.02377074698898531,0.915,-0.0007853981633973925,-0.05054640178001877,0.08745098871602562,-0.015000000000000013,0.024958208303518917,-0.016070153248760544,0.0382828680852093,-0.017932203389830523,0.032679071604714366,1425558664165,0,0,0,0,0,0,0
0.11009852193578905,-0.11177786770735154,0.935,-0.02703515011339219,-0.022453575134277343,-0.008922908782958984,0.061063841333109374,-0.02377074698898531,0.915,-0.0007853981633973925,-0.049034680602679674,0.08800712071836624,-0.020000000000000018,0.026249751949994796,-0.018074876208530512,0.030213346337179432,-0.04100000000000003,0.03178493900631999,1425558664235,0,0,0,0,0,0,0
0.10820789263349688,-0.11289512454289563,0.934,-0.02747148242639074,-0.027896053314208986,-0.017519336700439453,0.061063841333109374,-0.02377074698898531,0.915,-0.0007853981633973925,-0.047144051300387506,0.08912437755391033,-0.019000000000000017,0.026686084262993348,-0.013687782944822487,0.03433866954334579,-0.009366666666666676,0.028867745827986107,1425558664295,0,0,0,0,0,0,0
0.10586020953261317,-0.11339290296306086,0.929,-0.029007372168145744,-0.03499686431884766,-0.00843115234375,0.061063841333109374,-0.02377074698898531,0.915,-0.0007853981633973925,-0.0447963681995038,0.08962215597407555,-0.014000000000000012,0.02822197400474835,-0.0118355542777394,0.03052229913872949,0.013800000000000005,0.03480435861226979,1425558664365,0,0,0,0,0,0,0
0.10572076462959806,-0.11442851418533517,0.927,-0.030002209841782472,-0.0016402513980865478,-0.015588298797607422,0.061063841333109374,-0.02377074698898531,0.915,-0.0007853981633973925,-0.04465692329648869,0.09065776719634987,-0.01200000000000001,0.02921681167838508,-0.022731394348036837,0.03434142324578871,0.0018754098360655742,0.03410945597495915,1425558664426,0,0,0,0,0,0,0
0.10433543472139271,-0.11445294174481502,0.925,-0.03171263250873701,-0.020759605407714845,-0.000989599347114563,0.061063841333109374,-0.02377074698898531,0.915,-0.0007853981633973925,-0.04327159338828334,0.09068219475582971,-0.010000000000000009,0.030927234345339616,-0.015942463674103617,0.02859233524414768,0.002,0.0382576172037162,1425558664496,0,0,0,0,0,0,0
0.10433044134809702,-0.11420599568262262,0.922,-0.03171263250873701,-0.00019231289625167846,0.003699953556060791,0.061063841333109374,-0.02377074698898531,0.915,-0.0007853981633973925,-0.043266600014987645,0.09043524869363731,-0.007000000000000006,0.030927234345339616,-0.022863448477599958,0.027009856081184575,0.011900000000000011,0.030927234345339616,1425558664556,0,0,0,0,0,0,0
0.10368675893610982,-0.11319234134438659,0.921,-0.03328342883553181,-0.010132485389709473,0.01489102840423584,0.061063841333109374,-0.02377074698898531,0.915,-0.0007853981633973925,-0.042622917603000444,0.08942159435540128,-0.006000000000000005,0.032498030672134415,-0.019335089382665423,0.023066254471845557,0.0002724637681159412,0.03932757991906832,1425558664625,0,0,0,0,0,0,0
0.1039038084984445,-0.11303373721552927,0.921,-0.03354522822333094,0.003174771547317505,0.00248608660697937,0.061063841333109374,-0.02377074698898531,0.915,-0.0007853981633973925,-0.04283996716533512,0.08926299022654396,-0.006000000000000005,0.03275983005993355,-0.023980168598046702,0.027304824871157384,-0.004800000000000005,0.03404736803271617,1425558664686,0,0,0,0,0,0,0
0.10348750743642,-0.11057375824372102,0.92,-0.03513347784264586,-0.007478579044342041,0.036669490814208984,0.061063841333109374,-0.02377074698898531,0.915,-0.0007853981633973925,-0.04242366610331063,0.08680301125473572,-0.0050000000000000044,0.03434807967924847,-0.02047484298191979,0.015237722118616943,0.001,0.04115486376202669,1425558664756,0,0,0,0,0,0,0
0.10352188490938183,-0.10837596749261594,0.919,-0.03529055747532527,-0.0006426583528518677,0.03296463012695312,0.061063841333109374,-0.02377074698898531,0.915,-0.0007853981633973925,-0.042458043576272454,0.08460522050363063,-0.0040000000000000036,0.03450515931192788,-0.022796684230787283,0.014319614135411239,0.0025377049180327887,0.035277682095597125,1425558664817,0,0,0,0,0,0,0
0.10155546301141,-0.10448011828405124,0.921,-0.035657076618244125,-0.031539834976196286,0.05736062622070313,3,0,1,0,2.89844453698859,0.10448011828405124,0.07899999999999996,0.035657076618244125,1.449222268494295,0.03134403548521537,0.06319999999999996,0.035657076618244125,0,0,0,0,0,0,0,0
0.10086436855321479,-0.10220708903015878,0.92,-0.03541273052296489,-0.011575313568115234,0.03370420837402344,3,0,1,0,2.8991356314467853,0.10220708903015878,0.07999999999999996,0.03541273052296489,1.4552026853457738,0.018296910513802552,0.06946874999999998,0.034267358201343474,0,0,0,0,0,0,0,0
0.09921005686622782,-0.09996574815063684,0.922,-0.036442474781641525,-0.02598944854736328,0.032720462799072265,3,0,1,0,2.900789943133772,0.09996574815063684,0.07799999999999996,0.036442474781641525,1.462643399525185,0.018754992945022156,0.05225507246376808,0.0409196237324095,0,0,0,0,0,0,0,0
0.10057553156951864,-0.0982401733816641,0.926,-0.03719296635999913,0.019525466918945314,0.026612689971923828,3,0,1,0,2.8994244684304813,0.0982401733816641,0.07399999999999995,0.03719296635999913,1.4471796128529137,0.019427942126091564,0.03547118644067791,0.04100902523300389,0,0,0,0,0,0,0,0
0.10344466810538798,-0.09654638934573928,0.927,-0.03750712562535818,0.04206254959106445,0.026989496231079102,3,0,1,0,2.896555331894612,0.09654638934573928,0.07299999999999995,0.03750712562535818,1.4412903503036008,0.020631226264626913,0.05332753623188402,0.03887303547474535,0,0,0,0,0,0,0,0
0.1114804732857396,-0.09424912418882955,0.925,-0.03834488366631527,0.11916014862060546,0.03895468139648438,3,0,1,0,2.8885195267142603,0.09424912418882955,0.07499999999999996,0.03834488366631527,1.407480956845038,0.015410167247724725,0.07147540983606555,0.04246500517921901,0,0,0,0,0,0,0,0
0.12290826806015588,-0.0919341494769494,0.926,-0.04181808887778404,0.16995973205566406,0.04127044677734375,3,0,1,0,2.877091731939844,0.0919341494769494,0.07399999999999995,0.04181808887778404,1.3918922567138339,0.016217513636009387,0.05412753623188402,0.056918981101561315,0,0,0,0,0,0,0,0
0.14578103275909718,-0.08944225039641056,0.93,-0.04192280863290376,0.3412288818359375,0.05168905639648438,3,0,1,0,2.854218967240903,0.08944225039641056,0.06999999999999995,0.04192280863290376,1.3089268483749512,0.01296934742505713,0.0330491803278688,0.04243782382201714,0,0,0,0,0,0,0,0
0.1732877658128977,-0.08692270814890556,0.935,-0.041067597299426446,0.410654541015625,0.05505225372314453,3,0,1,0,2.8267122341871023,0.08692270814890556,0.06499999999999995,0.041067597299426446,1.29282105064447,0.01415270279835665,0.02735211267605628,0.037454028284733556,0,0,0,0,0,0,0,0
0.21115026616262858,-0.08393969100387139,0.935,-0.04056145181634819,0.56562158203125,0.0680248031616211,3,0,1,0,2.7888497338373712,0.08393969100387139,0.06499999999999995,0.04056145181634819,1.1902950963284504,0.008327506808299877,0.05199999999999996,0.0380307244009569,0,0,0,0,0,0,0,0
0.2557908232220177,-0.07850555072718314,0.937,-0.041277036809665775,0.6657522583007812,0.108597900390625,3,0,1,0,2.744209176777982,0.07850555072718314,0.06299999999999994,0.041277036809665775,1.1707287075921196,-0.002634078436120825,0.040540845070422486,0.04430063537297952,0,0,0,0,0,0,0,0
0.3077191852833714,-0.07363875294881944,0.938,-0.04040437218366866,0.77524951171875,0.10508238983154297,3,0,1,0,2.6922808147166286,0.07363875294881944,0.062000000000000055,0.04040437218366866,1.0685162835691844,-0.0051854322298564015,0.04386229508196789,0.03611257894105988,0,0,0,0,0,0,0,0
0.3682507808016426,-0.06889266981191551,0.941,-0.039828413530510476,0.9043572387695312,0.10780928039550781,3,0,1,0,2.6317492191983574,0.06889266981191551,0.05900000000000005,0.039828413530510476,1.0264300108492876,-0.0030665296944725716,0.0317588235294118,0.03728741947245967,0,0,0,0,0,0,0,0
0.4335803873303591,-0.06419819868565067,0.946,-0.03906046865963308,0.9763630981445313,0.10938052368164063,3,0,1,0,2.566419612669641,0.06419819868565067,0.05400000000000005,0.03906046865963308,0.9257753707496508,-0.007392397929346657,0.014033333333333353,0.03522074430524609,0,0,0,0,0,0,0,0
0.5065338724882977,-0.05823878029820366,0.946,-0.04010766621082961,1.089976806640625,0.13205618286132811,3,0,1,0,2.4934661275117023,0.05823878029820366,0.05400000000000005,0.04010766621082961,0.902054580994748,-0.011984557633332348,0.043200000000000044,0.04466069904211888,0,0,0,0,0,0,0,0
0.5826007027284632,-0.05237953781979683,0.948,-0.04089306437422701,1.136560791015625,0.13356863403320313,3,0,1,0,2.417399297271537,0.05237953781979683,0.052000000000000046,0.04089306437422701,0.7991006636992666,-0.0171000493937169,0.030124590163934456,0.044755678292574874,0,0,0,0,0,0,0,0
0.6672630203623857,-0.04605205145057616,0.952,-0.04052654523130827,1.264992919921875,0.14675,3,0,1,0,2.3327369796376143,0.04605205145057616,0.04800000000000004,0.04052654523130827,0.7715398585666018,-0.016984886330269552,0.018400000000000024,0.03895574890451366,0,0,0,0,0,0,0,0
0.7570336855583387,-0.04101023053516741,0.953,-0.039671333897831056,1.3423902587890626,0.1301217041015625,3,0,1,0,2.242966314441661,0.04101023053516741,0.04700000000000004,0.039671333897831056,0.6362567364001521,-0.015763465180343744,0.031862295081967244,0.03546537652007427,0,0,0,0,0,0,0,0
0.8509067361940791,-0.037069850191474796,0.951,-0.039496800972631634,1.4046436767578125,0.11490558624267579,3,0,1,0,2.149093263805921,0.037069850191474796,0.049000000000000044,0.039496800972631634,0.6297130244718969,-0.007978956950615096,0.04934492753623193,0.038737962167416755,0,0,0,0,0,0,0,0
0.9499165971684578,-0.034998743398255365,0.952,-0.03715805977495922,1.482762939453125,0.08968571472167969,3,0,1,0,2.0500834028315422,0.034998743398255365,0.04800000000000004,0.03715805977495922,0.48953692676630645,-0.0004749028623571936,0.032662295081967246,0.025656053884767036,0,0,0,0,0,0,0,0
1.0514950771745353,-0.033470011358844705,0.953,-0.035360370645404975,1.5217735595703126,0.07951901245117188,3,0,1,0,1.9485049228254647,0.033470011358844705,0.04700000000000004,0.035360370645404975,0.5074815055594557,0.003437637855931319,0.032670422535211296,0.027764501083908155,0,0,0,0,0,0,0,0
1.1604538933157704,-0.032752779859122505,0.952,-0.03366740127097045,1.632980224609375,0.06853206634521485,3,0,1,0,1.8395461066842296,0.032752779859122505,0.04800000000000004,0.03366740127097045,0.30846055717228016,0.0065230324233655984,0.04433220338983055,0.025059082417913527,0,0,0,0,0,0,0,0
1.270463392708657,-0.034286349875504524,0.951,-0.032428217502054595,1.649981689453125,0.03255500030517578,3,0,1,0,1.729536607291343,0.034286349875504524,0.049000000000000044,0.032428217502054595,0.35098484460146206,0.018929717089048403,0.044200000000000045,0.027117429920986657,0,0,0,0,0,0,0,0
1.3920400768486052,-0.038022315844404735,0.951,-0.03033382239966142,1.8245084228515625,0.0031173362731933595,3,0,1,0,1.6079599231513948,0.038022315844404735,0.049000000000000044,0.03033382239966142,0.14365371654114412,0.033841720723835324,0.03920000000000004,0.020033518617399895,0,0,0,0,0,0,0,0
1.519202169984069,-0.04352384242767123,0.949,-0.028413960222467664,1.9090567626953125,-0.024634122848510742,3,0,1,0,1.480797830015931,0.04352384242767123,0.051000000000000045,0.028413960222467664,0.14286990128500376,0.04159440799148526,0.050800000000000047,0.020185979463065863,0,0,0,0,0,0,0,0
1.6477570576931209,-0.04882850515350025,0.949,-0.026738444140553035,1.9298055419921876,-0.02475389289855957,3,0,1,0,1.3522429423068791,0.04882850515350025,0.051000000000000045,0.026738444140553035,-0.03468924276295515,0.04665133689666284,0.04080000000000004,0.018360863730979886,0,0,0,0,0,0,0,0
1.7812326775504517,-0.0519167400020598,0.948,-0.02501056818107871,2.0026571044921875,0.0072206130027771,3,0,1,0,1.2187673224495483,0.0519167400020598,0.052000000000000046,0.02501056818107871,-0.018048503216423817,0.03211145741136064,0.046600000000000044,0.017605385497617327,0,0,0,0,0,0,0,0
1.9266565089479992,-0.056282636191332065,0.949,-0.02291617307868542,2.18231298828125,-0.010916659355163574,3,0,1,0,1.0733434910520008,0.056282636191332065,0.051000000000000045,0.02291617307868542,-0.2571266127078814,0.04306460847022937,0.035062295081967246,0.012615869296423336,0,0,0,0,0,0,0,0
2.0728593829152047,-0.06076747070996466,0.952,-0.02007128639793464,2.1940087890625,-0.01700309753417969,3,0,1,0,0.9271406170847953,0.06076747070996466,0.04800000000000004,0.02007128639793464,-0.23679807104988715,0.042150924945560476,0.023182608695652203,0.007702213872931249,0,0,0,0,0,0,0,0
2.224211669287767,-0.06498170585271226,0.957,-0.01734857276482359,2.271095703125,-0.017636327743530272,3,0,1,0,0.7757883307122331,0.06498170585271226,0.04300000000000004,0.01734857276482359,-0.43880696023672,0.04488571143148489,0.005711475409836075,0.003958177847883992,0,0,0,0,0,0,0,0
2.369428957857409,-0.06761475788023763,0.962,-0.012705996954518673,2.17861669921875,-0.0017020421028137206,3,0,1,0,0.630571042142591,0.06761475788023763,0.038000000000000034,0.012705996954518673,-0.3791751874006524,0.034898304527576994,0.005037681159420299,-0.007479115264198352,0,0,0,0,0,0,0,0
2.520102299123474,-0.06897412273260148,0.967,-0.010367255756846262,2.2601767578125,0.008327225685119628,3,0,1,0,0.47989770087652595,0.06897412273260148,0.03300000000000003,0.010367255756846262,-0.5821288568613372,0.029791761587775356,-0.002288524590163935,-0.0011347501333459267,0,0,0,0,0,0,0,0
2.654366890161712,-0.0705085151164899,0.977,-0.005951572749300682,2.0140992431640625,-0.002135692596435547,3,0,1,0,0.3456331098382881,0.0705085151164899,0.02300000000000002,0.005951572749300682,-0.437168220667406,0.029962062901141034,-0.030211111111111143,-0.012447106448805902,0,0,0,0,0,0,0,0
2.7801516229104877,-0.06991067112285158,0.988,-0.0042236967898261375,1.8866842041015626,0.02019668960571289,3,0,1,0,0.21984837708951233,0.06991067112285158,0.01200000000000001,0.0042236967898261375,-0.6063037807285132,0.01875672675422122,-0.056779310344827624,-0.00471359265573185,0,0,0,0,0,0,0,0
2.8952197829574158,-0.06872304691953805,1.005,-0.003124139361069801,1.7259317626953126,0.025104377746582033,3,0,1,0,0.10478021704258422,0.06872304691953805,-0.004999999999999893,0.003124139361069801,-0.48839883403382855,0.01603135692611152,-0.09023188405797043,-0.0016565451117838358,0,0,0,0,0,0,0,0
2.990678312705881,-0.06665244214363408,1.02,-0.005829399701660954,1.43177392578125,0.035532299041748046,3,0,1,0,0.009321687294118863,0.06665244214363408,-0.020000000000000018,0.005829399701660954,-0.49132204372727284,0.009786782820424682,-0.10067741935483943,0.018919369091618145,1425558667163,0,0,0,0,0,0,0
3.068333114751396,-0.06568506503687299,1.03,-0.006824237375297793,1.1647176513671875,0.02130058479309082,3,0,1,0,-0.06833311475139592,0.06568506503687299,-0.030000000000000027,0.006824237375297793,-0.3741245264905602,0.01646334362762068,-0.07329577464788739,0.011027776841368945,1425558667163,0,0,0,0,0,0,0
3.1322197692953275,-0.06499898802891621,1.043,-0.006894050545377495,0.958207275390625,0.016830530166625977,3,0,1,0,-0.13221976929532753,0.06499898802891621,-0.04299999999999993,0.006894050545377495,-0.4023291298806524,0.016994681961326717,-0.11151864406779596,0.007249032766121744,0,0,0,0,0,0,0,0
3.180889522584913,-0.06403141591063648,1.05,-0.006108652381980096,0.7299288940429688,0.019546173095703126,3,0,1,0,-0.1808895225849132,0.06403141591063648,-0.050000000000000044,0.006108652381980096,-0.2811555594368327,0.016182057209032503,-0.07356164383561703,0.0028809886967853036,0,0,0,0,0,0,0,0
3.218238654103428,-0.0637174755935909,1.049,-0.006318091892219425,0.56019775390625,0.008131288528442382,3,0,1,0,-0.2182386541034278,0.0637174755935909,-0.04899999999999993,0.006318091892219425,-0.28448287003621164,0.0189338314858868,-0.03336666666666596,0.007365289443416068,0,0,0,0,0,0,0,0
3.2425792328661993,-0.06377077371599214,1.047,-0.005707226654021336,0.3651064453125,0.0015073189735412599,3,0,1,0,-0.2425792328661993,0.06377077371599214,-0.04699999999999993,0.005707226654021336,-0.20609803076457156,0.021102288884565334,-0.027152238805970088,0.0029720091695522844,0,0,0,0,0,0,0,0
3.2566916226313287,-0.06478822388476739,1.045,-0.004799655442984319,0.21176950073242187,-0.01405337142944336,3,0,1,0,-0.2566916226313287,0.06478822388476739,-0.04499999999999993,0.004799655442984319,-0.16215858912589548,0.02664979108512051,-0.025230769230769164,0.0006108652381980866,0,0,0,0,0,0,0,0
3.2593733598781025,-0.064797153530924,1.038,-0.004834562028024226,0.04022623825073242,0.000059127330780029295,3,0,1,0,-0.2593733598781025,0.064797153530924,-0.038000000000000034,0.004834562028024226,-0.10211838302667287,0.02126409300696991,0.007292307692307095,0.004995669343593026,0,0,0,0,0,0,0,0
3.25421112075303,-0.06431588431745369,1.028,-0.005480333851262221,-0.07746758270263672,0.006844597816467285,3,0,1,0,-0.25421112075303,0.06431588431745369,-0.028000000000000025,0.005480333851262221,-0.05563280379533185,0.018349481489262104,0.0349770491803279,0.008656260850793344,0,0,0,0,0,0,0,0
3.2418464777995197,-0.06154329803628838,1.02,-0.0069813170079772065,-0.1856947784423828,0.04057173919677735,3,0,1,0,-0.24184647779951973,0.06154329803628838,-0.020000000000000018,0.0069813170079772065,-0.01741596490147502,0.006459235240737672,0.024000000000000014,0.013414101965327144,0,0,0,0,0,0,0,0
3.2223347423345574,-0.05733703426527789,1.009,-0.0078016217564145125,-0.293109375,0.06104917144775391,3,0,1,0,-0.2223347423345574,0.05733703426527789,-0.008999999999999897,0.0078016217564145125,0.042333644407299864,-0.0050390372193070895,0.05591475409836143,0.011835907404466838,0,0,0,0,0,0,0,0
3.1950830505629573,-0.052847378947013524,1.001,-0.009965830028887613,-0.409288330078125,0.06415370178222657,3,0,1,0,-0.19508305056295727,0.052847378947013524,-0.0009999999999998899,0.009965830028887613,0.08210552158284748,-0.004988782731068009,0.039779710144927656,0.019375431213553264,0,0,0,0,0,0,0,0
3.1669502679999084,-0.046571071943604804,0.993,-0.01117010721276367,-0.42290899658203124,0.08993450164794922,3,0,1,0,-0.16695026799990842,0.046571071943604804,0.007000000000000006,0.01117010721276367,0.11925445893953937,-0.02008125010552181,0.0515016393442617,0.017092781887563947,0,0,0,0,0,0,0,0
3.1361006557930935,-0.039663773939791244,0.985,-0.011972958668681078,-0.46387261962890625,0.09843421173095702,3,0,1,0,-0.1361006557930935,0.039663773939791244,0.015000000000000013,0.011972958668681078,0.12741445074801383,-0.02065056732343398,0.05200000000000004,0.015413750622612826,0,0,0,0,0,0,0,0
3.1028971471634095,-0.03225738315288294,0.979,-0.014102260356114161,-0.4993470458984375,0.1051248779296875,3,0,1,0,-0.10289714716340947,0.03225738315288294,0.02100000000000002,0.014102260356114161,0.18339353941363998,-0.03152058636751204,0.05180000000000005,0.02474876879327958,0,0,0,0,0,0,0,0
3.0725752282343226,-0.02498136319452173,0.974,-0.015742869852988884,-0.4563226318359375,0.10271554565429687,3,0,1,0,-0.07257522823432261,0.02498136319452173,0.026000000000000023,0.015742869852988884,0.1564261571906969,-0.026862058935625197,0.045800000000000035,0.022774053411023412,1425558668145,0,0,0,0,0,0,0
3.0432173502492885,-0.017480742013417955,0.969,-0.018081611050661296,-0.44208474731445313,0.10556300354003906,3,0,1,0,-0.04321735024928852,0.017480742013417955,0.031000000000000028,0.018081611050661296,0.18791597985186415,-0.03575783328464212,0.05348852459016398,0.029583616940853485,1425558668145,0,0,0,0,0,0,0
3.018268671965339,-0.008784071192537513,0.966,-0.01741838593490329,-0.37652761840820315,0.12366242218017579,3,0,1,0,-0.01826867196533888,0.008784071192537513,0.03400000000000003,0.01741838593490329,0.1584821393701619,-0.03943797012481054,0.042417391304347865,0.014534798475085885,1425558668145,0,0,0,0,0,0,0
2.997624765242845,-0.0016392468878070297,0.965,-0.017907078125461762,-0.31147830200195314,0.10176262664794922,3,0,1,0,0.0023752347571548427,0.0016392468878070297,0.03500000000000003,0.017907078125461762,0.16070292009595738,-0.03846176338521324,0.03373770491803282,0.020310482341323093,1425558668145,0,0,0,0,0,0,0
2.9837421851374586,0.005560522637038065,0.965,-0.018168877513260896,-0.2101391143798828,0.10425048065185546,3,0,1,0,0.01625781486254141,-0.005560522637038065,0.03500000000000003,0.018168877513260896,0.11669203504747405,-0.03462968390189681,0.028000000000000025,0.019259708295757284,1425558668145,0,0,0,0,0,0,0
2.97142258106485,0.012234875128334025,0.965,-0.0189193690916185,-0.1865824432373047,0.09674144744873046,3,0,1,-0.018168877513260896,0.02857741893514998,-0.012234875128334025,0.03500000000000003,0.0007504915783576038,0.01428870946757499,-0.0036704625385002073,0.028000000000000025,0.0007504915783576038,1425558668145,0,0,0,0,0,0,0
2.9674714633005164,0.01683362953138065,0.971,-0.01980948701013562,-0.06056116485595703,0.06784774780273438,3,0,1,-0.018168877513260896,0.032528536699483634,-0.01683362953138065,0.029000000000000026,0.0016406094968747231,0.03604262714709973,-0.028055644415319287,-0.0068000000000000005,0.0054554005762338055,1425558668536,0,0,0,0,0,0,0
2.9637643587300118,0.02263350928402582,0.971,-0.020839231268812257,-0.05731893539428711,0.08587966156005859,3,0,1,-0.018168877513260896,0.03623564126998824,-0.02263350928402582,0.029000000000000026,0.0026703537555513614,0.03943296647770454,-0.04009364134729393,0.023200000000000023,0.00773466978182991,1425558668597,0,0,0,0,0,0,0
2.965940849400035,0.02741856424813542,0.972,-0.021205750411731,0.031144626617431642,0.07244053649902343,3,0,1,-0.018168877513260896,0.034059150599965005,-0.02741856424813542,0.028000000000000025,0.0030368728984701034,0.00621583707215064,-0.03219562707129755,0.017400000000000016,0.004607669225264711,1425558668667,0,0,0,0,0,0,0
2.9699893942576114,0.03183156556403329,0.971,-0.024609142453120063,0.059310909271240234,0.06746782684326172,3,0,1,-0.018168877513260896,0.030010605742388563,-0.03183156556403329,0.029000000000000026,0.006440264939859167,-0.008524487312271888,-0.035355859260928234,0.029033333333333362,0.023457225146804487,1425558668727,0,0,0,0,0,0,0
2.9767741225913493,0.037035774980904324,0.969,-0.02434734306532082,0.09981923675537109,0.08054374694824219,3,0,1,-0.018168877513260896,0.023225877408650675,-0.037035774980904324,0.031000000000000028,0.006178465552059923,-0.022207723364448304,-0.03722158653676042,0.03480000000000003,0.005056468175777448,1425558668797,0,0,0,0,0,0,0
2.983781631209117,0.0422400558500166,0.972,-0.022444934180647073,0.1031810073852539,0.08060003662109375,3,0,1,-0.018168877513260896,0.01621836879088301,-0.0422400558500166,0.028000000000000025,0.004276056667386178,-0.03133629700661627,-0.04216701745404493,0.005464516129032267,-0.004929147613293234,1425558668859,0,0,0,0,0,0,0
2.992128994923397,0.04752862342534619,0.973,-0.020071286397934644,0.12339854431152343,0.08211863708496094,3,0,1,-0.018168877513260896,0.007871005076602877,-0.04752862342534619,0.027000000000000024,0.0019024088846737487,-0.03891048224847512,-0.04162747068672579,0.016452941176470608,-0.008569566627292849,1425558668927,0,0,0,0,0,0,0
3.000431882527445,0.05191532267688616,0.974,-0.01797689129554158,0.12319761657714844,0.06828681182861328,3,0,1,-0.018168877513260896,-0.0004318825274451932,-0.05191532267688616,0.026000000000000023,-0.00019198621771931643,-0.04773733647966618,-0.04092416627608059,0.015062295081967228,-0.010492289999980291,1425558668988,0,0,0,0,0,0,0
3.0078823149823566,0.05809728064876382,0.975,-0.01857030324121966,0.110071533203125,0.09472331237792969,3,0,1,-0.018168877513260896,-0.007882314982356586,-0.05809728064876382,0.025000000000000022,0.0004014257279587631,-0.04108071356254641,-0.04855962575399471,0.015000000000000013,0.002944619780864818,1425558669058,0,0,0,0,0,0,0
3.015809810600828,0.06283307351053032,0.979,-0.01776745178530225,0.11757283020019531,0.07323275756835937,3,0,1,-0.018168877513260896,-0.0158098106008282,-0.06283307351053032,0.02100000000000002,-0.00040142572795864515,-0.054045509424670166,-0.04673373195754721,-0.006533333333333339,-0.004415683007545686,1425558669118,0,0,0,0,0,0,0
3.0228552358530663,0.06705327621651824,0.981,-0.018797196043978885,0.10454002380371094,0.06517063903808594,3,0,1,-0.018168877513260896,-0.022855235853066258,-0.06705327621651824,0.019000000000000017,0.0006283185307179896,-0.04656762253599221,-0.04152228523233024,0.005200000000000007,0.005041508210760709,1425558669188,0,0,0,0,0,0,0
3.027807585373702,0.06978493063603869,0.984,-0.019600047499896182,0.073501953125,0.04236384963989258,3,0,1,-0.018168877513260896,-0.027807585373702093,-0.06978493063603869,0.016000000000000014,0.0014311699866352869,-0.04224875386256735,-0.03695676383318318,-0.004413114754098363,0.005379619769835109,1425558669249,0,0,0,0,0,0,0
3.0324481303389788,0.07269194058633478,0.986,-0.019373154697136956,0.06874019622802735,0.04496100997924805,3,0,1,-0.018168877513260896,-0.03244813033897875,-0.07269194058633478,0.014000000000000012,0.0012042771838760603,-0.038426781469666216,-0.036146223877427365,0.0016109589041095902,0.0002718410081532117,1425558669322,0,0,0,0,0,0,0
3.036356749965359,0.07558384410627367,0.989,-0.020001473227855053,0.0577779655456543,0.04450617599487305,3,0,1,-0.018168877513260896,-0.0363567499653592,-0.07558384410627367,0.01100000000000001,0.0018325957145941575,-0.04215292239211296,-0.04087646110018802,-0.009621052631578956,0.005139535349952564,1425558669379,0,0,0,0,0,0,0
3.036963209636529,0.07730147861110873,0.994,-0.02085668456133227,0.008579781532287598,0.025941303253173828,3,0,1,-0.018168877513260896,-0.036963209636529104,-0.07730147861110873,0.006000000000000005,0.0026878070480713737,-0.021602474860401646,-0.03252777997538974,-0.020935294117647073,0.006460798225176739,1425558669447,0,0,0,0,0,0,0
3.036417639033617,0.07786411121437764,0.995,-0.02078687139125234,-0.008357786178588867,0.008266983985900879,3,0,1,-0.018168877513260896,-0.03641763903361683,-0.07786411121437764,0.0050000000000000044,0.002617993877991446,-0.015150950844838263,-0.02708023146426057,-0.001645161290322581,0.0022801882163143764,1425558669509,0,0,0,0,0,0,0
3.0352931103728378,0.07693496018985956,0.996,-0.02188642882000879,-0.016574594497680666,-0.014284860610961915,3,0,1,-0.018168877513260896,-0.03529311037283778,-0.07693496018985956,0.0040000000000000036,0.003717551306747894,-0.011988741921294595,-0.01896533457981326,-0.0018724637681159428,0.008498235779602015,1425558669578,0,0,0,0,0,0,0
3.0322030426931126,0.07560857934191127,0.996,-0.023404865269244006,-0.045904502868652344,-0.020905324935913086,3,0,1,-0.018168877513260896,-0.03220304269311258,-0.07560857934191127,0.0040000000000000036,0.00523598775598311,0.0015624136975289117,-0.015716244551345772,0.003200000000000003,0.01270370799812352,1425558669639,0,0,0,0,0,0,0
3.0284014015691105,0.07407603221497358,0.999,-0.02237512101056726,-0.05647101211547852,-0.024316442489624022,3,0,1,-0.018168877513260896,-0.02840140156911053,-0.07407603221497358,0.0010000000000000009,0.004206243497306365,0.004721662375428412,-0.01525597991558385,-0.014200000000000011,-0.00020694618273683126,1425558669709,0,0,0,0,0,0,0
3.022720773431944,0.0709249689280171,0.995,-0.020367992370773684,-0.08413059997558593,-0.049160530090332034,3,0,1,-0.018168877513260896,-0.022720773431943897,-0.0709249689280171,0.0050000000000000044,0.0021991148575127885,0.021133679152344396,-0.003936789476628691,0.02695081967213117,-0.007672009600488406,1425558669770,0,0,0,0,0,0,0
3.0164306084901886,0.06777486962230059,0.993,-0.020193459445574262,-0.09337055206298828,-0.04916332626342773,3,0,1,-0.018168877513260896,-0.016430608490188625,-0.06777486962230059,0.007000000000000006,0.0020245819323133664,0.0226811832377385,-0.005591092611641589,0.01545915492957748,0.0012871188680904561,1425558669841,0,0,0,0,0,0,0
3.012832711107936,0.06509969670219644,0.993,-0.018151424220741,-0.05314719772338867,-0.04120914840698242,3,0,1,-0.018168877513260896,-0.012832711107936046,-0.06509969670219644,0.007000000000000006,-0.00001745329251989433,0.014808164329891255,-0.004485938240946771,0.005600000000000005,-0.010400683249299186,1425558669900,0,0,0,0,0,0,0
3.0060741037708887,0.06128313461191302,0.993,-0.016667894356545802,-0.10032332611083984,-0.05907907485961914,3,0,1,-0.018168877513260896,-0.006074103770888684,-0.06128313461191302,0.007000000000000006,-0.0015009831567150932,0.031122608659647263,0.00010644807995888184,0.005600000000000005,-0.007951113001042044,1425558669969,0,0,0,0,0,0,0
2.999739075559747,0.058070021656212,0.991,-0.016475908138826375,-0.09420892333984375,-0.049773799896240235,3,0,1,-0.018168877513260896,0.00026092444025316297,-0.058070021656212,0.009000000000000008,-0.0016929693744345206,0.03576974972891529,-0.00018645348952774088,0.018490322580645174,-0.0026219349440446535,1425558670031,0,0,0,0,0,0,0
2.994297983390286,0.0544051217584182,0.992,-0.016406094968746673,-0.0806996078491211,-0.056310680389404295,3,0,1,-0.018168877513260896,0.0057020166097139224,-0.0544051217584182,0.008000000000000007,-0.0017627825445142228,0.030331717063035987,0.001327008012170592,0.0013275362318840604,-0.0020663180665998846,1425558670100,0,0,0,0,0,0,0
2.9884174936845005,0.049615511211585556,0.993,-0.01795943800302157,-0.087016845703125,-0.07328156280517578,3,0,1,-0.018168877513260896,0.011582506315499508,-0.049615511211585556,0.007000000000000006,-0.00020943951023932525,0.0394197990615393,0.011624925759073784,-0.00013770491803278672,0.007429952461604434,1425558670161,0,0,0,0,0,0,0
2.9830051724868194,0.04337693348382572,0.993,-0.018901915799098494,-0.07949119567871094,-0.09502153015136719,3,0,1,-0.018168877513260896,0.0169948275131806,-0.04337693348382572,0.007000000000000006,0.0007330382858375985,0.03545894732271739,0.017177651872738866,0.005600000000000005,0.004772228840452986,1425558670231,0,0,0,0,0,0,0
2.9784954122593446,0.03723891826723994,0.995,-0.019582594207376396,-0.06589411926269531,-0.09333235168457031,3,0,1,-0.018168877513260896,0.021504587740655445,-0.03723891826723994,0.0050000000000000044,0.0014137166941155,0.03697205886096369,0.023608913211372144,-0.007666666666666674,0.004817108735505008,1425558670291,0,0,0,0,0,0,0
2.974251759622294,0.031654468029130634,0.992,-0.021118483949131288,-0.0620023193359375,-0.08499713897705079,3,0,1,-0.018168877513260896,0.025748240377705844,-0.031654468029130634,0.008000000000000007,0.0029496064358703923,0.03402323747273534,0.017379252582314028,0.021400000000000016,0.009531991043391358,1425558670361,0,0,0,0,0,0,0
2.9719734829463813,0.02565769241588902,0.993,-0.022584560520806478,-0.03226702880859375,-0.09065322875976563,3,0,1,-0.018168877513260896,0.028026517053618694,-0.02565769241588902,0.007000000000000006,0.004415683007545582,0.027033288088867027,0.025648111811801773,-0.00013770491803278672,0.011625895655128483,1425558670422,0,0,0,0,0,0,0
2.9696695753243767,0.018462878585663152,0.993,-0.024486969405480445,-0.032112632751464844,-0.10867510986328124,3,0,1,-0.018168877513260896,0.030330424675623302,-0.018462878585663152,0.007000000000000006,0.00631809189221955,0.026491988307753393,0.028853110509469974,0.005600000000000005,0.014356439292250398,1425558670493,0,0,0,0,0,0,0
2.969102554997073,0.012372966197839567,0.993,-0.024417156235400632,-0.006266126155853272,-0.09152954864501953,3,0,1,-0.018168877513260896,0.030897445002926904,-0.012372966197839567,0.007000000000000006,0.006248278722139736,0.01880011677730124,0.03133199096574646,0.005600000000000005,0.005893296501394923,1425558670552,0,0,0,0,0,0,0
2.9701546231268505,0.006212947901418989,0.989,-0.025237460983837934,0.01803224563598633,-0.09198744201660156,3,0,1,-0.018168877513260896,0.029845376873149476,-0.006212947901418989,0.01100000000000001,0.007068583470577039,0.009670953919603358,0.02784913996242664,0.02880000000000002,0.01058417524959405,1425558670622,0,0,0,0,0,0,0
2.971305463739368,0.0012981196696610726,0.988,-0.024225170017681198,0.019117481231689454,-0.0732633285522461,3,0,1,-0.018168877513260896,0.02869453626063212,-0.0012981196696610726,0.01200000000000001,0.006056292504420302,0.007659854077636952,0.027192549429970514,0.015433333333333348,0.0009948376736366171,1425558670682,0,0,0,0,0,0,0
2.973965205126846,-0.003651069327531524,0.992,-0.023335052099164078,0.04168266296386719,-0.07324965667724609,3,0,1,-0.018168877513260896,0.026034794873154077,0.003651069327531524,0.008000000000000007,0.005166174585903183,0.0001326669312062493,0.02406866117236472,-0.013044444444444456,0.0014573499254151856,1425558670754,0,0,0,0,0,0,0
2.975542788414686,-0.009544604339268115,0.994,-0.02387610416728235,0.025720008850097655,-0.08782681274414063,3,0,1,-0.018168877513260896,0.02445721158531411,0.009544604339268115,0.006000000000000005,0.005707226654021454,0.002929058525608985,0.03674544374191267,-0.007064406779661023,0.008458338864792327,1425558670813,0,0,0,0,0,0,0
2.9784853332020496,-0.01462076061484971,0.993,-0.02321287905152446,0.04594340133666992,-0.07506689453125,3,0,1,-0.018168877513260896,0.021514666797950444,0.01462076061484971,0.007000000000000006,0.005044001538263565,-0.004094775640078669,0.0290653493638848,0.010672463768115951,0.0021604140784466552,1425558670882,0,0,0,0,0,0,0
2.9810821408963935,-0.020033003340145752,0.989,-0.02323033234404436,0.04082595825195313,-0.08025765991210937,3,0,1,-0.018168877513260896,0.01891785910360655,0.020033003340145752,0.01100000000000001,0.005061454830783463,-0.005355404052259139,0.03600647522684739,0.03175081967213118,0.00514729069563542,1425558670943,0,0,0,0,0,0,0
2.9857347677823,-0.025694366090764784,0.986,-0.022671826983406407,0.07174312591552734,-0.0832764434814453,3,0,1,-0.018168877513260896,0.014265232217700152,0.025694366090764784,0.014000000000000012,0.004502949470145512,-0.01637243951128208,0.035385818892793686,0.026417391304347847,0.0020746652934587697,1425558671012,0,0,0,0,0,0,0
2.990201325425295,-0.030953417773722958,0.987,-0.021519909677090044,0.06876947784423829,-0.0773466567993164,3,0,1,-0.018168877513260896,0.009798674574704958,0.030953417773722958,0.013000000000000012,0.0033510321638291485,-0.02062724959085727,0.03844024525734458,0.004662295081967218,-0.002314134916415261,1425558671073,0,0,0,0,0,0,0
2.9943513521412366,-0.03532090930370122,0.987,-0.022724186860966104,0.06364569854736328,-0.06415768432617187,3,0,1,-0.018168877513260896,0.0056486478587634,0.03532090930370122,0.013000000000000012,0.004555309347705209,-0.01812143578024178,0.03175391998162791,0.01040000000000001,0.00979129710368808,1425558671142,0,0,0,0,0,0,0
3.0006613659169363,-0.04101683323196219,0.983,-0.02237512101056726,0.09656713104248046,-0.0832661361694336,3,0,1,-0.018168877513260896,-0.0006613659169363295,0.04101683323196219,0.017000000000000015,0.004206243497306365,-0.035847038069615755,0.04348859432578295,0.03618064516129035,0.0025172151889248607,1425558671204,0,0,0,0,0,0,0
3.0045634456724675,-0.04566007015486511,0.982,-0.021991148575128506,0.06007481002807617,-0.06832158660888672,3,0,1,-0.018168877513260896,-0.00456344567246747,0.04566007015486511,0.018000000000000016,0.0038222710618676103,-0.02088896532235493,0.035022582817261866,0.019194520547945224,0.0022443021491056064,1425558671277,0,0,0,0,0,0,0
3.0095372384766748,-0.051222479446915464,0.983,-0.020350539078253783,0.0764235610961914,-0.08177540588378907,3,0,1,-0.018168877513260896,-0.009537238476674759,0.051222479446915464,0.017000000000000015,0.002181661564992887,-0.03521352939106559,0.04861355235807356,0.0074596491228070255,-0.00645312526066355,1425558671334,0,0,0,0,0,0,0
3.014278539334175,-0.055087214578660976,0.983,-0.01989675347273533,0.0722844467163086,-0.05651180267333984,3,0,1,-0.018168877513260896,-0.014278539334175111,0.055087214578660976,0.017000000000000015,0.0017278759594744342,-0.031103275817073565,0.0352595672290526,0.013600000000000013,-0.00024510493408405696,1425558671403,0,0,0,0,0,0,0
3.0174193603773563,-0.05736288852442833,0.985,-0.019058995431778015,0.04778212356567383,-0.03319103240966797,0,0,0.5,undefined,-3.0174193603773563,0.05736288852442833,-0.485,0,-1.5087096801886781,0.0172088665573285,-0.388,0,0,0,0,0,0,0,0,0
3.021106769800872,-0.06004736397261725,0.985,-0.02029817920069398,0.05606850051879883,-0.039205707550048825,0,0,0.5,undefined,-3.021106769800872,0.06004736397261725,-0.485,0,-1.5311052067568753,0.03147861958751061,-0.388,0,0,0,0,0,0,0,0,0
3.0246718538757182,-0.06299318797319184,0.985,-0.021327923459370724,0.05436210632324219,-0.04309286117553711,0,0,0.5,undefined,-3.0246718538757182,0.06299318797319184,-0.485,0,-1.5367511519370296,0.03588068424715787,-0.388,0,0,0,0,0,0,0,0,0
3.0276513635429176,-0.06887391718585117,0.981,-0.02211332162276801,0.04656369400024414,-0.08723774719238281,0,0,0.5,undefined,-3.0276513635429176,0.06887391718585117,-0.481,0,-1.5348024106316607,0.0501944919605266,-0.3648,0,0,0,0,0,0,0,0,0
3.028276666769301,-0.07297936978735353,0.976,-0.02200860186764829,0.010738922119140624,-0.061359336853027344,0,0,0.5,undefined,-3.028276666769301,0.07297936978735353,-0.476,0,-1.5256820820628203,0.0460147428083168,-0.35163333333333335,0,0,0,0,0,0,0,0,0
3.023977987455072,-0.07857561251012564,0.971,-0.023911010752322256,-0.06261724090576172,-0.08534231567382812,0,0,0.5,undefined,-3.023977987455072,0.07857561251012564,-0.471,0,-1.5001667899909692,0.052186097737860676,-0.3514376811594203,0,0,0,0,0,0,0,0,0
3.0161377245049623,-0.08478337042089344,0.964,-0.025254914276357832,-0.11534403228759765,-0.0959015121459961,0,0,0.5,undefined,-3.0161377245049623,0.08478337042089344,-0.46399999999999997,0,-1.4749062823125259,0.061331687612773106,-0.3310360655737704,0,0,0,0,0,0,0,0,0
2.9977047366638025,-0.09113336634520619,0.954,-0.02532472744643765,-0.27400137329101565,-0.10220167541503906,0,0,0.5,undefined,-2.9977047366638025,0.09113336634520619,-0.45399999999999996,0,-1.4192426569853531,0.059891409572036085,-0.3124753623188405,0,0,0,0,0,0,0,0,0
2.9709694098321866,-0.097409551085896,0.942,-0.026843163895672754,-0.3985174255371094,-0.10426747131347656,0,0,0.5,undefined,-2.9709694098321866,0.097409551085896,-0.44199999999999995,0,-1.3502924254520847,0.0650546098112113,-0.28585806451612894,0,0,0,0,0,0,0,0,0
2.934516348286221,-0.10283510912336091,0.929,-0.028710666195306593,-0.5444146118164063,-0.09603002166748047,0,0,0.5,undefined,-2.934516348286221,0.10283510912336091,-0.42900000000000005,0,-1.302779980507036,0.05845197683710637,-0.27820000000000056,0,0,0,0,0,0,0,0,0
2.892309817458377,-0.1075698177484349,0.91,-0.030874874467779586,-0.6307982788085937,-0.08916552734375,0,0,0.5,undefined,-2.892309817458377,0.1075698177484349,-0.41000000000000003,0,-1.2235377123075672,0.05997657778966978,-0.21898360655737703,0,0,0,0,0,0,0,0,0
2.8437865004989793,-0.11275566716624684,0.887,-0.031119220563058932,-0.7251015625,-0.10021936798095703,0,0,0.5,undefined,-2.8437865004989793,0.11275566716624684,-0.387,0,-1.2108745972609658,0.05931194488075453,-0.1993260273972602,0,0,0,0,0,0,0,0,0
2.7914168321120014,-0.11508837394885424,0.865,-0.03064798166502047,-0.7840759887695312,-0.05941526412963867,0,0,0.5,undefined,-2.7914168321120014,0.11508837394885424,-0.365,0,-1.1135209211256636,0.048824604579533505,-0.16366666666666652,0,0,0,0,0,0,0,0,0
2.7292692363264686,-0.11643769526744632,0.846,-0.029496064358704104,-0.9311559448242187,-0.04879631805419922,0,0,0.5,undefined,-2.7292692363264686,0.11643769526744632,-0.346,0,-1.0601675894750844,0.04285428546312977,-0.17604242424242417,0,0,0,0,0,0,0,0,0
2.664309447296801,-0.11636837148106928,0.83,-0.02769837522914986,-0.974003662109375,-0.02769729995727539,0,0,0.5,undefined,-2.664309447296801,0.11636837148106928,-0.32999999999999996,0,-0.9861634064443661,0.03535122176276927,-0.1721967213114753,0,0,0,0,0,0,0,0,0
2.587345877101629,-0.11467961508800234,0.817,-0.02590068609959572,-1.1547122802734375,-0.006650769710540771,0,0,0.5,undefined,-2.587345877101629,0.11467961508800234,-0.31699999999999995,0,-0.9373950134747857,0.02687884804010831,-0.18859999999999993,0,0,0,0,0,0,0,0,0
2.5112341626884613,-0.11367612248809193,0.802,-0.0234397718542838,-1.1416826171875,-0.014519537925720215,0,0,0.5,undefined,-2.5112341626884613,0.11367612248809193,-0.30200000000000005,0,-0.8416787469981966,0.029236081066152022,-0.15410000000000063,0,0,0,0,0,0,0,0,0
2.42321911498226,-0.11098798216321358,0.789,-0.022026055160168413,-1.32080810546875,0.009368072509765625,0,0,0.5,undefined,-2.42321911498226,0.11098798216321358,-0.28900000000000003,0,-0.8094997137254176,0.02111075130112492,-0.16711549295774647,0,0,0,0,0,0,0,0,0
2.3300271539223125,-0.10883765359635454,0.775,-0.020612338466052916,-1.398250732421875,0.001459825038909912,0,0,0.5,undefined,-2.3300271539223125,0.10883765359635454,-0.275,0,-0.654558972372897,0.021238767984257494,-0.1383333333333333,0,0,0,0,0,0,0,0,0
2.2292623561829115,-0.10713986993432108,0.765,-0.019757127132575703,-1.51167578125,-0.005691420555114746,0,0,0.5,undefined,-2.2292623561829115,0.10713986993432108,-0.265,0,-0.6455328413052139,0.024859095791111882,-0.16199999999999998,0,0,0,0,0,0,0,0,0
2.1286168611294856,-0.1059863658435138,0.755,-0.019495327744776574,-1.5097296142578125,-0.01252586269378662,0,0,0.5,undefined,-2.1286168611294856,0.1059863658435138,-0.255,0,-0.5132125314471995,0.02633678083050067,-0.14566666666666664,0,0,0,0,0,0,0,0,0
2.020416798359238,-0.10637926914515829,0.749,-0.020106192982974773,-1.62257763671875,-0.0375313606262207,0,0,0.5,undefined,-2.020416798359238,0.10637926914515829,-0.249,0,-0.4987644106879756,0.035249815141711424,-0.16876521739130435,0,0,0,0,0,0,0,0,0
1.909251232232455,-0.10676290461354933,0.742,-0.021362830044410523,-1.66703076171875,-0.03927785491943359,0,0,0.5,undefined,-1.909251232232455,0.10676290461354933,-0.242,0,-0.355351953504658,0.0356382305057973,-0.15343606557377046,0,0,0,0,0,0,0,0,0
1.7886361211732373,-0.10848489790941385,0.734,-0.02228785454796755,-1.8082620849609374,-0.06447126770019532,0,0,0.5,undefined,-1.7886361211732373,0.10848489790941385,-0.23399999999999999,0,-0.3395680117121125,0.042519365004164256,-0.14776338028169012,0,0,0,0,0,0,0,0,0
1.6633640179260865,-0.11097672205248307,0.726,-0.026319565120074377,-1.8777818603515626,-0.07924530792236328,0,0,0.5,undefined,-1.6633640179260865,0.11097672205248307,-0.22599999999999998,0,-0.1417575762814226,0.049380439769076,-0.13413333333333327,0,0,0,0,0,0,0,0,0
1.5407622005528612,-0.11527559981845646,0.717,-0.02933898472602458,-1.836693359375,-0.11285764312744141,0,0,0.5,undefined,-1.5407622005528612,0.11527559981845646,-0.21699999999999997,0,-0.19038045259071867,0.05801990413963147,-0.12794782608695646,0,0,0,0,0,0,0,0,0
1.4222279573662244,-0.11424205941573509,0.71,-0.03230604445441498,-1.7777032470703125,-0.03666119766235352,0,0,0.5,undefined,-1.4222279573662244,0.11424205941573509,-0.20999999999999996,0,-0.0737596564949865,0.030043478111919455,-0.12783606557377045,0,0,0,0,0,0,0,0,0
1.2879631027320595,-0.11297061064448351,0.703,-0.03659955441432105,-2.0135379638671873,-0.04599039840698242,0,0,0.5,undefined,-1.2879631027320595,0.11297061064448351,-0.20299999999999996,0,-0.006576823342893889,0.029220765228379467,-0.12689275362318836,0,0,0,0,0,0,0,0,0
1.16058596737849,-0.10993578245659529,0.69,-0.03920009499979248,-1.911043212890625,-0.024421648025512697,0,0,0.5,undefined,-1.16058596737849,0.10993578245659529,-0.18999999999999995,0,0.10620259239373853,0.017413806805469945,-0.07740983606557368,0,0,0,0,0,0,0,0,0
1.0269581676605601,-0.10403559663721487,0.679,-0.03954916085019144,-2.0063455810546875,0.009881582260131836,0,0,0.5,undefined,-1.0269581676605601,0.10403559663721487,-0.17900000000000005,0,0.10958420416188619,0.003628595499430589,-0.08820000000000057,0,0,0,0,0,0,0,0,0
0.8891005979369677,-0.09797568438460781,0.668,-0.04345869837465865,-2.069840576171875,0.009066654205322265,0,0,0.5,undefined,-0.8891005979369677,0.09797568438460781,-0.16800000000000004,0,0.30081769486039595,-0.003398672246605533,-0.07128524590163933,0,0,0,0,0,0,0,0,0
0.7564653337748687,-0.08979735569770765,0.661,-0.044104470197896754,-1.9929801025390625,0.03612397766113281,0,0,0.5,undefined,-0.7564653337748687,0.08979735569770765,-0.16100000000000003,0,0.24841488190677086,-0.012504498290657775,-0.09329275362318841,0,0,0,0,0,0,0,0,0
0.6433711321307288,-0.08289758546914357,0.656,-0.043877577395137306,-1.6993265380859375,0.028600765228271485,0,0,0.5,undefined,-0.6433711321307288,0.08289758546914357,-0.15600000000000003,0,0.28068311147607977,-0.012628431457774883,-0.09611147540983606,0,0,0,0,0,0,0,0,0
0.5302299301085721,-0.0763785850599439,0.653,-0.04401720373529693,-1.6997738037109376,0.02324935531616211,0,0,0.5,undefined,-0.5302299301085721,0.0763785850599439,-0.15300000000000002,0,0.2536874046722928,-0.007536823043262825,-0.10740000000000001,0,0,0,0,0,0,0,0,0
0.43066490791466505,-0.0693395892634622,0.654,-0.044104470197896754,-1.4966748046875,0.03976528549194336,0,0,0.5,undefined,-0.43066490791466505,0.0693395892634622,-0.15400000000000003,0,0.31830146951150523,-0.01807272479546078,-0.12903333333333336,0,0,0,0,0,0,0,0,0
0.3446031422075663,-0.06198972593609047,0.659,-0.04361577800733817,-1.294531982421875,0.05322356796264648,0,0,0.5,undefined,-0.3446031422075663,0.06198972593609047,-0.15900000000000003,0,0.20453986214593758,-0.015404582903336624,-0.15184788732394372,0,0,0,0,0,0,0,0,0
0.267469455082435,-0.05398655590253992,0.663,-0.044401176170735676,-1.1611392822265625,0.06948569488525391,0,0,0.5,undefined,-0.267469455082435,0.05398655590253992,-0.16300000000000003,0,0.2686445914557447,-0.02822657988101631,-0.1537333333333334,0,0,0,0,0,0,0,0,0
0.20058380055958552,-0.046600063321004546,0.677,-0.044715335436094725,-1.0072139282226562,0.06615579986572266,0,0,0.5,undefined,-0.20058380055958552,0.046600063321004546,-0.17700000000000005,0,0.19127756683872507,-0.021192931076035947,-0.21261449275362326,0,0,0,0,0,0,0,0,0
0.1470975650969369,-0.03949358139332222,0.685,-0.04352851154473856,-0.8062565307617188,0.0706278076171875,0,0,0.5,undefined,-0.1470975650969369,0.03949358139332222,-0.18500000000000005,0,0.1855441321425647,-0.026607964882769328,-0.19390163934426238,0,0,0,0,0,0,0,0,0
0.10816148487704715,-0.03452324003789985,0.691,-0.04201007509550345,-0.5867322387695313,0.04907008361816406,0,0,0.5,undefined,-0.10816148487704715,0.03452324003789985,-0.19099999999999995,0,0.09272862405144564,-0.012151711492107392,-0.18279999999999944,0,0,0,0,0,0,0,0,0
0.07599415700251781,-0.028556058912486346,0.701,-0.03883357585687373,-0.48584332275390624,0.0691644287109375,0,0,0.5,undefined,-0.07599415700251781,0.028556058912486346,-0.20099999999999996,0,0.10172903632981456,-0.023881581982184163,-0.21913333333333335,0,0,0,0,0,0,0,0,0
0.053903559192974626,-0.02439734063936271,0.705,-0.036512287951721324,-0.333531005859375,0.04946912384033203,0,0,0.5,undefined,-0.053903559192974626,0.02439734063936271,-0.20499999999999996,0,0.03399063091844011,-0.010804042668950612,-0.18371830985915494,0,0,0,0,0,0,0,0,0
0.03758299415654422,-0.019538525116486485,0.702,-0.03504621138004602,-0.24730581665039061,0.06389712524414062,0,0,0.5,undefined,-0.03758299415654422,0.019538525116486485,-0.20199999999999996,0,0.028434346540370026,-0.0200923308792595,-0.14409999999999995,0,0,0,0,0,0,0,0,0
0.02982535989724883,-0.015006268974663752,0.698,-0.03221877799181514,-0.1186751480102539,0.06386479568481446,0,0,0.5,undefined,-0.02982535989724883,0.015006268974663752,-0.19799999999999995,0,-0.02356039316758464,-0.016088267913319257,-0.1381101449275362,0,0,0,0,0,0,0,0,0
0.02695667668641744,-0.011236431530145608,0.69,-0.030595621787460538,-0.04482949447631836,0.05513207244873047,0,0,0.5,undefined,-0.02695667668641744,0.011236431530145608,-0.18999999999999995,0,-0.04503315607445309,-0.015852874701820462,-0.10609836065573763,0,0,0,0,0,0,0,0,0
0.026773496907945442,-0.007934842524272928,0.685,-0.03106686068549911,-0.0042613868713378905,0.049416603088378905,0,0,0.5,undefined,-0.026773496907945442,0.007934842524272928,-0.18500000000000005,0,-0.06050406650775802,-0.01171552719758276,-0.12300000000000058,0,0,0,0,0,0,0,0,0
0.0314538676392025,-0.005583102840826782,0.671,-0.03008947630438217,0.06907594299316407,0.037439788818359375,0,0,0.5,undefined,-0.0314538676392025,0.005583102840826782,-0.17100000000000004,0,-0.09108118568532957,-0.009628235698317895,-0.0551333333333333,0,0,0,0,0,0,0,0,0
0.03623845626104423,-0.004348163120345371,0.66,-0.030508355324860827,0.07117904663085937,0.020674871444702148,0,0,0.5,undefined,-0.03623845626104423,0.004348163120345371,-0.16000000000000003,0,-0.0894558259974895,-0.002280284647031121,-0.07452777777777775,0,0,0,0,0,0,0,0,0
0.04156100837146743,-0.003564644264209782,0.646,-0.030822514590219768,0.079442626953125,0.014182670593261719,0,0,0.5,undefined,-0.04156100837146743,0.003564644264209782,-0.14600000000000002,0,-0.10045766780791165,-0.001158051181334942,-0.03374915254237282,0,0,0,0,0,0,0,0,0
0.044375633342796574,-0.003343312924715396,0.638,-0.030962140930379394,0.04209700775146484,0.004619494438171386,0,0,0.5,undefined,-0.044375633342796574,0.003343312924715396,-0.138,0,-0.0843947064215599,0.002319226252755776,-0.07039999999999999,0,0,0,0,0,0,0,0,0
0.04567967992801054,-0.002688042632911932,0.625,-0.03181735226385672,0.019247043609619142,0.010429887771606446,0,0,0.5,undefined,-0.04567967992801054,0.002688042632911932,-0.125,0,-0.0786079510792261,-0.0005914953472537935,-0.0241666666666666,0,0,0,0,0,0,0,0,0
0.049220308172232594,-0.003449701265617634,0.612,-0.03223623128433516,0.05344599151611328,-0.009729580879211426,0,0,0.5,undefined,-0.049220308172232594,0.003449701265617634,-0.11199999999999999,0,-0.09050892222441984,0.007270120232492567,-0.024599999999999955,0,0,0,0,0,0,0,0,0
0.05068267277951034,-0.0030649164404843877,0.602,-0.03349286834577113,0.02173804473876953,0.006475768089294434,0,0,0.5,undefined,-0.05068267277951034,0.0030649164404843877,-0.10199999999999998,0,-0.08209783311973634,0.0011036524246777692,-0.02326666666666661,0,0,0,0,0,0,0,0,0
0.05187976136839341,-0.002411108658368832,0.593,-0.03396410724380959,0.017617851257324218,0.010402913093566895,0,0,0.5,undefined,-0.05187976136839341,0.002411108658368832,-0.09299999999999997,0,-0.08018767598243087,-0.00011526289786321225,-0.029399999999999947,0,1425558674923,0,0,0,0,0,0,0
0.05065856437565672,-0.001355098829324318,0.588,-0.035011304795006234,-0.01884528350830078,0.015208978652954102,0,0,0.5,undefined,-0.05065856437565672,0.001355098829324318,-0.08799999999999997,0,-0.06661566827480417,-0.003221273115312571,-0.04171147540983602,0,1425558674923,0,0,0,0,0,0,0
0.049055080615105516,-0.0007597693039088099,0.583,-0.03642502148912151,-0.024350101470947266,0.008082541465759277,0,0,0.5,undefined,-0.049055080615105516,0.0007597693039088099,-0.08299999999999996,0,-0.06483771413931531,-0.0003169149719023578,-0.04139999999999996,0,1425558674923,0,0,0,0,0,0,0
0.04452308188432055,0.0017884801824303818,0.58,-0.03792600464583672,-0.06932688140869141,0.03572276306152344,0,0,0.5,undefined,-0.04452308188432055,-0.0017884801824303818,-0.07999999999999996,0,-0.04417918816289714,-0.012970603949147985,-0.04649999999999996,0,1425558674923,0,0,0,0,0,0,0
0.03893930347051949,0.003311282391829713,0.577,-0.038449603421434976,-0.08456254577636718,0.019649812698364258,0,0,0.5,undefined,-0.03893930347051949,-0.003311282391829713,-0.07699999999999996,0,-0.03993232366233296,-0.0061789848863267665,-0.046599999999999954,0,1425558674923,0,0,0,0,0,0,0
0.03478911010010437,0.004873953953806869,0.574,-0.03920009499979247,-0.06310792922973633,0.02102973937988281,0,0,0.5,undefined,-0.03478911010010437,-0.004873953953806869,-0.07399999999999995,0,-0.04198475549107382,-0.008002896726261387,-0.04198688524590159,0,1425558675245,0,0,0,0,0,0,0
0.028599874443984152,0.00562662293072129,0.558,-0.040613811693907965,-0.09320967102050781,0.007643013954162598,0,0,0.5,undefined,-0.028599874443984152,-0.00562662293072129,-0.05800000000000005,0,-0.03132778287059692,-0.003084317597514903,0.03475942028985452,0,1425558675314,0,0,0,0,0,0,0
0.02377999349783137,0.0066924871270257055,0.526,-0.04043927876870854,-0.07288774871826172,0.01303927993774414,0,0,0.5,undefined,-0.02377999349783137,-0.0066924871270257055,-0.026000000000000023,0,-0.033118254270305195,-0.005607315385360158,0.1598451612903227,0,1425558675376,0,0,0,0,0,0,0
0.01719469126642369,0.0062677674719965265,0.502,-0.04098033083682681,-0.09844121551513672,-0.010359070777893066,0,0,0.5,undefined,-0.01719469126642369,-0.0062677674719965265,-0.0020000000000000018,0,-0.02364276586185174,0.002687126115053601,0.12013913043478269,0,1425558675445,0,0,0,0,0,0,0
0.009667536267078291,0.004825994415501501,0.474,-0.040910517666747,-0.111926513671875,-0.02623412322998047,0,0,0.5,undefined,-0.009667536267078291,-0.004825994415501501,0.026000000000000023,0,-0.010100198271671301,0.009234807470605108,0.18145573770491819,0,1425558675506,0,0,0,0,0,0,0
0.0018460548001382963,0.0016527994829637657,0.429,-0.04106759729942642,-0.11527734375,-0.05235647201538086,0,0,0.5,undefined,-0.0018460548001382963,-0.0016527994829637657,0.07100000000000001,0,-0.010271936700400601,0.017779115296478364,0.2817999999999999,0,1425558675576,0,0,0,0,0,0,0
-0.008485294007478016,-0.0027857801771109993,0.387,-0.041015237421866725,-0.15210610961914062,-0.07288502502441406,0,0,0.5,undefined,0.008485294007478016,0.0027857801771109993,0.11299999999999999,0,0.016057622922873882,0.029138100683687846,0.33539999999999986,0,0,0,0,0,0,0,0,0
-0.01872323861289552,-0.01524276099980555,0.342,-0.041416663149825374,-0.14577827453613282,-0.19299447631835936,0,0,0.5,undefined,0.01872323861289552,0.01524276099980555,0.15799999999999997,0,0.012854915953422065,0.07018158163504984,0.35466086956521725,0,0,0,0,0,0,0,0,0
-0.03215129472569877,-0.03760149077544897,0.294,-0.042970006184100275,-0.18736172485351563,-0.34343313598632813,0,0,0.5,undefined,0.03215129472569877,0.03760149077544897,0.20600000000000002,0,0.04470317682669947,0.14201234738855803,0.44020983606557407,0,0,0,0,0,0,0,0,0
-0.04901073940726891,-0.06357011021114264,0.255,-0.04372049776245777,-0.23592530822753907,-0.40003314208984375,0,0,0.5,undefined,0.04901073940726891,0.06357011021114264,0.245,0,0.061639415277443654,0.15328388399618403,0.3938260869565216,0,0,0,0,0,0,0,0,0
-0.0671311900933309,-0.09020224422011996,0.214,-0.04450589592585527,-0.2540870361328125,-0.41098001098632814,0,0,0.5,undefined,0.0671311900933309,0.09020224422011996,0.28600000000000003,0,0.08919146736700052,0.18241099265332134,0.4640459016393445,0,0,0,0,0,0,0,0,0
-0.08577227065315941,-0.11451239243958945,0.196,-0.044889868361294015,-0.26311550903320313,-0.3767315979003906,0,0,0.5,undefined,0.08577227065315941,0.11451239243958945,0.304,0,0.08780765201712601,0.1585276106101999,0.3331999999999998,0,0,0,0,0,0,0,0,0
-0.10370236221218362,-0.13559189271753364,0.167,-0.04623377188532981,-0.25449136352539065,-0.327943115234375,0,0,0.5,undefined,0.10370236221218362,0.13559189271753364,0.33299999999999996,0,0.10650812795743642,0.16433138306522727,0.4327934426229506,0,0,0,0,0,0,0,0,0
-0.11978458094713913,-0.1511136581722483,0.114,-0.04838052686528268,-0.23021488952636718,-0.24372683715820312,0,0,0.5,undefined,0.11978458094713913,0.1511136581722483,0.386,0,0.09333078601075354,0.12687782159758054,0.5776405797101452,0,0,0,0,0,0,0,0,0
