0.25642472975518804,-0.13246017266527552,0.711,-0.19024088846738185,0.0008349769711494446,-0.031121864318847656,0,0,1,0,-0.25642472975518804,0.13246017266527552,0.28900000000000003,0.19024088846738185,-0.12821236487759402,0.039738051799582653,0.23120000000000004,0.19024088846738185,0,0,0,0,0,0,0,0
0.25445669599280096,-0.13367763295767462,0.709,-0.18390534328264252,-0.02553467559814453,-0.023514629364013672,0,0,1,0,-0.25445669599280096,0.13367763295767462,0.29100000000000004,0.18390534328264252,-0.11627624313444057,0.0470589297348924,0.2442754098360656,0.15274692434130155,0,0,0,0,0,0,0,0
0.2530258346205679,-0.13443643453380746,0.711,-0.17135642596080325,-0.019019556045532227,-0.015115022659301758,0,0,1,0,-0.2530258346205679,0.13443643453380746,0.28900000000000003,0.17135642596080325,-0.11947801037814176,0.04441082361580154,0.2209058823529412,0.11599355542327706,0,0,0,0,0,0,0,0
0.2530028508201588,-0.13610291672259234,0.709,-0.15840608291100522,0.003922796964645385,-0.02468992042541504,0,0,1,0,-0.2530028508201588,0.13610291672259234,0.29100000000000004,0.15840608291100522,-0.12685836063627143,0.05049711647620287,0.2440903225806452,0.09574313267004701,0,0,0,0,0,0,0,0
0.2533309915674084,-0.1372817630739728,0.709,-0.14718361582068185,0.00764983320236206,-0.016684871673583984,0,0,1,0,-0.2533309915674084,0.1372817630739728,0.29100000000000004,0.14718361582068185,-0.12897021370061554,0.047433538629530696,0.23280000000000003,0.09908732829072453,0,0,0,0,0,0,0,0
0.25516891559313415,-0.13917452171466463,0.712,-0.13603096190043806,0.03143446159362793,-0.024041362762451172,0,0,1,0,-0.25516891559313415,0.13917452171466463,0.28800000000000003,0.13603096190043806,-0.13861991742586363,0.05271014019513742,0.21373333333333336,0.08292308608975338,0,0,0,0,0,0,0,0
0.2560817314746845,-0.1416975946756961,0.718,-0.12700760966762736,0.01869812774658203,-0.03563964462280273,0,0,1,0,-0.2560817314746845,0.1416975946756961,0.28200000000000003,0.12700760966762736,-0.13394725189940493,0.05662961722084192,0.1932923076923077,0.08536136859311644,0,0,0,0,0,0,0,0
0.257577947135935,-0.14421782018266813,0.721,-0.11618656830526254,0.027050882339477538,-0.03465608596801758,0,0,1,0,-0.257577947135935,0.14421782018266813,0.279,0.11618656830526254,-0.13838627435100306,0.0581164019138118,0.2062645161290323,0.06382669074543276,0,0,0,0,0,0,0,0
0.25732552088200517,-0.14700391655038486,0.728,-0.10822786691616827,0.0010838217735290527,-0.04194862365722656,0,0,1,0,-0.25732552088200517,0.14700391655038486,0.272,0.10822786691616827,-0.12873167908614044,0.05875853592945363,0.18259999999999998,0.07411914667719283,0,0,0,0,0,0,0,0
0.2568752665539863,-0.1482782696212941,0.734,-0.10051351162235335,-0.004649527549743652,-0.01973297882080078,0,0,1,0,-0.2568752665539863,0.1482782696212941,0.266,0.10051351162235335,-0.12758871477251163,0.0519667747336581,0.18145671641791045,0.06597162224706266,0,0,0,0,0,0,0,0
0.25400657178331765,-0.15013355295583944,0.741,-0.09154251926710268,-0.040020729064941404,-0.03200664901733399,0,0,1,0,-0.25400657178331765,0.15013355295583944,0.259,0.09154251926710268,-0.11134267691332615,0.05714904420853719,0.16495862068965517,0.045140834670978514,0,0,0,0,0,0,0,0
0.25028974960169703,-0.15177013841995526,0.748,-0.08648106443631912,-0.05327477264404297,-0.029542577743530272,0,0,1,0,-0.25028974960169703,0.15177013841995526,0.252,0.08648106443631912,-0.10838644687247923,0.05473351097057482,0.16659999999999997,0.06478911516153243,0,0,0,0,0,0,0,0
0.2455569526833492,-0.15205740030637044,0.756,-0.08059930485709814,-0.07035446929931641,-0.01042463493347168,0,0,1,0,-0.2455569526833492,0.15205740030637044,0.244,0.08059930485709814,-0.0975985569080905,0.04837774116855486,0.14929836065573768,0.051672618401913006,0,0,0,0,0,0,0,0
0.23833157106135697,-0.15258737561035818,0.764,-0.07508406442079611,-0.10738883972167969,-0.016649778366088868,0,0,1,0,-0.23833157106135697,0.15258737561035818,0.236,0.07508406442079611,-0.0851811822413309,0.04964519750416941,0.14879999999999996,0.05144731969378743,0,0,0,0,0,0,0,0
0.23124811741321585,-0.1523812595704294,0.772,-0.07031931556285158,-0.10618436431884766,-0.004887293815612793,0,0,1,0,-0.23124811741321585,0.1523812595704294,0.22799999999999998,0.07031931556285158,-0.07658496611684629,0.045822571361743065,0.1357333333333333,0.04649557127312891,0,0,0,0,0,0,0,0
0.21937417656665986,-0.15193326934358323,0.779,-0.06600835231042562,-0.17814108276367188,-0.005810945510864258,0,0,1,0,-0.21937417656665986,0.15193326934358323,0.22099999999999997,0.06600835231042562,-0.05440554559965004,0.044822179544476794,0.1427722222222222,0.04804600542531747,0,0,0,0,0,0,0,0
0.20805775370730298,-0.15091008335114503,0.788,-0.06239552075879734,-0.17038902282714843,0.004117824554443359,0,0,1,0,-0.20805775370730298,0.15091008335114503,0.21199999999999997,0.06239552075879734,-0.039459311979495953,0.04071224355254461,0.11621016949152535,0.044025190835263704,0,0,0,0,0,0,0,0
0.1980052924255963,-0.14958163649167883,0.797,-0.057560958730773,-0.15173602294921876,0.010485601425170899,0,0,1,0,-0.1980052924255963,0.14958163649167883,0.20299999999999996,0.057560958730773,-0.05144070068183954,0.039845929755686876,0.11739999999999995,0.03684140718209726,0,0,0,0,0,0,0,0
0.18404360195034025,-0.14815400335687587,0.807,-0.05391322059410492,-0.21031047058105468,0.009330962181091309,0,0,1,0,-0.18404360195034025,0.14815400335687587,0.19299999999999995,0.05391322059410492,-0.013389393574921402,0.03782090656157388,0.0960666666666666,0.03567452991076454,0,0,0,0,0,0,0,0
0.17290031304833905,-0.14748131394983158,0.81,-0.051155600375953854,-0.16745021057128906,0.001068486213684082,0,0,1,0,-0.17290031304833905,0.14748131394983158,0.18999999999999995,0.051155600375953854,-0.033665529272042326,0.042686749577021274,0.13699999999999996,0.03933722801244927,0,0,0,0,0,0,0,0
0.16010485745224656,-0.14662415566598075,0.817,-0.049096111858600584,-0.19233819580078124,0.0030264482498168943,0,0,1,0,-0.16010485745224656,0.14662415566598075,0.18300000000000005,0.049096111858600584,-0.008440151254600542,0.04088093363135723,0.10556666666666734,0.03879866927183424,0,0,0,0,0,0,0,0
0.14777673766356794,-0.14610485393963898,0.825,-0.04574507969477144,-0.18508125305175782,-0.0012951545715332031,0,0,1,0,-0.14777673766356794,0.14610485393963898,0.17500000000000004,0.04574507969477144,-0.014484273996056493,0.04319190626021423,0.09942028985507248,0.031175374634644742,0,0,0,0,0,0,0,0
0.1332806650430135,-0.1452050305999078,0.836,-0.0439124839801774,-0.21783084106445313,0.003539839029312134,0,0,1,0,-0.1332806650430135,0.1452050305999078,0.16400000000000003,0.0439124839801774,0.011979855364087522,0.04056647768327623,0.0691032258064516,0.03504508536117397,0,0,0,0,0,0,0,0
0.12190839443148743,-0.14409683261190773,0.843,-0.04242895411598231,-0.17114933776855468,0.009118582725524902,0,0,1,0,-0.12190839443148743,0.14409683261190773,0.15700000000000003,0.04242895411598231,-0.007390660167880078,0.03987354401528341,0.09059999999999999,0.03607096898371765,0,0,0,0,0,0,0,0
0.11362358439070888,-0.14359997278275627,0.851,-0.03968878719035103,-0.12447643280029297,0.0021750345230102538,0,0,1,0,-0.11362358439070888,0.14359997278275627,0.14900000000000002,0.03968878719035103,-0.01184972378454735,0.042453286986824504,0.07253333333333331,0.02598795256219462,0,0,0,0,0,0,0,0
0.10628051547741356,-0.14332048336085218,0.862,-0.03928736146239249,-0.11022563934326172,-0.00018137502670288085,0,0,1,0,-0.10628051547741356,0.14332048336085218,0.138,0.03928736146239249,-0.02038348002772556,0.04399178195095776,0.0561746478873239,0.03759119641468036,0,0,0,0,0,0,0,0
0.10012865709269374,-0.1425310811246086,0.87,-0.03834488366631546,-0.0926717529296875,0.008207474708557129,0,0,1,0,-0.10012865709269374,0.1425310811246086,0.13,0.03834488366631546,-0.019391867900484125,0.04083695263792745,0.05955555555555553,0.03385689416118672,0,0,0,0,0,0,0,0
0.09422914390818446,-0.14193048661126023,0.88,-0.03714060648243951,-0.08877301025390626,0.0056098847389221196,0,0,1,0,-0.09422914390818446,0.14193048661126023,0.12,0.03714060648243951,-0.017903393447839103,0.041795122284350256,0.04044444444444441,0.03140595322588739,0,0,0,0,0,0,0,0
0.09177301057858225,-0.1413076891501538,0.891,-0.035325464060365255,-0.03716347885131836,0.007967499732971192,0,0,1,0,-0.09177301057858225,0.1413076891501538,0.10899999999999999,0.035325464060365255,-0.03705507608354183,0.041883303980463665,0.031402898550724596,0.02743354048612936,0,0,0,0,0,0,0,0
0.08988951154749661,-0.14171632536574236,0.898,-0.03232349774693506,-0.028018375396728516,-0.007123543739318848,0,0,1,0,-0.08988951154749661,0.14171632536574236,0.10199999999999998,0.03232349774693506,-0.037638829917663735,0.04763375345429665,0.040766666666666625,0.017313666179784096,0,0,0,0,0,0,0,0
0.08568427904613299,-0.14244811793508783,0.905,-0.032480577379614586,-0.06269078826904297,-0.013009716987609863,0,0,1,0,-0.08568427904613299,0.14244811793508783,0.09499999999999997,0.032480577379614586,-0.025854107813518348,0.04917814628997951,0.04149295774647883,0.033144294137415396,0,0,0,0,0,0,0,0
0.084630858381438,-0.1425671545807449,0.912,-0.03223623128433535,-0.01573499011993408,-0.0022977533340454103,0,0,1,0,-0.084630858381438,0.1425671545807449,0.08799999999999997,0.03223623128433535,-0.03985824342251401,0.04639669333901494,0.028874576271186378,0.03099379351172907,0,0,0,0,0,0,0,0
0.08280088946423339,-0.14284659035617558,0.919,-0.03213151152921563,-0.0273001766204834,-0.005074075222015381,0,0,1,0,-0.08280088946423339,0.14284659035617558,0.08099999999999996,0.03213151152921563,-0.03610048063853479,0.04727154596916596,0.029799999999999945,0.0316890336906816,0,0,0,0,0,0,0,0
0.08154137854630336,-0.1425080895667861,0.923,-0.03118903373313882,-0.019046031951904296,0.004467945575714111,0,0,1,0,-0.08154137854630336,0.1425080895667861,0.07699999999999996,0.03118903373313882,-0.03744360801838294,0.04391752914579337,0.0386491803278688,0.026476644752754755,0,0,0,0,0,0,0,0
0.08092881949393561,-0.14214606387917347,0.925,-0.02860594644018706,-0.009353258132934571,0.0051412138938903805,0,0,1,0,-0.08092881949393561,0.14214606387917347,0.07499999999999996,0.02860594644018706,-0.04131268776680616,0.04401285768408199,0.04985507246376808,0.017375132123005507,0,0,0,0,0,0,0,0
0.08005483628676298,-0.14183734713634027,0.927,-0.029373891311064673,-0.013236833572387694,0.004253890991210938,0,0,1,0,-0.08005483628676298,0.14183734713634027,0.07299999999999995,0.029373891311064673,-0.039017055466249104,0.04407180005289437,0.04692459016393438,0.033150669364561125,0,0,0,0,0,0,0,0
0.07907634757568394,-0.14027817336394507,0.931,-0.02911209192326554,-0.015357885360717773,0.022946449279785158,0,0,1,0,-0.07907634757568394,0.14027817336394507,0.06899999999999995,0.02911209192326554,-0.03863368300215039,0.03756331296575873,0.03491014492753618,0.027973833715443222,0,0,0,0,0,0,0,0
0.07836041686117196,-0.13834959943331301,0.933,-0.028256880589788327,-0.01157646369934082,0.028603761672973634,0,0,1,0,-0.07836041686117196,0.13834959943331301,0.06699999999999995,0.028256880589788327,-0.039246105281691215,0.034092259108159696,0.04230967741935479,0.024118761234253428,0,0,0,0,0,0,0,0
0.07881010906305538,-0.13607033844724797,0.936,-0.026703537555513204,0.00577674674987793,0.0343658447265625,0,0,1,0,-0.07881010906305538,0.13607033844724797,0.06399999999999995,0.026703537555513204,-0.045847922114860426,0.03282801147470303,0.035982608695652125,0.019949872189099625,0,0,0,0,0,0,0,0
0.07856916999578399,-0.1335701153516488,0.939,-0.025743606466916383,-0.004614150524139405,0.03739347839355469,0,0,1,0,-0.07856916999578399,0.1335701153516488,0.061000000000000054,0.025743606466916383,-0.04211189510283489,0.02937534873448444,0.03158688524590231,0.02102263390004677,0,0,0,0,0,0,0,0
0.07678210235182015,-0.12906845658308225,0.938,-0.02546435378659724,-0.028535274505615233,0.0668125,0,0,1,0,-0.07678210235182015,0.12906845658308225,0.062000000000000055,0.02546435378659724,-0.033588942327526114,0.019624949690779967,0.05467246376811599,0.024250211698253147,0,0,0,0,0,0,0,0
0.07539550238768587,-0.12483248903504959,0.94,-0.02438224965036091,-0.02241007423400879,0.06298933792114257,0,0,1,0,-0.07539550238768587,0.12483248903504959,0.06000000000000005,0.02438224965036091,-0.034050568043537066,0.016960076411682613,0.03652459016393446,0.01906042602952649,0,0,0,0,0,0,0,0
0.07357412677835347,-0.12108938760447654,0.944,-0.02469640891571985,-0.02868135643005371,0.05546376037597656,0,0,1,0,-0.07357412677835347,0.12108938760447654,0.05600000000000005,0.02469640891571985,-0.032294845831676064,0.02203343022038563,0.02535555555555558,0.02600540585471544,0,0,0,0,0,0,0,0
0.07298971307866411,-0.11669797667095558,0.946,-0.02389355745980244,-0.010390148162841797,0.06563460540771485,0,0,1,0,-0.07298971307866411,0.11669797667095558,0.05400000000000005,0.02389355745980244,-0.03743275119421975,0.012929747874767906,0.03133559322033902,0.019811261921239328,0,0,0,0,0,0,0,0
0.0708538805368267,-0.11324508210849184,0.949,-0.022671826983406484,-0.03326575469970703,0.05101321792602539,0,0,1,0,-0.0708538805368267,0.11324508210849184,0.051000000000000045,0.022671826983406484,-0.029046651847998775,0.020508078875433607,0.025582608695652202,0.017359955346902333,0,0,0,0,0,0,0,0
0.06855063288095851,-0.10829567394276557,0.953,-0.02277654673852609,-0.03622287368774414,0.07343882751464843,0,0,1,0,-0.06855063288095851,0.10829567394276557,0.04700000000000004,0.02277654673852609,-0.025555421686832936,0.008205755776203444,0.014649180327868869,0.023291561927638902,0,0,0,0,0,0,0,0
0.06661519990950217,-0.10372755733403394,0.955,-0.022951079663725508,-0.030584518432617187,0.06784279632568359,0,0,1,0,-0.06661519990950217,0.10372755733403394,0.04500000000000004,0.022951079663725508,-0.028172526386282065,0.012465590613898868,0.026000000000000023,0.02369907791458016,0,0,0,0,0,0,0,0
0.06446187725287691,-0.09962193643408332,0.954,-0.022724186860966285,-0.03370463562011719,0.06082684326171875,0,0,1,0,-0.06446187725287691,0.09962193643408332,0.04600000000000004,0.022724186860966285,-0.024250658211288925,0.010184805299720344,0.04263333333333337,0.02158972284717017,1425558777989,0,0,0,0,0,0,0
0.06364817358407923,-0.09631555138174588,0.957,-0.021258110289290984,-0.013329330444335938,0.04930563354492187,0,0,1,0,-0.06364817358407923,0.09631555138174588,0.04300000000000004,0.021258110289290984,-0.03232129006901781,0.016437284382762693,0.0191826086956522,0.014883864325485326,1425558777989,0,0,0,0,0,0,0
0.06339105833160708,-0.09380732151246993,0.961,-0.021554816262130023,-0.0046556005477905275,0.03753296661376953,0,0,1,0,-0.06339105833160708,0.09380732151246993,0.039000000000000035,0.021554816262130023,-0.034883631917712536,0.018122073413022882,0.008249180327868862,0.023014025964617105,1425558777989,0,0,0,0,0,0,0
0.06241483218802523,-0.08960847738882616,0.965,-0.022392574303087335,-0.015997465133666993,0.0626524200439453,0,0,1,0,-0.06241483218802523,0.08960847738882616,0.03500000000000003,0.022392574303087335,-0.031033329959154747,0.010322408348384483,0.00800000000000001,0.025982965907190098,1425558777989,0,0,0,0,0,0,0
0.06282847257010502,-0.08668836753132313,0.965,-0.02160717613968994,0.005222300529479981,0.04392959213256836,0,0,1,0,-0.06282847257010502,0.08668836753132313,0.03500000000000003,0.02160717613968994,-0.03853295269092777,0.013738747222955365,0.028000000000000025,0.01774456222134209,1425558777989,0,0,0,0,0,0,0
0.0619534608891666,-0.08492078784803345,0.965,-0.02110103065661146,-0.013694952964782715,0.02622393035888672,0.06282847257010502,-0.08668836753132313,0.965,-0.021607176139689942,0.0008750116809384118,-0.00176757968328968,0,-0.000506145483078483,0.0004375058404692059,-0.000530273904986904,0,-0.000506145483078483,1425558777989,0,0,0,0,0,0,0
0.06178414482218162,-0.0813946235361971,0.966,-0.022165681500328112,-0.0036551783084869385,0.052827102661132816,0.06282847257010502,-0.08668836753132313,0.965,-0.021607176139689942,0.0010443277479233945,-0.005293743995126027,-0.0010000000000000009,0.0005585053606381694,0.0015104675280228508,-0.02216059126398024,-0.00663333333333334,0.0058817595792214315,1425558778380,0,0,0,0,0,0,0
0.06110302039065714,-0.07861307190780768,0.966,-0.02326523892908445,-0.011139105796813965,0.04148657989501953,0.06282847257010502,-0.08668836753132313,0.965,-0.021607176139689942,0.0017254521794478755,-0.008075295623515444,-0.0010000000000000009,0.0016580627893945064,0.00427018266052071,-0.01633917578233525,-0.0008000000000000008,0.006370451769778807,1425558778450,0,0,0,0,0,0,0
0.061460183823854694,-0.07739428601265033,0.97,-0.021973695282608566,0.004930709838867188,0.018401472091674805,0.06282847257010502,-0.08668836753132313,0.965,-0.021607176139689942,0.0013682887462503207,-0.009294081518672795,-0.0050000000000000044,0.00036651914291862403,-0.0013294180620833482,-0.009683058696010384,-0.026580645161290342,-0.00588288559809371,1425558778512,0,0,0,0,0,0,0
0.06282418238040148,-0.07679356282625299,0.971,-0.021816615649929264,0.020257053375244142,0.00945821762084961,0.06282847257010502,-0.08668836753132313,0.965,-0.021607176139689942,0.000004290189703534675,-0.009894804705070134,-0.006000000000000005,0.00020943951023932178,-0.006914002450566309,-0.006037006708310316,-0.00987246376811595,-0.00047351541445329653,1425558778581,0,0,0,0,0,0,0
0.06391599506739426,-0.0765048110846753,0.972,-0.024033183799961947,0.016278806686401366,0.004687511920928955,0.06282847257010502,-0.08668836753132313,0.965,-0.021607176139689942,-0.001087522497289245,-0.010183556446647826,-0.007000000000000006,0.0024260076602720046,-0.006910635390506272,-0.004766980926187152,-0.011433333333333344,0.013508848410435419,1425558778641,0,0,0,0,0,0,0
0.0669027788283022,-0.07793445834193924,0.972,-0.02429498318776108,0.04530415344238281,-0.02036189079284668,0.06282847257010502,-0.08668836753132313,0.965,-0.021607176139689942,-0.004074306258197186,-0.008753909189383888,-0.007000000000000006,0.0026878070480711377,-0.016971890749089467,0.004488406960082356,-0.005600000000000005,0.003809804424353137,1425558778711,0,0,0,0,0,0,0
0.06825333437155733,-0.0794844327503586,0.973,-0.02532472744643772,0.020817148208618165,-0.022750627517700194,0.06282847257010502,-0.08668836753132313,0.965,-0.021607176139689942,-0.00542486180145231,-0.007203934780964524,-0.008000000000000007,0.003717551306747776,-0.010594745302246428,0.006842358017866182,-0.012233333333333346,0.008866272600130967,1425558778771,0,0,0,0,0,0,0
0.07193320936997316,-0.08134158953995314,0.977,-0.025621433419276866,0.05588582992553711,-0.026450691223144532,0.06282847257010502,-0.08668836753132313,0.965,-0.021607176139689942,-0.009104736799868146,-0.005346777991369983,-0.01200000000000001,0.004014257279586923,-0.023228757001518063,0.007774658922413043,-0.029889855072463792,0.005304283248452781,1425558778840,0,0,0,0,0,0,0
0.07564456397307523,-0.08416720415043523,0.978,-0.02626720524251464,0.05673787307739258,-0.04094411087036133,0.06282847257010502,-0.08668836753132313,0.965,-0.021607176139689942,-0.012816091402970214,-0.0025211633808878975,-0.013000000000000012,0.004660029102824696,-0.027377543019171224,0.015151469877796073,-0.016045161290322595,0.007784731473330049,1425558778902,0,0,0,0,0,0,0
0.0795771041961365,-0.08714899066115477,0.974,-0.027680921936630135,0.060142467498779294,-0.043162094116210935,0.06282847257010502,-0.08668836753132313,0.965,-0.021607176139689942,-0.01674863162603149,0.0004606231298316388,-0.009000000000000008,0.006073745796940193,-0.028351842144568408,0.015220277480389835,0.013089855072463777,0.012220340119181482,1425558778971,0,0,0,0,0,0,0
0.08356360792509397,-0.09175721325811002,0.978,-0.02792526803190926,0.06168780136108398,-0.06744181823730469,0.06282847257010502,-0.08668836753132313,0.965,-0.021607176139689942,-0.020735135354988957,0.005068845726786897,-0.013000000000000012,0.006318091892219317,-0.03328345669487208,0.027921453673428052,-0.033350819672131174,0.007519794000149437,1425558779032,0,0,0,0,0,0,0
0.0887186665361852,-0.09657645518516073,0.974,-0.02951351765122418,0.07931414794921875,-0.07010137939453125,0.06282847257010502,-0.08668836753132313,0.965,-0.021607176139689942,-0.02589019396608018,0.009888087653837599,-0.009000000000000008,0.007906341511534236,-0.03841824674563871,0.026690451736791652,0.012518309859154942,0.01461725539596347,1425558779103,0,0,0,0,0,0,0
0.09216007879902138,-0.10112313848854805,0.974,-0.030037116426822445,0.05361124038696289,-0.06664724731445312,0.06282847257010502,-0.08668836753132313,0.965,-0.021607176139689942,-0.029331606228916368,0.014434770957224924,-0.009000000000000008,0.008429940287132502,-0.03515915525723258,0.03127799694655851,-0.007200000000000007,0.011092306942716908,1425558779162,0,0,0,0,0,0,0
0.09743108407363674,-0.1067414668635546,0.971,-0.03087487446777987,0.08156040954589844,-0.08186238098144531,0.06282847257010502,-0.08668836753132313,0.965,-0.021607176139689942,-0.03460261150353172,0.02005309933223147,-0.006000000000000005,0.009267698328089928,-0.04375874860426837,0.0340973243987857,0.010200000000000008,0.012858089932193182,1425558779232,0,0,0,0,0,0,0
0.10132392075573195,-0.11169794705512187,0.969,-0.03249803067213436,0.06065981674194336,-0.07250919342041015,0.06282847257010502,-0.08668836753132313,0.965,-0.021607176139689942,-0.03849544818562693,0.025009579523798744,-0.0040000000000000036,0.010890854532444417,-0.041709570971588575,0.035946703196020315,0.00827540983606558,0.018873589963696,1425558779293,0,0,0,0,0,0,0
0.10472385327150123,-0.11658055654045174,0.969,-0.03258529713473418,0.05335176849365234,-0.07154339599609374,0.06282847257010502,-0.08668836753132313,0.965,-0.021607176139689942,-0.041895380701396215,0.029892189009128614,-0.0040000000000000036,0.010978120995044239,-0.03834853136648002,0.03376015058894292,-0.003200000000000003,0.01135754039765216,1425558779362,0,0,0,0,0,0,0
0.1060614854742755,-0.12204767979464624,0.969,-0.033597588100890925,0.022725576400756835,-0.08130962371826173,0.06282847257010502,-0.08668836753132313,0.965,-0.021607176139689942,-0.04323301290417049,0.03535931226332312,-0.0040000000000000036,0.011990411961200983,-0.029472623973836723,0.04202373702057012,-0.003200000000000003,0.01696889212262759,1425558779423,0,0,0,0,0,0,0
0.10847060680180007,-0.1274479589097995,0.969,-0.034976398209966404,0.03883745956420898,-0.07974459075927734,0.06282847257010502,-0.08668836753132313,0.965,-0.021607176139689942,-0.04564213423169505,0.04075959137847639,-0.0040000000000000036,0.013369222070276462,-0.03525391948870561,0.039695925039412217,-0.003200000000000003,0.019364048631474194,1425558779492,0,0,0,0,0,0,0
0.11074973582784545,-0.13124314560917152,0.97,-0.03508111796508612,0.036156749725341795,-0.055697490692138675,0.06282847257010502,-0.08668836753132313,0.965,-0.021607176139689942,-0.04792126325774043,0.0445547780778484,-0.0050000000000000044,0.013473941825396175,-0.03727950514702365,0.035244600704362535,-0.009737704918032795,0.013988957014509517,1425558779553,0,0,0,0,0,0,0
0.11099389911878906,-0.13498082335940303,0.97,-0.03612831551628265,0.00562662124633789,-0.05590221405029297,0.06282847257010502,-0.08668836753132313,0.965,-0.021607176139689942,-0.04816542654868404,0.04829245582807991,-0.0050000000000000044,0.014521139376592707,-0.02557914922422572,0.033312436109829785,-0.0040000000000000036,0.019009128881720704,1425558779623,0,0,0,0,0,0,0
0.1106768586470244,-0.13894869360825185,0.971,-0.03604104905368294,-0.002602684497833252,-0.0596509895324707,0.06282847257010502,-0.08668836753132313,0.965,-0.021607176139689942,-0.04784838607691938,0.05226032607692872,-0.006000000000000005,0.014433872913992996,-0.02240991537507275,0.03861275587316963,-0.010537704918032798,0.014004693589732123,1425558779684,0,0,0,0,0,0,0
0.10899049048229187,-0.14169905226379678,0.972,-0.037751471720637364,-0.023792530059814455,-0.04214006805419922,0.06282847257010502,-0.08668836753132313,0.965,-0.021607176139689942,-0.04616201791218685,0.055010684732473655,-0.007000000000000006,0.01614429558094742,-0.014863626343815496,0.030660446830938434,-0.010672463768115951,0.023580915872053618,1425558779753,0,0,0,0,0,0,0
0.10662868305072953,-0.14351217455551155,0.976,-0.03885102914939392,-0.03437539291381836,-0.028514564514160155,0.06282847257010502,-0.08668836753132313,0.965,-0.021607176139689942,-0.04380021048062452,0.05682380702418842,-0.01100000000000001,0.01724385300970398,-0.008712128056215837,0.027691112101328554,-0.03175081967213118,0.022651512495391976,1425558779814,0,0,0,0,0,0,0
0.10463044289391914,-0.1446154269204006,0.978,-0.03956661414271151,-0.02930820846557617,-0.017700510025024416,0.06282847257010502,-0.08668836753132313,0.965,-0.021607176139689942,-0.04180197032381412,0.05792705938907748,-0.013000000000000012,0.017959438003021567,-0.011157204657440613,0.023255104439595053,-0.020544927536231904,0.021070677104402375,1425558779883,0,0,0,0,0,0,0
0.10224674835330967,-0.1455301556660876,0.977,-0.03937462792499207,-0.03518468475341797,-0.015124544143676758,0.06282847257010502,-0.08668836753132313,0.965,-0.021607176139689942,-0.039418275783204657,0.05884178813476447,-0.01200000000000001,0.01776745178530213,-0.006448467442035852,0.023217652528869554,-0.0038622950819672177,0.016823257271927846,1425558779944,0,0,0,0,0,0,0
0.09959076571559453,-0.14625232032872443,0.977,-0.03988077340807055,-0.0393824462890625,-0.012392343521118164,0.06282847257010502,-0.08668836753132313,0.965,-0.021607176139689942,-0.03676229314548951,0.0595639527974013,-0.01200000000000001,0.01827359726838061,-0.0053504022956364135,0.02189011151813562,-0.00960000000000001,0.020474229803504433,1425558780013,0,0,0,0,0,0,0
0.09664214100845256,-0.1464138564621234,0.976,-0.04146902302738536,-0.04409759521484375,-0.004184549331665039,0.06282847257010502,-0.08668836753132313,0.965,-0.021607176139689942,-0.033813668438347544,0.05972548893080028,-0.01100000000000001,0.019861846887695416,-0.0004507534947664621,0.019238697487607405,-0.0030622950819672156,0.02767291058924365,1425558780074,0,0,0,0,0,0,0
0.09296553468051837,-0.1464831772835726,0.976,-0.041015237421866794,-0.05505857467651367,-0.0033252420425415037,0.06282847257010502,-0.08668836753132313,0.965,-0.021607176139689942,-0.03013706211041335,0.059794809752249475,-0.01100000000000001,0.019408061282176852,0.0025719295725848412,0.018716823741179566,-0.008800000000000007,0.017490657315197004,1425558780145,0,0,0,0,0,0,0
0.08818802963278598,-0.14681735872822121,0.975,-0.03996803987067026,-0.07139676666259766,-0.007946939468383788,0.06282847257010502,-0.08668836753132313,0.965,-0.021607176139689942,-0.025359557062680962,0.06012899119689809,-0.010000000000000009,0.01836086373098032,0.014690130106234978,0.02046082497048592,-0.0021666666666666683,0.013124875974997657,1425558780205,0,0,0,0,0,0,0
0.08469233981321828,-0.1474501866424803,0.974,-0.039810960237990745,-0.05201417922973633,-0.011580018043518067,0.06282847257010502,-0.08668836753132313,0.965,-0.021607176139689942,-0.02186386724311326,0.060761819111157175,-0.009000000000000008,0.018203784098300802,0.006032339961681555,0.021907954428986656,-0.002200000000000003,0.01753058567253144,1425558780275,0,0,0,0,0,0,0
0.08232215278043312,-0.14714082238066453,0.974,-0.03942698780255188,-0.03570932769775391,0.0032217695713043213,0.06282847257010502,-0.08668836753132313,0.965,-0.021607176139689942,-0.0194936802103281,0.060452454849341405,-0.009000000000000008,0.01781981166286194,0.00355337919668953,0.0168826521914641,-0.007200000000000007,0.01589994948566763,1425558780335,0,0,0,0,0,0,0
0.07816486621073315,-0.146799890415988,0.974,-0.040282199136029206,-0.06251241302490235,0.002652002811431885,0.06282847257010502,-0.08668836753132313,0.965,-0.021607176139689942,-0.015336393640628138,0.060111522884664884,-0.009000000000000008,0.018675022996339264,0.012581628829910792,0.016922415705289788,-0.007200000000000007,0.022340214425527794,1425558780405,0,0,0,0,0,0,0
0.07426350897346089,-0.1473660940733359,0.972,-0.04010766621082967,-0.058130859375,-0.010842856407165527,0.06282847257010502,-0.08668836753132313,0.965,-0.021607176139689942,-0.011435036403355872,0.06067772654201277,-0.007000000000000006,0.01850049007113973,0.016496930795626644,0.022136197929664637,0.0060666666666666725,0.017627825445142065,1425558780465,0,0,0,0,0,0,0
0.07044275790864278,-0.14870206577684147,0.974,-0.03923500158483256,-0.056461650848388674,-0.02232146453857422,0.06282847257010502,-0.08668836753132313,0.965,-0.021607176139689942,-0.007614285338537766,0.06201369824551835,-0.009000000000000008,0.01762782544514262,0.013962500171170952,0.02568474855650373,-0.016789041095890425,0.014041532461592851,1425558780538,0,0,0,0,0,0,0
0.06756856102801144,-0.14860062696985107,0.972,-0.040893064374227184,-0.04313945770263672,-0.00017069172859191894,0.06282847257010502,-0.08668836753132313,0.965,-0.021607176139689942,-0.0047400884579064245,0.06191225943852795,-0.007000000000000006,0.01928588823453724,0.013844233539907432,0.018694394112028202,0.0060666666666666725,0.027576202181510346,1425558780598,0,0,0,0,0,0,0
0.06603667025411619,-0.1477459527549608,0.971,-0.03975860036043094,-0.023483259201049805,0.011870001792907715,0.06282847257010502,-0.08668836753132313,0.965,-0.021607176139689942,-0.003208197684011177,0.061057585223637675,-0.006000000000000005,0.018151424220740998,0.005393326873661702,0.014859886357721484,0.00012957746478873232,0.013357914303292081,1425558780669,0,0,0,0,0,0,0
0.0638754123154109,-0.1468839791811979,0.969,-0.039322268047432385,-0.032907176971435546,0.011630796432495117,0.06282847257010502,-0.08668836753132313,0.965,-0.021607176139689942,-0.0010469397453058832,0.06019561164987476,-0.0040000000000000036,0.017715091907742442,0.012192666929617088,0.013555968343919847,0.009080701754385972,0.015418606049855309,1425558780726,0,0,0,0,0,0,0
0.06202862250283849,-0.14492968100920867,0.968,-0.03953170755767149,-0.028832847595214844,0.02820279312133789,0.06282847257010502,-0.08668836753132313,0.965,-0.021607176139689942,0.0007998500672665235,0.05824131347788554,-0.0030000000000000027,0.01792453141798155,0.008949641091940047,0.008669986186548776,0.0025295774647887347,0.018809487095048198,1425558780797,0,0,0,0,0,0,0
0.060229216262925066,-0.14332252229450915,0.969,-0.040683624863987855,-0.02792276382446289,0.023021820068359376,0.06282847257010502,-0.08668836753132313,0.965,-0.021607176139689942,0.0025992563071799493,0.05663415476318602,-0.0040000000000000036,0.019076448724297913,0.01124354672291771,0.008480590790698853,-0.009033333333333341,0.02483603525587973,1425558780857,0,0,0,0,0,0,0
0.05909346031819983,-0.14006656936633544,0.969,-0.04063126498642805,-0.01900865364074707,0.04810597229003906,0.06282847257010502,-0.08668836753132313,0.965,-0.021607176139689942,0.003735012251905187,0.05337820183501231,-0.0040000000000000036,0.019024088846738108,0.007078546333280218,0.0004000251150746044,-0.003200000000000003,0.018796437205173742,1425558780926,0,0,0,0,0,0,0
0.056902542323926796,-0.1373045277720538,0.971,-0.0409977841293469,-0.03451956176757812,0.040061500549316405,0.06282847257010502,-0.08668836753132313,0.965,-0.021607176139689942,0.0059259302461782196,0.050616160240730665,-0.006000000000000005,0.019390607989656954,0.01498738021957275,0.00027021211406820164,-0.01627540983606559,0.021193161151552918,1425558780987,0,0,0,0,0,0,0
0.05580886635282659,-0.13479940227227538,0.972,-0.04291764630654054,-0.01793149185180664,0.03687292098999023,0.06282847257010502,-0.08668836753132313,0.965,-0.021607176139689942,0.007019606217278422,0.048111034740952255,-0.007000000000000006,0.021310470166850597,0.00843667083422905,0.002874504328882208,-0.010600000000000009,0.029538450926251923,1425558781057,0,0,0,0,0,0,0
0.05404267800823539,-0.13223412792892886,0.973,-0.04422664324553643,-0.028119356155395507,0.03730702209472656,0.06282847257010502,-0.08668836753132313,0.965,-0.021607176139689942,0.008785794561869627,0.04554576039760573,-0.008000000000000007,0.022619467105846485,0.014159421971209457,-0.00030622335517919465,-0.012233333333333346,0.029164451800825924,1425558781117,0,0,0,0,0,0,0
0.05317755760405493,-0.12968953085920978,0.972,-0.04541346713689248,-0.01465165138244629,0.037557899475097654,0.06282847257010502,-0.08668836753132313,0.965,-0.021607176139689942,0.009650914966050084,0.04300116332788666,-0.007000000000000006,0.02380629099720254,0.008560747028253789,0.0013812403142013513,-0.000670422535211268,0.028821039833918267,1425558781188,0,0,0,0,0,0,0
0.05326856793860845,-0.12694001801342947,0.97,-0.046163958715250086,-0.0005085824131965637,0.04126214599609375,0.06282847257010502,-0.08668836753132313,0.965,-0.021607176139689942,0.009559904631496564,0.04025165048210634,-0.0050000000000000044,0.024556782575560144,0.0037254061367501625,-0.0029144991111074037,0.007666666666666674,0.028309240467348163,1425558781248,0,0,0,0,0,0,0
0.05243587643774893,-0.1249662076806243,0.968,-0.04729842272904633,-0.013843363761901855,0.02899921226501465,3,0,1,0,2.947564123562251,0.1249662076806243,0.03200000000000003,0.04729842272904633,1.4737820617811255,0.03748986230418729,0.025600000000000026,0.04729842272904633,0,0,0,0,0,0,0,0
0.05215078299698081,-0.12228636399489581,0.967,-0.0493753645389196,-0.0061721959114074704,0.03995050811767578,3,0,1,0,2.9478492170030193,0.12228636399489581,0.03300000000000003,0.0493753645389196,1.4773563631028601,0.021126859516782826,0.032233333333333364,0.05976007358828596,0,0,0,0,0,0,0,0
0.053198171593892354,-0.12174925146830971,0.968,-0.04886921905584134,0.015294041633605957,0.00882228183746338,3,0,1,0,2.9468018284061075,0.12174925146830971,0.03200000000000003,0.04886921905584134,1.4718900762858829,0.033957670411893785,0.02052753623188408,0.046668586520718446,0,0,0,0,0,0,0,0
0.05427799586144296,-0.12089306016610415,0.967,-0.0487121394231617,0.015550655364990234,0.0136187744140625,3,0,1,0,2.945722004138557,0.12089306016610415,0.03300000000000003,0.0487121394231617,1.4722641822730693,0.03158646857300091,0.03213770491803282,0.04793961663949137,0,0,0,0,0,0,0,0
0.058201683058889495,-0.1185825746779313,0.969,-0.048799405885761524,0.05709793090820312,0.03748200607299805,3,0,1,0,2.9417983169411106,0.1185825746779313,0.031000000000000028,0.048799405885761524,1.4595426670410483,0.024659748747140872,0.015077777777777792,0.049163016146594116,0,0,0,0,0,0,0,0
0.06686161695852177,-0.11645135074951835,0.972,-0.04960225734167893,0.12818495178222655,0.03826678085327148,3,0,1,0,2.933138383041478,0.11645135074951835,0.028000000000000025,0.04960225734167893,1.4246442419341496,0.022677760731557976,0.004603389830508481,0.05368455288024203,0,0,0,0,0,0,0,0
0.07928006004081119,-0.11368670972894275,0.98,-0.05002113636215759,0.18399139404296874,0.0506545639038086,3,0,1,0,2.9207199399591888,0.11368670972894275,0.020000000000000018,0.05002113636215759,1.4088307037953622,0.020546124659000728,-0.024579710144927554,0.05184234949467349,0,0,0,0,0,0,0,0
0.099785278583956,-0.11087867742301148,0.978,-0.04928809807631988,0.3050875244140625,0.0574468002319336,3,0,1,0,2.900214721416044,0.11087867742301148,0.02200000000000002,0.04928809807631988,1.347613064273024,0.01794420588052195,0.028890322580645184,0.04574113862871808,0,0,0,0,0,0,0,0
0.12573695504888754,-0.10706767676020193,0.974,-0.0494277244164794,0.3859859924316406,0.07627445220947265,3,0,1,0,2.8742630449511126,0.10706767676020193,0.026000000000000023,0.0494277244164794,1.3187721855462866,0.013110062389304136,0.041388235294117684,0.05004372297600667,0,0,0,0,0,0,0,0
0.16082965918716016,-0.10209337682955182,0.976,-0.0479267412597643,0.5220611572265625,0.10053106689453126,3,0,1,0,2.83917034081284,0.10209337682955182,0.02400000000000002,0.0479267412597643,1.2384569494485391,0.003215789476773444,0.00790967741935485,0.04066391953372351,0,0,0,0,0,0,0,0
0.2013872743322858,-0.09592237092797677,0.976,-0.04797910113732411,0.6032310180664062,0.12160455322265624,3,0,1,0,2.7986127256677142,0.09592237092797677,0.02400000000000002,0.04797910113732411,1.2154530700324353,-0.0013426707269643817,0.01920000000000002,0.04820350061258041,0,0,0,0,0,0,0,0
0.25044633131931454,-0.08734819956293487,0.986,-0.045535640184532086,0.7288706665039062,0.16375816345214844,3,0,1,0,2.7495536686806856,0.08734819956293487,0.014000000000000012,0.045535640184532086,1.1091835170414241,-0.02302348333827509,-0.047133333333333374,0.033318335420571984,0,0,0,0,0,0,0,0
0.3066078489973388,-0.07921395130913748,0.987,-0.04291764630654053,0.8359954833984375,0.1602342529296875,3,0,1,0,2.6933921510026613,0.07921395130913748,0.013000000000000012,0.04291764630654053,1.084261767626756,-0.016653780106847475,0.005327536231884064,0.03153506422831639,0,0,0,0,0,0,0,0
0.37192147961866073,-0.0707522093166405,0.985,-0.0426558469187414,0.9733566284179688,0.16884295654296874,3,0,1,0,2.6280785203813393,0.0707522093166405,0.015000000000000013,0.0426558469187414,0.9633350041671729,-0.02643944295414032,0.023475409836065594,0.041368308945958776,0,0,0,0,0,0,0,0
0.4436361726195468,-0.06177321011980968,0.981,-0.041329396687225725,1.06899853515625,0.180434326171875,3,0,1,0,2.556363827380453,0.06177321011980968,0.019000000000000017,0.041329396687225725,0.9402217064496061,-0.0260851886525989,0.0354898550724638,0.035562221767592356,0,0,0,0,0,0,0,0
0.5212730904576648,-0.052206572933196284,0.978,-0.04087561108170727,1.1576302490234376,0.19149362182617188,3,0,1,0,2.478726909542335,0.052206572933196284,0.02200000000000002,0.04087561108170727,0.8212277275332434,-0.0382682269338942,0.03481311475409839,0.03864387859555095,0,0,0,0,0,0,0,0
0.6002707528778314,-0.04401654267452472,0.977,-0.038973202197033416,1.1789549560546875,0.17117051696777344,3,0,1,0,2.3997292471221687,0.04401654267452472,0.02300000000000002,0.038973202197033416,0.8338781199959902,-0.026754034490314296,0.02340000000000002,0.030820021262716893,0,0,0,0,0,0,0,0
0.6864944397447155,-0.03727607610710517,0.975,-0.037140606482439484,1.2884337158203125,0.1514236602783203,3,0,1,0,2.3135055602552845,0.03727607610710517,0.025000000000000022,0.037140606482439484,0.6924397548680957,-0.026478092934475735,0.0314754098360656,0.02812784067296113,0,0,0,0,0,0,0,0
0.7740550603560936,-0.030505876533003684,0.973,-0.03513347784264591,1.308732666015625,0.1502525634765625,3,0,1,0,2.2259449396439064,0.030505876533003684,0.027000000000000024,0.03513347784264591,0.7007733431928398,-0.024154887620723448,0.03174492753623191,0.02640683158267384,0,0,0,0,0,0,0,0
0.8718558330896102,-0.024083825078228885,0.976,-0.03275983005993359,1.4627225341796875,0.14780194091796875,3,0,1,0,2.1281441669103898,0.024083825078228885,0.02400000000000002,0.03275983005993359,0.5361672256323533,-0.028573056097235382,0.0019868852459016435,0.02108615244003694,0,0,0,0,0,0,0,0
0.9757228542999083,-0.018032252957647835,0.976,-0.03160791275361734,1.5541961669921875,0.1417557373046875,3,0,1,0,2.0242771457000917,0.018032252957647835,0.02400000000000002,0.03160791275361734,0.5199207391668753,-0.024224629584735875,0.01920000000000002,0.02659957663919885,0,0,0,0,0,0,0,0
1.083276099609669,-0.012566981487476744,0.977,-0.03059562178746071,1.609902099609375,0.13292263793945314,3,0,1,0,1.916723900390331,0.012566981487476744,0.02300000000000002,0.03059562178746071,0.37706623531839933,-0.026518279838076853,0.012662295081967225,0.025617141626034682,0,0,0,0,0,0,0,0
1.1942388140878777,-0.006866800766491311,0.978,-0.029775317039023294,1.661046142578125,0.1363793487548828,3,0,1,0,1.8057611859121223,0.006866800766491311,0.02200000000000002,0.029775317039023294,0.37708528905926797,-0.025779441147970275,0.01252753623188407,0.026208774654512785,0,0,0,0,0,0,0,0
1.310811135791967,-0.00118114042519199,0.977,-0.02862339973270704,1.745270751953125,0.1373040771484375,3,0,1,0,1.689188864208033,0.00118114042519199,0.02300000000000002,0.02862339973270704,0.22463121609858416,-0.03066691643301003,0.0240451612903226,0.023049606315047756,0,0,0,0,0,0,0,0
1.4309605251626527,0.003368307648163791,0.975,-0.027296949501191475,1.799549560546875,0.11979298400878906,3,0,1,0,1.5690394748373473,-0.003368307648163791,0.025000000000000022,0.027296949501191475,0.2229774601991542,-0.022684879368524185,0.030000000000000027,0.021612162794696188,0,0,0,0,0,0,0,0
1.5636454466155434,0.0056934560446100105,0.972,-0.028082347664588767,1.9885804443359374,0.0891858901977539,3,0,1,0,1.4363545533844566,-0.0056934560446100105,0.028000000000000025,0.028082347664588767,-0.01575161608369413,-0.014201965240242196,0.03990000000000003,0.03200933848157522,0,0,0,0,0,0,0,0
1.7017131057290151,0.005050799848221725,0.97,-0.027366762671271177,2.070468994140625,0.04851527404785156,3,0,1,0,1.2982868942709849,-0.005050799848221725,0.030000000000000027,0.027366762671271177,-0.00021956523993649224,0.0027639426866582378,0.03400000000000003,0.02429996984276722,0,0,0,0,0,0,0,0
1.8393632824179316,0.0030903459131123782,0.967,-0.02743657584135088,2.0647841796875,0.027102745056152344,3,0,1,0,1.1606367175820684,-0.0030903459131123782,0.03300000000000003,0.02743657584135088,-0.18096934000516607,0.011572924965839608,0.043900000000000036,0.02778564169174939,0,0,0,0,0,0,0,0
1.985756745957672,-0.0006632951854094462,0.964,-0.026197392072434916,2.1966201171875,0.0039570462703704835,3,0,1,0,1.014243254042328,0.0006632951854094462,0.03600000000000003,0.026197392072434916,-0.1824640551772292,0.020031705806497203,0.04380000000000004,0.020886604491366503,0,0,0,0,0,0,0,0
2.1374534094755235,-0.004974304239591587,0.965,-0.02349213173184365,2.276363037109375,-0.005038910865783691,3,0,1,0,0.8625465905244765,0.004974304239591587,0.03500000000000003,0.02349213173184365,-0.39620960813277534,0.027295135207593618,0.022262295081967233,0.010187572679755464,0,0,0,0,0,0,0,0
2.294440672791053,-0.010628274190135978,0.966,-0.02104867077905163,2.3561513671875,-0.02947175407409668,3,0,1,0,0.7055593272089471,0.010628274190135978,0.03400000000000003,0.02104867077905163,-0.4001379167629235,0.032942919570236096,0.02212753623188408,0.010424927506042847,0,0,0,0,0,0,0,0
2.447348696145876,-0.015132913500053266,0.969,-0.01850049007113989,2.294534423828125,-0.019280527114868166,3,0,1,0,0.5526513038541241,0.015132913500053266,0.031000000000000028,0.01850049007113989,-0.5572837235309247,0.031470275842769846,0.007586885245901648,0.005968453802721497,0,0,0,0,0,0,0,0
2.5887478967867468,-0.019176365514504443,0.976,-0.014765485471872102,2.1217470703125,-0.021404321670532227,3,0,1,0,0.41125210321325323,0.019176365514504443,0.02400000000000002,0.014765485471872102,-0.437703330064973,0.02650649682249263,-0.01482777777777779,-0.0007970336917436822,0,0,0,0,0,0,0,0
2.7127960479367017,-0.020575678151474517,0.988,-0.011187560505283727,1.860829345703125,0.006486067771911621,3,0,1,0,0.2872039520632983,0.020575678151474517,0.01200000000000001,0.011187560505283727,-0.5480795927246364,0.015583767917466334,-0.06158644067796615,-0.0070052783078775015,0,0,0,0,0,0,0,0
2.834291709320924,-0.021822796223482138,0.997,-0.00664970445009842,1.8225301513671874,0.0016825752258300781,3,0,1,0,0.1657082906790759,0.021822796223482138,0.0030000000000000027,0.00664970445009842,-0.48911656229696027,0.013997915134817546,-0.043252173913043514,-0.013080104485489873,0,0,0,0,0,0,0,0
2.940389446040403,-0.02226992837573742,1.012,-0.003874630939427453,1.5914754638671875,0.0038758668899536134,3,0,1,0,0.059610553959597024,0.02226992837573742,-0.01200000000000001,0.003874630939427453,-0.5346042336315348,0.010385190550987796,-0.09566557377049188,-0.009773271572069106,1425558783594,0,0,0,0,0,0,0
3.0350276254600277,-0.023185268129620684,1.021,-0.0026005405854715824,1.419615234375,-0.008229686737060546,3,0,1,0,-0.03502762546002769,0.023185268129620684,-0.020999999999999908,0.0026005405854715824,-0.46029791278369714,0.012821353667227278,-0.06312352941176409,-0.0030204462702160813,1425558783594,0,0,0,0,0,0,0
3.1085658980550157,-0.024244929771114768,1.038,-0.0033161255787892796,1.1031116943359376,-0.013026285171508788,3,0,1,0,-0.10856589805501571,0.024244929771114768,-0.038000000000000034,0.0033161255787892796,-0.4251614933238626,0.01442493733878359,-0.1263677419354846,0.006778633610971686,0,0,0,0,0,0,0,0
3.1683164155485573,-0.025743832415968067,1.044,-0.003385938748868982,0.896327392578125,-0.019511318206787108,3,0,1,0,-0.16831641554855725,0.025743832415968067,-0.04400000000000004,0.003385938748868982,-0.3387717512188088,0.016405181159795168,-0.06520000000000005,0.003685138049210563,0,0,0,0,0,0,0,0
3.215556204842932,-0.027021201379746174,1.045,-0.005305800926062736,0.7086576538085938,-0.01676116371154785,3,0,1,0,-0.2155562048429318,0.027021201379746174,-0.04499999999999993,0.005305800926062736,-0.33933382967171244,0.016761410300862242,-0.04183333333333263,0.014905111812031508,0,0,0,0,0,0,0,0
3.2484017991901775,-0.027269565960758226,1.042,-0.005270894341022941,0.49269674682617187,-0.0011113457679748535,3,0,1,0,-0.24840179919017746,0.027269565960758226,-0.04200000000000004,0.005270894341022941,-0.24459304229047835,0.01064551232102636,-0.018600000000000578,0.0051212946908523885,0,0,0,0,0,0,0,0
3.271335723991468,-0.02840934513535763,1.039,-0.004310963252426119,0.3440942077636719,-0.01528322410583496,3,0,1,0,-0.2713357239914682,0.02840934513535763,-0.038999999999999924,0.004310963252426119,-0.22358564086869032,0.016302669444448845,-0.013986885245900926,-0.00041000931444349405,0,0,0,0,0,0,0,0
3.2820498235429243,-0.02869638923348318,1.035,-0.0024260076602721607,0.16072856140136718,-0.003612802267074585,3,0,1,0,-0.2820498235429243,0.02869638923348318,-0.03499999999999992,0.0024260076602721607,-0.1518960936832512,0.011324887394480624,-0.007710144927536154,-0.005769451436049396,0,0,0,0,0,0,0,0
3.2833203003120848,-0.027847677918918193,1.029,-0.0016057029118348547,0.01902621078491211,0.012776865005493163,3,0,1,0,-0.28332030031208477,0.027847677918918193,-0.028999999999999915,0.0016057029118348547,-0.10564689647493203,0.0047615852124787035,0.011226229508196819,-0.00242858273621747,0,0,0,0,0,0,0,0
3.277180815987235,-0.025933729184044716,1.02,-0.0002094395102392559,-0.09213824462890625,0.028561321258544922,3,0,1,0,-0.2771808159872351,0.025933729184044716,-0.020000000000000018,0.0002094395102392559,-0.0647841384527914,-0.0004945343883522926,0.028999999999999464,-0.005774546496599024,0,0,0,0,0,0,0,0
3.263742777426181,-0.025487550034277655,1.01,0.0013264502315156364,-0.2015719757080078,0.00665047025680542,3,0,1,0,-0.2637427774261809,0.025487550034277655,-0.010000000000000009,-0.0013264502315156364,-0.010532228190152287,0.006353936364131013,0.050333333333333376,-0.009005898940290098,0,0,0,0,0,0,0,0
3.2413119108513544,-0.02426842720827595,1.001,0.0017976891295540982,-0.3364384460449219,0.01873312759399414,3,0,1,0,-0.2413119108513544,0.02426842720827595,-0.0009999999999998899,-0.0017976891295540982,0.03590789959420786,0.0025122849923422995,0.044200000000000676,-0.003817284406861792,0,0,0,0,0,0,0,0
3.2143921472680743,-0.022300549337990985,0.991,0.0034382986264288214,-0.40374273681640627,0.03024402046203613,3,0,1,0,-0.21439214726807432,0.022300549337990985,0.009000000000000008,-0.0034382986264288214,0.08742150759125943,-0.0032599634380604276,0.06457704918032729,-0.011506869922534017,0,0,0,0,0,0,0,0
3.185354894232385,-0.021915192548854483,0.981,0.0027925268031908264,-0.4355363464355469,0.007277895927429199,3,0,1,0,-0.18535489423238483,0.021915192548854483,0.019000000000000017,-0.0027925268031908264,0.09713624585626524,0.005975945191786858,0.06592463768115947,0.000015176776104803679,0,0,0,0,0,0,0,0
3.1573804579618074,-0.02112376157997167,0.971,0.00090757121103709,-0.41958175659179686,0.013043207168579101,3,0,1,0,-0.15738045796180744,0.02112376157997167,0.029000000000000026,-0.00090757121103709,0.1242461085319343,0.0031651123839358305,0.08057704918032794,0.008362702192997678,0,0,0,0,0,0,0,0
3.128500430721724,-0.02041730467953062,0.963,-0.0011519173063162908,-0.4331906127929688,0.010990009307861329,3,0,1,0,-0.1285004307217239,0.02041730467953062,0.03700000000000003,0.0011519173063162908,0.10442438041387753,0.004419757580559921,0.06460000000000006,0.008874999246391468,0,0,0,0,0,0,0,0
3.1022452589813603,-0.01960035661197734,0.954,-0.002478367537831965,-0.3938414306640625,0.011800556182861329,3,0,1,0,-0.10224525898136028,0.01960035661197734,0.04600000000000004,0.002478367537831965,0.17493692666174854,0.0015565858051565544,0.09980000000000008,0.01043706892692601,0,0,0,0,0,0,0,0
3.07790148288127,-0.018522573258386892,0.954,-0.004433136300065626,-0.3651955871582031,0.015261709213256836,3,0,1,0,-0.07790148288126986,0.018522573258386892,0.04600000000000004,0.004433136300065626,0.12498696199168358,0.0015759363052810166,0.036800000000000034,0.012810716709638457,1425558784706,0,0,0,0,0,0,0
3.054737380821618,-0.017469122952645466,0.952,-0.005707226654021496,-0.34752816772460937,0.014261260032653808,3,0,1,0,-0.054737380821618054,0.017469122952645466,0.04800000000000004,0.005707226654021496,0.14772552502823377,0.0006150871463562156,0.04987540983606562,0.011973244788230693,1425558784706,0,0,0,0,0,0,0
3.036376897636788,-0.017568124671986433,0.953,-0.005619960191421785,-0.275394287109375,-0.003056804656982422,3,0,1,0,-0.0363768976367882,0.017568124671986433,0.04700000000000004,0.005619960191421785,0.11448058086441873,0.007189684675469907,0.032670422535211296,0.00525122865931033,1425558784706,0,0,0,0,0,0,0
3.0200012537085117,-0.0172906013516375,0.955,-0.005707226654021496,-0.2456541748046875,0.002782334327697754,3,0,1,0,-0.02000125370851169,0.0172906013516375,0.04500000000000004,0.005707226654021496,0.12929082836027853,0.0049822677077931655,0.024135593220339004,0.00615095442995223,1425558784706,0,0,0,0,0,0,0
3.009336553272365,-0.01659125308068762,0.957,-0.005532693728821963,-0.16002777099609375,0.009577070236206055,3,0,1,0,-0.009336553272365045,0.01659125308068762,0.04300000000000004,0.005532693728821963,0.09079649474981513,0.002933660530646246,0.024400000000000026,0.004784695477966821,1425558784706,0,0,0,0,0,0,0
3.004591694609656,-0.016218832995982233,0.959,-0.005742133239061402,-0.07120269775390625,0.005192440032958984,3,0,1,-0.005532693728821963,-0.004591694609656027,0.016218832995982233,0.041000000000000036,0.00020943951023943887,-0.0022958473048280137,0.0048656498987946694,0.03280000000000003,0.00020943951023943887,1425558784706,0,0,0,0,0,0,0
3.004142521333003,-0.01562942436804127,0.96,-0.007400196028456023,-0.006788254737854004,0.008802295684814453,3,0,1,-0.005532693728821963,-0.004142521333002858,0.01562942436804127,0.040000000000000036,0.0018675022996340598,0.00023784369588344349,0.0016657344398747537,0.026852941176470614,0.00918248519402209,1425558785097,0,0,0,0,0,0,0
3.003627986159606,-0.015234738192714222,0.966,-0.008011061266654003,-0.007761627197265625,0.005863016128540039,3,0,1,-0.005532693728821963,-0.0036279861596058005,0.015234738192714222,0.03400000000000003,0.0024783675378320397,0.0011332279290344454,0.0023257498474285364,-0.007226229508196725,0.005482622807658171,1425558785158,0,0,0,0,0,0,0
3.003781382154136,-0.015457501323786794,0.969,-0.010279989294246712,0.002327634334564209,-0.003322906970977783,3,0,1,-0.005532693728821963,-0.003781382154135926,0.015457501323786794,0.031000000000000028,0.004747295565424749,-0.002396921604798453,0.005395783251835406,0.015077777777777792,0.011049873419848942,1425558785266,0,0,0,0,0,0,0
3.0054264224801517,-0.01633561602928004,0.974,-0.012583823906879215,0.024809703826904297,-0.012917364120483398,3,0,1,-0.005532693728821963,-0.0054264224801516825,0.01633561602928004,0.026000000000000023,0.007051130178057252,-0.027756795548450227,0.01830367238436114,-0.05528695652173917,0.03710114686456816,1425558785289,0,0,0,0,0,0,0
3.007499165588036,-0.01848597204917171,0.977,-0.013892820845874992,0.03149456977844238,-0.03186155128479004,3,0,1,-0.005532693728821963,-0.007499165588035872,0.01848597204917171,0.02300000000000002,0.008360127117053029,-0.014279033489588967,0.01650652242690019,0.00318260869565218,0.014051418156165101,1425558785358,0,0,0,0,0,0,0
3.0087950080408272,-0.022667616955246217,0.98,-0.01773254520026239,0.02030715560913086,-0.06244858551025391,3,0,1,-0.005532693728821963,-0.008795008040827224,0.022667616955246217,0.020000000000000018,0.012199851471440426,-0.011977398380070772,0.03125994208821314,-0.0015000000000000013,0.03139847324337741,1425558785418,0,0,0,0,0,0,0
3.0100906370068565,-0.02885110249723548,0.987,-0.023073252711365105,0.021076026916503905,-0.09239309692382812,3,0,1,-0.005532693728821963,-0.010090637006856529,0.02885110249723548,0.013000000000000012,0.017540558982543142,-0.011551340164520533,0.039659682613736334,-0.024600000000000014,0.040429305458697634,1425558785488,0,0,0,0,0,0,0
3.0117956208440577,-0.036733232768826375,0.989,-0.02802998778702896,0.028295703887939453,-0.11761044311523437,3,0,1,-0.005532693728821963,-0.01179562084405772,0.036733232768826375,0.01100000000000001,0.022497294058206996,-0.01571557672956516,0.05635463888113848,-0.0026754098360655763,0.04687467967622595,1425558785549,0,0,0,0,0,0,0
3.0135903125102548,-0.047627113211863394,0.991,-0.033423055175691475,0.03148953056335449,-0.16258953857421876,3,0,1,-0.005532693728821963,-0.013590312510254776,0.047627113211863394,0.009000000000000008,0.027890361446869513,-0.015943114182144284,0.06968914193977568,-0.0029449275362318852,0.05133848052801089,1425558785618,0,0,0,0,0,0,0
3.0153270271241985,-0.058649298156245554,0.991,-0.037734018428117445,0.03156106758117676,-0.16436990356445313,3,0,1,-0.005532693728821963,-0.015327027124198533,0.058649298156245554,0.009000000000000008,0.032201324699295486,-0.017521499905181787,0.07999535792925762,0.007200000000000007,0.05306082430780826,1425558785680,0,0,0,0,0,0,0
3.0185557383142587,-0.07261418032680016,0.992,-0.04249876728606198,0.056298583984375,-0.2074970703125,3,0,1,-0.005532693728821963,-0.01855573831425872,0.07261418032680016,0.008000000000000007,0.03696607355724002,-0.025722145377966688,0.0928492734181935,0.0013275362318840604,0.057682372939607554,1425558785749,0,0,0,0,0,0,0
3.019642674285348,-0.08729716095788108,0.996,-0.046844637123527856,0.025646629333496093,-0.2193531494140625,3,0,1,-0.005532693728821963,-0.01964267428534816,0.08729716095788108,0.0040000000000000036,0.0413119433947059,-0.016136592732441314,0.11071767021788871,-0.019750819672131166,0.06268507374289874,1425558785810,0,0,0,0,0,0,0
3.021728478509378,-0.10058130417743574,1.001,-0.05030038904247661,0.04058369064331055,-0.19757846069335938,3,0,1,-0.005532693728821963,-0.02172847850937787,0.10058130417743574,-0.0009999999999998899,0.044767695313654654,-0.021538135981494885,0.09790903927695846,-0.02616231884057908,0.05979270365691012,0,0,0,0,0,0,0,0
3.022948658000854,-0.114342213926528,1.001,-0.05295328950550807,0.028657852172851564,-0.20523233032226562,3,0,1,-0.005532693728821963,-0.022948658000854216,0.114342213926528,-0.0009999999999998899,0.0474205957766861,-0.018583087923966284,0.11367976532449925,-0.0007999999999999119,0.060467647234217804,0,0,0,0,0,0,0,0
3.0233261836340435,-0.12574927270553451,1.007,-0.05572836301617903,0.014711332321166993,-0.17056631469726563,3,0,1,-0.005532693728821963,-0.023326183634043485,0.12574927270553451,-0.006999999999999895,0.05019566928735707,-0.013674777365924505,0.09526916180015561,-0.03559999999999994,0.062088841475946926,0,0,0,0,0,0,0,0
3.0245794095914444,-0.13889437654399017,1.004,-0.058136917383931154,0.029751846313476563,-0.19582339477539062,3,0,1,-0.005532693728821963,-0.024579409591444445,0.13889437654399017,-0.0040000000000000036,0.052604223655109195,-0.019619396357715264,0.1176848515683103,0.014013114754097734,0.06444957300470983,0,0,0,0,0,0,0,0
3.024515399807081,-0.14988226692834694,1,-0.059899699928445384,0.008618109703063965,-0.16459568786621093,3,0,1,-0.005532693728821963,-0.02451539980708084,0.14988226692834694,0,0.054367006199623424,-0.012088979040225205,0.10139758636851844,0.020289855072463784,0.06203127813229399,0,0,0,0,0,0,0,0
3.02230451156447,-0.1572613251170422,0.999,-0.0620988147859584,-0.026477760314941406,-0.11247264862060546,3,0,1,-0.005532693728821963,-0.022304511564469998,0.1572613251170422,0.0010000000000000009,0.05656612105713643,0.001363596359885682,0.09031041583049598,0.006537704918032792,0.06738144002851187,0,0,0,0,0,0,0,0
3.01882534855134,-0.16322574959256866,0.996,-0.06316346562967483,-0.04653466796875,-0.09253261566162109,3,0,1,-0.005532693728821963,-0.018825348551339882,0.16322574959256866,0.0040000000000000036,0.05763077190085286,0.007555191111982874,0.0792788674806275,0.017988732394366214,0.062129296592612425,0,0,0,0,0,0,0,0
3.0157267426444627,-0.16618647484406995,0.995,-0.06550220682734725,-0.04358312225341797,-0.047256145477294925,3,0,1,-0.005532693728821963,-0.01572674264446272,0.16618647484406995,0.0050000000000000044,0.05996951309852529,0.010325972165934071,0.06842666696455896,0.009932203389830517,0.07186141749346982,0,0,0,0,0,0,0,0
3.0130172657458414,-0.16668182195970174,0.995,-0.06695083010650255,-0.040068649291992185,-0.010074520111083984,3,0,1,-0.005532693728821963,-0.013017265745841389,0.16668182195970174,0.0050000000000000044,0.06141813637768058,0.007033891636158435,0.05363928747977093,0.0040000000000000036,0.06771649846096446,0,0,0,0,0,0,0,0
3.0072395785192914,-0.1639127854434441,0.994,-0.07054620836561082,-0.08924990844726563,0.035644512176513675,3,0,1,-0.005532693728821963,-0.007239578519291356,0.1639127854434441,0.006000000000000005,0.06501351463678885,0.029325260122364156,0.03450801858978726,0.010537704918032798,0.08269570279633773,0,0,0,0,0,0,0,0
3.0034638937084153,-0.15840155138612594,0.994,-0.072658056760524,-0.06232151412963867,0.07847079467773438,3,0,1,-0.005532693728821963,-0.0034638937084152666,0.15840155138612594,0.006000000000000005,0.06712536303170204,0.016938437441955424,0.021297273609515225,0.004800000000000005,0.07617614186704426,0,0,0,0,0,0,0,0
2.9958098355438505,-0.15030590907269153,0.993,-0.07618362184955246,-0.12332339477539063,0.11277964019775391,3,0,1,-0.005532693728821963,0.004190164456149503,0.15030590907269153,0.007000000000000006,0.0706509281207305,0.0458063256439079,0.0000660310901831121,0.011337704918032796,0.08798977282087046,0,0,0,0,0,0,0,0
2.987358024415958,-0.14174666864245442,0.99,-0.0786096295098247,-0.13618109130859374,0.11836720275878906,3,0,1,-0.005532693728821963,0.012641975584041898,0.14174666864245442,0.010000000000000009,0.07307693578100273,0.048383409056492604,0.0012516861944030094,0.02300000000000002,0.08347411146788374,0,0,0,0,0,0,0,0
2.9775900827572004,-0.13210888033614673,0.989,-0.08248426044925211,-0.15741929626464843,0.1326144256591797,3,0,1,-0.005532693728821963,0.022409917242799615,0.13210888033614673,0.01100000000000001,0.07695156672043015,0.06800142987284186,-0.01498461460489682,0.014633333333333345,0.09632472141756722,0,0,0,0,0,0,0,0
2.9704385184983852,-0.11921545538479524,0.986,-0.08361872446304836,-0.12284323120117188,0.18390548706054688,3,0,1,-0.005532693728821963,0.02956148150161475,0.11921545538479524,0.014000000000000012,0.07808603073422639,0.050376066657289546,-0.027015884241495598,0.026200000000000022,0.08294801936478172,0,0,0,0,0,0,0,0
2.9636588585968675,-0.10527512934574354,0.983,-0.08683013028671788,-0.11880429077148437,0.19988058471679687,3,0,1,-0.005532693728821963,0.03634114140313249,0.10527512934574354,0.017000000000000015,0.08129743655789591,0.05757789609100146,-0.047986260779981055,0.03110000000000003,0.09735446567624352,0,0,0,0,0,0,0,0
2.957147250441221,-0.08973662449038153,0.984,-0.08822639368831348,-0.11751888275146484,0.2237290802001953,3,0,1,-0.005532693728821963,0.042852749558778935,0.08973662449038153,0.016000000000000014,0.08269369995949151,0.05387372177956121,-0.048958952315121554,0.007800000000000009,0.08867768596632979,1425558786922,0,0,0,0,0,0,0
2.9510031853821332,-0.06807616706648306,0.98,-0.08943067087218953,-0.12043070983886718,0.3155226745605469,3,0,1,-0.005532693728821963,0.04899681461786676,0.06807616706648306,0.020000000000000018,0.08389797714336757,0.05910232979272208,-0.09999913382197181,0.03858064516129035,0.08972512480728397,1425558786922,0,0,0,0,0,0,0
2.945012217244679,-0.047057617739140856,0.986,-0.09183922523994163,-0.11766337585449219,0.30599237060546874,3,0,1,-0.005532693728821963,0.054987782755321124,0.047057617739140856,0.014000000000000012,0.08630653151111967,0.05874651964969174,-0.09379478624472132,-0.02014328358208957,0.09709110330702458,1425558786922,0,0,0,0,0,0,0
2.941790689565546,-0.02385644427906258,0.974,-0.09353219461437605,-0.08003602600097656,0.3421192626953125,3,0,1,-0.005532693728821963,0.058209310434453876,0.02385644427906258,0.026000000000000023,0.08799950088555408,0.04728331440108792,-0.12191632158568122,0.08854193548387104,0.09619128818120448,1425558786922,0,0,0,0,0,0,0
2.9393858483850894,-0.0021544928756223117,0.963,-0.0945793921655728,-0.06631803894042969,0.32073736572265626,3,0,1,-0.005532693728821963,0.06061415161491057,0.0021544928756223117,0.03700000000000003,0.08904669843675084,0.04236632744978723,-0.10596078957200819,0.08460000000000006,0.09353468794187979,1425558786922,0,0,0,0,0,0,0
2.938646625720151,0.01988449567664688,0.949,-0.09541715020653001,-0.04225870132446289,0.3280601806640625,3,0,1,-0.005532693728821963,0.06135337427984888,-0.01988449567664688,0.051000000000000045,0.08988445647770804,0.03506067711668096,-0.13263542637279724,0.12246666666666678,0.09407324668249406,1425558787243,0,0,0,0,0,0,0
2.9399528638884362,0.040627951632265555,0.942,-0.0953647903289703,-0.010139745712280273,0.31160321044921874,3,0,1,-0.005532693728821963,0.06004713611156376,-0.040627951632265555,0.05800000000000005,0.08983209660014833,0.023511012563158813,-0.11554615865159007,0.08190724637681165,0.08960444495858438,1425558787312,0,0,0,0,0,0,0
2.9410155063857766,0.060224823148135834,0.936,-0.09286896949861825,-0.012123090744018555,0.29413519287109374,3,0,1,-0.005532693728821963,0.05898449361422342,-0.060224823148135834,0.06399999999999995,0.08733627576979629,0.023643319190248493,-0.1268696312291345,0.08507096774193484,0.07525972336486703,1425558787374,0,0,0,0,0,0,0
2.9435427108918253,0.07449921221068656,0.928,-0.09012880257298721,0.017888566970825196,0.21670858764648437,3,0,1,-0.005532693728821963,0.05645728910817471,-0.07449921221068656,0.07199999999999995,0.08459610884416524,0.015960539521998086,-0.09094404854213005,0.09703661971830986,0.07301793873586504,1425558787445,0,0,0,0,0,0,0
2.9472608160111706,0.08598973164226843,0.926,-0.08717919613711682,0.04003182983398437,0.17667803955078126,3,0,1,-0.005532693728821963,0.052739183988829375,-0.08598973164226843,0.07399999999999995,0.08164650240829485,0.00453409767008249,-0.09223932998984004,0.071064406779661,0.06664850358183524,1425558787504,0,0,0,0,0,0,0
2.951915760805657,0.09434887625543134,0.93,-0.08503244115716384,0.058641689300537106,0.13099049377441407,3,0,1,-0.005532693728821963,0.04808423919434279,-0.09434887625543134,0.06999999999999995,0.07949974742834187,0.001022116060568918,-0.06844474233003893,0.03599999999999995,0.0702993689428291,1425558787574,0,0,0,0,0,0,0
2.955599214380959,0.09946390058039085,0.933,-0.0817337688708946,0.048535888671875,0.08114068603515626,3,0,1,-0.005532693728821963,0.04440078561904093,-0.09946390058039085,0.06699999999999995,0.07620107514207264,0.0009949411941281051,-0.05808084679765764,0.036099999999999945,0.05970771371072647,1425558787634,0,0,0,0,0,0,0
2.9579507483621637,0.10184413745399064,0.94,-0.08056439827205834,0.03224031829833984,0.03846414947509766,3,0,1,-0.005532693728821963,0.04204925163783635,-0.10184413745399064,0.06000000000000005,0.07503170454323638,0.009905194223110345,-0.040601199656439574,0.013972222222222774,0.0701593270480853,0,0,0,0,0,0,0,0
2.961896140528339,0.10300754263772041,0.943,-0.07836528341454545,0.057584510803222654,0.022157190322875976,3,0,1,-0.005532693728821963,0.03810385947166095,-0.10300754263772041,0.05700000000000005,0.07283258968572348,-0.004018821401096582,-0.03634195592305063,0.027803389830508504,0.061650649732268074,0,0,0,0,0,0,0,0
2.9647219617723843,0.1022770440450074,0.947,-0.07572983624403411,0.043115039825439454,-0.007605555057525634,3,0,1,-0.005532693728821963,0.03527803822761566,-0.1022770440450074,0.05300000000000005,0.07019714251521214,0.0036636027300622123,-0.02558639368676318,0.022110144927536258,0.05873867655646718,0,0,0,0,0,0,0,0
2.965487260229157,0.10080244316214733,0.951,-0.07520623746843573,0.013120043754577636,-0.021187108993530275,3,0,1,-0.005532693728821963,0.034512739770843126,-0.10080244316214733,0.049000000000000044,0.06967354373961376,0.01324482542934154,-0.02045010581870881,0.016249180327868873,0.06709846779404798,0,0,0,0,0,0,0,0
2.9663796801193496,0.09868420668233552,0.957,-0.07227408432508524,0.015735776901245117,-0.030677949905395508,3,0,1,-0.005532693728821963,0.033620319880650396,-0.09868420668233552,0.04300000000000004,0.06674139059626327,0.01268610266520086,-0.01759887391895092,0.0039652173913043605,0.05399289866865244,1425558787964,0,0,0,0,0,0,0
2.9657929184684497,0.0960378674567509,0.96,-0.07272786993060369,-0.005912018299102783,-0.04022702026367188,0,0,1,0,-2.9657929184684497,-0.0960378674567509,0.040000000000000036,0.07272786993060369,-1.4828964592342249,-0.02881136023702527,0.03200000000000003,0.07272786993060369,0,0,0,0,0,0,0,0
2.968494664055352,0.09109618576705389,0.958,-0.07389724052943984,0.04580527114868164,-0.07098448944091797,0,0,1,0,-2.968494664055352,-0.09109618576705389,0.04200000000000004,0.07389724052943984,-1.500000099946102,-0.0023252107737453814,0.04374492753623192,0.07898146052437963,0,0,0,0,0,0,0,0
2.9703224505739945,0.08902144509314472,0.96,-0.07339109504636158,0.029639644622802733,-0.029011993408203124,0,0,1,0,-2.9703224505739945,-0.08902144509314472,0.040000000000000036,0.07339109504636158,-1.4993692362265663,-0.015112237452270605,0.02070967741935486,0.07094200399920872,0,0,0,0,0,0,0,0
2.9723354369368353,0.08466745068988775,0.963,-0.07168067237940727,0.03490237808227539,-0.06292006683349609,0,0,1,0,-2.9723354369368353,-0.08466745068988775,0.03700000000000003,0.07168067237940727,-1.50231929154868,-0.0034912265549787956,0.014382608695652192,0.06424405208830156,0,0,0,0,0,0,0,0
2.9716289374516514,0.08150353577653364,0.968,-0.07152359274672775,-0.007171317577362061,-0.048095836639404296,0,0,1,0,-2.9716289374516514,-0.08150353577653364,0.03200000000000003,0.07152359274672775,-1.4896093478106929,-0.0068172531355136685,-0.0026258064516128977,0.07076353000795585,0,0,0,0,0,0,0,0
2.9641225523152106,0.07673297157922047,0.974,-0.07096508738608946,-0.10719414520263672,-0.07942189788818359,0,0,1,0,-2.9641225523152106,-0.07673297157922047,0.026000000000000023,0.07096508738608946,-1.4543874188922827,0.0005522140353997652,-0.009200000000000003,0.06857149298335397,0,0,0,0,0,0,0,0
2.9519536011189564,0.07177330674521507,0.983,-0.06939429105929466,-0.17679981994628907,-0.08715041351318359,0,0,1,0,-2.9519536011189564,-0.07177330674521507,0.017000000000000015,0.06939429105929466,-1.4166204924922148,0.007075606713353291,-0.03890000000000003,0.06154030942532067,0,0,0,0,0,0,0,0
2.9295787937252973,0.06537757446746958,0.99,-0.06923721142661514,-0.3281622619628906,-0.11897665405273437,0,0,1,0,-2.9295787937252973,-0.06537757446746958,0.010000000000000009,0.06923721142661514,-1.366595305627513,0.01199584528491222,-0.027000000000000017,0.06856401300084575,0,0,0,0,0,0,0,0
2.9019403850405685,0.0580606090286555,0.997,-0.06466444878638992,-0.40598980712890625,-0.1381726837158203,0,0,1,0,-2.9019403850405685,-0.0580606090286555,0.0030000000000000027,0.06466444878638992,-1.3051672518235509,0.02485973555549401,-0.03843333333333337,0.041800635585263854,0,0,0,0,0,0,0,0
2.865432258500437,0.04857188916327839,1,-0.06455972903127032,-0.537280029296875,-0.17742031860351562,0,0,1,0,-2.865432258500437,-0.04857188916327839,0,0.06455972903127032,-1.2649282383561582,0.03312172624142969,-0.015217391304347837,0.06410442574814158,0,0,0,0,0,0,0,0
2.826400573342082,0.03616739603368507,1.006,-0.06307619916707512,-0.57225146484375,-0.22345164489746094,0,0,1,0,-2.826400573342082,-0.03616739603368507,-0.006000000000000005,0.06307619916707512,-1.2083703573511286,0.05986314558117127,-0.03922622950819676,0.05578015065463971,0,0,0,0,0,0,0,0
2.7780012379828385,0.02174736253241045,1.006,-0.062029001615878473,-0.7109119262695313,-0.2616326904296875,0,0,1,0,-2.7780012379828385,-0.02174736253241045,-0.006000000000000005,0.062029001615878473,-1.1645359274072613,0.0661459261862684,-0.004800000000000005,0.057475968784588716,0,0,0,0,0,0,0,0
2.721825632558668,0.006993594813957074,1.007,-0.06012659273120462,-0.827294921875,-0.2731151428222656,0,0,1,0,-2.721825632558668,-0.006993594813957074,-0.006999999999999895,0.06012659273120462,-1.0665191783970551,0.08071002141341004,-0.011245161290321874,0.05092138845052467,0,0,0,0,0,0,0,0
2.6613121987022854,-0.005484038793911529,1.006,-0.057910024581171934,-0.894814453125,-0.24137040710449217,0,0,1,0,-2.6613121987022854,0.005484038793911529,-0.006000000000000005,0.057910024581171934,-1.048266919366149,0.06446204145965381,0.0002724637681153774,0.04827277175494288,0,0,0,0,0,0,0,0
2.5919288413403945,-0.015604946012150057,1.005,-0.055641096553579225,-1.0302191162109375,-0.21179531860351564,0,0,1,0,-2.5919288413403945,0.015604946012150057,-0.004999999999999893,0.055641096553579225,-0.9240072872342544,0.06228626737549424,0.0017377049180335143,0.04448243412279541,0,0,0,0,0,0,0,0
2.515475059039517,-0.02312829495669792,1.005,-0.052883476335428156,-1.138756103515625,-0.17645225524902344,0,0,1,0,-2.515475059039517,0.02312829495669792,-0.004999999999999893,0.052883476335428156,-0.903373547885705,0.04410542746702686,-0.003999999999999915,0.041065103971923575,0,0,0,0,0,0,0,0
2.433207522056557,-0.026388880904676247,1.002,-0.04893903222592104,-1.22970263671875,-0.11406890106201172,0,0,1,0,-2.433207522056557,0.026388880904676247,-0.0020000000000000018,0.04893903222592104,-0.766074649677911,0.026502776553764103,0.015899999999999366,0.029216811678385454,0,0,0,0,0,0,0,0
2.3470656695434347,-0.027607524308874296,1.003,-0.04656538444320884,-1.2896865234375,-0.08146800994873046,0,0,1,0,-2.3470656695434347,0.027607524308874296,-0.0029999999999998916,0.04656538444320884,-0.7799211708568174,0.013875283283690698,-0.007329577464788103,0.03653588676977701,0,0,0,0,0,0,0,0
2.2589756848992635,-0.029070991228218317,1.004,-0.04162610266006488,-1.3188956298828125,-0.08343513488769531,0,0,1,0,-2.2589756848992635,0.029070991228218317,-0.0040000000000000036,0.04162610266006488,-0.6480162551118488,0.01686125925412283,-0.00903333333333399,0.016929693744345102,0,0,0,0,0,0,0,0
2.162555258083859,-0.029472611212652572,1.007,-0.03932226804743238,-1.4448028564453126,-0.06620579528808594,0,0,1,0,-2.162555258083859,0.029472611212652572,-0.006999999999999895,0.03932226804743238,-0.6188532144286092,0.01053205794682567,-0.02104117647058759,0.02915829181523015,0,0,0,0,0,0,0,0
2.0623610814746365,-0.030062404116828055,1.009,-0.03714060648243949,-1.501403076171875,-0.06792276000976563,0,0,1,0,-2.0623610814746365,0.030062404116828055,-0.008999999999999897,0.03714060648243949,-0.500704111293085,0.011989948896001041,-0.018490322580645088,0.026584179555054554,0,0,0,0,0,0,0,0
1.9574335043415243,-0.03065763090762656,1.012,-0.03469714552964736,-1.5724967041015625,-0.06736491394042969,0,0,1,0,-1.9574335043415243,0.03065763090762656,-0.01200000000000001,0.03469714552964736,-0.48296190587074916,0.01187946095674582,-0.02481739130434841,0.024073402256638093,0,0,0,0,0,0,0,0
1.8462216618650524,-0.029279408247275134,1.017,-0.032288591161895135,-1.6678907470703126,-0.037208492279052735,0,0,1,0,-1.8462216618650524,0.029279408247275134,-0.016999999999999904,0.032288591161895135,-0.32262277760941294,0.0005567533310912916,-0.042288524590163246,0.020443241812294028,0,0,0,0,0,0,0,0
1.7363843652794735,-0.030392370544449772,1.021,-0.03008947630438224,-1.6461617431640625,-0.06987386322021484,0,0,1,0,-1.7363843652794735,0.030392370544449772,-0.020999999999999908,0.03008947630438224,-0.42665579976767937,0.013692000903260882,-0.03429999999999994,0.02184279558870888,0,0,0,0,0,0,0,0
1.6178909895966627,-0.03510562918582036,1.019,-0.030490902032340998,-1.7744691162109374,-0.12413986206054688,0,0,1,0,-1.6178909895966627,0.03510562918582036,-0.018999999999999906,0.030490902032340998,-0.1690541735822655,0.03730147016588892,-0.0037245901639343416,0.032465126923941455,0,0,0,0,0,0,0,0
1.4965891286373292,-0.040591645234573814,1.017,-0.029810223624063208,-1.8161734619140626,-0.13772244262695313,0,0,1,0,-1.4965891286373292,0.040591645234573814,-0.016999999999999904,0.029810223624063208,-0.191378925571435,0.03897654884748331,-0.0037408450704224504,0.02693411767359367,0,0,0,0,0,0,0,0
1.3689030765201962,-0.04644663414231236,1.011,-0.030124382889422145,-1.9118221435546876,-0.14487260437011718,0,0,1,0,-1.3689030765201962,0.04644663414231236,-0.010999999999999899,0.030124382889422145,0.03114915865324952,0.048449692994451087,0.02679322033898316,0.031721802882772675,0,0,0,0,0,0,0,0
1.2428369621833708,-0.05004791415642592,1.008,-0.02911209192326552,-1.8885067138671876,-0.11095103454589844,0,0,1,0,-1.2428369621833708,0.05004791415642592,-0.008000000000000007,0.02911209192326552,-0.024669175524867692,0.0330989874039776,0.008817391304347267,0.02471082685301932,0,0,0,0,0,0,0,0
1.1200462160544027,-0.0516162114339139,0.999,-0.027977627909469054,-1.84039599609375,-0.07712734985351563,0,0,1,0,-1.1200462160544027,0.0516162114339139,0.0010000000000000009,0.027977627909469054,0.08973953838203264,0.02418740733047534,0.05160645161290327,0.02248828590722809,0,0,0,0,0,0,0,0
0.9788609298722042,-0.049997718541138665,0.992,-0.03085742117525974,-2.117629638671875,-0.03497481918334961,0,0,1,0,-0.9788609298722042,0.049997718541138665,0.008000000000000007,0.03085742117525974,0.17239984287613552,0.006791102319151959,0.041400000000000034,0.04319939231436268,0,0,0,0,0,0,0,0
0.8400059261075464,-0.048878328798570445,0.991,-0.03209660494417581,-2.0823515625,-0.04747755813598633,0,0,1,0,-0.8400059261075464,0.048878328798570445,0.009000000000000008,0.03209660494417581,0.3453844322523111,0.008047303359222185,0.013033333333333345,0.038292523788756146,0,0,0,0,0,0,0,0
0.7121910280747404,-0.048370720477601645,0.989,-0.033405601883171473,-1.9164803466796876,-0.05391559600830078,0,0,1,0,-0.7121910280747404,0.048370720477601645,0.01100000000000001,0.033405601883171473,0.22011400276080362,0.01199208083083615,0.01852222222222224,0.038859755795653414,0,0,0,0,0,0,0,0
0.5899087721082352,-0.04706090266943038,0.987,-0.0343480796792484,-1.83386669921875,-0.04162598419189453,0,0,1,0,-0.5899087721082352,0.04706090266943038,0.013000000000000012,0.0343480796792484,0.3849878769363297,0.006324336228419687,0.022264406779661038,0.039140339659300555,0,0,0,0,0,0,0,0
0.4760009245423562,-0.0457144981344738,0.991,-0.03666936758440102,-1.708303466796875,-0.03849204254150391,0,0,1,0,-0.4760009245423562,0.0457144981344738,0.009000000000000008,0.03666936758440102,0.28574462454086036,0.006990497983537875,-0.012800000000000008,0.046617744320769414,0,0,0,0,0,0,0,0
0.37304441038026503,-0.04421140395008711,1,-0.03787364476827697,-1.5441361083984375,-0.03408630752563477,0,0,1,0,-0.37304441038026503,0.04421140395008711,0,0.03787364476827697,0.36803948309181456,0.004530069836452469,-0.05250000000000005,0.0438950306876567,0,0,0,0,0,0,0,0
0.28616280165679003,-0.04197792995166253,1.008,-0.03841469683639513,-1.30355810546875,-0.015867963790893554,0,0,1,0,-0.28616280165679003,0.04197792995166253,-0.008000000000000007,0.03841469683639513,0.2514069815403299,0.0013278258834763836,-0.04697971014492758,0.04076709713256106,0,0,0,0,0,0,0,0
0.21344213930431802,-0.04098867793260365,1.022,-0.03707079331235956,-1.0905750732421875,-0.02706499481201172,0,0,1,0,-0.21344213930431802,0.04098867793260365,-0.02200000000000002,0.03707079331235956,0.26418300266851785,0.00670923313040731,-0.0979278688524591,0.03046143171874199,0,0,0,0,0,0,0,0
0.15596234103216944,-0.03893232939048011,1.037,-0.03748967233283822,-0.862747802734375,-0.001130969524383545,0,0,1,0,-0.15596234103216944,0.03893232939048011,-0.03699999999999992,0.03748967233283822,0.16296301750423214,0.0015138746626538989,-0.10459999999999944,0.03928486813488961,0,0,0,0,0,0,0,0
0.1059402365311803,-0.036667759063991015,1.047,-0.03639011490408177,-0.7510775146484375,0.005821590900421143,0,0,1,0,-0.1059402365311803,0.036667759063991015,-0.04699999999999993,0.03639011490408177,0.19230712384116844,-0.0020717466404231114,-0.09593333333333333,0.03089232776029953,0,0,0,0,0,0,0,0
0.06904621341134656,-0.034687422107628076,1.067,-0.03394665395128975,-0.5541246948242188,0.009551166534423828,0,0,1,0,-0.06904621341134656,0.034687422107628076,-0.06699999999999995,0.03394665395128975,0.10605447946011667,0.0005228927052966358,-0.15504927536231888,0.023322910678280965,1425558790581,0,0,0,0,0,0,0
0.04046191708822478,-0.03378189773763168,1.075,-0.03183480555637657,-0.4289784240722656,-0.0009772828817367553,0,0,1,0,-0.04046191708822478,0.03378189773763168,-0.07499999999999996,0.03183480555637657,0.09454090881209148,0.0052055365097596834,-0.10516129032258065,0.021616184290667646,1425558790581,0,0,0,0,0,0,0
0.018436428320223734,-0.034185539027054956,1.076,-0.02989749008666292,-0.330022216796875,-0.016567432403564453,0,0,1,0,-0.018436428320223734,0.034185539027054956,-0.07600000000000007,0.02989749008666292,0.055901462696883855,0.012509503855377864,-0.06587246376811656,0.021474379348777474,1425558790581,0,0,0,0,0,0,0
0.007880711099272944,-0.03439604529198147,1.073,-0.029234264970905137,-0.15817060852050782,-0.00788931941986084,0,0,1,0,-0.007880711099272944,0.03439604529198147,-0.07299999999999995,0.029234264970905137,0.010016610934871488,0.011754004338114323,-0.04118688524590095,0.025972502106522605,1425558790581,0,0,0,0,0,0,0
0.003070110665509877,-0.033904507863733904,1.073,-0.027995081201989177,-0.07234368896484375,0.005260695934295654,0,0,1,0,-0.003070110665509877,0.033904507863733904,-0.07299999999999995,0.027995081201989177,-0.023744201433472906,0.007928808593061828,-0.058399999999999966,0.022607325684963264,1425558790581,0,0,0,0,0,0,0
0.0018534561961592458,-0.03414535223903417,1.067,-0.02912954521578542,-0.018141542434692383,-0.004122088432312012,0,0,1,0,-0.0018534561961592458,0.03414535223903417,-0.06699999999999995,0.02912954521578542,-0.04055779687788356,0.011897090322617246,-0.01917377049180321,0.03470887643117678,1425558790903,0,0,0,0,0,0,0
0.004008503037828235,-0.03467355599132377,1.044,-0.029007372168145914,0.03254275131225586,-0.006978195190429687,0,0,1,0,-0.004008503037828235,0.03467355599132377,-0.04400000000000004,0.029007372168145914,-0.05939416479152917,0.013338947742305159,0.07979999999999948,0.02848377339254803,1425558790973,0,0,0,0,0,0,0
0.008990843869373053,-0.03604934259200152,1.01,-0.029094638630745514,0.07530220794677735,-0.018460552215576173,0,0,1,0,-0.008990843869373053,0.03604934259200152,-0.010000000000000009,0.029094638630745514,-0.08017915035595635,0.019157716403902604,0.1903333333333335,0.029530970943743514,1425558791033,0,0,0,0,0,0,0
0.017783491745784117,-0.03749982014567747,0.982,-0.028675759610266745,0.13246682739257812,-0.017911212921142578,0,0,1,0,-0.017783491745784117,0.03749982014567747,0.018000000000000016,0.028675759610266745,-0.09948750726976115,0.018846075475200216,0.15440000000000012,0.02688056380821488,1425558791103,0,0,0,0,0,0,0
0.02622492055589133,-0.03926829392297969,0.954,-0.0297055038689436,0.1273299560546875,-0.022885732650756836,0,0,1,0,-0.02622492055589133,0.03926829392297969,0.04600000000000004,0.0297055038689436,-0.10819540709327434,0.022295164188743083,0.1974557377049182,0.03476981989522321,1425558791164,0,0,0,0,0,0,0
0.03537171930320651,-0.04004260482833039,0.907,-0.028728119487826657,0.13748641967773437,-0.00753448486328125,0,0,1,0,-0.03537171930320651,0.04004260482833039,0.09299999999999997,0.028728119487826657,-0.11009313280804428,0.01628006112104271,0.3093999999999996,0.024539329283039767,1425558791234,0,0,0,0,0,0,0
0.044537507652973284,-0.03970359233652446,0.86,-0.029077185338225613,0.13728402709960938,0.009032283782958984,0,0,1,0,-0.044537507652973284,0.03970359233652446,0.14,0.029077185338225613,-0.12071200008848967,0.010417638878317382,0.37732258064516155,0.030766213646607653,0,0,0,0,0,0,0,0
0.05412951741017083,-0.03814777106912773,0.81,-0.02939134460358455,0.14314083862304688,0.027510494232177735,0,0,1,0,-0.05412951741017083,0.03814777106912773,0.18999999999999995,0.02939134460358455,-0.12317309790769812,0.003882709595914996,0.4093529411764702,0.03077734136252104,0,0,0,0,0,0,0,0
0.06053931829544534,-0.03574727407655058,0.759,-0.02947861106618437,0.09504733276367187,0.03881738662719727,0,0,1,0,-0.06053931829544534,0.03574727407655058,0.241,0.02947861106618437,-0.1138218349413822,-0.00258107348251522,0.48542295081967235,0.029907790390445773,0,0,0,0,0,0,0,0
0.06404810970281442,-0.034204744036990906,0.711,-0.030647981665020408,0.05192702865600586,0.024679187774658204,0,0,1,0,-0.06404810970281442,0.034204744036990906,0.28900000000000003,0.030647981665020408,-0.0961410177903163,0.0031497749521429055,0.4678197183098594,0.03558898419531353,0,0,0,0,0,0,0,0
0.06620429138409617,-0.0293562184164836,0.661,-0.03054326190990091,0.03009892272949219,0.073684814453125,0,0,1,0,-0.06620429138409617,0.0293562184164836,0.33899999999999997,0.03054326190990091,-0.09275221839125282,-0.019445881365024016,0.567810169491525,0.03001078857878482,0,0,0,0,0,0,0,0
0.06629351336991157,-0.021622261492352576,0.61,-0.030298915814621675,-0.002205047607421875,0.1159961166381836,0,0,1,0,-0.06629351336991157,0.021622261492352576,0.39,0.030298915814621675,-0.08050423891996371,-0.032218925242004134,0.5706956521739133,0.02923654148732065,0,0,0,0,0,0,0,0
0.06378288724381284,-0.009948028496871139,0.559,-0.03104940739297917,-0.04294704437255859,0.17389225769042968,0,0,1,0,-0.06378288724381284,0.009948028496871139,0.44099999999999995,0.03104940739297917,-0.06443002625670681,-0.0634682146338759,0.6454229508196717,0.034740349581622594,0,0,0,0,0,0,0,0
0.06090214348636462,-0.003323569611018249,0.507,-0.029426251188624457,-0.04627511596679688,0.09797752380371094,0,0,1,0,-0.06090214348636462,0.003323569611018249,0.493,0.029426251188624457,-0.06282444039316429,-0.032072282646028176,0.6581681159420292,0.0223690503001257,0,0,0,0,0,0,0,0
0.05942968221234415,0.004292385177603735,0.458,-0.027768188399229725,-0.025438507080078124,0.11354002380371093,0,0,1,0,-0.05942968221234415,-0.004292385177603735,0.542,0.027768188399229725,-0.06868619049535277,-0.04240724127754243,0.7015687500000003,0.01999601907394192,0,0,0,0,0,0,0,0
0.055904859945361256,0.012281216869827763,0.407,-0.02818706741970849,-0.05617905426025391,0.11831829833984375,0,0,1,0,-0.055904859945361256,-0.012281216869827763,0.593,0.02818706741970849,-0.057391324021208084,-0.043106893347862184,0.7293999999999996,0.02998226322176034,0,0,0,0,0,0,0,0
0.05060625909574023,0.02067681621816868,0.361,-0.0267558974330731,-0.0829966812133789,0.12364398193359374,0,0,1,0,-0.05060625909574023,-0.02067681621816868,0.639,0.0267558974330731,-0.04042117108973654,-0.05635650676050124,0.7887862068965519,0.019353294053924525,0,0,0,0,0,0,0,0
0.041820063824444774,0.029271940668851106,0.316,-0.027366762671271184,-0.1351949005126953,0.1253549041748047,0,0,1,0,-0.041820063824444774,-0.029271940668851106,0.6839999999999999,0.027366762671271184,-0.024100686614139673,-0.051268057191735904,0.7721999999999997,0.029984756549262977,0,0,0,0,0,0,0,0
0.02925234447696601,0.0390044855454898,0.269,-0.027139869868511957,-0.19243992614746094,0.14077508544921874,0,0,1,0,-0.02925234447696601,-0.0390044855454898,0.731,0.027139869868511957,0.008054430767650625,-0.0653064649863129,0.8459111111111113,0.026059427950610878,0,0,0,0,0,0,0,0
0.013346392599037473,0.05038812106864557,0.236,-0.026511551337793864,-0.2431351013183594,0.1642171630859375,0,0,1,0,-0.013346392599037473,-0.05038812106864557,0.764,0.026511551337793864,0.03052767985314763,-0.07505288218200835,0.7862000000000002,0.023655558016347982,0,0,0,0,0,0,0,0
-0.010426747567851872,0.0631026720961031,0.215,-0.027558748888990507,-0.3615274353027344,0.1811984100341797,0,0,1,0,0.010426747567851872,-0.0631026720961031,0.785,0.027558748888990507,0.09227418033242421,-0.09031429829303236,0.7465483870967744,0.03262583381413556,0,0,0,0,0,0,0,0
-0.04005236724730679,0.07558408033460297,0.186,-0.026616271092913583,-0.44937448120117185,0.1749049072265625,0,0,1,0,0.04005236724730679,-0.07558408033460297,0.8140000000000001,0.026616271092913583,0.11495366007946209,-0.08218057412597235,0.7902410958904111,0.02274307467067965,0,0,0,0,0,0,0,0
-0.06992447699966171,0.08573760772725166,0.187,-0.02612757890235522,-0.4519761962890625,0.14032411193847658,0,0,1,0,0.06992447699966171,-0.08573760772725166,0.813,0.02612757890235522,0.16214500089848655,-0.08466461643207378,0.644566666666666,0.023684117949563405,0,0,0,0,0,0,0,0
-0.09969606803518243,0.09344781840692631,0,-0.018517943363660017,-0.4494428405761719,0.10394712066650391,0,0,1,0,0.09969606803518243,-0.09344781840692631,1,0.018517943363660017,0.16072227169653808,-0.06869792628273666,1.791666666666667,-0.01607130908495454,0,0,0,0,0,0,0,0
