0.1071854292767773,-0.10659947033063559,0.697,-0.7575776151206585,0.0017959342002868653,0.0061737923622131345,0,0,1,0,-0.1071854292767773,0.10659947033063559,0.30300000000000005,0.7575776151206585,-0.05359271463838865,0.03197984109919068,0.24240000000000006,0.7575776151206585,0,0,0,0,0,0,0,0
0.10644320452515423,-0.10640062080757628,0.693,-0.7437371541523435,-0.010138056755065917,-0.005483476638793945,0,0,1,0,-0.10644320452515423,0.10640062080757628,0.30700000000000005,0.7437371541523435,-0.04947370918477077,0.030969048472205028,0.2661882352941177,0.6826762969391894,0,0,0,0,0,0,0,0
0.10608974167940553,-0.10476762441086358,0.691,-0.6969099703213356,-0.020486061096191405,0.014437252998352051,0,0,1,0,-0.10608974167940553,0.10476762441086358,0.30900000000000005,0.6969099703213356,-0.051187673084233325,0.02234906762658416,0.25867540983606563,0.466612344922936,0,0,0,0,0,0,0,0
0.10708637676238614,-0.10298016057418775,0.691,-0.6412688737677563,-0.00574555492401123,0.03015556335449219,0,0,1,0,-0.10708637676238614,0.10298016057418775,0.30900000000000005,0.6412688737677563,-0.05911744814567175,0.021473488351505126,0.24720000000000006,0.38835479852421406,0,0,0,0,0,0,0,0
0.10892834533545659,-0.10193211693078605,0.693,-0.5993286118423327,0.01273627758026123,0.029125883102416993,0,0,1,0,-0.10892834533545659,0.10193211693078605,0.30700000000000005,0.5993286118423327,-0.06436714171209094,0.02537732019764555,0.23499393939393942,0.40869105763586144,0,0,0,0,0,0,0,0
0.11097916696196776,-0.10111245745794552,0.695,-0.5594303851417421,0.018465494155883787,0.027504735946655274,0,0,1,0,-0.11097916696196776,0.10111245745794552,0.30500000000000005,0.5594303851417421,-0.06705678607301115,0.026188476440060823,0.23306250000000003,0.37240744748272414,0,0,0,0,0,0,0,0
0.11414151924876872,-0.09953268735099792,0.699,-0.5212949409856661,0.027628290176391603,0.045258262634277346,0,0,1,0,-0.11414151924876872,0.09953268735099792,0.30100000000000005,0.5212949409856661,-0.07452477420902248,0.02175529997482582,0.21926153846153848,0.3452851987268535,0,0,0,0,0,0,0,0
0.11725160039813716,-0.09979926882540521,0.705,-0.4854458781497025,0.042446147918701174,0.019764877319335936,0,0,1,0,-0.11725160039813716,0.09979926882540521,0.29500000000000004,0.4854458781497025,-0.07587456835317494,0.03184203707225701,0.20369230769230773,0.31998866506063994,0,0,0,0,0,0,0,0
0.11935194403781657,-0.09918407548384046,0.711,-0.4526860480897689,0.023559505462646485,0.022862165451049805,0,0,1,0,-0.11935194403781657,0.09918407548384046,0.28900000000000003,0.4526860480897689,-0.07156527080754449,0.026973930479002622,0.1988923076923077,0.3014868324285369,0,0,0,0,0,0,0,0
0.12020667667404682,-0.09819775082610804,0.72,-0.42017056412511455,0.00505858325958252,0.0189123420715332,0,0,1,0,-0.12020667667404682,0.09819775082610804,0.28,0.42017056412511455,-0.06522865415787299,0.024903962864353105,0.17698507462686566,0.2745788448803935,0,0,0,0,0,0,0,0
0.12155205337879774,-0.09754055360134227,0.724,-0.391372631467208,0.014404104232788087,0.017232521057128906,0,0,1,0,-0.12155205337879774,0.09754055360134227,0.276,0.391372631467208,-0.06898721409623249,0.026269600794434814,0.1985777777777778,0.25423961881051027,0,0,0,0,0,0,0,0
0.12080330104675903,-0.09737626731684126,0.733,-0.36465164061917493,-0.011322070121765136,-0.0020062992572784425,0,0,1,0,-0.12080330104675903,0.09737626731684126,0.267,0.36465164061917493,-0.057185301723137266,0.029050086720978224,0.1651384615384615,0.24132399055132991,0,0,0,0,0,0,0,0
0.11873827684271628,-0.09643083007398483,0.739,-0.3400599514585748,-0.03399615478515625,0.0022025399208068846,0,0,1,0,-0.11873827684271628,0.09643083007398483,0.261,0.3400599514585748,-0.04914235172873417,0.024622938119601683,0.17649230769230767,0.22655984764042045,0,0,0,0,0,0,0,0
0.11702791507955962,-0.09649863012497334,0.748,-0.3159569544885331,-0.0238470458984375,-0.009515965461730957,0,0,1,0,-0.11702791507955962,0.09649863012497334,0.252,0.3159569544885331,-0.05041367011063602,0.030157328878792914,0.15387272727272724,0.20639787735197995,0,0,0,0,0,0,0,0
0.11337097142494097,-0.09621787416190904,0.758,-0.2948733771244416,-0.053447418212890625,-0.013041747093200684,0,0,1,0,-0.11337097142494097,0.09621787416190904,0.242,0.2948733771244416,-0.038337240366714175,0.028288202781994953,0.14056969696969693,0.19903893456038935,0,0,0,0,0,0,0,0
0.10830275004295359,-0.09675730742371122,0.768,-0.27548276913478464,-0.07039053344726562,-0.0298360595703125,0,0,1,0,-0.10830275004295359,0.09675730742371122,0.23199999999999998,0.27548276913478464,-0.027107457969679147,0.03299669869855557,0.1300444444444444,0.1831465406126086,0,0,0,0,0,0,0,0
0.10158696678857035,-0.09664338141825966,0.774,-0.2565110401656063,-0.09740320587158204,-0.025757102966308593,0,0,1,0,-0.10158696678857035,0.09664338141825966,0.22599999999999998,0.2565110401656063,-0.015810473495091203,0.029415039918723174,0.14849230769230765,0.16894921415401382,0,0,0,0,0,0,0,0
0.09470596172640985,-0.09755378924281335,0.783,-0.239354453618502,-0.09637332916259765,-0.03939572143554688,0,0,1,0,-0.09470596172640985,0.09755378924281335,0.21699999999999997,0.239354453618502,-0.012104208370102731,0.03519391577037588,0.12587272727272722,0.16136996931348255,0,0,0,0,0,0,0,0
0.08615849793874772,-0.09942201054993935,0.794,-0.22366394364307302,-0.11791314697265624,-0.05762032699584961,0,0,1,0,-0.08615849793874772,0.09942201054993935,0.20599999999999996,0.22366394364307302,0.002368146313882824,0.04120692724088681,0.10464374999999992,0.1501146781332497,0,0,0,0,0,0,0,0
0.07661006428061051,-0.0997815563796021,0.805,-0.20879373841608131,-0.13846269226074218,-0.03702703094482422,0,0,1,0,-0.07661006428061051,0.0997815563796021,0.19499999999999995,0.20879373841608131,0.01022696912973331,0.033043033842527526,0.09853731343283575,0.142210729937014,0,0,0,0,0,0,0,0
0.06944747796849583,-0.10092273471483196,0.816,-0.19441222537964803,-0.1015572509765625,-0.03901581954956055,0,0,1,0,-0.06944747796849583,0.10092273471483196,0.18400000000000005,0.19441222537964803,0.0030543324756407766,0.03781257243078945,0.08704375000000061,0.12699888302136703,0,0,0,0,0,0,0,0
0.062479496066508065,-0.10286880696824391,0.826,-0.18078120392157232,-0.09691130065917969,-0.04883331680297852,0,0,1,0,-0.062479496066508065,0.10286880696824391,0.17400000000000004,0.18078120392157232,0.004278112242061462,0.0425435486303538,0.08616969696969698,0.11882201547577365,0,0,0,0,0,0,0,0
0.05476637895950915,-0.1028386902225441,0.838,-0.16882569854541116,-0.11389253234863281,-0.020357667922973634,0,0,1,0,-0.05476637895950915,0.1028386902225441,0.16200000000000003,0.16882569854541116,0.013329310314719293,0.03211554928361044,0.06397499999999996,0.11278426709465571,0,0,0,0,0,0,0,0
0.047756757140123014,-0.10182505315217567,0.848,-0.15786503084288675,-0.10620420837402343,-0.002678471565246582,0,0,1,0,-0.047756757140123014,0.10182505315217567,0.15200000000000002,0.15786503084288675,0.012366087642373232,0.02658429963657231,0.06775384615384614,0.10727733375431256,0,0,0,0,0,0,0,0
0.04147489134361698,-0.10078725229253213,0.858,-0.14559536620136665,-0.09550357055664062,0.0005598442554473877,0,0,1,0,-0.04147489134361698,0.10078725229253213,0.14200000000000002,0.14559536620136665,0.011048454301778272,0.026294035321514034,0.060569696969696954,0.08982416328536619,0,0,0,0,0,0,0,0
0.034321890198847516,-0.098957148854512,0.866,-0.13548990983231948,-0.11014251708984375,0.011594581604003906,0,0,1,0,-0.034321890198847516,0.098957148854512,0.134,0.13548990983231948,0.020408039196452683,0.021303448095902885,0.06344999999999998,0.08812058310241089,0,0,0,0,0,0,0,0
0.02772255769818747,-0.09676930168090658,0.873,-0.1265014641845487,-0.1025156478881836,0.019145795822143555,0,0,1,0,-0.02772255769818747,0.09676930168090658,0.127,0.1265014641845487,0.019567893779016843,0.01911711999957455,0.06447878787878786,0.08564489305831782,0,0,0,0,0,0,0,0
0.019632974917784072,-0.09400554563321198,0.879,-0.11835077657773517,-0.12560443878173827,0.02581582450866699,0,0,1,0,-0.019632974917784072,0.09400554563321198,0.121,0.11835077657773517,0.032162755399228866,0.015069553316216294,0.06449230769230767,0.080732218392442,0,0,0,0,0,0,0,0
0.013129877848547813,-0.09046499364884793,0.886,-0.11063642128392022,-0.10313483428955078,0.0412190055847168,0,0,1,0,-0.013129877848547813,0.09046499364884793,0.11399999999999999,0.11063642128392022,0.027410421014929867,0.00958465498609161,0.05291874999999997,0.07447538084416264,0,0,0,0,0,0,0,0
0.006697851696581124,-0.08748517633410649,0.891,-0.1035329312283033,-0.10082557678222656,0.03377149963378906,0,0,1,0,-0.006697851696581124,0.08748517633410649,0.10899999999999999,0.1035329312283033,0.028658271047642077,0.01254550867117703,0.06108059701492535,0.07172625933748128,0,0,0,0,0,0,0,0
0.0001709019873799079,-0.08464011047312978,0.897,-0.09615018849236728,-0.10179047393798828,0.032329254150390625,0,0,1,0,-0.0001709019873799079,0.08464011047312978,0.10299999999999998,0.09615018849236728,0.034015756132413554,0.01175341450949732,0.04958749999999996,0.0615435819176672,0,0,0,0,0,0,0,0
-0.004563530315063229,-0.08156483245798879,0.902,-0.09079202768874471,-0.07511696624755859,0.03909837341308594,0,0,1,0,0.004563530315063229,0.08156483245798879,0.09799999999999998,0.09079202768874471,0.026184779369301112,0.009883612860971506,0.051476923076923045,0.06606205474894823,1425560966687,0,0,0,0,0,0,0
-0.00995699150060019,-0.07834343370446684,0.904,-0.08487536152448392,-0.08494983673095703,0.040786796569824216,0,0,1,0,0.00995699150060019,0.07834343370446684,0.09599999999999997,0.08487536152448392,0.032436599069357884,0.008181312490925307,0.0660307692307692,0.05756767153558799,1425560966687,0,0,0,0,0,0,0
-0.013739631875711714,-0.07597653690555989,0.911,-0.07920304145550237,-0.059545108795166016,0.03056563377380371,0,0,1,0,0.013739631875711714,0.07597653690555989,0.08899999999999997,0.07920304145550237,0.025663199499957427,0.012121792571245715,0.03350769230769225,0.05302310267558752,1425560966687,0,0,0,0,0,0,0
-0.017621615686170412,-0.07348177611547577,0.916,-0.0745430123526775,-0.06100800323486328,0.03269694519042969,0,0,1,0,0.017621615686170412,0.07348177611547577,0.08399999999999996,0.0745430123526775,0.027834035895982354,0.010936899155020028,0.040684848484848435,0.05336106188529174,1425560966687,0,0,0,0,0,0,0
-0.02034434578804968,-0.07231785742614061,0.918,-0.06937683776677428,-0.042027759552001956,0.014368707656860352,0,0,1,0,0.02034434578804968,0.07231785742614061,0.08199999999999996,0.06937683776677428,0.02351207379014307,0.017498618713298483,0.05466249999999997,0.04516039439535292,1425560966687,0,0,0,0,0,0,0
-0.02208727395936648,-0.07151366164211018,0.92,-0.06585127267774574,-0.026917247772216796,0.010221590042114257,0,0,1,-0.06937683776677428,0.02208727395936648,0.07151366164211018,0.07999999999999996,-0.003525565089028543,0.01104363697968324,0.021454098492633054,0.06399999999999997,-0.003525565089028543,1425560966687,0,0,0,0,0,0,0
-0.022644951603628855,-0.07117709283744278,0.925,-0.0654323936572671,-0.008679245948791504,0.004487131118774414,0,0,1,-0.06937683776677428,0.022644951603628855,0.07117709283744278,0.07499999999999996,-0.003944444109507186,0.014386768187900616,0.019558070540123967,0.03265624999999995,-0.005907939518000828,1425560967078,0,0,0,0,0,0,0
-0.02279388386102697,-0.07139348570454869,0.93,-0.06567673975254629,-0.0020169682502746583,-0.0033850176334381103,0,0,1,-0.06937683776677428,0.02279388386102697,0.07139348570454869,0.06999999999999995,-0.0037000980142279927,0.012216270936968993,0.022658256682967823,0.029484848484848433,-0.002589433944777112,1425560967144,0,0,0,0,0,0,0
-0.021931818237670566,-0.07134790995860484,0.934,-0.06531022060962749,0.01285823917388916,0.0015308167934417725,0,0,1,-0.06937683776677428,0.021931818237670566,0.07134790995860484,0.06599999999999995,-0.00406661715714679,0.006367809714991428,0.021298014306260906,0.0312615384615384,-0.005758243970618163,1425560967209,0,0,0,0,0,0,0
-0.021749292591195703,-0.0719070895430978,0.938,-0.06419320988835112,0.0032794604301452637,-0.008191126823425293,0,0,1,-0.06937683776677428,0.021749292591195703,0.0719070895430978,0.062000000000000055,-0.005183627878423164,0.009934171127925898,0.02481520993438686,0.027725000000000635,-0.010419615634406165,1425560967273,0,0,0,0,0,0,0
-0.02152433726502618,-0.07306084473498639,0.941,-0.06585127267774572,0.00447756576538086,-0.017054222106933595,0,0,1,-0.06937683776677428,0.02152433726502618,0.07306084473498639,0.05900000000000005,-0.0035255650890285567,0.009641141745090405,0.028269942041646408,0.031290909090909126,0.004011083953674202,1425560967339,0,0,0,0,0,0,0
-0.02132258503063365,-0.07492567787095172,0.945,-0.0682947336305378,0.00486041784286499,-0.02771272850036621,0,0,1,-0.06937683776677428,0.02132258503063365,0.07492567787095172,0.05500000000000005,-0.0010821041362364808,0.009643524461984656,0.03295725188372007,0.02212500000000002,0.010371619079976375,1425560967403,0,0,0,0,0,0,0
-0.02178076583536448,-0.07594073701045718,0.949,-0.07002260959001216,-0.00581765079498291,-0.015659398078918457,0,0,1,-0.06937683776677428,0.02178076583536448,0.07594073701045718,0.051000000000000045,0.000645771823237884,0.013384022325051972,0.028416891450743546,0.01990447761194032,0.008382529850735038,1425560967470,0,0,0,0,0,0,0
-0.020635385480733615,-0.07725056547655258,0.952,-0.07005751617505207,0.01851324272155762,-0.01839722442626953,0,0,1,-0.06937683776677428,0.020635385480733615,0.07725056547655258,0.04800000000000004,0.0006806784082777906,0.004167258164298607,0.030719857032751118,0.021993750000000024,0.0008443030256523529,1425560967534,0,0,0,0,0,0,0
-0.02052545016499403,-0.07881102655594352,0.956,-0.07087782092348939,0.0032834739685058596,-0.023234066009521485,0,0,1,-0.06937683776677428,0.02052545016499403,0.07881102655594352,0.04400000000000004,0.0015009831567151105,0.00978801685097109,0.03260908151752419,0.01332500000000001,0.005346161665015048,1425560967598,0,0,0,0,0,0,0
-0.018089086137372364,-0.07959420904628563,0.963,-0.06993534312741245,0.03728565979003906,-0.009130146980285645,0,0,1,-0.06937683776677428,0.018089086137372364,0.07959420904628563,0.03700000000000003,0.0005585053606381729,-0.003544111488334797,0.02845484467198861,-0.006967164179104479,-0.0036615444725421444,1425560967665,0,0,0,0,0,0,0
-0.01756089126655493,-0.0809120068706299,0.965,-0.06983062337229279,0.009284838676452637,-0.019165006637573243,0,0,1,-0.06937683776677428,0.01756089126655493,0.0809120068706299,0.03500000000000003,0.00045378560551850855,0.00599571325992662,0.03213100579253525,0.016888888888888905,-0.00004487989505132174,1425560967728,0,0,0,0,0,0,0
-0.015822113259312078,-0.08224926696540939,0.966,-0.06993534312741245,0.027417692184448242,-0.018190195083618164,0,0,1,-0.06937683776677428,0.015822113259312078,0.08224926696540939,0.03400000000000003,0.0005585053606381729,-0.0012916262293212449,0.03246517809994369,0.02181538461538464,0.0010418273073443162,1425560967793,0,0,0,0,0,0,0
-0.016777719746907237,-0.08276326056800233,0.969,-0.06920230484157484,-0.013760302543640137,-0.008692700386047364,0,0,1,-0.06937683776677428,0.016777719746907237,0.08276326056800233,0.031000000000000028,-0.00017453292519943597,0.013552043083867442,0.02815923749329528,0.009128358208955235,-0.003456793906561864,1425560967860,0,0,0,0,0,0,0
-0.015984741564675834,-0.08329324338981577,0.97,-0.06834709350809762,0.01241590404510498,-0.007108232498168945,0,0,1,-0.06937683776677428,0.015984741564675834,0.08329324338981577,0.030000000000000027,-0.0010297442586766625,0.0038372106043452073,0.028584842364825967,0.018531250000000016,-0.005038547384351162,1425560967924,0,0,0,0,0,0,0
-0.012006423668366259,-0.08458633450011527,0.972,-0.06796312107265887,0.060860095977783205,-0.01527565860748291,0,0,1,-0.06937683776677428,0.012006423668366259,0.08458633450011527,0.028000000000000025,-0.0014137166941154133,-0.015229256483706408,0.03309220554477675,0.011630769230769243,-0.0031858971653711864,1425560967989,0,0,0,0,0,0,0
-0.009490398064522851,-0.08473986702921965,0.975,-0.0672126294943013,0.037809654235839846,0.00026530891656875613,0,0,1,-0.06937683776677428,0.009490398064522851,0.08473986702921965,0.025000000000000022,-0.0021642082724729755,-0.008607218952068344,0.02705726154910335,0.0038461538461538533,-0.005628015557200185,1425560968054,0,0,0,0,0,0,0
-0.007038147436749851,-0.08473373458573803,0.977,-0.0664446846234238,0.03669452667236328,0.002562251091003418,0,0,1,-0.06937683776677428,0.007038147436749851,0.08473373458573803,0.02300000000000002,-0.002932153143350477,-0.009091063006071841,0.02625344464746102,0.007952238805970159,-0.006370712266682574,1425560968121,0,0,0,0,0,0,0
-0.00409818966754958,-0.08520208421789904,0.982,-0.06564183316750641,0.044468502044677734,-0.004081729412078857,0,0,1,-0.06937683776677428,0.00409818966754958,0.08520208421789904,0.018000000000000016,-0.0037350045992678715,-0.014081294275519662,0.02908160440357702,-0.013377777777777784,-0.007558106770303082,1425560968184,0,0,0,0,0,0,0
-0.00038638514800263775,-0.08395544658969853,0.985,-0.0646295422013497,0.05433056640625,0.022311412811279296,0,0,1,-0.06937683776677428,0.00038638514800263775,0.08395544658969853,0.015000000000000013,-0.004747295565424581,-0.019590486387805025,0.01944757760265674,-0.004153846153846154,-0.009419407716917084,1425560968249,0,0,0,0,0,0,0
0.0021312387695800418,-0.08336983976620053,0.988,-0.06284930636431549,0.03711819839477539,0.011204757690429688,0,0,1,-0.06937683776677428,-0.0021312387695800418,0.08336983976620053,0.01200000000000001,-0.006527531402458792,-0.014215101170121725,0.022934093071030778,-0.006309090909090912,-0.014619512479887022,1425560968315,0,0,0,0,0,0,0
0.006053905980835212,-0.08293239804576444,0.988,-0.0649087948816688,0.058311714172363284,0.010244290351867675,0,0,1,-0.06937683776677428,-0.006053905980835212,0.08293239804576444,0.01200000000000001,-0.00446804288510548,-0.02395138810251295,0.023606801926568048,0.00960000000000001,0.005037288733448263,1425560968380,0,0,0,0,0,0,0
0.009563483186005523,-0.08243660969102029,0.99,-0.06562437987498647,0.05205042266845703,0.01083580207824707,0,0,1,-0.06937683776677428,-0.009563483186005523,0.08243660969102029,0.010000000000000009,-0.003752457891787811,-0.023201828659392514,0.02323874833117595,-0.0026060606060606065,-0.0004997988312529502,1425560968446,0,0,0,0,0,0,0
0.014227035194794877,-0.08197882570968325,0.993,-0.06668903071870301,0.06935240173339843,0.011439325332641602,0,0,1,-0.06937683776677428,-0.014227035194794877,0.08197882570968325,0.007000000000000006,-0.0026878070480712696,-0.03283979569716932,0.023238996125308345,-0.011066666666666676,0.0023819588743884505,1425560968509,0,0,0,0,0,0,0
0.017138783666688334,-0.0808111460361649,0.994,-0.06817256058289818,0.04241193389892578,0.02038682746887207,0,0,1,-0.06937683776677428,-0.017138783666688334,0.0808111460361649,0.006000000000000005,-0.0012042771838760985,-0.024076833489335273,0.019196957874608157,-0.000584615384615384,0.005642783727793921,1425560968574,0,0,0,0,0,0,0
0.01983477999369511,-0.07953593525478231,0.996,-0.0691848515490549,0.03904300308227539,0.021838489532470702,0,0,1,-0.06937683776677428,-0.01983477999369511,0.07953593525478231,0.0040000000000000036,-0.0001919862177193754,-0.024056227208721977,0.018391912875368215,-0.0074060606060606105,0.004409336355720274,1425560968640,0,0,0,0,0,0,0
0.02084594442203286,-0.07855373086177174,0.995,-0.07079055446088969,0.014112689018249512,0.015746341705322266,0,0,1,-0.06937683776677428,-0.02084594442203286,0.07855373086177174,0.0050000000000000044,0.0014137166941154133,-0.015561028224263569,0.01978144550261456,0.009223880597014933,0.008603431224718945,1425560968707,0,0,0,0,0,0,0
0.022671604014542823,-0.07717308780494479,0.995,-0.0724486172502843,0.02585148239135742,0.022594749450683595,0,0,1,-0.06937683776677428,-0.022671604014542823,0.07717308780494479,0.0050000000000000044,0.0030717794835100204,-0.021348492185184448,0.016876550897240175,0.0040000000000000036,0.01096731657586529,1425560968770,0,0,0,0,0,0,0
0.02357722441648953,-0.07483698884711114,0.996,-0.0718377520120863,0.011012184143066405,0.03593286514282226,0,0,1,-0.06937683776677428,-0.02357722441648953,0.07483698884711114,0.0040000000000000036,0.0024609142453120153,-0.016550491839250323,0.011315610068899785,-0.0021846153846153855,-0.0003584637771403159,1425560968835,0,0,0,0,0,0,0
0.024076440753917273,-0.07237942856955766,0.993,-0.07096508738608913,0.004823024272918701,0.03730580139160156,0,0,1,-0.06937683776677428,-0.024076440753917273,0.07237942856955766,0.007000000000000006,0.0015882496193148493,-0.014627420116275193,0.009971366123404908,0.02175384615384617,-0.002439433269902839,1425560968900,0,0,0,0,0,0,0
0.024130789602235286,-0.07037774328902321,0.993,-0.07023204910025152,-0.0013157777786254883,0.030007511138916015,0,0,1,-0.06937683776677428,-0.024130789602235286,0.07037774328902321,0.007000000000000006,0.0008552113334772404,-0.012274839227700183,0.011871317594792609,0.005600000000000005,-0.0025280422934655694,1425560968965,0,0,0,0,0,0,0
0.023404482255925268,-0.06860914288431512,0.993,-0.06930702459669454,-0.01272940731048584,0.02569908332824707,0,0,1,-0.06937683776677428,-0.023404482255925268,0.06860914288431512,0.007000000000000006,-0.00006981317007974386,-0.007840576059009044,0.012926053617809246,0.005600000000000005,-0.004211713932275195,1425560969032,0,0,0,0,0,0,0
0.022048773528037288,-0.0672356896743973,0.992,-0.06846926655573725,-0.021713516235351563,0.019144063949584962,0,0,1,-0.06937683776677428,-0.022048773528037288,0.0672356896743973,0.008000000000000007,-0.000907571211037031,-0.003439040121312802,0.014165037866701605,0.011955555555555566,-0.004896895215595541,1425560969095,0,0,0,0,0,0,0
0.02021878497781456,-0.06555412054060256,0.992,-0.06745697558958055,-0.02911119842529297,0.023286434173583986,0,0,1,-0.06937683776677428,-0.02021878497781456,0.06555412054060256,0.008000000000000007,-0.0019198621771937263,-0.00021511871017092232,0.012278869887443544,0.006400000000000006,-0.0065919743286861655,1425560969160,0,0,0,0,0,0,0
0.019056252760233688,-0.06320383630145118,0.991,-0.06487388829662895,-0.019774665832519533,0.033998661041259766,0,0,1,-0.06937683776677428,-0.019056252760233688,0.06320383630145118,0.009000000000000008,-0.0045029494701453315,-0.0032402348029769547,0.008014093465066085,0.012584615384615395,-0.016424890822229664,1425560969225,0,0,0,0,0,0,0
0.016840249994864148,-0.06056604016426629,0.992,-0.06389650391551213,-0.03573517990112305,0.03732881164550781,0,0,1,-0.06937683776677428,-0.016840249994864148,0.06056604016426629,0.008000000000000007,-0.005480333851262148,0.0033483929671678306,0.005929792034064817,0.0010969696969696996,-0.009922990129065858,1425560969291,0,0,0,0,0,0,0
0.014496804716950647,-0.058556011289329545,0.993,-0.06497860805174861,-0.03700514221191406,0.027844364166259766,0,0,1,-0.06937683776677428,-0.014496804716950647,0.058556011289329545,0.007000000000000006,-0.004398229715025667,0.005186379220926335,0.00869449915398705,0.0002969696969696983,0.0005204254496856088,1425560969357,0,0,0,0,0,0,0
0.011674816948053607,-0.05694415648816542,0.994,-0.0654149403647472,-0.04381042098999023,0.02137820053100586,0,0,1,-0.06937683776677428,-0.011674816948053607,0.05694415648816542,0.006000000000000005,-0.003961897402027084,0.009357741907689497,0.010227982288996075,-0.000584615384615384,-0.00194805595741824,1425560969422,0,0,0,0,0,0,0
0.00740899331687482,-0.05513844766398501,0.993,-0.06770132168485976,-0.06562104034423828,0.02284495735168457,0,0,1,-0.06937683776677428,-0.00740899331687482,0.05513844766398501,0.007000000000000006,-0.0016755160819145187,0.019619316194965642,0.008525806276124811,0.01106875000000001,0.009041896356113131,1425560969486,0,0,0,0,0,0,0
0.0035033038134710853,-0.053643865364374356,0.991,-0.06935938447425438,-0.059967750549316405,0.018404100418090822,0,0,1,-0.06937683776677428,-0.0035033038134710853,0.053643865364374356,0.009000000000000008,-0.0000174532925198978,0.01805248917955341,0.010408201422337175,0.0173449275362319,0.007191515357021932,1425560969555,0,0,0,0,0,0,0
-0.00022882858765568484,-0.05235574745185998,0.991,-0.06995279641993245,-0.057186454772949216,0.015395547866821289,0,0,1,-0.06937683776677428,0.00022882858765568484,0.05235574745185998,0.009000000000000008,0.0005759586531581679,0.02152110090272366,0.010244077136131104,0.007200000000000007,0.003494378058132261,1425560969616,0,0,0,0,0,0,0
-0.0047731421530149785,-0.05127390100448967,0.989,-0.07136651311404785,-0.06913224029541015,0.011423584938049316,0,0,1,-0.06937683776677428,0.0047731421530149785,0.05127390100448967,0.01100000000000001,0.0019896753472735673,0.026481166070101723,0.011607139964592388,0.01940606060606062,0.008415660320525382,1425560969682,0,0,0,0,0,0,0
-0.011046928670173428,-0.0501992050604619,0.989,-0.07290240285580286,-0.09501673126220703,0.009369029998779296,0,0,1,-0.06937683776677428,0.011046928670173428,0.0501992050604619,0.01100000000000001,0.0035255650890285845,0.03930853468882851,0.011267600844308136,0.008800000000000007,0.010614286974051739,1425560969747,0,0,0,0,0,0,0
-0.01703124066585567,-0.048604220591656394,0.988,-0.07391469382195957,-0.09126887512207031,0.017322952270507813,0,0,1,-0.06937683776677428,0.01703124066585567,0.048604220591656394,0.01200000000000001,0.004537856055185294,0.04125636950699907,0.007884465205060679,0.015068750000000014,0.009282969959044868,1425560969811,0,0,0,0,0,0,0
-0.022611428833413525,-0.0481906474349091,0.991,-0.07408922674715901,-0.08393239593505859,0.0000054222550243139266,0,0,1,-0.06937683776677428,0.022611428833413525,0.0481906474349091,0.009000000000000008,0.00471238898038473,0.04138162184921323,0.014287356110163869,-0.008953846153846158,0.00551792555822828,1425560969876,0,0,0,0,0,0,0
-0.026768573045462502,-0.047945491364326735,0.99,-0.07401941357707924,-0.062458297729492185,-0.0009485156536102295,0,0,1,-0.06937683776677428,0.026768573045462502,0.047945491364326735,0.010000000000000009,0.004642575810304958,0.03581504915190023,0.015151835091571766,0.013384615384615396,0.004320361179167551,1425560969941,0,0,0,0,0,0,0
0,0,0.99,0,-0.06794682312011718,0.012764178276062011,0,0,1,-0.07401941357707924,0,0,0.010000000000000009,-0.07401941357707924,0,0,0.008000000000000007,-0.07401941357707924,1425560969941,0,0,0,0,0,0,0
-0.0032086219787597656,-0.000570982042948405,0.995,0.0007853981633974411,-0.048129329681396486,-0.008564730644226075,0,0,1,-0.07401941357707924,0.0032086219787597656,0.000570982042948405,0.0050000000000000044,-0.07480481174047668,0.019153515953788756,0.0032942180887660976,-0.023343750000000017,-0.07848636563140218,1425560969941,0,0,0,0,0,0,0
-0.0059204699855744955,-0.0007477875535967924,0.995,-0.005358160803622614,-0.04067979049682617,-0.002620133638381958,0,0,1,-0.07401941357707924,0.0059204699855744955,0.0007477875535967924,0.0050000000000000044,-0.06866125277345662,0.017568395314577438,0.0011772174292184487,0.0040000000000000036,-0.04030636523336407,1425560969941,0,0,0,0,0,0,0
-0.009327092159702734,-0.0009262084904382412,0.993,-0.009669124056048597,-0.05108425903320313,-0.002950072765350342,0,0,1,-0.07401941357707924,0.009327092159702734,0.0009262084904382412,0.007000000000000006,-0.06435028952103064,0.023018860681695022,0.0012400441945215372,0.016369230769230782,-0.04445353604829533,1425560969941,0,0,0,0,0,0,0
-0.011327634721943994,-0.003162513861797744,0.992,-0.014730578886832144,-0.02968239402770996,-0.033833160400390624,0,0,1,-0.07401941357707924,0.011327634721943994,0.003162513861797744,0.008000000000000007,-0.059288834690247094,0.016455297015224263,0.012993907625806,0.011784615384615395,-0.035928273932784575,1425560970267,0,0,0,0,0,0,0
-0.012868909183273622,-0.005304836640889262,0.99,-0.019320794819577228,-0.022643260955810547,-0.03247190093994141,0,0,1,-0.07401941357707924,0.012868909183273622,0.005304836640889262,0.010000000000000009,-0.05469861875750201,0.014513837910034176,0.012789752791001726,0.018447761194029865,-0.03414541308849417,1425560970334,0,0,0,0,0,0,0
-0.012804274063733617,-0.008893672047955815,0.99,-0.022357667718047355,0.002009368419647217,-0.05380375289916992,0,0,1,-0.07401941357707924,0.012804274063733617,0.008893672047955815,0.010000000000000009,-0.05166174585903188,0.0060790692922653815,0.0226187425119757,0.008000000000000007,-0.037200446342507465,1425560970397,0,0,0,0,0,0,0
-0.014774897682177482,-0.011667465605296723,0.991,-0.02631956512007451,-0.028621810913085938,-0.04225732803344726,0,0,1,-0.07401941357707924,0.014774897682177482,0.011667465605296723,0.009000000000000008,-0.04769984845700473,0.018044119035584474,0.018456301410723235,0.001815384615384618,-0.02941416813995633,1425560970462,0,0,0,0,0,0,0
-0.016533306589200172,-0.014709483800115438,0.992,-0.03068288825006031,-0.025166168212890624,-0.04630859756469727,0,0,1,-0.07401941357707924,0.016533306589200172,0.014709483800115438,0.008000000000000007,-0.04333652532701893,0.01779137553841863,0.02082275454313481,0.0010153846153846176,-0.02319811088093061,1425560970527,0,0,0,0,0,0,0
-0.019709557725676456,-0.018755920234696848,0.989,-0.03354522822333102,-0.045759288787841794,-0.06212959671020508,0,0,1,-0.07401941357707924,0.019709557725676456,0.018755920234696848,0.01100000000000001,-0.04047418535374822,0.02702684740085165,0.027457282728076293,0.024953846153846174,-0.027263385477114196,1425560970592,0,0,0,0,0,0,0
-0.02050885556795092,-0.02209821811089826,0.989,-0.03591887600604331,-0.010301265716552734,-0.050508377075195315,0,0,1,-0.07401941357707924,0.02050885556795092,0.02209821811089826,0.01100000000000001,-0.03810053757103593,0.01451278300984058,0.024146039043488478,0.008800000000000007,-0.027472263917100302,1425560970659,0,0,0,0,0,0,0
-0.021999674829524918,-0.027277334314521152,0.99,-0.04026474584350919,-0.01955804443359375,-0.07843968963623046,0,0,1,-0.07401941357707924,0.021999674829524918,0.027277334314521152,0.010000000000000009,-0.03375466773357005,0.019249753779757822,0.0365807581121666,0.0025312500000000022,-0.01338340287044872,1425560970723,0,0,0,0,0,0,0
-0.023452903540598685,-0.032608487930218505,0.99,-0.04270820679630127,-0.018561769485473632,-0.08077996063232422,0,0,1,-0.07401941357707924,0.023452903540598685,0.032608487930218505,0.010000000000000009,-0.03131120678077797,0.01978580467051254,0.03903242822643334,0.008000000000000007,-0.019857483564565116,1425560970787,0,0,0,0,0,0,0
-0.02381474254788209,-0.03575002974546451,0.991,-0.045727626402251455,-0.003410703420639038,-0.0473118896484375,0,0,1,-0.07401941357707924,0.02381474254788209,0.03575002974546451,0.009000000000000008,-0.028291787174827783,0.013953940610993488,0.027503430899280652,0.0018969696969697,-0.014567152602326928,1425560970853,0,0,0,0,0,0,0
-0.024312950778492905,-0.03885385261537171,0.989,-0.047909287967244356,-0.005337096691131592,-0.04685028457641602,0,0,1,-0.07401941357707924,0.024312950778492905,0.03885385261537171,0.01100000000000001,-0.026110125609834882,0.014903071492039156,0.028014918463698114,0.019247761194029864,-0.01634149173673234,1425560970920,0,0,0,0,0,0,0
-0.02439963158748505,-0.04161749853740004,0.993,-0.04888667234836117,0.0006865847110748291,-0.04146939086914062,0,0,1,-0.07401941357707924,0.02439963158748505,0.04161749853740004,0.007000000000000006,-0.025132741228718065,0.01284076340523074,0.02800981965341868,-0.016622222222222236,-0.020478529890066557,1425560970983,0,0,0,0,0,0,0
-0.023723148340105273,-0.043677378007527745,0.995,-0.05024802916491678,0.011645033836364746,-0.030365409851074218,0,0,1,-0.07401941357707924,0.023723148340105273,0.043677378007527745,0.0050000000000000044,-0.023771384412162457,0.00839377967672982,0.02439424401975202,-0.006769230769230774,-0.017488199104982723,1425560971048,0,0,0,0,0,0,0
-0.022929933382526944,-0.045736144135685046,0.998,-0.05251695719250941,0.013434288024902343,-0.030244903564453127,0,0,1,-0.07401941357707924,0.022929933382526944,0.045736144135685046,0.0020000000000000018,-0.02150245638456983,0.0074484650983940755,0.024868100192496252,-0.01430909090909092,-0.011189147168239712,1425560971114,0,0,0,0,0,0,0
-0.021736906475939843,-0.04793493859623694,0.999,-0.05536184387326013,0.019602045059204102,-0.0319970645904541,0,0,1,-0.07401941357707924,0.021736906475939843,0.04793493859623694,0.0010000000000000009,-0.018657569703819106,0.0045479403267017,0.026665374933036036,-0.0046687500000000045,-0.005322163387800085,1425560971178,0,0,0,0,0,0,0
-0.020939107130553372,-0.05090763251803439,1.001,-0.05651376117957641,0.01441600227355957,-0.04385991668701172,0,0,1,-0.07401941357707924,0.020939107130553372,0.05090763251803439,-0.0009999999999998899,-0.017505652397502826,0.006519827230508544,0.031095632116161093,-0.01124776119402919,-0.012347813712504558,1425560971245,0,0,0,0,0,0,0
-0.019402242557366375,-0.05192380541862953,1.001,-0.05850343652684995,0.02387712287902832,-0.013916142463684082,0,0,1,-0.07401941357707924,0.019402242557366375,0.05192380541862953,-0.0009999999999998899,-0.015515977050229286,0.0013930903596962464,0.02154960288811782,-0.0007999999999999119,-0.006041332539402908,1425560971308,0,0,0,0,0,0,0
-0.017150073777459772,-0.053070283582066,1,-0.05827654372409067,0.03473025512695312,-0.01519248390197754,0,0,1,-0.07401941357707924,0.017150073777459772,0.053070283582066,0,-0.01574286985298857,-0.003310772625631727,0.02245598097513638,0.005384615384614791,-0.016790067404185254,1425560971373,0,0,0,0,0,0,0
-0.014993618787572419,-0.05345019635652435,1.001,-0.05897467542488841,0.032623825073242185,-0.003805023193359375,0,0,1,-0.07401941357707924,0.014993618787572419,0.05345019635652435,-0.0009999999999998899,-0.015044738152190824,-0.003863872322105979,0.01847703764830034,-0.006184615384614703,-0.011822591840816622,1425560971438,0,0,0,0,0,0,0
-0.012871742230824476,-0.05445428118361352,1.001,-0.06051056516664339,0.0326605339050293,-0.0131591215133667,0,0,1,-0.07401941357707924,0.012871742230824476,0.05445428118361352,-0.0009999999999998899,-0.013508848410435849,-0.003913502449880032,0.021791121058541137,-0.0007999999999999119,-0.006926463802914526,1425560971508,0,0,0,0,0,0,0
-0.010768619041999702,-0.05550392346444695,0.999,-0.061819562105639166,0.032441246032714845,-0.013808065414428711,0,0,1,-0.07401941357707924,0.010768619041999702,0.05550392346444695,0.0010000000000000009,-0.012199851471440072,-0.0064162126666857874,0.023141984677571746,0.012275409836064947,-0.0057621616075264155,1425560971569,0,0,0,0,0,0,0
-0.008410856829257107,-0.05703287081705893,0.999,-0.0627271333166762,0.036715755462646486,-0.020705455780029296,0,0,1,-0.07401941357707924,0.008410856829257107,0.05703287081705893,0.0010000000000000009,-0.011292280260403034,-0.008025726805314838,0.02572382704382075,0.0008000000000000008,-0.007166956573871044,1425560971635,0,0,0,0,0,0,0
-0.006861934146195009,-0.05775316002285555,0.999,-0.06414085001079162,0.023865427017211914,-0.009326652526855468,0,0,1,-0.07401941357707924,0.006861934146195009,0.05775316002285555,0.0010000000000000009,-0.009878563566287621,-0.004763182970474405,0.02180790327953537,0.0008000000000000008,-0.003251766562621621,1425560971699,0,0,0,0,0,0,0
-0.005508581988572536,-0.0582849570227554,0.999,-0.06604325889546545,0.02076983642578125,-0.006659367084503174,0,0,1,-0.07401941357707924,0.005508581988572536,0.0582849570227554,0.0010000000000000009,-0.007976154681613792,-0.004252888396733619,0.020929768314522885,0.0008000000000000008,0.0008041940168808,1425560971764,0,0,0,0,0,0,0
-0.004374475382679922,-0.05908473815272455,0.995,-0.06721262949430165,0.017766239166259766,-0.010847878456115723,0,0,1,-0.07401941357707924,0.004374475382679922,0.05908473815272455,0.0050000000000000044,-0.006806784082777587,-0.0034541674459060137,0.02252372824762744,0.02489552238805972,-0.001570796326794576,1425560971831,0,0,0,0,0,0,0
-0.0035687204107601586,-0.05996230558772562,0.992,-0.06923721142661507,0.012943122863769531,-0.012322047233581542,0,0,1,-0.07401941357707924,0.0035687204107601586,0.05996230558772562,0.008000000000000007,-0.004782202150464168,-0.0024067756552035875,0.023522188242838304,0.023066666666666687,0.004858664193885443,1425560971894,0,0,0,0,0,0,0
-0.0029998454273886996,-0.059510400439629456,0.99,-0.0718726585971265,0.00804372501373291,0.007352674007415771,0,0,1,-0.07401941357707924,0.0029998454273886996,0.059510400439629456,0.010000000000000009,-0.0021467549799527447,-0.0012760197240809428,0.016116588406974917,0.018769230769230785,0.010016847345484595,1425560971959,0,0,0,0,0,0,0
-0.0020701393383427283,-0.05875442504795502,0.988,-0.07438593271999833,0.013095279693603516,0.012311799049377441,0,0,1,-0.07401941357707924,0.0020701393383427283,0.05875442504795502,0.01200000000000001,0.00036651914291908894,-0.003682463900896764,0.014290684854178448,0.020369230769230785,0.011966245863866012,1425560972024,0,0,0,0,0,0,0
-0.001411867017913777,-0.057985550704066725,0.989,-0.07426375967235874,0.008989668846130372,0.012235037803649903,0,0,1,-0.07401941357707924,0.001411867017913777,0.057985550704066725,0.01100000000000001,0.000244346095279499,-0.0025491159011502575,0.01402825726243343,0.0034153846153846187,-0.0003195295092109159,1425560972089,0,0,0,0,0,0,0
0.0009205644159838081,-0.05600134496712908,0.988,-0.07675958050271062,0.032681751251220706,0.03227688980102539,0,0,1,-0.07401941357707924,-0.0009205644159838081,0.05600134496712908,0.01200000000000001,0.0027401669256313793,-0.012176576130173642,0.00739834543086417,0.014747058823529426,0.013751141177183792,1425560972157,0,0,0,0,0,0,0
0.0022753677798068896,-0.05432319457221687,0.988,-0.07778932476138728,0.01833189582824707,0.026656515121459962,0,0,1,-0.07401941357707924,-0.0022753677798068896,0.05432319457221687,0.01200000000000001,0.003769911184308042,-0.00849831025344162,0.007667974690329907,0.00960000000000001,0.008752544694033828,1425560972219,0,0,0,0,0,0,0
0.0036237673095728244,-0.05154377061286653,0.987,-0.07819075048934596,0.01692495536804199,0.043137062072753904,0,0,1,-0.07401941357707924,-0.0036237673095728244,0.05154377061286653,0.013000000000000012,0.004171336912266718,-0.008787394814208732,0.001374951590234692,0.015784615384615397,0.0060240710413067625,1425560972284,0,0,0,0,0,0,0
0.004436775149014177,-0.04909180896881339,0.987,-0.078173297196826,0.0092849760055542,0.037619625091552734,0,0,1,-0.07401941357707924,-0.004436775149014177,0.04909180896881339,0.013000000000000012,0.004153883619746765,-0.006247619362100647,0.0026350658025428055,0.01040000000000001,0.004074550471928795,1425560972350,0,0,0,0,0,0,0
0.004152466215495587,-0.04691099396647078,0.987,-0.07829547024446565,-0.0068062286376953125,0.032279281616210936,0,0,1,-0.07401941357707924,-0.004152466215495587,0.04691099396647078,0.013000000000000012,0.00427605666738641,-0.00026586453181494125,0.0032712903355859874,0.01040000000000001,0.0048399322718770815,1425560972415,0,0,0,0,0,0,0
0.004317410005883624,-0.044070364500866425,0.989,-0.07784168463894713,-0.0008661416172981262,0.04267242431640625,0,0,1,-0.07401941357707924,-0.004317410005883624,0.044070364500866425,0.01100000000000001,0.003822271061867888,-0.0027567820937450744,-0.0008729061866913912,-0.0018060606060606062,0.0017596092186018771,1425560972481,0,0,0,0,0,0,0
0.004449067170855588,-0.041147376215707444,0.99,-0.07634070148223202,-0.0014406319856643678,0.04386562728881836,0,0,1,-0.07401941357707924,-0.004449067170855588,0.041147376215707444,0.010000000000000009,0.0023212879051527774,-0.002659723847170554,-0.002398280431235779,0.0026153846153846184,-0.004606326664301578,1425560972546,0,0,0,0,0,0,0
0.0032553125570886497,-0.03757668875564003,0.991,-0.07389724052943994,-0.021939027786254884,0.05203866195678711,0,0,1,-0.07401941357707924,-0.0032553125570886497,0.03757668875564003,0.009000000000000008,-0.00012217304763929848,0.0051723387997172,-0.007233466946378494,0.0017312500000000019,-0.011575896263852154,1425560972610,0,0,0,0,0,0,0
0.002369295418691127,-0.03464184299003217,0.993,-0.07293730944084306,-0.016504180908203124,0.04292132186889648,0,0,1,-0.07401941357707924,-0.002369295418691127,0.03464184299003217,0.007000000000000006,-0.0010821041362361755,0.0038563232973040694,-0.004367222091839004,-0.005169230769230772,-0.005512555314375608,1425560972675,0,0,0,0,0,0,0
0.0009037376740218738,-0.03155083361650097,0.995,-0.07346090821644136,-0.025303668975830078,0.0446398811340332,0,0,1,-0.07401941357707924,-0.0009037376740218738,0.03155083361650097,0.0050000000000000044,-0.0005585053606378815,0.007709118004690667,-0.006114897827788762,-0.006769230769230774,0.001858104372892706,1425560972740,0,0,0,0,0,0,0
-0.001028779320899247,-0.027829501208928634,0.997,-0.07538077039363514,-0.03300647354125977,0.05354188537597656,0,0,1,-0.07401941357707924,0.001028779320899247,0.027829501208928634,0.0030000000000000027,0.0013613568165559004,0.011190441171604485,-0.010607255480649974,-0.008369230769230775,0.010222259172834893,1425560972805,0,0,0,0,0,0,0
-0.0031107170218221745,-0.024470063021017962,1,-0.07611380867947273,-0.03493534088134766,0.047896629333496095,0,0,1,-0.07401941357707924,0.0031107170218221745,0.024470063021017962,0,0.0020943951023934954,0.012388249230334204,-0.008600887349858833,-0.015217391304347837,0.005281518084296082,1425560972874,0,0,0,0,0,0,0
-0.005756125968767089,-0.021008928859437986,1.002,-0.07463027881527756,-0.04351403427124023,0.04874933242797851,0,0,1,-0.07401941357707924,0.005756125968767089,0.021008928859437986,-0.0020000000000000018,0.0006108652381983243,0.018087729130867595,-0.012124234162602398,-0.01289032258064517,-0.006567505072423471,1425560972936,0,0,0,0,0,0,0
0,0,1.003,0,-0.061126785278320314,0.07652740478515625,0,0,1,-0.07463027881527756,0,0,-0.0029999999999998916,-0.07463027881527756,0,0,-0.0023999999999999135,-0.07463027881527756,1425560972936,0,0,0,0,0,0,0
-0.003573255157470703,0.003504956563313802,1.006,-0.0006457718232378562,-0.05359882736206055,0.05257434844970703,0,0,1,-0.07463027881527756,0.003573255157470703,-0.003504956563313802,-0.006000000000000005,-0.0739845069920397,0.020738066307665736,-0.019640691106383966,-0.020709090909091517,-0.07104918052277673,1425560972936,0,0,0,0,0,0,0
-0.006330437210348524,0.006837903845286385,1.008,-0.005619960191421719,-0.04139000701904297,0.04996749114990234,0,0,1,-0.07463027881527756,0.006330437210348524,-0.006837903845286385,-0.008000000000000007,-0.06901031862385584,0.01801805663787626,-0.020004768273038744,-0.017169230769230784,-0.04605252615531494,1425560972936,0,0,0,0,0,0,0
-0.00884043977067114,0.009712727535912902,1.008,-0.01048942880448589,-0.037891788482666014,0.04291008377075195,0,0,1,-0.07463027881527756,0.00884043977067114,-0.009712727535912902,-0.008000000000000007,-0.06414085001079167,0.017947837705514325,-0.018406709315107753,-0.006400000000000006,-0.041666379488957045,1425560972936,0,0,0,0,0,0,0
-0.011871982647235945,0.013161652845138712,1.01,-0.013561208287995896,-0.04601329040527344,0.05125405502319336,0,0,1,-0.07463027881527756,0.011871982647235945,-0.013161652845138712,-0.010000000000000009,-0.061069070527281666,0.022032409989965557,-0.022260009153861598,-0.01860606060606062,-0.04710643651132709,1425560973262,0,0,0,0,0,0,0
-0.015451238599872597,0.015089407544898176,1.009,-0.018081611050661223,-0.05407603073120117,0.028185598373413084,0,0,1,-0.07463027881527756,0.015451238599872597,-0.015089407544898176,-0.008999999999999897,-0.05654866776461634,0.027329619010610675,-0.015100645871215113,-0.0017312499999993063,-0.03535927981462263,1425560973326,0,0,0,0,0,0,0
-0.020249002020005326,0.01646223616895499,1.009,-0.022340214425527388,-0.07232701110839844,0.019287864685058595,0,0,1,-0.07463027881527756,0.020249002020005326,-0.01646223616895499,-0.008999999999999897,-0.052290064389750174,0.03600171730479997,-0.012372940527169102,-0.007199999999999918,-0.032634971890367875,1425560973391,0,0,0,0,0,0,0
-0.02274031312920046,0.01881424334893499,1.013,-0.026162485487394943,-0.038148441314697266,0.034436527252197265,0,0,1,-0.07463027881527756,0.02274031312920046,-0.01881424334893499,-0.0129999999999999,-0.04846779332788262,0.024842795465575246,-0.018363271855849368,-0.03193846153846148,-0.03082654227310929,1425560973456,0,0,0,0,0,0,0
-0.024685424948412693,0.01972951169824551,1.014,-0.029740410453983346,-0.029525836944580077,0.012961079597473144,0,0,1,-0.07463027881527756,0.024685424948412693,-0.01972951169824551,-0.014000000000000012,-0.044889868361294216,0.02289032380148989,-0.010914390531949198,-0.016584615384615996,-0.02837636851550159,1425560973521,0,0,0,0,0,0,0
-0.026092214038715734,0.019241740016094598,1.016,-0.031695179216217007,-0.02087493896484375,-0.007940824508666993,0,0,1,-0.07463027881527756,0.026092214038715734,-0.019241740016094598,-0.016000000000000014,-0.042935099599060556,0.020486419336446283,-0.003304521932204255,-0.02324776119402987,-0.03418240364876059,1425560973588,0,0,0,0,0,0,0
-0.027418418432422657,0.018594091854996355,1.015,-0.034260813216648645,-0.01957521629333496,-0.010340251922607423,0,0,1,-0.07463027881527756,0.027418418432422657,-0.018594091854996355,-0.014999999999999902,-0.04036946559862892,0.021185699091246513,-0.0020719574484702355,-0.006444444444443745,-0.02815216083466874,1425560973651,0,0,0,0,0,0,0
-0.0288861106353317,0.017248619157758847,1.015,-0.03747221904031825,-0.02131114387512207,-0.02092436408996582,0,0,1,-0.07463027881527756,0.0288861106353317,-0.017248619157758847,-0.014999999999999902,-0.03715805977495931,0.02235402406600763,0.001857337417972631,-0.011999999999999922,-0.022560760576461107,1425560973717,0,0,0,0,0,0,0
-0.02754978524206827,0.015776002548844374,1.015,-0.04071853144902768,0.020858348846435545,-0.021322792053222656,0,0,1,-0.07463027881527756,0.02754978524206827,-0.015776002548844374,-0.014999999999999902,-0.033911747366249884,0.006612247509973492,0.0032073153536663224,-0.011999999999999922,-0.018694657950424437,1425560973781,0,0,0,0,0,0,0
-0.027817645218491976,0.014808081465944261,1.013,-0.04309217923173997,-0.0034235477447509765,-0.014670339584350586,0,0,1,-0.07463027881527756,0.027817645218491976,-0.014808081465944261,-0.0129999999999999,-0.03153809958353759,0.015493036210382847,0.0005674610983290064,0.00020606060606069218,-0.02074879148029991,1425560973847,0,0,0,0,0,0,0
-0.027488715911120468,0.014082923257538342,1.013,-0.04543092042941238,0.005397943973541259,-0.010654726982116699,0,0,1,-0.07463027881527756,0.027488715911120468,-0.014082923257538342,-0.0129999999999999,-0.02919935838586518,0.012181922452708646,-0.0005116650483926411,-0.010399999999999921,-0.01856871657826331,1425560973913,0,0,0,0,0,0,0
-0.027546871897418685,0.01217453696271328,1.011,-0.04717624968140671,0.000428609162569046,-0.028635875701904297,0,0,1,-0.07463027881527756,0.027546871897418685,-0.01217453696271328,-0.010999999999999899,-0.02745402913387085,0.01429099307848636,0.006644010732555543,0.0021375000000000907,-0.01927279826514742,1425560973977,0,0,0,0,0,0,0
-0.02679521941068175,0.0089435039746086,1.012,-0.04927064478379989,0.013547815322875977,-0.04787986755371094,0,0,1,-0.07463027881527756,0.02679521941068175,-0.0089435039746086,-0.01200000000000001,-0.025359634031477674,0.009567183633698354,0.01456888973752717,-0.014984615384615997,-0.015693195097355325,1425560974042,0,0,0,0,0,0,0
-0.026653310166706384,0.004573692315323405,1.014,-0.050474921967675994,0.005354300498962402,-0.06536279296875,0,0,1,-0.07463027881527756,0.026653310166706384,-0.004573692315323405,-0.014000000000000012,-0.024155356847601568,0.012796786508958236,0.022008745487818237,-0.02196923076923079,-0.01859715446048108,1425560974107,0,0,0,0,0,0,0
-0.027008888437082983,-0.0011053499359557246,1.015,-0.05269149011770882,-0.0010289684534072875,-0.08534624481201172,0,0,1,-0.07463027881527756,0.027008888437082983,0.0011053499359557246,-0.014999999999999902,-0.02193878869756874,0.015587250660609848,0.02941381924134226,-0.017147058823528766,-0.012159811565070969,1425560974175,0,0,0,0,0,0,0
-0.027702083944290388,-0.007909869832890977,1.012,-0.05410520681182418,-0.005007885456085205,-0.10247377014160156,0,0,1,-0.07463027881527756,0.027702083944290388,0.007909869832890977,-0.01200000000000001,-0.020525072003453382,0.018034041876174585,0.040642327122485326,0.00733548387096712,-0.013684507354508102,1425560974237,0,0,0,0,0,0,0
-0.028871169234743446,-0.013341778887624226,1.012,-0.05405284693426435,-0.013104350090026855,-0.08230774688720703,0,0,1,-0.07463027881527756,0.028871169234743446,0.013341778887624226,-0.01200000000000001,-0.020577431881013214,0.021019224978392002,0.03311670073772184,-0.00960000000000001,-0.020819092854366287,1425560974302,0,0,0,0,0,0,0
-0.03078221477127013,-0.019026912989691294,1.008,-0.05719443958785417,-0.0240165958404541,-0.086701171875,0,0,1,-0.07463027881527756,0.03078221477127013,0.019026912989691294,-0.008000000000000007,-0.017435839227423394,0.02598992674203774,0.036198127947428896,0.015138461538461549,-0.0029361808262396115,1425560974367,0,0,0,0,0,0,0
-0.03409516315041394,-0.02358887683599862,1.005,-0.05956808737056646,-0.04570131683349609,-0.07115824890136718,0,0,1,-0.07463027881527756,0.03409516315041394,0.02358887683599862,-0.004999999999999893,-0.015062191444711104,0.03494732418958153,0.031162257728737378,0.011909090909091596,-0.004272883341473421,1425560974433,0,0,0,0,0,0,0
-0.03621461519276108,-0.026006949850124177,1.001,-0.0629365728269155,-0.029576070785522462,-0.03809941864013672,0,0,1,-0.07463027881527756,0.03621461519276108,0.026006949850124177,-0.0009999999999998899,-0.011693705988362058,0.029874358137832506,0.020732744785064983,0.020738461538461643,0.0038531499640181554,1425560974498,0,0,0,0,0,0,0
-0.03840556266510644,-0.027633529277794035,1.002,-0.06510078109938848,-0.031264589309692385,-0.026417381286621095,0,0,1,-0.07463027881527756,0.03840556266510644,0.027633529277794035,-0.0020000000000000018,-0.009529497715889082,0.03137977088203566,0.016976791864942727,-0.006984615384615989,0.0004591558493708039,1425560974563,0,0,0,0,0,0,0
-0.03955700816715037,-0.028404471015808706,1.001,-0.06749188217462067,-0.016482793807983398,-0.012663235664367676,0,0,1,-0.07463027881527756,0.03955700816715037,0.028404471015808706,-0.0009999999999998899,-0.007138396640656894,0.026026044092295825,0.01237974289422579,0.004272463768116597,0.0032576949907874003,1425560974632,0,0,0,0,0,0,0
-0.040150522973816896,-0.028785897638450353,0.999,-0.06993534312741277,-0.008496598243713379,-0.006308778762817383,0,0,1,-0.07463027881527756,0.040150522973816896,0.028785897638450353,0.0010000000000000009,-0.00469493568786479,0.023912040549701048,0.010789669653769603,0.012275409836064947,0.007322085391440638,1425560974693,0,0,0,0,0,0,0
-0.041141345336420894,-0.029083387705691077,0.996,-0.07391469382195982,-0.014514183044433594,-0.00548999834060669,0,0,1,-0.07463027881527756,0.041141345336420894,0.029083387705691077,0.0040000000000000036,-0.0007155849933177388,0.02628355320759834,0.010287197142656045,0.019109090909090923,0.017372372709168856,1425560974759,0,0,0,0,0,0,0
-0.040935027977266676,-0.0288625483564253,0.998,-0.07555530331883449,0.002841684103012085,0.0035320854187011717,0,0,1,-0.07463027881527756,0.040935027977266676,0.0288625483564253,0.0020000000000000018,0.0009250245035569288,0.019841701656182358,0.007472972195294953,-0.009169230769230777,0.008497068335286163,1425560974824,0,0,0,0,0,0,0
-0.041748373192128395,-0.029091030544231226,0.995,-0.07557275661135444,-0.011906672477722167,-0.004338366508483887,0,0,1,-0.07463027881527756,0.041748373192128395,0.029091030544231226,0.0050000000000000044,0.0009424777960768821,0.02583401449244622,0.009998782033333646,0.020406250000000018,0.0010242901047641632,1425560974888,0,0,0,0,0,0,0
-0.04214895235933102,-0.028815780508065277,0.995,-0.07618362184955245,-0.006303261280059815,0.003663305044174194,0,0,1,-0.07463027881527756,0.04214895235933102,0.028815780508065277,0.0050000000000000044,0.0015533430342748872,0.023770683997781747,0.007203309735895332,0.0040000000000000036,0.004372721056727218,1425560974953,0,0,0,0,0,0,0
-0.04233315014352394,-0.027867637154980727,0.993,-0.07593927575427324,-0.0038373997211456298,0.013970608711242677,0,0,1,-0.07463027881527756,0.04233315014352394,0.027867637154980727,0.007000000000000006,0.0013089969389956796,0.022725168913573103,0.0033137089876359386,0.016369230769230782,0.00018124573001472165,1425560975018,0,0,0,0,0,0,0
-0.04180081922558773,-0.02889085001855339,0.991,-0.07522369076095557,0.009126361846923827,-0.014698169708251952,0,0,1,-0.07463027881527756,0.04180081922558773,0.02889085001855339,0.009000000000000008,0.0005934119456780101,0.018671790783660946,0.014171256915536112,0.01780606060606062,-0.0026592471148568506,1425560975084,0,0,0,0,0,0,0
-0.041082598536739366,-0.029963423076440968,0.99,-0.07731808586334875,0.011951946258544921,-0.015233453750610351,0,0,1,-0.07463027881527756,0.041082598536739366,0.029963423076440968,0.010000000000000009,0.0026878070480711863,0.01723417089921644,0.014951710512017748,0.013468750000000012,0.0125052840905392,1425560975148,0,0,0,0,0,0,0
-0.0412804528530624,-0.03117069090738317,0.987,-0.08004079949645994,-0.0015601882934570314,-0.01828415298461914,0,0,1,-0.07463027881527756,0.0412804528530624,0.03117069090738317,0.013000000000000012,0.005410520681182376,0.022337339983446874,0.015871007498336753,0.02630909090909093,0.017786491740778693,1425560975214,0,0,0,0,0,0,0
-0.0404877404428047,-0.03161621224435781,0.985,-0.08154178265317501,0.012386944770812989,-0.005710700511932373,0,0,1,-0.07463027881527756,0.0404877404428047,0.03161621224435781,0.015000000000000013,0.006911503837897445,0.016649621934710274,0.012021997591275878,0.022769230769230788,0.013839118407351608,1425560975279,0,0,0,0,0,0,0
-0.03959804763738094,-0.0320924076658899,0.982,-0.08272860654453118,0.013882851600646973,-0.006032196044921875,0,0,1,-0.07463027881527756,0.03959804763738094,0.0320924076658899,0.018000000000000016,0.008098327729253618,0.01570831213514547,0.012350884430335388,0.030553846153846178,0.013575976458589802,1425560975344,0,0,0,0,0,0,0
-0.037660501529131515,-0.03374405354216472,0.983,-0.08501498786464373,0.031011032104492187,-0.022288341522216797,0,0,1,-0.07463027881527756,0.037660501529131515,0.03374405354216472,0.017000000000000015,0.01038470904936617,0.009121731391799592,0.019197660430481062,0.008215384615384624,0.02093723821911641,1425560975409,0,0,0,0,0,0,0
-0.03665984651150182,-0.03291293863798938,0.983,-0.08745844881743581,0.01389703369140625,0.013696222305297852,0,0,1,-0.07463027881527756,0.03665984651150182,0.03291293863798938,0.017000000000000015,0.012828170002158246,0.0136900309634773,0.005601007474611543,0.013600000000000013,0.024105682091967826,1425560975474,0,0,0,0,0,0,0
-0.034375207745890625,-0.033239927863470804,0.983,-0.08831366015091302,0.03456702423095703,-0.0018927468061447144,0,0,1,-0.07463027881527756,0.034375207745890625,0.033239927863470804,0.017000000000000015,0.013683381335635458,0.006024205253618402,0.011904761763755524,0.013600000000000013,0.017512685813891635,1425560975541,0,0,0,0,0,0,0
-0.03249768164666691,-0.03407791694735711,0.983,-0.0894830307497492,0.02916178321838379,-0.010036913871765137,0,0,1,-0.07463027881527756,0.03249768164666691,0.03407791694735711,0.017000000000000015,0.014852751934471636,0.006609895311065539,0.01512496981665237,0.013600000000000013,0.020421183357501056,1425560975604,0,0,0,0,0,0,0
-0.030123812042282618,-0.03395979643033214,0.985,-0.09187413182498147,0.03530724334716797,0.004946784019470215,0,0,1,-0.07463027881527756,0.030123812042282618,0.03395979643033214,0.015000000000000013,0.017243853009703908,0.0034730326479980086,0.009839744337677613,0.0015522388059701527,0.027950275734624525,1425560975671,0,0,0,0,0,0,0
-0.02822845329477633,-0.03405607143069969,0.986,-0.09491100472345157,0.028442968368530275,0.0011703090667724608,0,0,1,-0.07463027881527756,0.02822845329477633,0.03405607143069969,0.014000000000000012,0.020280725908174008,0.004414177746527775,0.011041990752938408,0.00564444444444445,0.03474202542469829,1425560975734,0,0,0,0,0,0,0
-0.027096323152814763,-0.03458365060835125,0.986,-0.09642944117268668,0.01765549087524414,-0.006268715381622315,0,0,1,-0.07463027881527756,0.027096323152814763,0.03458365060835125,0.014000000000000012,0.021799162357409113,0.008481925349649986,0.013444585068511473,0.01120000000000001,0.02859813153308869,1425560975801,0,0,0,0,0,0,0
-0.02809013327087379,-0.034955995432951574,0.99,-0.09852383627507985,-0.014300156593322753,-0.006994486808776856,0,0,1,-0.07463027881527756,0.02809013327087379,0.034955995432951574,0.010000000000000009,0.02389355745980229,0.020431807197079068,0.012890882522381934,-0.014222222222222233,0.03386686747119837,1425560975864,0,0,0,0,0,0,0
-0.027580067835780864,-0.03535119787724278,0.988,-0.10009463260187473,0.008196986198425293,-0.005146703243255615,0,0,1,-0.07463027881527756,0.027580067835780864,0.03535119787724278,0.01200000000000001,0.02546435378659717,0.012049024804838392,0.01299902993930458,0.01989411764705884,0.03239433758128048,1425560975932,0,0,0,0,0,0,0
0,0,0.987,0,0.010846430778503419,-0.008859773635864258,0,0,1,-0.10009463260187473,0,0,0.013000000000000012,-0.10009463260187473,0,0,0.01040000000000001,-0.10009463260187473,0,0,0,0,0,0,0,0
0.0009630877176920572,-0.00049645201365153,0.986,-0.003839724354387508,0.014446315765380859,-0.0074467802047729495,0,0,1,-0.10009463260187473,-0.0009630877176920572,0.00049645201365153,0.014000000000000012,-0.09625490824748723,-0.005589462848136977,0.0027819633348189457,0.016503030303030318,-0.078801615727544,1425560976063,0,0,0,0,0,0,0
0.002808194518954189,0.0006963702429856737,0.988,-0.016458454846306536,0.027607696533203125,0.017998472213745117,0,0,1,-0.10009463260187473,-0.002808194518954189,-0.0006963702429856737,0.01200000000000001,-0.0836361777555682,-0.011822399468968427,-0.006942689193520912,-0.0016903225806451597,-0.0225778044075729,1425560976063,0,0,0,0,0,0,0
0.004293367940814992,0.0015074279431283564,0.987,-0.02689552377323262,0.02207436180114746,0.012530856132507324,0,0,1,-0.10009463260187473,-0.004293367940814992,-0.0015074279431283564,0.013000000000000012,-0.07319910882864211,-0.01014893903423801,-0.004820546072322242,0.015784615384615397,-0.025028021473598644,1425560976063,0,0,0,0,0,0,0
0.006373958834263875,0.0009180506713933782,0.988,-0.03565707661824413,0.03143532180786133,-0.007998184204101562,0,0,1,-0.10009463260187473,-0.006373958834263875,-0.0009180506713933782,0.01200000000000001,-0.0644375559836306,-0.01439947163198669,0.0028964740709877122,0.004215384615384621,-0.02399961977588517,1425560976063,0,0,0,0,0,0,0
0.006879768929084382,0.0010557541326233232,0.99,-0.044610615680975074,0.007508692741394043,0.002334717273712158,0,0,1,-0.10009463260187473,-0.006879768929084382,-0.0010557541326233232,0.010000000000000009,-0.05548401692089966,-0.006096095930731033,-0.0010384606866378418,-0.002447761194029851,-0.015393543505686488,1425560976063,0,0,0,0,0,0,0
0.005830644015456116,0.0008880255633279953,0.99,-0.053476888281106257,-0.015609017372131348,-0.0032152242660522462,0,0,1,-0.10009463260187473,-0.005830644015456116,-0.0008880255633279953,0.010000000000000009,-0.04661774432076848,0.002804428325424914,0.000647901600384958,0.008000000000000007,-0.005057091507653558,1425560976386,0,0,0,0,0,0,0
0.006229896688082078,0.0002709688893231208,0.992,-0.06363470452771325,0.006474967002868652,-0.00892250919342041,0,0,1,-0.10009463260187473,-0.006229896688082078,-0.0002709688893231208,0.008000000000000007,-0.036459928074161485,-0.005320000069596249,0.0032901082551275865,-0.004537500000000003,0.011154835581808784,1425560976450,0,0,0,0,0,0,0
0.0050594484319494044,-0.0003935964475066525,0.994,-0.07286749627076322,-0.016887275695800782,-0.011064766883850097,0,0,1,-0.10009463260187473,-0.0050594484319494044,0.0003935964475066525,0.006000000000000005,-0.027227136331111512,0.00374776215728079,0.003693633744678942,-0.005969230769230773,0.015385748636811435,1425560976515,0,0,0,0,0,0,0
0.003011622070682071,-0.0012768458951866114,0.996,-0.08178612874845426,-0.029671333312988282,-0.015449903488159179,0,0,1,-0.10009463260187473,-0.003011622070682071,0.0012768458951866114,0.0040000000000000036,-0.018308503853420477,0.009326959229624515,0.005064921146679651,-0.0074060606060606105,0.022230734681538772,1425560976581,0,0,0,0,0,0,0
0.000413407728517105,-0.0031978851218571786,0.997,-0.0880867673481538,-0.03648885345458985,-0.03190318489074707,0,0,1,-0.10009463260187473,-0.000413407728517105,0.0031978851218571786,0.0030000000000000027,-0.01200786525372094,0.013975101254330456,0.011465064245831873,-0.0030687500000000025,0.01752637818237064,1425560976645,0,0,0,0,0,0,0
-0.003800056442108747,-0.005915080942197131,0.999,-0.0953124304514103,-0.0593713264465332,-0.04615997314453125,0,0,1,-0.10009463260187473,0.003800056442108747,0.005915080942197131,0.0010000000000000009,-0.004782202150464432,0.02388602842089491,0.015972809349474395,-0.009647761194029858,0.027571513237251273,1425560976712,0,0,0,0,0,0,0
-0.007675617519241964,-0.008645954705118523,1.001,-0.10253809355466686,-0.053971176147460935,-0.046309635162353514,0,0,1,-0.10009463260187473,0.007675617519241964,0.008645954705118523,-0.0009999999999998899,0.0024434609527921314,0.025012562268096138,0.017537764256174527,-0.011737499999999314,0.03631375674930727,1425560976776,0,0,0,0,0,0,0
-0.012129129390239983,-0.01270106682448549,1.006,-0.10780898789568971,-0.06022567367553711,-0.06734501647949219,0,0,1,-0.10009463260187473,0.012129129390239983,0.01270106682448549,-0.006000000000000005,0.007714355293814978,0.030033176033269708,0.025663306798727834,-0.03172307692307755,0.03204155994468966,1425560976841,0,0,0,0,0,0,0
-0.01722855736310962,-0.018978130515582517,1.007,-0.11304497565167272,-0.06591612243652344,-0.10183980560302734,0,0,1,-0.10009463260187473,0.01722855736310962,0.018978130515582517,-0.006999999999999895,0.012950343049797988,0.03607209836129925,0.039523116307900084,-0.010984615384614708,0.037116440385104185,1425560976906,0,0,0,0,0,0,0
-0.024576569597620126,-0.024038537824256655,1.01,-0.11835077657773548,-0.10095413208007813,-0.08785493469238281,0,0,1,-0.10009463260187473,0.024576569597620126,0.024038537824256655,-0.010000000000000009,0.018256143975860742,0.051869840657628404,0.03450563687550331,-0.024153846153846772,0.04274445594230422,1425560976971,0,0,0,0,0,0,0
-0.029976405379145598,-0.031211623122646127,1.01,-0.12250466019748193,-0.0677265396118164,-0.11640737152099609,0,0,1,-0.10009463260187473,0.029976405379145598,0.031211623122646127,-0.010000000000000009,0.0224100275956072,0.04323172038188567,0.046901468316795196,-0.008000000000000007,0.04100950648999433,1425560977038,0,0,0,0,0,0,0
-0.036945248660701036,-0.03694088488499941,1.011,-0.12803735392630403,-0.09324764251708985,-0.098068603515625,0,0,1,-0.10009463260187473,0.036945248660701036,0.03694088488499941,-0.010999999999999899,0.027942721324429293,0.05605659981495198,0.042022788337742784,-0.01418461538461471,0.05347823084206971,1425560977103,0,0,0,0,0,0,0
-0.04341715708177194,-0.043893394299793845,1.013,-0.13267992973660894,-0.08296772003173829,-0.11582974243164063,0,0,1,-0.10009463260187473,0.04341715708177194,0.043893394299793845,-0.0129999999999999,0.03258529713473421,0.05775041287133924,0.0519113752769474,-0.021511111111111043,0.054692800993329044,1425560977166,0,0,0,0,0,0,0
-0.04866041581753237,-0.05079802820093457,1.013,-0.13589133556027858,-0.06425631713867187,-0.11306376647949219,0,0,1,-0.10009463260187473,0.04866041581753237,0.05079802820093457,-0.0129999999999999,0.03579670295840384,0.05268155637986818,0.05256952979042597,-0.010399999999999921,0.05061857599072522,1425560977231,0,0,0,0,0,0,0
-0.05299582484348972,-0.057101968277022914,1.014,-0.13859659590086976,-0.05162136077880859,-0.10249735260009765,0,0,1,-0.10009463260187473,0.05299582484348972,0.057101968277022914,-0.014000000000000012,0.03850196329899502,0.049995286664670895,0.051263322880812034,-0.016584615384615996,0.05098778025556971,1425560977296,0,0,0,0,0,0,0
-0.0561334398635751,-0.0644287826503366,1.015,-0.14172073526193957,-0.0314295654296875,-0.11535042572021484,0,0,1,-0.10009463260187473,0.0561334398635751,0.0644287826503366,-0.014999999999999902,0.041626102660064834,0.04489549963600899,0.058413916118317,-0.01730303030302964,0.055826736119473065,1425560977362,0,0,0,0,0,0,0
-0.0600134888073606,-0.06898283951263368,1.015,-0.14542083327616764,-0.04796854782104492,-0.07584666442871094,0,0,1,-0.10009463260187473,0.0600134888073606,0.06898283951263368,-0.014999999999999902,0.04532620067429291,0.05050577800755618,0.044761882313775564,-0.011999999999999922,0.06189380372307534,1425560977429,0,0,0,0,0,0,0
-0.06339284779906237,-0.07413714686009461,1.019,-0.14826571995691842,-0.038951778411865236,-0.08384403991699219,0,0,1,-0.10009463260187473,0.06339284779906237,0.07413714686009461,-0.018999999999999906,0.04817108735504369,0.05074069922517657,0.05120007245910671,-0.03742222222222216,0.06171816678719026,1425560977492,0,0,0,0,0,0,0
-0.06676691745863803,-0.07921392420819187,1.02,-0.15109315334514914,-0.0388064193725586,-0.0827926025390625,0,0,1,-0.10009463260187473,0.06676691745863803,0.07921392420819187,-0.020000000000000018,0.050998520743274406,0.051323988296730266,0.05066161685761816,-0.021223880597015524,0.06365867024281492,1425560977559,0,0,0,0,0,0,0
-0.06864364429310997,-0.08167615502360692,1.019,-0.15463617172669766,-0.022270998001098632,-0.040749927520751954,0,0,1,-0.10009463260187473,0.06864364429310997,0.08167615502360692,-0.018999999999999906,0.05454153912482293,0.04463425876528056,0.0379909983076691,-0.00989696969696903,0.07064616813186167,1425560977625,0,0,0,0,0,0,0
-0.07232948594232338,-0.08502028431471469,1.017,-0.1577079512102077,-0.04690193939208984,-0.05807882308959961,0,0,1,-0.10009463260187473,0.07232948594232338,0.08502028431471469,-0.016999999999999904,0.057613318608332964,0.056728077706311344,0.0442795725105074,-0.002662499999999915,0.07201228493728624,1425560977689,0,0,0,0,0,0,0
-0.07506835969999293,-0.09007123542195568,1.016,-0.16051793130591852,-0.02867410087585449,-0.08127632904052734,0,0,1,-0.10009463260187473,0.07506835969999293,0.09007123542195568,-0.016000000000000014,0.06042329870404378,0.0532038264530076,0.055624235144922124,-0.00724444444444507,0.07380415630266672,1425560977752,0,0,0,0,0,0,0
-0.07771263187856309,-0.09188803757675634,1.017,-0.16207127434019353,-0.034798507690429685,-0.0332411880493164,0,0,1,-0.10009463260187473,0.07771263187856309,0.09188803757675634,-0.016999999999999904,0.061976641738318794,0.053598899086466735,0.03795094436465708,-0.018984615384614715,0.06914591728112654,1425560977817,0,0,0,0,0,0,0
-0.07997741490569048,-0.09356915863985292,1.02,-0.16423548261266646,-0.02945749855041504,-0.030368125915527344,0,0,1,-0.10009463260187473,0.07997741490569048,0.09356915863985292,-0.020000000000000018,0.06414085001079173,0.05237744292603741,0.03751716688907603,-0.03167164179104538,0.07383133481290934,1425560977884,0,0,0,0,0,0,0
-0.08238242080536658,-0.0959754541195966,1.016,-0.1674817950213759,-0.029688276290893555,-0.04150694274902344,0,0,1,-0.10009463260187473,0.08238242080536658,0.0959754541195966,-0.016000000000000014,0.06738716241950116,0.055162034576212784,0.04288585258714937,0.009422222222222228,0.0828457929371651,1425560977947,0,0,0,0,0,0,0
-0.08423913150410524,-0.09623738646622924,1.013,-0.16971581646392872,-0.026806003570556642,-0.008516712188720703,0,0,1,-0.10009463260187473,0.08423913150410524,0.09623738646622924,-0.0129999999999999,0.06962118386205399,0.052631036964657076,0.031048675916945424,0.00550909090909159,0.07977582678274867,1425560978013,0,0,0,0,0,0,0
-0.08414245260609789,-0.0963595686185858,1.008,-0.17184511815136178,0.0017389010190963746,-0.0015614618062973022,0,0,1,-0.10009463260187473,0.08414245260609789,0.0963595686185858,-0.008000000000000007,0.07175048554948704,0.04227934730920517,0.030407828362840183,0.02011515151515094,0.08142912958327365,1425560978079,0,0,0,0,0,0,0
-0.08395572135034503,-0.09527102056652495,1.006,-0.1720196510765612,-0.00003242206573486328,0.016566688537597657,0,0,1,-0.10009463260187473,0.08395572135034503,0.09527102056652495,-0.006000000000000005,0.07192501847468646,0.041731217913891075,0.023541304584240443,0.006137500000000005,0.07274314156155876,1425560978143,0,0,0,0,0,0,0
-0.08256695365716056,-0.09336997238325258,1.004,-0.17203710436908112,0.015642955780029298,0.03166064453125,0,0,1,-0.10009463260187473,0.08256695365716056,0.09336997238325258,-0.0040000000000000036,0.07194247176720639,0.03451604015043532,0.018587386819021008,0.0077375000000000065,0.07202428407589354,1425560978207,0,0,0,0,0,0,0
-0.08084312369219591,-0.08982403967329389,1.003,-0.17137387925332329,0.01637033462524414,0.05683034896850586,0,0,1,-0.10009463260187473,0.08084312369219591,0.08982403967329389,-0.0029999999999998916,0.07127924665144855,0.032431267582730565,0.009729920362847588,0.0027470588235300733,0.0683532534936934,1425560978275,0,0,0,0,0,0,0
-0.07834876800256181,-0.08480844140009584,1.003,-0.17160077205608257,0.024037132263183592,0.0805125732421875,0,0,1,-0.10009463260187473,0.07834876800256181,0.08480844140009584,-0.0029999999999998916,0.07150613945420783,0.026248572084112458,-0.0013346404096955672,-0.0023999999999999135,0.07258658137210917,1425560978338,0,0,0,0,0,0,0
-0.07289836264580711,-0.07746157892275828,1.001,-0.17229890375688026,0.06173706817626953,0.12254500579833984,0,0,1,-0.10009463260187473,0.07289836264580711,0.07746157892275828,-0.0009999999999998899,0.07220427115500552,0.009376914918116357,-0.013436323767366597,0.00949411764705892,0.07528426395264239,1425560978406,0,0,0,0,0,0,0
-0.06706535939118868,-0.06970709003479295,1.002,-0.17167058522616233,0.06625719451904297,0.12959587097167968,0,0,1,-0.10009463260187473,0.06706535939118868,0.06970709003479295,-0.0020000000000000018,0.07157595262428759,0.0026576555554192333,-0.020310685662956848,-0.007068750000000614,0.06863070951154729,1425560978470,0,0,0,0,0,0,0
-0.06027333156869759,-0.06132211596469538,1.002,-0.17184511815136178,0.07889694976806641,0.14132991027832031,0,0,1,-0.10009463260187473,0.06027333156869759,0.06132211596469538,-0.0020000000000000018,0.07175048554948704,-0.005944449029175999,-0.026234897569554362,-0.0016000000000000016,0.07256860863635946,1425560978534,0,0,0,0,0,0,0
-0.052414060638155756,-0.053407199461768334,1.007,-0.17022196194700712,0.09585083770751954,0.1371341552734375,0,0,1,-0.10009463260187473,0.052414060638155756,0.053407199461768334,-0.006999999999999895,0.07012732934513238,-0.01567702524279097,-0.026004564592313192,-0.032943749999999335,0.06251878463721992,1425560978598,0,0,0,0,0,0,0
-0.044944658255573554,-0.04519478871256164,1.008,-0.16824973989225345,0.0895538558959961,0.14038565063476563,0,0,1,-0.10009463260187473,0.044944658255573554,0.04519478871256164,-0.008000000000000007,0.06815510729037871,-0.01542049178931841,-0.028053960850753137,-0.011623880597015517,0.059324262269093625,1425560978665,0,0,0,0,0,0,0
-0.036687190833245946,-0.03677614864995392,1.013,-0.16774359440917508,0.10096659088134766,0.14523802185058593,0,0,1,-0.10009463260187473,0.036687190833245946,0.03677614864995392,-0.0129999999999999,0.06764896180730035,-0.024295345743752878,-0.032298930806242514,-0.03691515151515087,0.0653826387487405,1425560978731,0,0,0,0,0,0,0
-0.0279555569622241,-0.029111793741984224,1.016,-0.1669407429532578,0.10994176483154297,0.1352189178466797,0,0,1,-0.10009463260187473,0.0279555569622241,0.029111793741984224,-0.016000000000000014,0.06684611035138308,-0.03414571179702044,-0.033202404245964115,-0.029735483870968398,0.06289766056818338,1425560978793,0,0,0,0,0,0,0
-0.01835516583365,-0.021998965602341054,1.021,-0.16432274907526628,0.12427516174316407,0.12913809204101562,0,0,1,-0.10009463260187473,0.01835516583365,0.021998965602341054,-0.020999999999999908,0.06422811647339155,-0.03905572218623937,-0.028664918585881737,-0.042535294117646436,0.05267814348225247,1425560978861,0,0,0,0,0,0,0
-0.009418096959392493,-0.015663271624640873,1.024,-0.16229816714295286,0.11670391845703125,0.11568467712402344,0,0,1,-0.10009463260187473,0.009418096959392493,0.015663271624640873,-0.02400000000000002,0.06220353454107813,-0.04149780987217058,-0.027543521337991518,-0.035109090909091534,0.05300088939419896,1425560978927,0,0,0,0,0,0,0
0.0011757596937746332,-0.009761500759630476,1.026,-0.16116370312915662,0.14251486206054687,0.11304057312011719,0,0,1,-0.10009463260187473,-0.0011757596937746332,0.009761500759630476,-0.026000000000000023,0.06106907052728189,-0.05644579889915239,-0.027488096663740053,-0.031569230769230794,0.055833082771299225,1425560978992,0,0,0,0,0,0,0
0.011228368333152624,-0.00581175572824737,1.02,-0.15809192364564656,0.13932803344726563,0.08267508697509765,0,0,1,-0.10009463260187473,-0.011228368333152624,0.00581175572824737,-0.020000000000000018,0.057997291043771826,-0.05774495866401322,-0.0178360358088325,0.01581818181818183,0.044034657027817004,1425560979058,0,0,0,0,0,0,0
0.01957925806424632,-0.0012135235494982076,1.007,-0.15578808903301394,0.11284246063232421,0.0878340835571289,0,0,1,-0.10009463260187473,-0.01957925806424632,0.0012135235494982076,-0.006999999999999895,0.05569345643113921,-0.056537999717899336,-0.02465244700868975,0.06899016393442702,0.04436312227065094,1425560979119,0,0,0,0,0,0,0
0.02501908374798619,0.0008157725451895825,0.973,-0.1549328776995368,0.07588626098632813,0.04273134994506836,0,0,1,-0.10009463260187473,-0.02501908374798619,-0.0008157725451895825,0.027000000000000024,0.05483824509766205,-0.040650602950451295,-0.009805445674380572,0.20467692307692265,0.05089111586622902,1425560979184,0,0,0,0,0,0,0
0.030300388667283573,0.0029341113226567465,0.948,-0.1555088363526949,0.07336734008789063,0.04361914825439453,0,0,1,-0.10009463260187473,-0.030300388667283573,-0.0029341113226567465,0.052000000000000046,0.05541420375082018,-0.0420268046269058,-0.010749519578690418,0.1741757575757577,0.05803219762881166,1425560979250,0,0,0,0,0,0,0
0.034097517465283875,0.004966312523061983,0.917,-0.1561546081759328,0.0515483283996582,0.038936824798583985,0,0,1,-0.10009463260187473,-0.034097517465283875,-0.004966312523061983,0.08299999999999996,0.05605997557405806,-0.03638669052875991,-0.011071415161295332,0.2333230769230764,0.05904046091207907,1425560979315,0,0,0,0,0,0,0
0.03523316937122012,0.0057837343637935495,0.874,-0.15673056682909098,0.014920619010925293,0.014761401176452636,0,0,1,-0.10009463260187473,-0.03523316937122012,-0.0057837343637935495,0.126,0.056635934227216245,-0.0227415839276359,-0.004847997146672495,0.3359562500000002,0.05933574041389522,0,0,0,0,0,0,0,0
0.03530841698110637,0.0032996397603236834,0.832,-0.15783012425784732,0.006931002616882324,-0.03662852096557617,0,0,1,-0.10009463260187473,-0.03530841698110637,-0.0032996397603236834,0.16800000000000004,0.05773549165597258,-0.016979924969951883,0.013151044218103567,0.3505764705882355,0.06258648031225054,0,0,0,0,0,0,0,0
0.033876150172313366,0.002742853816492227,0.785,-0.15817919010824621,-0.019904272079467773,-0.011624744415283203,0,0,1,-0.10009463260187473,-0.033876150172313366,-0.002742853816492227,0.21499999999999997,0.05808455750637148,-0.007940791839121587,0.0036238261995853354,0.4331111111111107,0.05974677584160434,0,0,0,0,0,0,0,0
0.03064821892699619,0.0005227685256452568,0.735,-0.1592089343669229,-0.042568862915039064,-0.04051251220703125,0,0,1,-0.10009463260187473,-0.03064821892699619,-0.0005227685256452568,0.265,0.05911430176504817,0.003077382858622203,0.013150562156042583,0.48123076923076946,0.06386696757432521,0,0,0,0,0,0,0,0
0.02757513835679872,-0.001087591530916219,0.683,-0.15915657448936305,-0.041683700561523436,-0.03115787124633789,0,0,1,-0.10009463260187473,-0.02757513835679872,0.001087591530916219,0.31699999999999995,0.05906194188748831,0.003511194695800704,0.010219870749903612,0.5293575757575754,0.058823942444034404,0,0,0,0,0,0,0,0
0.02364462109644907,-0.0023001061348790507,0.631,-0.15901694814920353,-0.055330120086669925,-0.02730179977416992,0,0,1,-0.10009463260187473,-0.02364462109644907,0.0023001061348790507,0.369,0.058922315547328796,0.010659697648600154,0.008676248260705422,0.5795750000000002,0.05826781707783107,0,0,0,0,0,0,0,0
0.018751557284674737,-0.0027815769858025603,0.582,-0.15624187463853256,-0.07132635498046876,-0.018753021240234376,0,0,1,-0.10009463260187473,-0.018751557284674737,0.0027815769858025603,0.41800000000000004,0.05614724203665783,0.017946291453499977,0.0047840936517281,0.5982461538461541,0.043339210448945675,0,0,0,0,0,0,0,0
0.011656230247685265,-0.0035068062013635464,0.53,-0.15709708597200972,-0.10344072723388673,-0.02730716323852539,0,0,1,-0.10009463260187473,-0.011656230247685265,0.0035068062013635464,0.47,0.05700245337013499,0.0322040198569486,0.006199987452982111,0.6476417910447758,0.06083175784839091,0,0,0,0,0,0,0,0
0.004670191350945437,-0.003868825322745827,0.478,-0.15603243512829323,-0.10265057373046875,-0.021758081436157227,0,0,1,-0.10009463260187473,-0.004670191350945437,0.003868825322745827,0.522,0.0559378025264185,0.037440283050872866,0.004533737062805403,0.7064888888888892,0.05086803660395905,0,0,0,0,0,0,0,0
-0.000548589204095835,-0.0022542455827824145,0.428,-0.15463617172669775,-0.08109429931640624,0.01175949478149414,0,0,1,-0.10009463260187473,0.000548589204095835,0.0022542455827824145,0.5720000000000001,0.05454153912482301,0.028501000160608983,-0.006394715631584096,0.7187940298507465,0.048289613446037244,0,0,0,0,0,0,0,0
-0.0015334735122929702,0.0025918815647852835,0.378,-0.15416493282865928,-0.02579303741455078,0.06954913330078125,0,0,1,-0.10009463260187473,0.0015334735122929702,-0.0025918815647852835,0.622,0.05407030022678455,0.007203701411445497,-0.02633874348291027,0.7753777777777775,0.051826305474220444,0,0,0,0,0,0,0,0
0.00026661331675309886,0.008272808235708983,0.332,-0.15308282869242285,0.013596050262451172,0.08834945678710937,0,0,1,-0.10009463260187473,-0.00026661331675309886,-0.008272808235708983,0.6679999999999999,0.05298819609054811,-0.00871401246036771,-0.03125167922522606,0.7783393939393936,0.048069540925837026,0,0,0,0,0,0,0,0
-0.0027274402445980656,0.0030090215980409646,0.29,-0.15227997723650544,-0.0323458251953125,-0.08488170623779297,0,0,1,-0.10009463260187473,0.0027274402445980656,-0.0030090215980409646,0.71,0.052185344634630704,0.018452529027797853,0.02879509369775715,0.7941538461538463,0.04847987637655036,0,0,0,0,0,0,0,0
-0.0090661396735771,-0.010786940823492115,0.246,-0.15027284859671197,-0.06258911895751954,-0.2189676513671875,0,0,1,-0.10009463260187473,0.0090661396735771,0.010786940823492115,0.754,0.05017821599483724,0.03912035067933466,0.0777579420754977,0.8365333333333336,0.041054903995776035,0,0,0,0,0,0,0,0
-0.013077895859131342,-0.02073616758840119,0.218,-0.1494176372632347,-0.037156002044677734,-0.15656539916992188,0,0,1,-0.10009463260187473,0.013077895859131342,0.02073616758840119,0.782,0.04932300466135997,0.029459575111534696,0.06200540834196627,0.7787250000000001,0.04531420153568527,0,0,0,0,0,0,0,0
-0.016001947241761676,-0.02918785986075557,0.169,-0.1507964473723102,-0.024499998092651368,-0.13189205932617187,0,0,1,-0.10009463260187473,0.016001947241761676,0.02918785986075557,0.831,0.05070181477043548,0.02473760248912443,0.05565916649773994,0.9286461538461535,0.05706555373539936,0,0,0,0,0,0,0,0
-0.017901981753086573,-0.03589025463040659,0.122,-0.15196581797114647,-0.013074018478393555,-0.10367652130126953,0,0,1,-0.10009463260187473,0.017901981753086573,0.03589025463040659,0.878,0.05187118536927174,0.020030483582786036,0.04772746282726813,0.9516424242424244,0.05718650627307292,0,0,0,0,0,0,0,0
-0.018957715082682146,-0.04177582068921502,0.068,-0.14823081337187852,-0.00228900146484375,-0.08966333770751952,0,0,1,-0.10009463260187473,0.018957715082682146,0.04177582068921502,0.9319999999999999,0.048136180770003784,0.01617945010061981,0.04566879390945746,1.0363692307692305,0.030897698004151687,0,0,0,0,0,0,0,0
-0.016806538256975343,-0.04486054395827831,0,-0.14742796191596122,0.03874747848510742,-0.040997875213623046,0,0,1,-0.10009463260187473,0.016806538256975343,0.04486054395827831,1,0.047333329314086486,-0.00215319182168704,0.03154190906819859,1.1661538461538465,0.043627861056006655,0,0,0,0,0,0,0,0
